0.000000	31392.191406	455912.187500	1.000000
0.000000	215050.593750	175407.046875	1.000000
0.000000	1211.868652	-12947.961914	1.000000
0.000000	-350.414734	646.187561	1.000000
0.000000	16875.255859	27220.101562	1.000000
0.000000	-13527.036133	716.032532	1.000000
0.000000	-529.484924	-2529.964600	1.000000
0.000000	-595488.687500	1523932.125000	1.000000
0.000000	3661.396729	-2055.375977	1.000000
0.000000	9292453.000000	3386659.750000	1.000000
0.000000	78697400.000000	19959642.000000	1.000000
0.000000	-443.049622	-230.471252	1.000000
0.000000	-377.269348	249.616394	1.000000
0.000000	86.176308	-417.343475	1.000000
0.000000	-73337376.000000	-31090268.000000	1.000000
0.000000	886.317322	-4433.892090	1.000000
0.000000	415.364258	-577.750366	1.000000
0.000000	-6260.340332	7955.224609	1.000000
0.000000	-986.898621	42.906456	1.000000
0.000000	-363.075226	450.495209	1.000000
0.000000	959.181946	8179.284180	1.000000
0.000000	10402.363281	85119.523438	1.000000
0.000000	-81.327507	993.045532	1.000000
0.000000	359.785980	-23.697680	1.000000
0.000000	-207009.390625	-53458.574219	1.000000
0.000000	588.481262	-45.262558	1.000000
0.000000	10384.372070	35199.933594	1.000000
0.000000	-4099.531250	11546.060547	1.000000
0.000000	561.750793	-265.119293	1.000000
0.000000	-61292.109375	-273296.843750	1.000000
0.000000	5068.708984	-8763.240234	1.000000
0.000000	5049.025391	949.679321	1.000000
0.000000	-425.992676	530.017639	1.000000
0.000000	-665.118469	-88.005508	1.000000
0.000000	-377.030609	-142.328506	1.000000
0.000000	5021.581055	2853.784912	1.000000
0.000000	-153.062500	-131.707596	1.000000
0.000000	-5874.243652	-1616.261841	1.000000
0.000000	-246224.046875	-73896.875000	1.000000
0.000000	-46599.558594	-6266.643066	1.000000
0.000000	601.389954	201.015060	1.000000
0.000000	640.528259	-129.445923	1.000000
0.000000	-3.413461	412.429565	1.000000
0.000000	-159.040909	-292.021667	1.000000
0.000000	69.470169	408.210663	1.000000
0.000000	-626.310730	-111.292923	1.000000
0.000000	-3937.948242	3254.760742	1.000000
0.000000	-925.988403	573.301941	1.000000
0.000000	-150.530991	-427.146729	1.000000
0.000000	-425.035522	-116.959816	1.000000
0.000000	7213.515137	6261.161133	1.000000
0.000000	-962.990540	1549.047241	1.000000
0.000000	-71.166077	1205.977295	1.000000
0.000000	-3496.841064	-11508.141602	1.000000
0.000000	459.892944	21.391436	1.000000
0.000000	-12.304876	-437.838013	1.000000
0.000000	301.718842	111.839630	1.000000
0.000000	29405522.000000	-21550876.000000	1.000000
0.000000	-692.543762	1763.255005	1.000000
0.000000	385.328644	649.491394	1.000000
0.000000	1624.738159	26095.236328	1.000000
0.000000	3328.866699	-1807.641357	1.000000
0.000000	-179.913635	-397.599609	1.000000
0.000000	252.929291	-505.012787	1.000000
0.000000	5281.368652	-3034.108398	1.000000
0.000000	401202.500000	-1051564.750000	1.000000
0.000000	40061.070312	142445.812500	1.000000
0.000000	899154304.000000	-490293056.000000	1.000000
0.000000	5007.891602	-15000.523438	1.000000
0.000000	-11819835.000000	-661096.312500	1.000000
0.000000	10697.565430	-14971.125977	1.000000
0.000000	-69.327423	-520.090271	1.000000
0.000000	-396.975769	-877.879456	1.000000
0.000000	-337.565308	916.500244	1.000000
0.000000	424124.562500	2449.433838	1.000000
0.000000	-9506.259766	10600.583008	1.000000
0.000000	-334.871735	499.525574	1.000000
0.000000	18.115322	-449.553436	1.000000
0.000000	3437.929199	-13450.666992	1.000000
0.000000	-935690816.000000	516809408.000000	1.000000
0.000000	1333545.500000	80397.390625	1.000000
0.000000	370941.812500	-121757.625000	1.000000
0.000000	282265.125000	227446.750000	1.000000
0.000000	24755.412109	-23060.652344	1.000000
0.000000	2203343.750000	933460.062500	1.000000
0.000000	-237.258469	357.323730	1.000000
0.000000	-69.646111	-69.088356	1.000000
0.000000	-3065.751221	-242.706619	1.000000
0.000000	-1689.928833	1879.328979	1.000000
0.000000	173.034546	421.651611	1.000000
0.000000	-29.423822	-202.286865	1.000000
0.000000	-1367.756470	1058.090210	1.000000
0.000000	1047.947266	-272.765686	1.000000
0.000000	269.996887	-27.698200	1.000000
0.000000	-4355021.000000	2416277.250000	1.000000
0.000000	1244.124268	692.554016	1.000000
0.000000	-278.985229	-88080.953125	1.000000
0.000000	1711789.125000	-2028472.500000	1.000000
0.000000	841.930664	-1355.610840	1.000000
0.000000	-132.523193	-5392.202637	1.000000
0.000000	691415.187500	-227587.375000	1.000000
0.000000	12310197.000000	-6573529.500000	1.000000
0.000000	-21982.255859	-21662.179688	1.000000
0.000000	170822.359375	-24619.000000	1.000000
0.000000	-42.774021	326.351166	1.000000
0.000000	439.442352	-79.171486	1.000000
0.000000	469.992004	-1827.557861	1.000000
0.000000	-251.483643	-359.297638	1.000000
0.000000	163.311615	-413.030487	1.000000
0.000000	-927.254028	1218.205200	1.000000
0.000000	-360.773621	-3074.635986	1.000000
0.000000	-54024.312500	119833.890625	1.000000
0.000000	143.659149	391.513123	1.000000
0.000000	-500.725006	65.427559	1.000000
0.000000	15.167451	-1034.802124	1.000000
0.000000	-64481.863281	15456.761719	1.000000
0.000000	2480.029541	930.794495	1.000000
0.000000	55902.128906	149678.671875	1.000000
0.000000	-13379.067383	6555.229492	1.000000
0.000000	-41899.457031	-29696.269531	1.000000
0.000000	-8331.610352	13897.369141	1.000000
0.000000	443.110352	405.938232	1.000000
0.000000	-420.972534	271.913574	1.000000
0.000000	1661.822998	3074.710693	1.000000
0.000000	775.221191	-453.534576	1.000000
0.000000	1828.349609	7.184356	1.000000
0.000000	595.373779	-681.256042	1.000000
0.000000	13959.250000	-14382.921875	1.000000
0.000000	-425.880920	-211.840714	1.000000
0.000000	-1222.166748	1387.984253	1.000000
0.000000	335.637665	358.374420	1.000000
0.000000	-13197.241211	-3015.025146	1.000000
0.000000	-28754.691406	-61626.281250	1.000000
0.000000	1778.383545	8175.495117	1.000000
0.000000	-2441.863770	1733.075684	1.000000
0.000000	224.805267	-207.845718	1.000000
0.000000	-24.019018	104.433235	1.000000
0.000000	-3732.374268	-15923.297852	1.000000
0.000000	900.223816	11.735644	1.000000
0.000000	-8920.765625	12943.464844	1.000000
0.000000	-853.812744	-3310.523926	1.000000
0.000000	927.369080	708.966980	1.000000
0.000000	422.438202	-283.191833	1.000000
0.000000	-5510.609863	-20489.615234	1.000000
0.000000	9.146845	-460.090851	1.000000
0.000000	22477.167969	-24731.822266	1.000000
0.000000	-392.234283	-277.010742	1.000000
0.000000	-3300464.250000	1376390.750000	1.000000
0.000000	-18037.365234	-1387.752075	1.000000
0.000000	-115.175896	701.069092	1.000000
0.000000	203.768524	-471.675812	1.000000
0.000000	6728.321777	2575.132812	1.000000
0.000000	-26007.099609	-23322.644531	1.000000
0.000000	-586712.625000	317546.718750	1.000000
0.000000	-108536.234375	248959.015625	1.000000
0.000000	37888.460938	-56191.003906	1.000000
0.000000	687.403076	-1824.356567	1.000000
0.000000	186.087173	286.263214	1.000000
0.000000	-250.896454	-293.662170	1.000000
0.000000	-424.373779	809.896851	1.000000
0.000000	4112436.000000	2116301.500000	1.000000
0.000000	299.869049	237.474014	1.000000
0.000000	-45328.050781	76086.531250	1.000000
0.000000	825.877991	1751.343262	1.000000
0.000000	4961.482910	12529.788086	1.000000
0.000000	606.009460	1474.222656	1.000000
0.000000	-44192.441406	2464.682373	1.000000
0.000000	245600.640625	-842228.687500	1.000000
0.000000	-347.169769	-198.438095	1.000000
0.000000	578.068909	-119.820549	1.000000
0.000000	-32929.324219	-140131.703125	1.000000
0.000000	-14381.758789	-13439.375000	1.000000
0.000000	-515.499023	-88.949501	1.000000
0.000000	-323765.156250	730136.875000	1.000000
0.000000	-31247.113281	-19603.515625	1.000000
0.000000	-544.437622	-1135.522095	1.000000
0.000000	183.769882	-484.209503	1.000000
0.000000	-3501.264160	-12814.361328	1.000000
0.000000	130.690491	-446.497467	1.000000
0.000000	3240.996094	2870.880859	1.000000
0.000000	91.680969	70.733757	1.000000
0.000000	799012.062500	-982912.687500	1.000000
0.000000	-511.667328	430.108887	1.000000
0.000000	-3153.441650	-2128.661377	1.000000
0.000000	-54.747631	3027.347900	1.000000
0.000000	-409.912170	392.643219	1.000000
0.000000	19785.138672	10654.437500	1.000000
0.000000	201.883575	563.730896	1.000000
0.000000	-3489.037598	-1954.116333	1.000000
0.000000	65141.433594	112783.664062	1.000000
0.000000	363.691132	301.286224	1.000000
0.000000	484892.843750	100931.640625	1.000000
0.000000	-335.965179	321.599976	1.000000
0.000000	78.577141	422.255249	1.000000
0.000000	341.923431	243.080017	1.000000
0.000000	-419.027710	-104.095840	1.000000
0.000000	-52372.246094	-2893.081299	1.000000
0.000000	11465.305664	1487.535522	1.000000
0.000000	-43.603767	-308.078949	1.000000
0.000000	78.371422	1644.921387	1.000000
0.000000	-7879.115723	-93264.078125	1.000000
0.000000	-643.016235	1007.968994	1.000000
0.000000	-127.205742	395.768188	1.000000
0.000000	449.600372	-113.358345	1.000000
0.000000	63.064861	466.844177	1.000000
0.000000	-42995.535156	-77641.757812	1.000000
0.000000	204.011002	-1168.408447	1.000000
0.000000	50.166733	431.380249	1.000000
0.000000	-142.937302	-79.607613	1.000000
0.000000	-470.554321	836.151245	1.000000
0.000000	480.109894	-23.760504	1.000000
0.000000	246.066040	1121.218872	1.000000
0.000000	-238.397552	270.267670	1.000000
0.000000	341.483124	588.703186	1.000000
0.000000	-11119.823242	545.851501	1.000000
0.000000	28171368.000000	16549397.000000	1.000000
0.000000	387.894257	-725.693481	1.000000
0.000000	-32727.554688	266696.562500	1.000000
0.000000	-350.378296	2.182865	1.000000
0.000000	1583.310547	2608.042480	1.000000
0.000000	4425.213379	10707.516602	1.000000
0.000000	-48403.500000	-126250.796875	1.000000
0.000000	-50.051167	-572.044800	1.000000
0.000000	1929694.125000	165304.359375	1.000000
0.000000	-179999.609375	-177937.812500	1.000000
0.000000	-70303.164062	13670.483398	1.000000
0.000000	335.943329	-213.698364	1.000000
0.000000	-131147.250000	15075.447266	1.000000
0.000000	-1177.237671	288.166382	1.000000
0.000000	-1400.891235	909.165283	1.000000
0.000000	-1217.194580	1283.271362	1.000000
0.000000	49287.683594	57666.375000	1.000000
0.000000	83783.851562	3611.705811	1.000000
0.000000	1169.798462	-366.944458	1.000000
0.000000	-458.837860	-327.886627	1.000000
0.000000	-1589278.625000	-1200867.375000	1.000000
0.000000	-383.361694	173.938126	1.000000
0.000000	2590553.750000	19470.445312	1.000000
0.000000	175.817688	-292.268341	1.000000
0.000000	-10516.632812	13289.345703	1.000000
0.000000	1826645.375000	135315.359375	1.000000
0.000000	-1551.590942	907.609375	1.000000
0.000000	381.049469	75.163795	1.000000
0.000000	443.979126	-92.565231	1.000000
0.000000	357.675232	893.102112	1.000000
0.000000	-10696.055664	7500.670410	1.000000
0.000000	-483.640015	183.238037	1.000000
0.000000	27338.353516	26012.394531	1.000000
0.000000	156.651886	371.490997	1.000000
0.000000	278.139618	611.047546	1.000000
0.000000	-155.166473	-9027.603516	1.000000
0.000000	-5713.782715	9775.605469	1.000000
0.000000	459223.093750	25499.574219	1.000000
0.000000	-1121.197998	1138.998047	1.000000
0.000000	2267.755371	-5193.293457	1.000000
0.000000	3489.272949	-2202.312744	1.000000
0.000000	202.055328	166.105972	1.000000
0.000000	319.872101	237.794434	1.000000
0.000000	917.924316	-840.666138	1.000000
0.000000	1220.504272	11618.930664	1.000000
0.000000	17931.500000	-23807.263672	1.000000
0.000000	431.174042	-24.819412	1.000000
0.000000	-7.056781	-320.076996	1.000000
0.000000	1054.630127	1236.629639	1.000000
0.000000	522.064026	-48.500202	1.000000
0.000000	124.595802	280.812347	1.000000
0.000000	-1330.446289	166.353516	1.000000
0.000000	75416.984375	-7396.743164	1.000000
0.000000	111.066658	508.860718	1.000000
0.000000	-100.059830	-720.712036	1.000000
0.000000	1171.682861	-9490.916016	1.000000
0.000000	333.240875	380.844604	1.000000
0.000000	320.606262	289.671661	1.000000
0.000000	-3812.627197	-4508.425293	1.000000
0.000000	620.618286	250.144455	1.000000
0.000000	-2115.670410	-3032.802002	1.000000
0.000000	51.483639	369.874207	1.000000
0.000000	22260.578125	39201.210938	1.000000
0.000000	457.453949	-23.545832	1.000000
0.000000	991.920837	-547.995422	1.000000
0.000000	1345.105713	754.112244	1.000000
0.000000	-324.182037	740.725586	1.000000
0.000000	208.868454	-397.874786	1.000000
0.000000	9638.190430	4752.590332	1.000000
0.000000	-92628.671875	-330280.843750	1.000000
0.000000	8091.394043	16953.308594	1.000000
0.000000	279.416138	-266.433716	1.000000
0.000000	3433.886475	-812.673950	1.000000
0.000000	-423280.812500	-82032.078125	1.000000
0.000000	-44105600.000000	-10494824.000000	1.000000
0.000000	6070.797852	-4490.468262	1.000000
0.000000	-328.276215	253.844147	1.000000
0.000000	1118.711426	-1644.139771	1.000000
0.000000	5770.661133	290.979370	1.000000
0.000000	-359.199463	-138.743637	1.000000
0.000000	-588.624084	1011.492065	1.000000
0.000000	-18763.455078	-33.914513	1.000000
0.000000	-733.289978	-159.907455	1.000000
0.000000	310.623810	-451.260712	1.000000
0.000000	14641.656250	-10998.049805	1.000000
