0.000000	31363.304688	455939.375000	1.000000
0.000000	215064.187500	175447.828125	1.000000
0.000000	1218.346924	-12991.291992	1.000000
0.000000	-306.925354	645.550354	1.000000
0.000000	16871.857422	27175.921875	1.000000
0.000000	-13484.555664	706.208923	1.000000
0.000000	-490.441315	-2549.080811	1.000000
0.000000	-595543.062500	1523932.125000	1.000000
0.000000	3683.698975	-2017.993164	1.000000
0.000000	9292453.000000	3386659.750000	1.000000
0.000000	78697400.000000	19959642.000000	1.000000
0.000000	-485.025635	-241.861328	1.000000
0.000000	-397.872375	287.928467	1.000000
0.000000	84.576653	-460.806305	1.000000
0.000000	-73337376.000000	-31090268.000000	1.000000
0.000000	924.178040	-4412.651855	1.000000
0.000000	425.559570	-620.018433	1.000000
0.000000	-6282.854980	7992.607422	1.000000
0.000000	-986.792419	-0.593121	1.000000
0.666521	-379.473541	491.009827	1.000000
0.000000	968.527649	8221.764648	1.000000
0.000000	10441.445312	85139.914062	1.000000
0.000000	-89.743950	1035.738403	1.000000
0.000000	391.805634	-53.141487	1.000000
0.000000	-206982.203125	-53489.160156	1.000000
0.000000	631.864441	-41.857483	1.000000
0.000000	10383.522461	35155.753906	1.000000
0.000000	-4142.011719	11537.564453	1.000000
0.000000	599.770813	-286.253326	1.000000
0.000000	-61247.929688	-273296.843750	1.000000
0.000000	5042.795898	-8728.406250	1.000000
0.000000	5091.081055	960.405640	1.000000
0.000000	-466.110168	546.850525	1.000000
0.000000	-696.925720	-58.361473	1.000000
0.000000	-411.014984	-169.462906	1.000000
0.000000	5061.087891	2871.839111	1.000000
0.000000	-193.511871	-147.690872	1.000000
0.000000	-5907.803223	-1643.767944	1.000000
0.000000	-246210.453125	-73937.656250	1.000000
0.000000	-46565.574219	-6292.980957	1.000000
0.000000	634.949524	228.707016	1.000000
0.000000	665.644836	-164.943665	1.000000
0.000000	-3.804041	455.918945	1.000000
0.000000	-178.635025	-330.864746	1.000000
0.000000	74.879791	451.381439	1.000000
0.000000	-642.718811	-71.002853	1.000000
0.000000	-3902.264648	3229.909668	1.000000
0.000000	-950.680176	609.144836	1.000000
0.000000	-160.102371	-469.574097	1.000000
0.000000	-467.595642	-125.907265	1.000000
0.000000	7256.845215	6256.488281	1.000000
0.000000	-986.726501	1512.620239	1.000000
0.000000	-95.891037	1170.187500	1.000000
0.000000	-3522.116943	-11472.458008	1.000000
0.000000	500.063538	38.073921	1.000000
0.000000	-11.229589	-481.327393	1.000000
0.000000	345.181671	110.332901	1.000000
0.000000	29405522.000000	-21550876.000000	1.000000
0.000000	-727.590149	1788.955688	1.000000
0.000000	356.680878	682.254456	1.000000
0.000000	1602.329712	26057.853516	1.000000
0.000000	3345.434082	-1847.891602	1.000000
0.000000	-202.799988	-434.584167	1.000000
0.000000	276.399750	-541.647095	1.000000
0.000000	5254.605957	-3068.305176	1.000000
0.000000	401229.687500	-1051564.750000	1.000000
0.000000	40023.687500	142418.625000	1.000000
0.000000	899154304.000000	-490293056.000000	1.000000
0.000000	4979.854492	-15033.658203	1.000000
0.000000	-11819835.000000	-661041.937500	1.000000
0.000000	10719.655273	-14933.743164	1.000000
0.000000	-82.177765	-561.668030	1.000000
0.000000	-429.818481	-906.394470	1.000000
0.000000	-294.102478	915.013428	1.000000
0.000000	424070.187500	2438.601318	1.000000
0.000000	-9548.740234	10590.387695	1.000000
0.666521	-375.611908	489.411346	1.000000
0.000000	14.305724	-492.883514	1.000000
0.000000	3442.177246	-13493.997070	1.000000
0.000000	-935690816.000000	516809408.000000	1.000000
0.000000	1333545.500000	80438.171875	1.000000
0.000000	370996.187500	-121764.421875	1.000000
0.000000	282210.750000	227460.343750	1.000000
0.000000	24716.330078	-23040.261719	1.000000
0.000000	2203343.750000	933405.687500	1.000000
0.000000	-260.171356	394.308289	1.000000
0.000000	-112.100029	-78.573448	1.000000
0.000000	-3038.563721	-208.735519	1.000000
0.000000	-1695.026489	1922.552856	1.000000
0.000000	193.093292	460.255737	1.000000
0.000000	-40.598560	-244.329254	1.000000
0.000000	-1409.705933	1046.620483	1.000000
0.000000	1084.692871	-296.050293	1.000000
0.000000	279.661194	14.713027	1.000000
0.000000	-4355021.000000	2416277.250000	1.000000
0.000000	1281.719482	714.378357	1.000000
0.000000	-321.545349	-88087.750000	1.000000
0.000000	1711789.125000	-2028472.500000	1.000000
0.000000	850.055054	-1312.917969	1.000000
0.000000	-96.754150	-5416.841309	1.000000
0.000000	691415.187500	-227628.156250	1.000000
0.000000	12310197.000000	-6573529.500000	1.000000
0.000000	-21992.451172	-21704.660156	1.000000
0.000000	170863.140625	-24644.488281	1.000000
0.000000	-61.495296	365.619049	1.000000
0.000000	481.073212	-91.822701	1.000000
0.000000	427.883240	-1838.390381	1.000000
0.000000	-280.104858	-392.060699	1.000000
0.000000	179.148865	-453.546234	1.000000
0.000000	-939.732666	1259.836060	1.000000
0.000000	-402.935486	-3064.015869	1.000000
0.000000	-54068.492188	119833.890625	1.000000
0.000000	159.031769	432.214722	1.000000
0.000000	-542.787781	76.445930	1.000000
0.000000	57.000774	-1022.902710	1.000000
0.000000	-64444.480469	15432.972656	1.000000
0.000000	2492.986084	972.319153	1.000000
0.000000	55936.113281	149705.859375	1.000000
0.000000	-13420.698242	6541.635742	1.000000
0.000000	-41933.441406	-29670.781250	1.000000
0.000000	-8295.926758	13922.007812	1.000000
0.000000	482.404785	424.576538	1.000000
0.000000	-453.018738	301.331299	1.000000
0.000000	1693.152344	3044.549561	1.000000
0.000000	817.223755	-464.871552	1.000000
0.000000	1800.418701	-26.155609	1.000000
0.000000	603.869873	-723.895813	1.000000
0.000000	13949.904297	-14425.402344	1.000000
0.000000	-462.971680	-234.554489	1.000000
0.000000	-1238.627930	1347.734009	1.000000
0.000000	366.728058	388.801056	1.000000
0.000000	-13154.760742	-3024.583252	1.000000
0.000000	-28781.878906	-61660.265625	1.000000
0.000000	1802.172607	8212.028320	1.000000
0.000000	-2415.313477	1698.666504	1.000000
0.000000	264.604156	-225.395462	1.000000
0.000000	-52.792439	71.809563	1.000000
0.000000	-3704.761963	-15889.313477	1.000000
0.000000	942.013977	23.874397	1.000000
0.000000	-8964.095703	12946.863281	1.000000
0.000000	-840.696899	-3351.942383	1.000000
0.000000	922.643127	752.190857	1.000000
0.000000	464.945221	-292.431335	1.000000
0.000000	-5467.704590	-20482.818359	1.000000
0.000000	11.435148	-503.527130	1.000000
0.000000	22465.273438	-24774.302734	1.000000
0.000000	-421.572357	-309.136597	1.000000
0.000000	-3300464.250000	1376390.750000	1.000000
0.000000	-18052.658203	-1428.320923	1.000000
0.000000	-133.469055	740.522827	1.000000
0.000000	218.264984	-512.695557	1.000000
0.000000	6742.340332	2533.926758	1.000000
0.000000	-25966.318359	-23309.050781	1.000000
0.000000	-586712.625000	317573.906250	1.000000
0.000000	-108536.234375	248918.234375	1.000000
0.000000	37844.281250	-56191.003906	1.000000
0.000000	715.546387	-1857.491333	1.000000
0.000000	206.982254	324.415985	1.000000
0.000000	-260.846008	-251.314453	1.000000
0.000000	-436.241760	851.740112	1.000000
0.000000	4112436.000000	2116301.500000	1.000000
0.000000	342.508820	246.063034	1.000000
0.000000	-45345.042969	76127.312500	1.000000
0.000000	865.119324	1770.140869	1.000000
0.000000	5003.538574	12518.743164	1.000000
0.000000	601.708313	1430.892578	1.000000
0.000000	-44223.027344	2496.542725	1.000000
0.000000	245559.859375	-842228.687500	1.000000
0.000000	-386.517303	-216.970200	1.000000
0.000000	621.452087	-116.468575	1.000000
0.000000	-32912.332031	-140172.484375	1.000000
0.000000	-14396.202148	-13398.593750	1.000000
0.000000	-558.935303	-91.153175	1.000000
0.000000	-323819.531250	730136.875000	1.000000
0.000000	-31209.730469	-19581.425781	1.000000
0.000000	-583.785156	-1154.107300	1.000000
0.000000	195.518387	-526.088257	1.000000
0.000000	-3459.633301	-12827.105469	1.000000
0.000000	143.275330	-488.128326	1.000000
0.000000	3253.952637	2829.462402	1.000000
0.000000	112.270721	32.415047	1.000000
0.000000	798957.687500	-982912.687500	1.000000
0.000000	-554.572571	437.357117	1.000000
0.000000	-3111.810791	-2140.980713	1.000000
0.000000	-63.887569	3069.828369	1.000000
0.000000	-440.604309	423.468109	1.000000
0.000000	19763.048828	10691.820312	1.000000
0.000000	244.762299	556.403015	1.000000
0.000000	-3530.456055	-1967.710083	1.000000
0.000000	65155.027344	112824.445312	1.000000
0.000000	395.763885	330.677399	1.000000
0.000000	484892.843750	100972.421875	1.000000
0.000000	-367.427277	351.628357	1.000000
0.273401	78.027557	465.743927	1.000000
0.000000	349.384064	285.932190	1.000000
0.000000	-462.437439	-106.863708	1.000000
0.000000	-52355.253906	-2853.574463	1.000000
0.000000	11488.245117	1524.493530	1.000000
0.000000	-31.782217	-349.948761	1.000000
0.000000	103.773415	1609.556396	1.000000
0.000000	-7881.239746	-93304.859375	1.000000
0.000000	-669.088623	973.135010	1.000000
0.000000	-155.946426	428.425049	1.000000
0.000000	491.178131	-126.148949	1.000000
0.000000	65.447754	510.280457	1.000000
0.000000	-43029.519531	-77614.570312	1.000000
0.000000	170.013351	-1195.595947	1.000000
0.273401	72.806145	468.524841	1.000000
0.000000	-162.398666	-40.704796	1.000000
0.000000	-474.536865	879.481323	1.000000
0.000000	510.509979	-54.874130	1.000000
0.000000	256.406860	1163.486938	1.000000
0.000000	-258.750153	308.712494	1.000000
0.000000	376.529510	614.456970	1.000000
0.000000	-11163.153320	542.665466	1.000000
0.000000	28171368.000000	16549397.000000	1.000000
0.000000	417.232330	-757.819336	1.000000
0.000000	-32710.562500	266669.375000	1.000000
0.000000	-393.867676	1.077589	1.000000
0.000000	1619.525146	2584.041016	1.000000
0.000000	4382.732910	10717.711914	1.000000
0.000000	-48359.320312	-126250.796875	1.000000
0.000000	-88.242554	-592.860229	1.000000
0.000000	1929694.125000	165331.546875	1.000000
0.000000	-179958.828125	-177937.812500	1.000000
0.000000	-70337.148438	13645.844727	1.000000
0.000000	362.095367	-248.452698	1.000000
0.000000	-131160.843750	15117.078125	1.000000
0.000000	-1216.001099	307.840149	1.000000
0.000000	-1428.184937	875.340210	1.000000
0.000000	-1228.451904	1325.327026	1.000000
0.000000	49297.878906	57707.156250	1.000000
0.000000	83749.867188	3585.580322	1.000000
0.000000	1211.216919	-353.722412	1.000000
0.000000	-497.495087	-347.825897	1.000000
0.000000	-1589278.625000	-1200867.375000	1.000000
0.000000	-425.337708	185.368027	1.000000
0.000000	2590553.750000	19509.527344	1.000000
0.000000	190.924805	-333.049591	1.000000
0.000000	-10542.121094	13325.029297	1.000000
0.000000	1826645.375000	135288.171875	1.000000
0.000000	-1546.599487	950.833252	1.000000
0.000000	423.450287	84.867928	1.000000
0.000000	480.167175	-116.712723	1.000000
0.000000	322.947449	866.923523	1.000000
0.000000	-10725.791992	7532.530762	1.000000
0.000000	-526.279785	191.853607	1.000000
0.000000	27340.052734	26056.574219	1.000000
0.000000	188.406036	401.227325	1.000000
0.000000	280.104340	654.483826	1.000000
0.000000	-197.487640	-9017.408203	1.000000
0.000000	-5757.112793	9776.455078	1.000000
0.000000	459250.281250	25467.289062	1.000000
0.000000	-1161.979248	1154.078613	1.000000
0.000000	2302.801758	-5167.380371	1.000000
0.000000	3490.122559	-2245.855225	1.000000
0.000000	225.844391	202.519699	1.000000
0.000000	357.069061	260.335632	1.000000
0.000000	899.179810	-879.907471	1.000000
0.000000	1225.495728	11575.600586	1.000000
0.000000	17889.019531	-23815.759766	1.000000
0.000000	474.557220	-27.982216	1.000000
0.000000	-4.620377	-363.513275	1.000000
0.000000	1018.521729	1260.843506	1.000000
0.000000	565.553406	-49.611996	1.000000
0.000000	131.568497	323.744171	1.000000
0.000000	-1289.027832	179.615387	1.000000
0.000000	75457.765625	-7392.070312	1.000000
0.000000	122.649223	550.808167	1.000000
0.000000	-56.557743	-720.712036	1.000000
0.000000	1168.921631	-9447.585938	1.000000
0.000000	359.552216	415.492737	1.000000
0.000000	353.794128	317.814972	1.000000
0.000000	-3792.661377	-4469.768066	1.000000
0.000000	663.523560	257.233398	1.000000
0.000000	-2150.504395	-3058.715088	1.000000
0.000000	69.816620	409.327942	1.000000
0.000000	22267.375000	39245.390625	1.000000
0.000000	500.943329	-23.403124	1.000000
0.000000	1035.424194	-547.252014	1.000000
0.000000	1382.700928	775.989685	1.000000
0.000000	-325.987457	784.161865	1.000000
0.000000	236.308182	-431.620209	1.000000
0.000000	9660.280273	4715.207520	1.000000
0.000000	-92608.281250	-330308.031250	1.000000
0.000000	8134.724121	16955.007812	1.000000
0.000000	307.479797	-299.674683	1.000000
0.000000	3448.117432	-771.520996	1.000000
0.000000	-423253.625000	-82066.062500	1.000000
0.000000	-44105600.000000	-10494824.000000	1.000000
0.000000	6090.338867	-4451.811035	1.000000
0.000000	-344.790497	294.094391	1.000000
0.000000	1156.837646	-1623.218140	1.000000
0.000000	5736.676758	263.951172	1.000000
0.000000	-399.582458	-154.912766	1.000000
0.000000	-632.060364	1009.368042	1.000000
0.000000	-18756.658203	-76.863922	1.000000
0.000000	-776.779358	-161.115494	1.000000
0.000000	315.588715	-494.484589	1.000000
0.000000	14681.587891	-10981.057617	1.000000
