0.000000	31480.843750	455828.750000	1.000000
0.000000	215008.875000	175281.890625	1.000000
0.000000	1191.987061	-12814.983398	1.000000
0.000000	-483.882141	648.143127	1.000000
0.000000	16885.685547	27355.687500	1.000000
0.000000	-13657.407227	746.180847	1.000000
0.000000	-649.263367	-2471.297607	1.000000
0.000000	-595321.812500	1523932.125000	1.000000
0.000000	3592.951904	-2170.102539	1.000000
0.000000	9292453.000000	3386659.750000	1.000000
0.000000	78697400.000000	19959642.000000	1.000000
0.000000	-314.226685	-195.515503	1.000000
0.000000	-314.039368	132.037964	1.000000
0.000000	91.085594	-283.957550	1.000000
0.000000	-73337376.000000	-31090268.000000	1.000000
0.000000	770.124084	-4499.077637	1.000000
0.000000	384.075195	-447.990967	1.000000
0.000000	-6191.243652	7840.498047	1.000000
0.000000	-987.224548	176.412994	1.000000
0.000000	-317.282379	325.094513	1.000000
0.000000	930.500305	8048.913086	1.000000
0.000000	10282.421875	85056.945312	1.000000
0.000000	-55.497738	862.022583	1.000000
0.000000	260.530884	66.542130	1.000000
0.000000	-207092.828125	-53364.707031	1.000000
0.000000	455.374481	-55.712616	1.000000
0.000000	10386.979492	35335.519531	1.000000
0.000000	-3968.526123	11572.134766	1.000000
0.000000	445.068665	-200.259674	1.000000
0.000000	-61427.695312	-273296.843750	1.000000
0.000000	5148.235352	-8870.144531	1.000000
0.000000	4919.958008	916.760620	1.000000
0.000000	-302.873474	478.358124	1.000000
0.000000	-567.503113	-178.980087	1.000000
0.000000	-272.733734	-59.053364	1.000000
0.000000	4900.335938	2798.377197	1.000000
0.000000	-28.908518	-82.636635	1.000000
0.000000	-5771.250488	-1531.846558	1.000000
0.000000	-246265.765625	-73771.718750	1.000000
0.000000	-46703.855469	-6185.812988	1.000000
0.000000	498.407562	116.026535	1.000000
0.000000	563.446350	-20.488550	1.000000
0.000000	-2.214786	278.962158	1.000000
0.000000	-98.897392	-172.842026	1.000000
0.000000	52.875057	275.721039	1.000000
0.000000	-575.954895	-234.941757	1.000000
0.000000	-4047.459961	3331.027832	1.000000
0.000000	-850.210205	463.337433	1.000000
0.000000	-121.156754	-296.938599	1.000000
0.000000	-294.419983	-89.500404	1.000000
0.000000	7080.536621	6275.501953	1.000000
0.000000	-890.145691	1660.840454	1.000000
0.000000	4.711996	1315.814941	1.000000
0.000000	-3419.270264	-11617.653320	1.000000
0.054934	334.817413	-26.053398	1.000000
0.000000	-15.604895	-304.370605	1.000000
0.000000	168.306137	116.463730	1.000000
0.000000	29405522.000000	-21550876.000000	1.000000
0.000000	-584.987610	1684.380493	1.000000
0.000000	473.247650	548.942688	1.000000
0.000000	1693.508911	26209.962891	1.000000
0.000000	3278.021973	-1684.114746	1.000000
0.000000	-109.676201	-284.095276	1.000000
0.000000	180.899261	-392.649200	1.000000
0.000000	5363.502441	-2929.159668	1.000000
0.000000	401119.062500	-1051564.750000	1.000000
0.000000	40175.796875	142529.250000	1.000000
0.000000	899154304.000000	-490293056.000000	1.000000
0.000000	5093.936523	-14898.833984	1.000000
0.000000	-11819835.000000	-661263.187500	1.000000
0.000000	10629.772461	-15085.852539	1.000000
0.000000	-29.890163	-392.565887	1.000000
0.000000	-296.182617	-790.367859	1.000000
0.000000	-470.951233	921.063232	1.000000
0.000000	424291.437500	2482.678467	1.000000
0.000000	-9375.888672	10631.872070	1.000000
0.000000	-205.299530	531.629456	1.000000
0.000000	29.807980	-316.574921	1.000000
0.000000	3424.892090	-13317.688477	1.000000
0.000000	-935690816.000000	516809408.000000	1.000000
0.000000	1333545.500000	80272.234375	1.000000
0.000000	370774.937500	-121736.765625	1.000000
0.000000	282432.000000	227405.031250	1.000000
0.000000	24875.353516	-23123.230469	1.000000
0.000000	2203343.750000	933626.937500	1.000000
0.000000	-166.939560	243.823761	1.000000
0.000000	60.641617	-39.978931	1.000000
0.000000	-3149.188721	-346.998291	1.000000
0.000000	-1674.284302	1746.676392	1.000000
0.000000	111.474953	303.176880	1.000000
0.000000	4.874950	-73.260231	1.000000
0.000000	-1239.015015	1093.290405	1.000000
0.000000	935.176331	-201.274841	1.000000
0.000000	240.315964	-157.862747	1.000000
0.000000	-4355021.000000	2416277.250000	1.000000
0.000000	1128.745850	625.575867	1.000000
0.000000	-148.336105	-88060.093750	1.000000
0.000000	1711789.125000	-2028472.500000	1.000000
0.000000	816.997192	-1486.633789	1.000000
0.000000	-242.279358	-5316.587402	1.000000
0.000000	691415.187500	-227462.218750	1.000000
0.000000	12310197.000000	-6573529.500000	1.000000
0.000000	-21950.966797	-21531.808594	1.000000
0.000000	170697.203125	-24540.777344	1.000000
0.000000	14.677120	205.839401	1.000000
0.000000	311.678680	-40.351547	1.000000
0.000000	599.222351	-1794.313232	1.000000
0.000000	-163.646118	-258.748932	1.000000
0.000000	114.713211	-288.689056	1.000000
0.000000	-888.957520	1090.441528	1.000000
0.000000	-231.372543	-3107.228760	1.000000
0.000000	-53888.726562	119833.890625	1.000000
0.000000	96.467499	266.601318	1.000000
0.000000	-371.576141	31.612494	1.000000
0.000000	-113.221893	-1071.306030	1.000000
0.000000	-64596.589844	15529.769531	1.000000
0.000000	2440.266357	803.356750	1.000000
0.000000	55797.832031	149595.234375	1.000000
0.000000	-13251.303711	6596.948242	1.000000
0.000000	-41795.160156	-29774.492188	1.000000
0.000000	-8441.122070	13821.753906	1.000000
0.000000	322.517090	348.737915	1.000000
0.000000	-322.623840	181.598038	1.000000
0.000000	1565.674316	3167.274170	1.000000
0.000000	646.316772	-418.741791	1.000000
0.000000	1914.068604	109.505074	1.000000
0.000000	569.299561	-550.396057	1.000000
0.000000	13987.931641	-14252.550781	1.000000
0.000000	-312.050659	-142.132919	1.000000
0.000000	-1171.647949	1511.510864	1.000000
0.000000	240.222321	264.996124	1.000000
0.000000	-13327.612305	-2985.691650	1.000000
0.000000	-28671.253906	-61521.984375	1.000000
0.000000	1705.375732	8063.375977	1.000000
0.000000	-2523.345703	1838.676270	1.000000
0.000000	102.659622	-153.986160	1.000000
0.000000	64.283798	204.569733	1.000000
0.000000	-3817.115479	-16027.594727	1.000000
0.000000	771.971252	-25.518335	1.000000
0.000000	-8787.787109	12933.035156	1.000000
0.000000	-894.064819	-3183.412109	1.000000
0.000000	941.872864	576.314392	1.000000
0.000000	291.985626	-254.837799	1.000000
0.000000	-5642.284668	-20510.474609	1.000000
0.000000	2.124121	-326.786407	1.000000
0.000000	22513.671875	-24601.451172	1.000000
0.000000	-302.196747	-178.417587	1.000000
0.000000	-3300464.250000	1376390.750000	1.000000
0.000000	-17990.431641	-1263.247681	1.000000
0.000000	-59.033943	579.986938	1.000000
0.000000	159.279388	-345.786224	1.000000
0.000000	6685.299316	2701.592773	1.000000
0.000000	-26132.255859	-23364.363281	1.000000
0.000000	-586712.625000	317463.281250	1.000000
0.000000	-108536.234375	249084.171875	1.000000
0.000000	38024.046875	-56191.003906	1.000000
0.000000	601.032227	-1722.667114	1.000000
0.000000	121.960884	169.173691	1.000000
0.000000	-220.381470	-423.625854	1.000000
0.000000	-387.951355	681.481323	1.000000
0.000000	4112436.000000	2116301.500000	1.000000
0.000000	169.009048	211.114609	1.000000
0.000000	-45275.902344	75961.375000	1.000000
0.000000	705.447693	1693.654053	1.000000
0.000000	4832.415527	12563.684570	1.000000
0.000000	619.209534	1607.201172	1.000000
0.000000	-44098.574219	2366.904053	1.000000
0.000000	245725.796875	-842228.687500	1.000000
0.000000	-226.413544	-141.563705	1.000000
0.000000	444.927460	-130.111816	1.000000
0.000000	-32981.472656	-140006.546875	1.000000
0.000000	-14337.432617	-13564.531250	1.000000
0.000000	-382.194580	-82.186501	1.000000
0.000000	-323598.281250	730136.875000	1.000000
0.000000	-31361.839844	-19671.308594	1.000000
0.000000	-423.740997	-1078.484741	1.000000
0.000000	147.714127	-355.712494	1.000000
0.000000	-3629.027832	-12775.250000	1.000000
0.000000	92.087006	-318.733795	1.000000
0.000000	3201.232910	2997.992676	1.000000
0.000000	28.497168	188.343002	1.000000
0.000000	799178.937500	-982912.687500	1.000000
0.000000	-379.992523	407.864319	1.000000
0.000000	-3281.205322	-2090.853760	1.000000
0.000000	-26.696514	2896.976807	1.000000
0.000000	-315.719055	298.042694	1.000000
0.000000	19852.931641	10539.710938	1.000000
0.000000	70.299179	586.219910	1.000000
0.000000	-3361.925781	-1912.397583	1.000000
0.000000	65099.714844	112658.507812	1.000000
0.000000	265.260956	211.106018	1.000000
0.000000	484892.843750	100806.484375	1.000000
0.000000	-239.409088	229.432159	1.000000
0.000000	80.267891	288.787842	1.000000
0.000000	319.027008	111.568169	1.000000
0.000000	-285.804749	-95.601349	1.000000
0.000000	-52424.394531	-3014.326416	1.000000
0.000000	11394.905273	1374.112671	1.000000
0.000000	-79.883598	-179.606171	1.000000
0.000000	0.415619	1753.455322	1.000000
0.000000	-7872.597168	-93138.921875	1.000000
0.000000	-563.000977	1114.873291	1.000000
0.000000	-39.004433	295.545410	1.000000
0.000000	321.999664	-74.104424	1.000000
0.000000	55.751858	333.539734	1.000000
0.000000	-42891.238281	-77725.195312	1.000000
0.000000	308.369049	-1084.970947	1.000000
0.000000	-19.319847	317.387024	1.000000
0.000000	-83.195763	-198.986908	1.000000
0.000000	-458.332031	703.172729	1.000000
0.000000	386.813080	71.727814	1.000000
0.000000	214.328827	991.499634	1.000000
0.000000	-175.941650	152.281845	1.000000
0.000000	233.935333	509.663300	1.000000
0.000000	-10986.844727	555.629333	1.000000
0.000000	28171368.000000	16549397.000000	1.000000
0.000000	297.856720	-627.100342	1.000000
0.000000	-32779.703125	266780.000000	1.000000
0.000000	-216.910889	5.574892	1.000000
0.000000	1472.169189	2681.702148	1.000000
0.000000	4555.584473	10676.227539	1.000000
0.000000	-48539.085938	-126250.796875	1.000000
0.000000	67.151245	-508.162933	1.000000
0.000000	1929694.125000	165220.921875	1.000000
0.000000	-180124.765625	-177937.812500	1.000000
0.000000	-70198.867188	13746.098633	1.000000
0.000000	255.683609	-107.034515	1.000000
0.000000	-131105.531250	14947.683594	1.000000
0.000000	-1058.274048	227.788269	1.000000
0.000000	-1317.127808	1012.973267	1.000000
0.000000	-1182.646240	1154.203979	1.000000
0.000000	49256.394531	57541.218750	1.000000
0.000000	83888.148438	3691.884033	1.000000
0.000000	1042.686646	-407.522461	1.000000
0.000000	-340.200165	-266.693695	1.000000
0.000000	-1589278.625000	-1200867.375000	1.000000
0.000000	-254.538773	138.860153	1.000000
0.000000	2590553.750000	19350.503906	1.000000
0.000000	129.454468	-167.083145	1.000000
0.000000	-10438.410156	13179.833984	1.000000
0.000000	1826645.375000	135398.796875	1.000000
0.000000	-1566.909546	774.956787	1.000000
0.000000	251.910126	45.496128	1.000000
0.054934	334.713531	-22.208857	1.000000
0.000000	464.253601	973.443298	1.000000
0.000000	-10604.795898	7402.892090	1.000000
0.000000	-352.780029	156.797150	1.000000
0.000000	27333.138672	25876.808594	1.000000
0.000000	59.199501	280.231232	1.000000
0.000000	272.109955	477.722137	1.000000
0.000000	-25.297344	-9058.892578	1.000000
0.000000	-5580.804199	9772.998047	1.000000
0.000000	459139.656250	25598.656250	1.000000
0.000000	-996.041687	1092.716309	1.000000
0.000000	2160.199219	-5272.819824	1.000000
0.000000	3486.665527	-2068.682373	1.000000
0.000000	129.047516	54.352623	1.000000
0.000000	205.715912	168.616272	1.000000
0.000000	975.450562	-720.235840	1.000000
0.000000	1205.185669	11751.909180	1.000000
0.000000	18061.871094	-23781.189453	1.000000
0.000000	298.032562	-15.113110	1.000000
0.000000	-14.535134	-186.772552	1.000000
0.000000	1165.445557	1162.318115	1.000000
0.000000	388.596619	-45.088146	1.000000
0.000000	103.186424	149.056046	1.000000
0.000000	-1457.558105	125.652122	1.000000
0.000000	75291.828125	-7411.083984	1.000000
0.000000	75.520164	380.200745	1.000000
0.000000	-233.567978	-720.712036	1.000000
0.000000	1180.156982	-9623.894531	1.000000
0.000000	252.494049	274.510681	1.000000
0.000000	218.768738	203.325668	1.000000
0.000000	-3873.901611	-4627.062988	1.000000
0.000000	488.943451	228.388779	1.000000
0.000000	-2008.646606	-2953.275635	1.000000
0.000000	-4.780505	248.792068	1.000000
0.000000	22239.718750	39065.625000	1.000000
0.000000	323.986542	-23.983797	1.000000
0.000000	858.453430	-550.276917	1.000000
0.000000	1229.727295	686.971130	1.000000
0.000000	-318.641266	607.421143	1.000000
0.000000	124.656883	-294.311249	1.000000
0.000000	9570.397461	4867.316895	1.000000
0.000000	-92691.250000	-330197.406250	1.000000
0.000000	7958.415527	16948.093750	1.000000
0.000000	193.289734	-164.418350	1.000000
0.000000	3390.212158	-938.970947	1.000000
0.000000	-423364.250000	-81927.781250	1.000000
0.000000	-44105600.000000	-10494824.000000	1.000000
0.000000	6010.827148	-4609.105957	1.000000
0.000000	-277.594452	130.317535	1.000000
0.000000	1001.703369	-1708.347534	1.000000
0.000000	5874.958008	373.927979	1.000000
0.000000	-235.265457	-89.105186	1.000000
0.000000	-455.319641	1018.010620	1.000000
0.000000	-18784.314453	97.895782	1.000000
0.000000	-599.822571	-156.200027	1.000000
0.000000	295.386688	-318.608124	1.000000
0.000000	14519.107422	-11050.198242	1.000000
