0.000000	31404.144531	455900.937500	1.000000
0.000000	215044.968750	175390.171875	1.000000
0.000000	1209.187988	-12930.032227	1.000000
0.000000	-368.410339	646.451233	1.000000
0.000000	16876.662109	27238.382812	1.000000
0.000000	-13544.614258	720.097473	1.000000
0.000000	-545.634827	-2522.054443	1.000000
0.000000	-595466.187500	1523932.125000	1.000000
0.000000	3652.168213	-2070.844727	1.000000
0.000000	9292453.000000	3386659.750000	1.000000
0.000000	78697400.000000	19959642.000000	1.000000
0.000000	-425.680237	-225.758118	1.000000
0.000000	-368.743958	233.763123	1.000000
0.000000	86.838234	-399.358856	1.000000
0.000000	-73337376.000000	-31090268.000000	1.000000
0.000000	870.650818	-4442.681152	1.000000
0.000000	411.145508	-560.260132	1.000000
0.000000	-6251.023926	7939.755859	1.000000
0.000000	-986.942566	60.906181	1.000000
0.000000	-356.900909	433.587250	1.000000
0.000000	955.314758	8161.706055	1.000000
0.000000	10386.191406	85111.085938	1.000000
0.000000	-77.844841	975.379517	1.000000
0.000000	346.536469	-11.514527	1.000000
0.000000	-207020.640625	-53445.917969	1.000000
0.000000	570.529602	-46.671555	1.000000
0.000000	10384.723633	35218.214844	1.000000
0.000000	-4081.883057	11549.576172	1.000000
0.000000	546.018372	-256.374176	1.000000
0.000000	-61310.390625	-273296.843750	1.000000
0.000000	5079.431641	-8777.654297	1.000000
0.000000	5031.623047	945.240845	1.000000
0.000000	-409.392334	523.052307	1.000000
0.000000	-651.956848	-100.271744	1.000000
0.000000	-362.968109	-131.100479	1.000000
0.000000	5005.233398	2846.314209	1.000000
0.000000	-136.324829	-125.092613	1.000000
0.000000	-5860.356934	-1604.880005	1.000000
0.000000	-246229.671875	-73880.000000	1.000000
0.000000	-46613.621094	-6255.744629	1.000000
0.000000	587.503235	189.556320	1.000000
0.000000	630.135193	-114.754730	1.000000
0.000000	-3.251842	394.433960	1.000000
0.000000	-150.932999	-275.948669	1.000000
0.000000	67.231705	390.346893	1.000000
0.000000	-619.521179	-127.964676	1.000000
0.000000	-3952.713867	3265.043945	1.000000
0.000000	-915.771118	558.470398	1.000000
0.000000	-146.570419	-409.590576	1.000000
0.000000	-407.424438	-113.257423	1.000000
0.000000	7195.585449	6263.094727	1.000000
0.000000	-953.168762	1564.120483	1.000000
0.000000	-60.935059	1220.786865	1.000000
0.000000	-3486.382080	-11522.907227	1.000000
0.000000	443.270630	14.488588	1.000000
0.000000	-12.749823	-419.842407	1.000000
0.000000	283.734222	112.463104	1.000000
0.000000	29405522.000000	-21550876.000000	1.000000
0.000000	-678.041809	1752.620239	1.000000
0.000000	397.182892	635.934265	1.000000
0.000000	1634.010620	26110.705078	1.000000
0.000000	3322.011230	-1790.986084	1.000000
0.000000	-170.443420	-382.295654	1.000000
0.000000	243.217377	-489.862640	1.000000
0.000000	5292.442871	-3019.958008	1.000000
0.000000	401191.250000	-1051564.750000	1.000000
0.000000	40076.539062	142457.062500	1.000000
0.000000	899154304.000000	-490293056.000000	1.000000
0.000000	5019.493164	-14986.812500	1.000000
0.000000	-11819835.000000	-661118.812500	1.000000
0.000000	10688.424805	-14986.594727	1.000000
0.000000	-64.010040	-502.891510	1.000000
0.000000	-383.385681	-866.080139	1.000000
0.000000	-355.549927	917.115479	1.000000
0.000000	424147.062500	2453.916260	1.000000
0.000000	-9488.681641	10604.801758	1.000000
0.000000	-317.403473	503.854187	1.000000
0.000000	19.691860	-431.623749	1.000000
0.000000	3436.171387	-13432.737305	1.000000
0.000000	-935690816.000000	516809408.000000	1.000000
0.000000	1333545.500000	80380.515625	1.000000
0.000000	370919.312500	-121754.812500	1.000000
0.000000	282287.625000	227441.125000	1.000000
0.000000	24771.583984	-23069.089844	1.000000
0.000000	2203343.750000	933482.562500	1.000000
0.000000	-227.777267	342.019775	1.000000
0.000000	-52.078976	-65.163490	1.000000
0.000000	-3077.001221	-256.763916	1.000000
0.000000	-1687.819458	1861.443237	1.000000
0.000000	164.734375	405.677490	1.000000
0.000000	-24.799265	-184.890015	1.000000
0.000000	-1350.398071	1062.836304	1.000000
0.000000	1032.742188	-263.130676	1.000000
0.000000	265.997864	-45.247486	1.000000
0.000000	-4355021.000000	2416277.250000	1.000000
0.000000	1228.567627	683.523254	1.000000
0.000000	-261.374146	-88078.140625	1.000000
0.000000	1711789.125000	-2028472.500000	1.000000
0.000000	838.568848	-1373.276855	1.000000
0.000000	-147.321777	-5382.007324	1.000000
0.000000	691415.187500	-227570.500000	1.000000
0.000000	12310197.000000	-6573529.500000	1.000000
0.000000	-21978.037109	-21644.601562	1.000000
0.000000	170805.484375	-24608.453125	1.000000
0.000000	-35.027287	310.102386	1.000000
0.000000	422.215790	-73.936501	1.000000
0.000000	487.416321	-1823.075439	1.000000
0.000000	-239.640381	-345.740509	1.000000
0.000000	156.758270	-396.265350	1.000000
0.000000	-922.090454	1200.978638	1.000000
0.000000	-343.327332	-3079.030518	1.000000
0.000000	-54006.031250	119833.890625	1.000000
0.000000	137.298065	374.671082	1.000000
0.000000	-483.311676	60.868229	1.000000
0.000000	-2.143135	-1039.723999	1.000000
0.000000	-64497.332031	15466.605469	1.000000
0.000000	2474.668213	913.611877	1.000000
0.000000	55888.066406	149667.421875	1.000000
0.000000	-13361.840820	6560.854492	1.000000
0.000000	-41885.394531	-29706.816406	1.000000
0.000000	-8346.375977	13887.173828	1.000000
0.000000	426.850586	398.225830	1.000000
0.000000	-407.712036	259.740723	1.000000
0.000000	1648.859131	3087.191162	1.000000
0.000000	757.840820	-448.843414	1.000000
0.000000	1839.907227	20.980217	1.000000
0.000000	591.858154	-663.612000	1.000000
0.000000	13963.117188	-14365.343750	1.000000
0.000000	-410.533020	-202.441910	1.000000
0.000000	-1215.355225	1404.639526	1.000000
0.000000	322.772675	345.784088	1.000000
0.000000	-13214.819336	-3011.070068	1.000000
0.000000	-28743.441406	-61612.218750	1.000000
0.000000	1768.539795	8160.377930	1.000000
0.000000	-2452.850098	1747.313965	1.000000
0.000000	208.336761	-200.583755	1.000000
0.000000	-12.113271	117.932686	1.000000
0.000000	-3743.800049	-15937.360352	1.000000
0.000000	882.931335	6.712533	1.000000
0.000000	-8902.835938	12942.058594	1.000000
0.000000	-859.239990	-3293.385254	1.000000
0.000000	929.324646	691.081238	1.000000
0.000000	404.849091	-279.368591	1.000000
0.000000	-5528.363770	-20492.427734	1.000000
0.000000	8.199961	-442.117218	1.000000
0.000000	22482.089844	-24714.244141	1.000000
0.000000	-380.094391	-263.717285	1.000000
0.000000	-3300464.250000	1376390.750000	1.000000
0.000000	-18031.037109	-1370.964966	1.000000
0.000000	-107.606316	684.743408	1.000000
0.000000	197.769989	-454.701935	1.000000
0.000000	6722.520996	2592.183594	1.000000
0.000000	-26023.974609	-23328.269531	1.000000
0.000000	-586712.625000	317535.468750	1.000000
0.000000	-108536.234375	248975.890625	1.000000
0.000000	37906.742188	-56191.003906	1.000000
0.000000	675.757568	-1810.645630	1.000000
0.000000	177.440933	270.475861	1.000000
0.000000	-246.782074	-311.185364	1.000000
0.000000	-419.462891	792.582397	1.000000
0.000000	4112436.000000	2116301.500000	1.000000
0.000000	282.225006	233.919937	1.000000
0.000000	-45321.019531	76069.656250	1.000000
0.000000	809.640198	1743.564941	1.000000
0.000000	4944.080566	12534.358398	1.000000
0.000000	607.789246	1492.152344	1.000000
0.000000	-44179.785156	2451.498779	1.000000
0.000000	245617.515625	-842228.687500	1.000000
0.000000	-330.888031	-190.769638	1.000000
0.000000	560.117249	-121.207573	1.000000
0.000000	-32936.355469	-140114.828125	1.000000
0.000000	-14375.782227	-13456.250000	1.000000
0.000000	-497.525391	-88.037636	1.000000
0.000000	-323742.656250	730136.875000	1.000000
0.000000	-31262.582031	-19612.656250	1.000000
0.000000	-528.155884	-1127.831665	1.000000
0.000000	178.908432	-466.884064	1.000000
0.000000	-3518.490723	-12809.087891	1.000000
0.000000	125.484299	-429.270905	1.000000
0.000000	3235.634766	2888.019531	1.000000
0.000000	83.161072	86.589775	1.000000
0.000000	799034.562500	-982912.687500	1.000000
0.000000	-493.913422	427.109619	1.000000
0.000000	-3170.668213	-2123.563721	1.000000
0.000000	-50.965588	3009.769775	1.000000
0.000000	-397.211975	379.888092	1.000000
0.000000	19794.279297	10638.968750	1.000000
0.000000	184.140656	566.763123	1.000000
0.000000	-3471.898926	-1948.491333	1.000000
0.000000	65135.808594	112766.789062	1.000000
0.000000	350.419647	289.124359	1.000000
0.000000	484892.843750	100914.765625	1.000000
0.000000	-322.946381	309.174438	1.000000
0.000000	78.805107	404.259644	1.000000
0.000000	338.836273	225.348083	1.000000
0.000000	-401.065063	-102.950516	1.000000
0.000000	-52379.277344	-2909.428955	1.000000
0.000000	11455.813477	1472.242554	1.000000
0.000000	-48.495430	-290.753510	1.000000
0.000000	67.860252	1659.555176	1.000000
0.000000	-7878.236816	-93247.203125	1.000000
0.000000	-632.227661	1022.383057	1.000000
0.000000	-115.313042	382.255005	1.000000
0.000000	432.395782	-108.065681	1.000000
0.000000	62.078838	448.870544	1.000000
0.000000	-42981.472656	-77653.007812	1.000000
0.000000	218.078995	-1157.158447	1.000000
0.000000	40.798141	416.010376	1.000000
0.000000	-134.884323	-95.705330	1.000000
0.000000	-468.906372	818.221558	1.000000
0.000000	467.530548	-10.885764	1.000000
0.000000	241.786865	1103.728638	1.000000
0.000000	-229.976532	254.359482	1.000000
0.000000	326.981171	578.046448	1.000000
0.000000	-11101.893555	547.169861	1.000000
0.000000	28171368.000000	16549397.000000	1.000000
0.000000	375.754364	-712.400024	1.000000
0.000000	-32734.585938	266707.812500	1.000000
0.000000	-332.382690	2.640257	1.000000
0.000000	1568.325195	2617.974121	1.000000
0.000000	4442.791504	10703.297852	1.000000
0.000000	-48421.781250	-126250.796875	1.000000
0.000000	-34.248707	-563.431519	1.000000
0.000000	1929694.125000	165293.109375	1.000000
0.000000	-180016.484375	-177937.812500	1.000000
0.000000	-70289.101562	13680.678711	1.000000
0.000000	325.121796	-199.317261	1.000000
0.000000	-131141.625000	15058.220703	1.000000
0.000000	-1161.197632	280.025513	1.000000
0.000000	-1389.597290	923.161865	1.000000
0.000000	-1212.536377	1265.869019	1.000000
0.000000	49283.464844	57649.500000	1.000000
0.000000	83797.914062	3622.516357	1.000000
0.000000	1152.659790	-372.415649	1.000000
0.000000	-442.841766	-319.635895	1.000000
0.000000	-1589278.625000	-1200867.375000	1.000000
0.000000	-365.992310	169.208511	1.000000
0.000000	2590553.750000	19454.273438	1.000000
0.000000	169.566467	-275.393341	1.000000
0.000000	-10506.085938	13274.580078	1.000000
0.000000	1826645.375000	135326.609375	1.000000
0.000000	-1553.656372	889.723633	1.000000
0.000000	363.504303	71.148293	1.000000
0.000000	429.004761	-82.573166	1.000000
0.000000	372.045349	903.934631	1.000000
0.000000	-10683.750977	7487.486816	1.000000
0.000000	-465.995972	179.672974	1.000000
0.000000	27337.650391	25994.113281	1.000000
0.000000	143.512238	359.186310	1.000000
0.000000	277.326630	593.073914	1.000000
0.000000	-137.654266	-9031.822266	1.000000
0.000000	-5695.853027	9775.253906	1.000000
0.000000	459211.843750	25512.933594	1.000000
0.000000	-1104.322998	1132.757812	1.000000
0.000000	2253.253418	-5204.016113	1.000000
0.000000	3488.921387	-2184.295166	1.000000
0.000000	192.211578	151.038223	1.000000
0.000000	304.480255	228.467041	1.000000
0.000000	925.680664	-824.428345	1.000000
0.000000	1218.438843	11636.860352	1.000000
0.000000	17949.078125	-23803.748047	1.000000
0.000000	413.222382	-23.510666	1.000000
0.000000	-8.064960	-302.103363	1.000000
0.000000	1069.571533	1226.610107	1.000000
0.000000	504.068420	-48.040150	1.000000
0.000000	121.709145	263.047455	1.000000
0.000000	-1347.584961	160.865845	1.000000
0.000000	75400.109375	-7398.676758	1.000000
0.000000	106.273872	491.513306	1.000000
0.000000	-118.060928	-720.712036	1.000000
0.000000	1172.825439	-9508.845703	1.000000
0.000000	322.353424	366.507446	1.000000
0.000000	306.873352	278.026154	1.000000
0.000000	-3820.888916	-4524.421387	1.000000
0.000000	602.864380	247.211105	1.000000
0.000000	-2101.256348	-3022.079346	1.000000
0.000000	43.897579	353.548523	1.000000
0.000000	22257.765625	39182.929688	1.000000
0.000000	439.458344	-23.604883	1.000000
0.000000	973.925232	-548.303040	1.000000
0.000000	1329.549072	745.059509	1.000000
0.000000	-323.434967	722.751953	1.000000
0.000000	197.514084	-383.911163	1.000000
0.000000	9629.049805	4768.059082	1.000000
0.000000	-92637.109375	-330269.593750	1.000000
0.000000	8073.464355	16952.605469	1.000000
0.000000	267.803589	-252.678848	1.000000
0.000000	3427.997803	-829.702759	1.000000
0.000000	-423292.062500	-82018.015625	1.000000
0.000000	-44105600.000000	-10494824.000000	1.000000
0.000000	6062.711914	-4506.464355	1.000000
0.000000	-321.442719	237.188873	1.000000
0.000000	1102.935059	-1652.796997	1.000000
0.000000	5784.723633	302.163452	1.000000
0.000000	-342.489258	-132.052963	1.000000
0.000000	-570.650452	1012.370972	1.000000
0.000000	-18766.267578	-16.142754	1.000000
0.000000	-715.294373	-159.407578	1.000000
0.000000	308.569366	-433.374969	1.000000
0.000000	14625.132812	-11005.081055	1.000000
