0.000000	31648.519531	455670.937500	1.000000
0.000000	214929.968750	175045.171875	1.000000
0.000000	1154.383301	-12563.469727	1.000000
0.000000	-736.320496	651.841858	1.000000
0.000000	16905.412109	27612.132812	1.000000
0.000000	-13903.989258	803.202942	1.000000
0.000000	-875.810608	-2360.335693	1.000000
0.000000	-595006.187500	1523932.125000	1.000000
0.000000	3463.496338	-2387.094727	1.000000
0.000000	9292453.000000	3386659.750000	1.000000
0.000000	78697400.000000	19959642.000000	1.000000
0.000000	-70.563728	-129.400696	1.000000
0.000000	-194.486755	-90.375496	1.000000
0.000000	100.370949	-31.619473	1.000000
0.000000	-73337376.000000	-31090268.000000	1.000000
0.000000	550.357849	-4622.368652	1.000000
0.000000	324.895508	-202.504532	1.000000
0.000000	-6060.555176	7623.505859	1.000000
0.000000	-987.841003	428.875641	1.000000
0.000000	-230.647903	87.913445	1.000000
0.000000	876.252258	7802.331055	1.000000
0.000000	10055.566406	84938.585938	1.000000
0.000000	-6.648604	614.207642	1.000000
0.000000	76.560577	235.016174	1.000000
0.000000	-207250.640625	-53187.167969	1.000000
0.000000	203.690674	-75.477707	1.000000
0.000000	10391.911133	35591.964844	1.000000
0.000000	-3720.711182	11621.451172	1.000000
0.000000	224.377731	-77.585121	1.000000
0.000000	-61684.140625	-273296.843750	1.000000
0.000000	5298.650391	-9072.341797	1.000000
0.000000	4675.841797	854.498657	1.000000
0.000000	-69.965439	380.710480	1.000000
0.000000	-382.767029	-351.090668	1.000000
0.000000	-75.397598	98.465164	1.000000
0.000000	4671.014648	2693.579834	1.000000
0.000000	205.910309	10.157877	1.000000
0.000000	-5576.450684	-1372.184692	1.000000
0.000000	-246344.671875	-73535.000000	1.000000
0.000000	-46901.121094	-6032.932129	1.000000
0.000000	303.761871	-44.749763	1.000000
0.000000	417.554993	185.582031	1.000000
0.000000	2.385657	28.625782	1.000000
0.000000	8.291046	50.223778	1.000000
0.000000	21.379692	26.193169	1.000000
0.000000	-480.712616	-468.739288	1.000000
0.000000	-4254.588867	3475.278320	1.000000
0.000000	-706.884399	255.437943	1.000000
0.000000	-64.227310	-51.212238	1.000000
0.000000	-46.485920	-39.683239	1.000000
0.000000	6829.022949	6302.625977	1.000000
0.000000	-752.367981	1872.284546	1.000000
0.000000	148.223511	1523.560303	1.000000
0.000000	-3272.553955	-11824.782227	1.000000
0.000000	101.642189	-121.872345	1.000000
0.000000	-21.253685	-53.632145	1.000000
0.000000	-84.047333	125.209686	1.000000
0.000000	29405522.000000	-21550876.000000	1.000000
0.000000	-381.557434	1535.198364	1.000000
0.000000	639.418213	358.890472	1.000000
0.000000	1823.580933	26426.955078	1.000000
0.000000	3181.854980	-1450.478271	1.000000
0.000000	22.584015	-67.669189	1.000000
0.000000	44.662685	-180.098816	1.000000
0.000000	5518.849121	-2730.661133	1.000000
0.000000	400961.250000	-1051564.750000	1.000000
0.000000	40392.789062	142687.062500	1.000000
0.000000	899154304.000000	-490293056.000000	1.000000
0.000000	5256.680664	-14706.500000	1.000000
0.000000	-11819835.000000	-661578.812500	1.000000
0.000000	10501.549805	-15302.844727	1.000000
0.000000	44.701321	-151.344421	1.000000
0.000000	-105.604706	-624.849670	1.000000
0.000000	-723.364502	929.693604	1.000000
0.000000	424607.062500	2545.556885	1.000000
0.000000	-9129.306641	10691.051758	1.000000
0.000000	39.800190	592.350281	1.000000
0.000000	51.923306	-65.061234	1.000000
0.000000	3400.233887	-13066.174805	1.000000
0.000000	-935690816.000000	516809408.000000	1.000000
0.000000	1333545.500000	80035.515625	1.000000
0.000000	370459.312500	-121697.312500	1.000000
0.000000	282747.625000	227326.125000	1.000000
0.000000	25102.208984	-23241.589844	1.000000
0.000000	2203343.750000	933942.562500	1.000000
0.000000	-36.817326	32.386326	1.000000
0.000000	305.573334	17.577593	1.000000
0.000000	-3307.001221	-544.263916	1.000000
0.000000	-1644.694458	1495.779175	1.000000
0.000000	-4.955730	79.103889	1.000000
0.000000	69.743317	170.769440	1.000000
0.000000	-995.515259	1159.867554	1.000000
0.000000	721.882874	-66.057663	1.000000
0.000000	184.141495	-404.013153	1.000000
0.000000	-4355021.000000	2416277.250000	1.000000
0.000000	910.360474	498.910278	1.000000
0.000000	98.777832	-88020.640625	1.000000
0.000000	1711789.125000	-2028472.500000	1.000000
0.000000	769.838379	-1734.448730	1.000000
0.000000	-449.870605	-5173.569824	1.000000
0.000000	691415.187500	-227225.500000	1.000000
0.000000	12310197.000000	-6573529.500000	1.000000
0.000000	-21891.787109	-21285.226562	1.000000
0.000000	170460.484375	-24392.828125	1.000000
0.000000	123.377670	-15.871048	1.000000
0.000000	69.713303	31.786051	1.000000
0.000000	843.646790	-1731.434814	1.000000
0.000000	2.484524	-68.578972	1.000000
0.000000	22.821915	-53.511425	1.000000
0.000000	-816.524048	848.567688	1.000000
0.000000	13.432332	-3168.874268	1.000000
0.000000	-53632.281250	119833.890625	1.000000
0.000000	11.563406	32.382576	1.000000
0.000000	-127.266037	-32.391171	1.000000
0.000000	-356.062225	-1140.348999	1.000000
0.000000	-64813.582031	15667.855469	1.000000
0.000000	2365.058838	562.322815	1.000000
0.000000	55600.566406	149437.421875	1.000000
0.000000	-13009.653320	6675.854492	1.000000
0.000000	-41597.894531	-29922.441406	1.000000
0.000000	-8648.250977	13678.736328	1.000000
0.000000	94.423042	240.539032	1.000000
0.723406	-136.648926	10.758220	1.000000
0.000000	1383.820068	3342.347412	1.000000
0.000000	402.508820	-352.935211	1.000000
0.000000	2076.303467	303.017303	1.000000
0.000000	519.983154	-302.759155	1.000000
0.000000	14042.179688	-14005.968750	1.000000
0.000000	-96.748123	-10.260452	1.000000
0.000000	-1076.097412	1745.147339	1.000000
0.000000	59.755100	88.381760	1.000000
0.000000	-13574.194336	-2930.210693	1.000000
0.000000	-28513.441406	-61324.718750	1.000000
0.000000	1567.289795	7851.315430	1.000000
0.000000	-2677.459473	2038.407715	1.000000
0.000000	-128.386749	-52.116966	1.000000
0.000000	227.028519	391.001099	1.000000
0.000000	-3977.393799	-16224.860352	1.000000
0.000000	529.396179	-95.985970	1.000000
0.000000	-8536.273438	12913.308594	1.000000
0.000000	-970.197021	-2942.994629	1.000000
0.000000	969.305115	325.302582	1.000000
0.000000	45.248001	-201.283264	1.000000
0.000000	-5891.332520	-20549.927734	1.000000
0.000000	-11.158548	-74.648117	1.000000
0.000000	22582.714844	-24354.869141	1.000000
0.723406	-131.966187	8.071381	1.000000
0.000000	-3300464.250000	1376390.750000	1.000000
0.000000	-17901.662109	-1027.761841	1.000000
0.000000	47.110451	351.782410	1.000000
0.030065	75.404747	-108.183380	1.000000
0.000000	6603.927246	2940.777344	1.000000
0.000000	-26368.974609	-23443.269531	1.000000
0.000000	-586712.625000	317305.468750	1.000000
0.000000	-108536.234375	249320.890625	1.000000
0.000000	38280.492188	-56191.003906	1.000000
0.000000	437.671600	-1530.333130	1.000000
0.000000	0.665752	-52.287086	1.000000
0.000000	-162.665863	-669.338623	1.000000
0.000000	-319.062500	438.597992	1.000000
0.000000	4112436.000000	2116301.500000	1.000000
0.000000	-75.786865	161.377640	1.000000
0.000000	-45177.269531	75724.656250	1.000000
0.000000	477.690796	1584.541504	1.000000
0.000000	4588.299316	12627.795898	1.000000
0.000000	644.175964	1858.714844	1.000000
0.000000	-43921.035156	2181.967529	1.000000
0.000000	245962.515625	-842228.687500	1.000000
0.000000	2.000502	-33.958618	1.000000
0.000000	197.516205	-147.656845	1.000000
0.000000	-33080.105469	-139769.828125	1.000000
0.000000	-14253.594727	-13801.250000	1.000000
0.000000	-130.025955	-69.395058	1.000000
0.000000	-323282.656250	730136.875000	1.000000
0.000000	-31578.832031	-19799.531250	1.000000
0.000000	-195.498489	-970.605103	1.000000
0.030065	79.198776	-112.171326	1.000000
0.000000	-3870.678223	-12701.275391	1.000000
0.000000	19.065456	-77.026352	1.000000
0.000000	3126.025391	3238.410156	1.000000
0.000000	-91.342018	406.883820	1.000000
0.000000	799494.562500	-982912.687500	1.000000
0.000000	-130.983368	365.791260	1.000000
0.000000	-3522.855713	-2019.345093	1.000000
0.000000	26.366644	2650.394775	1.000000
0.000000	-137.563538	119.059586	1.000000
0.000000	19981.154297	10322.718750	1.000000
0.000000	-178.573303	628.755310	1.000000
0.000000	-3121.508301	-1833.491333	1.000000
0.000000	65020.808594	112421.789062	1.000000
0.180014	77.669876	41.092937	1.000000
0.000000	484892.843750	100569.765625	1.000000
0.000000	-56.784283	55.053425	1.000000
0.180014	80.265030	38.083950	1.000000
0.000000	275.721039	-137.180908	1.000000
0.000000	-33.888149	-79.584724	1.000000
0.000000	-52523.027344	-3243.647705	1.000000
0.000000	11261.750977	1159.586304	1.000000
0.000000	-147.454330	64.692581	1.000000
0.000000	-147.025681	1958.734863	1.000000
0.000000	-7860.268066	-92902.203125	1.000000
0.000000	-411.763458	1317.070557	1.000000
0.000000	124.483551	107.017876	1.000000
0.000000	78.004234	-2.420449	1.000000
0.000000	45.247841	80.378326	1.000000
0.000000	-42693.972656	-77883.007812	1.000000
0.000000	505.788788	-927.347534	1.000000
0.000000	-150.747955	101.781860	1.000000
0.000000	29.792446	-424.763580	1.000000
0.000000	-435.214966	451.659058	1.000000
0.000000	210.352829	252.349152	1.000000
0.000000	154.301514	746.150513	1.000000
0.000000	-59.935787	-68.144424	1.000000
0.000000	30.623026	359.208984	1.000000
0.000000	-10735.331055	574.122986	1.000000
0.000000	28171368.000000	16549397.000000	1.000000
0.000000	127.619034	-440.622711	1.000000
0.000000	-32878.335938	266937.812500	1.000000
0.000000	32.452377	14.744549	1.000000
0.000000	1261.958008	2821.020996	1.000000
0.000000	4802.166504	10617.047852	1.000000
0.000000	-48795.531250	-126250.796875	1.000000
0.000000	288.832489	-387.337738	1.000000
0.000000	1929694.125000	165063.109375	1.000000
0.000000	-180361.484375	-177937.812500	1.000000
0.000000	-70001.601562	13889.116211	1.000000
0.000000	105.989738	91.113739	1.000000
0.000000	-131026.625000	14706.033203	1.000000
0.000000	-833.006653	113.589973	1.000000
0.000000	-1158.698853	1209.605103	1.000000
0.000000	-1117.302002	910.231567	1.000000
0.000000	49197.214844	57304.500000	1.000000
0.000000	84085.414062	3843.531982	1.000000
0.000000	801.984924	-484.271118	1.000000
0.000000	-115.762360	-151.024185	1.000000
0.000000	-1589278.625000	-1200867.375000	1.000000
0.000000	-12.855107	64.875862	1.000000
0.000000	2590553.750000	19123.648438	1.000000
0.000000	43.285698	63.710674	1.000000
0.000000	-10290.460938	12972.705078	1.000000
0.000000	1826645.375000	135556.609375	1.000000
0.000000	-1595.882935	524.059570	1.000000
0.000000	5.898728	-6.124250	1.000000
0.000000	124.654015	116.948456	1.000000
0.000000	665.834412	1125.605103	1.000000
0.000000	-10432.188477	7217.955566	1.000000
0.000000	-105.273338	106.803574	1.000000
0.000000	27323.275391	25620.363281	1.000000
0.000000	-125.117889	107.628380	1.000000
0.000000	260.705536	225.447235	1.000000
0.000000	220.342834	-9118.072266	1.000000
0.000000	-5329.290527	9768.066406	1.000000
0.000000	458981.843750	25786.058594	1.000000
0.000000	-759.322937	1005.179688	1.000000
0.000000	1957.045410	-5423.234863	1.000000
0.000000	3481.733887	-1815.935791	1.000000
0.000000	-9.069105	-157.022461	1.000000
0.000000	-10.201103	37.285683	1.000000
0.000000	1084.084229	-492.442474	1.000000
0.000000	1176.212280	12003.422852	1.000000
0.000000	18308.453125	-23731.873047	1.000000
0.000000	46.209290	3.241346	1.000000
0.000000	-22.458437	61.936989	1.000000
0.000000	1375.040283	1021.761475	1.000000
0.000000	136.158279	-38.634632	1.000000
0.000000	61.631161	-98.540680	1.000000
0.000000	-1697.975586	48.637611	1.000000
0.000000	75055.109375	-7438.208008	1.000000
0.000000	8.291431	136.817383	1.000000
0.000000	-486.013184	-720.712036	1.000000
0.000000	1196.184814	-9875.408203	1.000000
0.000000	99.837257	73.392212	1.000000
0.000000	26.186998	40.039295	1.000000
0.000000	-3989.795166	-4851.452637	1.000000
0.000000	239.890625	187.240402	1.000000
0.000000	-1805.832886	-2802.860596	1.000000
0.000000	-106.372314	24.219921	1.000000
0.000000	22200.265625	38809.179688	1.000000
0.000000	74.147926	-22.234730	1.000000
0.000000	606.015076	-554.592102	1.000000
0.000000	1011.502197	559.981384	1.000000
0.000000	-308.161530	355.195251	1.000000
0.000000	-34.616730	-98.376488	1.000000
0.000000	9442.174805	5084.309082	1.000000
0.000000	-92809.609375	-330039.593750	1.000000
0.000000	7706.901855	16938.230469	1.000000
0.000000	29.787954	28.118103	1.000000
0.000000	3307.607178	-1177.648804	1.000000
0.000000	-423522.062500	-81730.515625	1.000000
0.000000	-44105600.000000	-10494824.000000	1.000000
0.000000	5897.399414	-4833.495605	1.000000
0.000000	-181.775909	-103.244400	1.000000
0.000000	780.395996	-1829.789185	1.000000
0.000000	6072.223633	530.815796	1.000000
0.000000	-0.859688	4.777450	1.000000
0.000000	-203.173370	1030.339722	1.000000
0.000000	-18823.767578	347.207642	1.000000
0.000000	-347.384216	-149.187851	1.000000
0.000000	262.181030	-69.706345	1.000000
0.000000	14287.320312	-11148.831055	1.000000
