0.000000	31692.015625	455630.000000	1.000000
0.000000	214909.500000	174983.765625	1.000000
0.000000	1144.628662	-12498.225586	1.000000
0.000000	-801.804504	652.801331	1.000000
0.000000	16910.529297	27678.656250	1.000000
0.000000	-13967.954102	817.994812	1.000000
0.000000	-934.578308	-2331.551514	1.000000
0.000000	-594924.312500	1523932.125000	1.000000
0.000000	3429.914795	-2443.383789	1.000000
0.000000	9292453.000000	3386659.750000	1.000000
0.000000	78697400.000000	19959642.000000	1.000000
0.000000	-7.349448	-112.240936	1.000000
0.000000	-163.483795	-148.070312	1.000000
0.000000	102.779625	33.836407	1.000000
0.000000	-73337376.000000	-31090268.000000	1.000000
0.000000	493.349182	-4654.351074	1.000000
0.000000	309.543945	-138.839523	1.000000
0.000000	-6026.653809	7567.216797	1.000000
0.000000	-988.000916	494.359650	1.000000
0.000000	-208.160263	26.390316	1.000000
0.000000	862.179993	7738.366211	1.000000
0.000000	9996.718750	84907.882812	1.000000
0.000000	6.022555	549.922974	1.000000
0.000000	28.343571	279.351807	1.000000
0.000000	-207291.578125	-53141.113281	1.000000
0.000000	138.386566	-80.604889	1.000000
0.000000	10393.190430	35658.488281	1.000000
0.000000	-3656.426514	11634.244141	1.000000
0.000000	167.129196	-45.762611	1.000000
0.000000	-61750.664062	-273296.843750	1.000000
0.000000	5337.668945	-9124.792969	1.000000
0.000000	4612.516602	838.347534	1.000000
0.000000	-9.564262	355.364410	1.000000
0.000000	-334.833374	-395.746124	1.000000
0.000000	-24.205734	139.322708	1.000000
0.000000	4611.527344	2666.394775	1.000000
0.000000	266.820374	34.232376	1.000000
0.000000	-5525.918457	-1330.767456	1.000000
0.000000	-246365.140625	-73473.593750	1.000000
0.000000	-46952.292969	-5993.273926	1.000000
0.000000	253.268555	-86.456841	1.000000
0.000000	379.695801	239.032654	1.000000
0.000000	8.257858	-30.816437	1.000000
0.000000	37.799828	108.701637	1.000000
0.000000	13.169701	-38.057026	1.000000
0.000000	-456.006195	-529.397400	1.000000
0.000000	-4308.319336	3512.697754	1.000000
0.000000	-669.704834	201.507584	1.000000
0.000000	-49.810310	12.682081	1.000000
1.029695	12.624666	-24.321999	1.000000
0.000000	6763.778809	6309.662109	1.000000
0.000000	-716.627625	1927.134399	1.000000
0.000000	185.443054	1577.450684	1.000000
0.000000	-3234.494873	-11878.512695	1.000000
0.000000	41.071304	-147.102112	1.000000
0.665991	-23.014309	11.456300	1.000000
0.000000	-149.511353	127.478439	1.000000
0.000000	29405522.000000	-21550876.000000	1.000000
0.000000	-328.786438	1496.499634	1.000000
0.000000	682.514526	309.597565	1.000000
0.000000	1857.322388	26483.244141	1.000000
0.000000	3156.908691	-1389.871582	1.000000
0.000000	57.049389	-11.969798	1.000000
0.000000	9.320743	-124.949135	1.000000
0.000000	5559.146973	-2679.169434	1.000000
0.000000	400920.312500	-1051564.750000	1.000000
0.000000	40449.078125	142728.000000	1.000000
0.000000	899154304.000000	-490293056.000000	1.000000
0.000000	5298.897461	-14656.607422	1.000000
0.000000	-11819835.000000	-661660.687500	1.000000
0.000000	10468.288086	-15359.133789	1.000000
0.000000	65.283028	-91.285843	1.000000
0.000000	-56.171871	-581.913269	1.000000
0.000000	-788.848511	931.932373	1.000000
0.000000	424688.937500	2561.867920	1.000000
0.000000	-9065.341797	10706.403320	1.000000
0.000000	103.377151	608.101624	1.000000
0.000000	57.436733	-0.385054	1.000000
0.000000	3393.837402	-13000.930664	1.000000
0.000000	-935690816.000000	516809408.000000	1.000000
0.000000	1333545.500000	79974.109375	1.000000
0.000000	370377.437500	-121687.078125	1.000000
0.000000	282829.500000	227305.656250	1.000000
0.000000	25161.056641	-23272.292969	1.000000
0.000000	2203343.750000	934024.437500	1.000000
0.000000	-2.313725	-23.395441	1.000000
0.000000	369.498199	31.862242	1.000000
0.000000	-3347.938721	-595.435791	1.000000
0.000000	-1637.018677	1430.694946	1.000000
0.969287	-35.157349	20.982607	1.000000
0.000000	86.574066	234.074646	1.000000
0.000000	-932.349976	1177.138062	1.000000
0.000000	666.553284	-30.982304	1.000000
0.000000	169.569504	-467.858063	1.000000
0.000000	-4355021.000000	2416277.250000	1.000000
0.000000	853.671631	466.088318	1.000000
0.000000	162.882599	-88010.406250	1.000000
0.000000	1711789.125000	-2028472.500000	1.000000
0.000000	757.605103	-1798.733398	1.000000
0.000000	-503.721008	-5136.470215	1.000000
0.000000	691415.187500	-227164.093750	1.000000
0.000000	12310197.000000	-6573529.500000	1.000000
0.000000	-21876.435547	-21221.261719	1.000000
0.000000	170399.078125	-24354.449219	1.000000
0.000000	151.562180	-74.995163	1.000000
0.000000	7.785637	50.794262	1.000000
0.000000	907.051941	-1715.123779	1.000000
0.000000	40.371197	-20.438316	1.000000
0.000000	-2.033330	6.567096	1.000000
0.000000	-797.734375	785.802185	1.000000
0.000000	76.934128	-3184.865479	1.000000
0.000000	-53565.757812	119833.890625	1.000000
0.000000	-11.509468	-29.579248	1.000000
0.000000	-63.900864	-48.982052	1.000000
0.000000	-419.067596	-1158.259155	1.000000
0.000000	-64869.871094	15703.675781	1.000000
0.000000	2345.549561	499.789398	1.000000
0.000000	55549.394531	149396.484375	1.000000
0.000000	-12946.967773	6696.323242	1.000000
0.000000	-41546.722656	-29960.820312	1.000000
0.000000	-8701.981445	13641.636719	1.000000
0.000000	35.245571	212.454468	1.000000
0.000000	-87.225616	-32.731361	1.000000
0.000000	1336.645996	3387.762451	1.000000
0.000000	339.263580	-335.864594	1.000000
0.000000	2118.520264	353.229706	1.000000
0.000000	507.205231	-238.514465	1.000000
0.000000	14056.251953	-13942.003906	1.000000
0.969287	-41.049671	22.269693	1.000000
0.000000	-1051.311035	1805.754028	1.000000
0.000000	13.470375	41.552559	1.000000
0.000000	-13638.159180	-2915.818604	1.000000
0.000000	-28472.503906	-61273.546875	1.000000
0.000000	1531.469482	7796.305664	1.000000
0.000000	-2717.437500	2090.219238	1.000000
0.000000	-188.313812	-25.692087	1.000000
0.000000	270.351318	440.134094	1.000000
0.000000	-4018.970947	-16276.032227	1.000000
0.000000	466.499664	-114.265923	1.000000
0.000000	-8471.029297	12908.191406	1.000000
0.000000	-989.946167	-2880.628906	1.000000
0.000000	976.421204	260.178375	1.000000
0.000000	-18.761349	-187.390900	1.000000
0.000000	-5955.937012	-20560.162109	1.000000
0.000000	-14.604155	-9.238254	1.000000
0.000000	22600.625000	-24290.904297	1.000000
0.000000	-88.999847	55.624844	1.000000
0.000000	-3300464.250000	1376390.750000	1.000000
0.000000	-17878.634766	-966.675415	1.000000
0.000000	74.658379	292.375061	1.000000
0.097565	55.363773	-47.272190	1.000000
0.000000	6582.818848	3002.823242	1.000000
0.000000	-26430.380859	-23463.738281	1.000000
0.000000	-586712.625000	317264.531250	1.000000
0.000000	-108536.234375	249382.296875	1.000000
0.000000	38347.015625	-56191.003906	1.000000
0.000000	395.294891	-1480.440552	1.000000
0.000000	-29.684368	-110.339661	1.000000
0.000000	-147.694092	-733.063599	1.000000
0.000000	-301.192322	375.592621	1.000000
0.000000	4112436.000000	2116301.500000	1.000000
0.000000	-139.991577	148.444748	1.000000
0.000000	-45151.683594	75663.250000	1.000000
0.000000	418.643250	1556.237061	1.000000
0.000000	4524.974121	12644.426758	1.000000
0.000000	650.652405	1923.958984	1.000000
0.000000	-43874.980469	2133.993896	1.000000
0.000000	246023.921875	-842228.687500	1.000000
0.000000	60.735428	-7.058522	1.000000
0.000000	132.212097	-152.714066	1.000000
0.000000	-33105.691406	-139708.421875	1.000000
0.000000	-14231.846680	-13862.656250	1.000000
0.000000	-64.602875	-66.056824	1.000000
0.000000	-323200.781250	730136.875000	1.000000
0.000000	-31635.121094	-19832.792969	1.000000
0.000000	-136.291031	-942.620483	1.000000
0.097565	59.706676	-48.265804	1.000000
0.000000	-3933.363770	-12682.085938	1.000000
0.586578	6.301185	-18.490885	1.000000
0.000000	3106.516113	3300.775879	1.000000
0.000000	-122.344978	464.572113	1.000000
0.000000	799576.437500	-982912.687500	1.000000
0.000000	-66.398857	354.877258	1.000000
0.000000	-3585.541260	-2000.795288	1.000000
0.000000	40.130104	2586.429932	1.000000
0.000000	-91.356857	72.635101	1.000000
0.000000	20014.416016	10266.429688	1.000000
0.000000	-243.137817	639.789246	1.000000
0.000000	-3059.142578	-1813.022583	1.000000
0.000000	65000.339844	112360.382812	1.000000
0.000000	29.697504	-3.475922	1.000000
0.000000	484892.843750	100508.359375	1.000000
0.000000	-9.410322	9.822058	1.000000
0.000000	80.767403	-27.083927	1.000000
0.000000	264.487213	-201.705444	1.000000
0.000000	30.363937	-74.813156	1.000000
0.000000	-52548.613281	-3303.135010	1.000000
0.000000	11227.209961	1103.936890	1.000000
0.000000	-165.264542	127.727936	1.000000
0.000000	-185.264664	2011.985596	1.000000
0.000000	-7857.069824	-92840.796875	1.000000
0.000000	-372.545013	1369.521729	1.000000
0.000000	167.759766	57.844902	1.000000
0.000000	15.398661	16.839067	1.000000
0.000000	40.081406	15.899590	1.000000
0.000000	-42642.800781	-77923.945312	1.000000
0.000000	556.965515	-886.489990	1.000000
0.000000	-184.849213	45.852604	1.000000
0.000000	59.101337	-483.331390	1.000000
0.000000	-429.218262	386.414917	1.000000
0.000000	164.577988	299.203400	1.000000
0.000000	138.730072	682.505493	1.000000
0.000000	-32.251694	-117.568497	1.000000
0.000000	-22.137833	320.390320	1.000000
0.000000	-10670.086914	578.920349	1.000000
0.000000	28171368.000000	16549397.000000	1.000000
0.000000	83.453308	-392.249298	1.000000
0.000000	-32903.921875	266978.750000	1.000000
0.000000	97.928802	16.408634	1.000000
0.000000	1207.427979	2857.161133	1.000000
0.000000	4866.131348	10601.696289	1.000000
0.000000	-48862.054688	-126250.796875	1.000000
0.000000	346.320892	-355.994965	1.000000
0.000000	1929694.125000	165022.171875	1.000000
0.000000	-180422.890625	-177937.812500	1.000000
0.000000	-69950.429688	13926.215820	1.000000
0.000000	66.611382	143.452026	1.000000
0.000000	-131006.156250	14643.347656	1.000000
0.000000	-774.558777	83.966255	1.000000
0.000000	-1117.601440	1260.617065	1.000000
0.000000	-1100.351318	846.986328	1.000000
0.000000	49181.863281	57243.093750	1.000000
0.000000	84136.585938	3882.870361	1.000000
0.000000	739.539246	-504.180176	1.000000
0.000000	-57.534920	-121.020668	1.000000
0.000000	-1589278.625000	-1200867.375000	1.000000
0.000000	49.069012	48.708336	1.000000
0.000000	2590553.750000	19064.800781	1.000000
0.000000	22.110270	124.202934	1.000000
0.000000	-10252.082031	12918.974609	1.000000
0.000000	1826645.375000	135597.546875	1.000000
0.000000	-1603.398804	458.975342	1.000000
0.000000	-57.950020	-20.741217	1.000000
0.000000	70.173958	153.308472	1.000000
0.000000	718.125671	1165.103394	1.000000
0.000000	-10387.413086	7169.981934	1.000000
0.000000	-41.068626	93.840698	1.000000
0.000000	27320.716797	25553.839844	1.000000
0.000000	-172.931610	62.862858	1.000000
0.000000	257.747162	160.023193	1.000000
0.000000	284.067810	-9133.423828	1.000000
0.000000	-5264.046387	9766.787109	1.000000
0.000000	458940.906250	25834.671875	1.000000
0.000000	-697.916687	982.472168	1.000000
0.000000	1904.434326	-5462.253418	1.000000
0.000000	3480.454590	-1750.371826	1.000000
0.000000	-44.896015	-211.852325	1.000000
0.000000	-66.058472	5.017822	1.000000
0.000000	1112.228760	-433.314972	1.000000
0.000000	1168.696411	12068.666992	1.000000
0.000000	18372.417969	-23719.080078	1.000000
0.665991	-20.011677	7.363560	1.000000
0.000000	-26.126421	127.331207	1.000000
0.000000	1429.410400	985.221558	1.000000
0.000000	70.683022	-36.960552	1.000000
0.000000	49.975456	-160.563263	1.000000
0.000000	-1760.341309	28.663589	1.000000
0.000000	74993.703125	-7445.244141	1.000000
0.858543	-9.777828	73.701096	1.000000
0.000000	-551.497192	-720.712036	1.000000
0.000000	1200.342529	-9940.652344	1.000000
0.000000	60.223133	21.232868	1.000000
0.000000	-21.342827	-0.275948	1.000000
0.000000	-4019.858643	-4909.660645	1.000000
0.000000	175.266144	176.566269	1.000000
0.000000	-1753.221802	-2763.842041	1.000000
0.000000	-133.977142	-35.178066	1.000000
0.000000	22190.031250	38742.656250	1.000000
1.077515	9.270376	-21.380009	1.000000
0.000000	540.531067	-555.711487	1.000000
0.000000	954.893311	527.039490	1.000000
0.000000	-305.443024	289.751221	1.000000
0.000000	-72.977989	-56.036774	1.000000
0.000000	9408.913086	5140.598145	1.000000
0.000000	-92840.312500	-329998.656250	1.000000
0.000000	7641.657715	16935.671875	1.000000
0.858543	-13.722129	76.436279	1.000000
0.000000	3286.178955	-1239.534790	1.000000
0.000000	-423563.000000	-81679.343750	1.000000
0.000000	-44105600.000000	-10494824.000000	1.000000
0.000000	5867.975586	-4891.703613	1.000000
0.000000	-156.909576	-163.847000	1.000000
0.000000	722.987549	-1861.291870	1.000000
0.000000	6123.395508	571.513428	1.000000
0.000000	60.289581	28.721397	1.000000
0.000000	-137.749329	1033.537964	1.000000
0.000000	-18834.001953	411.892090	1.000000
0.000000	-281.900208	-147.368851	1.000000
0.000000	254.708588	-4.632297	1.000000
0.000000	14227.193359	-11174.416992	1.000000
