0.000000	31573.812500	455741.250000	1.000000
0.000000	214965.125000	175150.640625	1.000000
0.000000	1171.137451	-12675.530273	1.000000
0.000000	-623.847961	650.193909	1.000000
0.000000	16896.623047	27497.875000	1.000000
0.000000	-13794.125977	777.797058	1.000000
0.000000	-774.873718	-2409.774170	1.000000
0.000000	-595146.812500	1523932.125000	1.000000
0.000000	3521.174561	-2290.415039	1.000000
0.000000	9292453.000000	3386659.750000	1.000000
0.000000	78697400.000000	19959642.000000	1.000000
0.000000	-179.131470	-158.857788	1.000000
0.000000	-247.736115	8.718710	1.000000
0.000000	96.233910	-144.042984	1.000000
0.000000	-73337376.000000	-31090268.000000	1.000000
0.000000	648.273499	-4567.437012	1.000000
0.000000	351.262695	-311.870361	1.000000
0.000000	-6118.782715	7720.185547	1.000000
0.000000	-987.566345	316.403107	1.000000
0.000000	-269.259918	193.588181	1.000000
0.000000	900.422180	7912.194336	1.000000
0.000000	10156.640625	84991.320312	1.000000
0.000000	-28.411043	724.620239	1.000000
0.000000	159.370026	158.867188	1.000000
0.000000	-207180.328125	-53266.269531	1.000000
0.000000	315.835907	-66.671478	1.000000
0.000000	10389.713867	35477.707031	1.000000
0.000000	-3831.123779	11599.478516	1.000000
0.000000	322.705383	-132.242096	1.000000
0.000000	-61569.882812	-273296.843750	1.000000
0.000000	5231.633789	-8982.253906	1.000000
0.000000	4784.606445	882.239136	1.000000
0.000000	-173.759705	424.183319	1.000000
0.000000	-465.095825	-274.392365	1.000000
0.000000	-163.322556	28.285625	1.000000
0.000000	4773.187500	2740.271729	1.000000
0.000000	101.294075	-31.174929	1.000000
0.000000	-5663.242676	-1443.321167	1.000000
0.000000	-246309.515625	-73640.468750	1.000000
0.000000	-46813.230469	-6101.047363	1.000000
0.000000	390.485199	26.881948	1.000000
0.000000	482.580322	93.771126	1.000000
0.000000	-0.957742	138.960617	1.000000
0.000000	-36.879917	-49.163609	1.000000
0.000000	35.475460	136.817261	1.000000
0.000000	-523.147278	-364.575165	1.000000
0.000000	-4162.303711	3411.008301	1.000000
0.000000	-770.742432	348.066437	1.000000
0.000000	-90.352310	-160.390747	1.000000
0.000000	-157.414154	-60.704014	1.000000
0.000000	6941.083496	6290.541016	1.000000
0.000000	-813.754089	1778.076782	1.000000
0.000000	84.285072	1431.000488	1.000000
0.000000	-3337.922607	-11732.497070	1.000000
0.000000	205.536011	-78.733841	1.000000
0.000000	-19.065588	-164.404785	1.000000
0.000000	28.385628	121.312973	1.000000
0.000000	29405522.000000	-21550876.000000	1.000000
0.000000	-472.194641	1601.665649	1.000000
0.000000	565.397827	443.553864	1.000000
0.000000	1765.628052	26330.275391	1.000000
0.000000	3224.701660	-1554.573730	1.000000
0.000000	-36.014919	-165.031860	1.000000
0.000000	105.362152	-274.814728	1.000000
0.000000	5449.635254	-2819.101074	1.000000
0.000000	401031.562500	-1051564.750000	1.000000
0.000000	40296.109375	142616.750000	1.000000
0.000000	899154304.000000	-490293056.000000	1.000000
0.000000	5184.170898	-14792.193359	1.000000
0.000000	-11819835.000000	-661438.187500	1.000000
0.000000	10558.678711	-15206.165039	1.000000
0.000000	11.467678	-258.837860	1.000000
0.000000	-190.508423	-698.595398	1.000000
0.000000	-610.891968	925.848389	1.000000
0.000000	424466.437500	2517.541748	1.000000
0.000000	-9239.169922	10664.684570	1.000000
0.000000	-69.401756	565.296448	1.000000
0.000000	42.069942	-177.121780	1.000000
0.000000	3411.220215	-13178.235352	1.000000
0.000000	-935690816.000000	516809408.000000	1.000000
0.000000	1333545.500000	80140.984375	1.000000
0.000000	370599.937500	-121714.890625	1.000000
0.000000	282607.000000	227361.281250	1.000000
0.000000	25001.134766	-23188.855469	1.000000
0.000000	2203343.750000	933801.937500	1.000000
0.000000	-93.196892	124.835152	1.000000
0.000000	195.778717	-6.955613	1.000000
0.000000	-3236.688721	-456.373291	1.000000
0.000000	-1657.878052	1607.565063	1.000000
0.000000	46.918068	178.933731	1.000000
0.000000	40.842419	62.039280	1.000000
0.000000	-1104.005249	1130.204468	1.000000
0.000000	816.914612	-126.293640	1.000000
0.000000	209.169724	-294.355865	1.000000
0.000000	-4355021.000000	2416277.250000	1.000000
0.000000	1007.726807	555.336609	1.000000
0.000000	-11.321588	-88038.218750	1.000000
0.000000	1711789.125000	-2028472.500000	1.000000
0.000000	790.849731	-1624.036133	1.000000
0.000000	-357.379456	-5237.290527	1.000000
0.000000	691415.187500	-227330.968750	1.000000
0.000000	12310197.000000	-6573529.500000	1.000000
0.000000	-21918.154297	-21395.089844	1.000000
0.000000	170565.953125	-24458.746094	1.000000
0.000000	75.209869	83.270020	1.000000
0.322706	177.634308	0.380358	1.000000
0.000000	734.744812	-1759.449951	1.000000
0.000000	-71.531868	-153.304611	1.000000
0.000000	63.764114	-158.293533	1.000000
0.000000	-848.796387	956.371033	1.000000
0.000000	-95.636459	-3141.408447	1.000000
0.000000	-53746.539062	119833.890625	1.000000
0.000000	51.224220	138.619705	1.000000
0.000000	-236.139145	-3.854126	1.000000
0.000000	-247.849487	-1109.587280	1.000000
0.000000	-64716.902344	15606.332031	1.000000
0.000000	2398.567139	669.714172	1.000000
0.000000	55688.457031	149507.734375	1.000000
0.000000	-13117.319336	6640.698242	1.000000
0.000000	-41685.785156	-29856.523438	1.000000
0.000000	-8555.965820	13742.457031	1.000000
0.000000	196.052246	288.752563	1.000000
0.000000	-219.501755	86.877586	1.000000
0.000000	1464.844238	3264.344482	1.000000
0.000000	511.136139	-382.254974	1.000000
0.000000	2003.961182	216.790253	1.000000
0.000000	541.955811	-413.103088	1.000000
0.000000	14018.009766	-14115.832031	1.000000
0.000000	-192.678085	-69.013878	1.000000
0.000000	-1118.669434	1641.051880	1.000000
0.000000	140.161285	167.071335	1.000000
0.000000	-13464.331055	-2954.929932	1.000000
0.000000	-28583.753906	-61412.609375	1.000000
0.000000	1628.813232	7945.797852	1.000000
0.000000	-2608.794922	1949.418457	1.000000
0.000000	-25.444424	-97.504234	1.000000
0.000000	152.630478	306.612366	1.000000
0.000000	-3905.982666	-16136.969727	1.000000
0.000000	637.474182	-64.589104	1.000000
0.000000	-8648.333984	12922.097656	1.000000
0.000000	-936.276733	-3050.111328	1.000000
0.000000	957.082825	437.157135	1.000000
0.000000	155.181412	-225.144196	1.000000
0.000000	-5780.370605	-20532.349609	1.000000
0.000000	-5.240522	-186.991470	1.000000
0.000000	22551.953125	-24464.732422	1.000000
0.000000	-207.797195	-75.024025	1.000000
0.000000	-3300464.250000	1376390.750000	1.000000
0.000000	-17941.212891	-1132.681274	1.000000
0.000000	-0.148755	453.009399	1.000000
0.000000	112.617073	-213.780853	1.000000
0.000000	6640.182129	2834.209961	1.000000
0.000000	-26263.505859	-23408.113281	1.000000
0.000000	-586712.625000	317375.781250	1.000000
0.000000	-108536.234375	249215.421875	1.000000
0.000000	38166.234375	-56191.003906	1.000000
0.000000	510.456024	-1616.026489	1.000000
0.000000	54.710876	46.383175	1.000000
0.000000	-188.380737	-559.887329	1.000000
0.000000	-349.755554	546.813354	1.000000
0.000000	4112436.000000	2116301.500000	1.000000
0.000000	34.496037	183.590622	1.000000
0.000000	-45221.214844	75830.125000	1.000000
0.000000	579.153748	1633.156006	1.000000
0.000000	4697.063965	12599.231445	1.000000
0.000000	633.052307	1746.654297	1.000000
0.000000	-44000.136719	2264.364990	1.000000
0.000000	245857.046875	-842228.687500	1.000000
0.000000	-99.773041	-81.903641	1.000000
0.000000	305.303436	-140.921143	1.000000
0.000000	-33036.160156	-139875.296875	1.000000
0.000000	-14290.948242	-13695.781250	1.000000
0.000000	-242.395493	-75.094215	1.000000
0.000000	-323423.281250	730136.875000	1.000000
0.000000	-31482.152344	-19742.402344	1.000000
0.000000	-297.190704	-1018.670288	1.000000
0.000000	109.892624	-220.947952	1.000000
0.000000	-3763.012207	-12734.234375	1.000000
0.000000	51.602165	-184.726700	1.000000
0.000000	3159.533691	3131.293457	1.000000
0.000000	-38.045528	307.860321	1.000000
0.000000	799353.937500	-982912.687500	1.000000
0.000000	-241.910950	384.536682	1.000000
0.000000	-3415.189697	-2051.205322	1.000000
0.000000	2.724610	2760.258057	1.000000
0.000000	-216.939758	198.811539	1.000000
0.000000	19924.025391	10419.398438	1.000000
0.000000	-67.689392	609.803894	1.000000
0.000000	-3228.625000	-1868.647583	1.000000
0.000000	65055.964844	112527.257812	1.000000
0.000000	160.145859	118.991043	1.000000
0.000000	484892.843750	100675.234375	1.000000
0.000000	-138.151764	132.746368	1.000000
0.000000	79.320152	148.671188	1.000000
0.000000	295.015778	-26.353405	1.000000
0.000000	-146.095261	-86.693268	1.000000
0.000000	-52479.082031	-3141.474854	1.000000
0.000000	11321.077148	1255.167358	1.000000
0.000000	-116.870529	-43.573650	1.000000
0.000000	-81.335838	1867.273682	1.000000
0.000000	-7865.761230	-93007.671875	1.000000
0.000000	-479.123383	1226.982666	1.000000
0.240761	52.641884	191.334686	1.000000
0.000000	188.186203	-32.939262	1.000000
0.240761	48.924503	192.853561	1.000000
0.000000	-42781.863281	-77812.695312	1.000000
0.000000	417.829498	-997.522705	1.000000
0.000000	-92.187599	197.843567	1.000000
0.000000	-20.547529	-324.170013	1.000000
0.000000	-445.514648	563.719604	1.000000
0.000000	288.973724	171.874298	1.000000
0.000000	181.046356	855.464478	1.000000
0.000000	-110.439102	28.551535	1.000000
0.000000	121.183792	426.692108	1.000000
0.000000	-10847.391602	565.883240	1.000000
0.000000	28171368.000000	16549397.000000	1.000000
0.000000	203.459122	-523.706787	1.000000
0.000000	-32834.390625	266867.500000	1.000000
0.000000	-76.952858	9.131716	1.000000
0.000000	1355.616455	2758.948242	1.000000
0.000000	4692.303223	10643.415039	1.000000
0.000000	-48681.273438	-126250.796875	1.000000
0.000000	190.069946	-441.170746	1.000000
0.000000	1929694.125000	165133.421875	1.000000
0.000000	-180256.015625	-177937.812500	1.000000
0.000000	-70089.492188	13825.395508	1.000000
0.322706	173.096024	2.319669	1.000000
0.000000	-131061.781250	14813.699219	1.000000
0.000000	-933.394226	164.470398	1.000000
0.000000	-1229.286011	1121.989136	1.000000
0.000000	-1146.415771	1018.858887	1.000000
0.000000	49223.582031	57409.968750	1.000000
0.000000	83997.523438	3775.966064	1.000000
0.000000	909.238953	-450.076172	1.000000
0.000000	-215.772278	-202.556931	1.000000
0.000000	-1589278.625000	-1200867.375000	1.000000
0.000000	-119.444916	102.059204	1.000000
0.000000	2590553.750000	19224.722656	1.000000
0.000000	80.813141	-35.803123	1.000000
0.000000	-10356.378906	13064.990234	1.000000
0.000000	1826645.375000	135486.296875	1.000000
0.000000	-1582.973999	635.845459	1.000000
0.000000	115.447716	14.253758	1.000000
0.000000	218.243179	54.498047	1.000000
0.000000	576.021179	1057.764526	1.000000
0.000000	-10509.092773	7300.353027	1.000000
0.000000	-215.548599	129.068878	1.000000
0.000000	27327.669922	25734.621094	1.000000
0.000000	-42.995087	184.528122	1.000000
0.000000	265.786713	337.841766	1.000000
0.000000	110.894226	-9091.705078	1.000000
0.000000	-5441.351074	9770.263672	1.000000
0.000000	459052.156250	25702.562500	1.000000
0.000000	-864.791687	1044.181152	1.000000
0.000000	2047.407959	-5356.218262	1.000000
0.000000	3483.931152	-1928.545654	1.000000
0.000000	52.465553	-62.848923	1.000000
0.000000	85.994057	96.060478	1.000000
0.000000	1035.744385	-593.941895	1.000000
0.000000	1189.121216	11891.362305	1.000000
0.000000	18198.589844	-23753.845703	1.000000
0.000000	158.408524	-4.936641	1.000000
0.000000	-22.375599	-46.988705	1.000000
0.000000	1281.656494	1084.388428	1.000000
0.000000	248.630814	-41.509960	1.000000
0.000000	80.734642	10.867271	1.000000
0.000000	-1590.858887	82.948875	1.000000
0.000000	75160.578125	-7426.123047	1.000000
0.000000	38.242943	245.273041	1.000000
0.000000	-373.540649	-720.712036	1.000000
0.000000	1189.043701	-9763.347656	1.000000
0.000000	167.856598	162.999451	1.000000
0.000000	111.996742	112.792213	1.000000
0.000000	-3938.159424	-4751.477051	1.000000
0.000000	350.857513	205.573837	1.000000
0.000000	-1896.195435	-2869.877197	1.000000
0.000000	-63.783699	121.815575	1.000000
0.000000	22217.843750	38923.437500	1.000000
0.000000	183.998749	-24.443087	1.000000
0.000000	718.487610	-552.669495	1.000000
0.000000	1108.731201	616.560974	1.000000
0.000000	-312.830719	467.599121	1.000000
0.000000	36.345119	-185.677643	1.000000
0.000000	9499.303711	4987.629395	1.000000
0.000000	-92756.875000	-330109.906250	1.000000
0.000000	7818.962402	16942.625000	1.000000
0.000000	102.969910	-57.450008	1.000000
0.000000	3344.411377	-1071.356079	1.000000
0.000000	-423451.750000	-81818.406250	1.000000
0.000000	-44105600.000000	-10494824.000000	1.000000
0.000000	5947.936523	-4733.520020	1.000000
0.000000	-224.445038	0.797186	1.000000
0.000000	878.998291	-1775.681519	1.000000
0.000000	5984.333008	460.915283	1.000000
0.000000	-105.297203	-37.050777	1.000000
0.000000	-315.524719	1024.846558	1.000000
0.000000	-18806.189453	236.114548	1.000000
0.000000	-459.856750	-152.312088	1.000000
0.000000	279.407684	-179.520294	1.000000
0.000000	14390.591797	-11104.885742	1.000000
