0.000000	31476.859375	455832.500000	1.000000
0.000000	215010.750000	175287.515625	1.000000
0.000000	1192.880615	-12820.959961	1.000000
0.000000	-477.883606	648.055237	1.000000
0.000000	16885.216797	27349.593750	1.000000
0.000000	-13651.547852	744.825867	1.000000
0.000000	-643.880066	-2473.934326	1.000000
0.000000	-595329.312500	1523932.125000	1.000000
0.000000	3596.028076	-2164.946289	1.000000
0.000000	9292453.000000	3386659.750000	1.000000
0.000000	78697400.000000	19959642.000000	1.000000
0.000000	-320.016479	-197.086548	1.000000
0.000000	-316.881165	137.322388	1.000000
0.000000	90.864952	-289.952423	1.000000
0.000000	-73337376.000000	-31090268.000000	1.000000
0.000000	775.346252	-4496.147949	1.000000
0.000000	385.481445	-453.824707	1.000000
0.000000	-6194.349121	7845.654297	1.000000
0.000000	-987.209900	170.412628	1.000000
0.000000	-319.340485	330.730499	1.000000
0.000000	931.789368	8054.772461	1.000000
0.000000	10287.812500	85059.757812	1.000000
0.000000	-56.658627	867.911255	1.000000
0.000000	264.947388	62.480850	1.000000
0.000000	-207089.078125	-53368.925781	1.000000
0.000000	461.354706	-55.242950	1.000000
0.000000	10386.862305	35329.425781	1.000000
0.000000	-3974.414795	11570.962891	1.000000
0.000000	450.312805	-203.174713	1.000000
0.000000	-61421.601562	-273296.843750	1.000000
0.000000	5144.661133	-8865.339844	1.000000
0.000000	4925.758789	918.240112	1.000000
0.000000	-308.406921	480.679901	1.000000
0.000000	-571.890320	-174.891342	1.000000
0.000000	-277.421234	-62.796497	1.000000
0.000000	4905.785156	2800.867432	1.000000
0.000000	-34.488655	-84.842140	1.000000
0.000000	-5775.879395	-1535.640503	1.000000
0.000000	-246263.890625	-73777.343750	1.000000
0.000000	-46699.167969	-6189.445801	1.000000
0.000000	503.032806	119.847031	1.000000
0.000000	566.910706	-25.385248	1.000000
0.000000	-2.268659	284.960693	1.000000
0.000000	-101.600945	-178.197861	1.000000
0.000000	53.620754	281.675629	1.000000
0.000000	-578.218079	-229.384506	1.000000
0.000000	-4042.538086	3327.600098	1.000000
0.000000	-853.615967	468.277618	1.000000
0.000000	-122.476944	-302.790649	1.000000
0.000000	-300.290344	-90.734535	1.000000
0.000000	7086.513184	6274.857422	1.000000
0.000000	-893.419617	1655.816040	1.000000
0.000000	1.301828	1310.878418	1.000000
0.000000	-3422.756592	-11612.731445	1.000000
0.222935	340.835083	-26.415379	1.000000
0.000000	-15.456579	-310.369141	1.000000
0.000000	174.302841	116.255905	1.000000
0.000000	29405522.000000	-21550876.000000	1.000000
0.000000	-589.821594	1687.925415	1.000000
0.000000	469.296234	553.461731	1.000000
0.000000	1690.418091	26204.806641	1.000000
0.000000	3280.307129	-1689.666504	1.000000
0.000000	-112.832939	-289.196594	1.000000
0.000000	184.136566	-397.699249	1.000000
0.000000	5359.811035	-2933.876465	1.000000
0.000000	401122.812500	-1051564.750000	1.000000
0.000000	40170.640625	142525.500000	1.000000
0.000000	899154304.000000	-490293056.000000	1.000000
0.000000	5090.069336	-14903.404297	1.000000
0.000000	-11819835.000000	-661255.687500	1.000000
0.000000	10632.819336	-15080.696289	1.000000
0.000000	-31.662624	-398.297089	1.000000
0.000000	-300.712646	-794.300964	1.000000
0.000000	-464.956360	920.858154	1.000000
0.000000	424283.937500	2481.184326	1.000000
0.000000	-9381.748047	10630.465820	1.000000
0.000000	-211.124115	530.186584	1.000000
0.000000	29.282467	-322.551483	1.000000
0.000000	3425.478027	-13323.665039	1.000000
0.000000	-935690816.000000	516809408.000000	1.000000
0.000000	1333545.500000	80277.859375	1.000000
0.000000	370782.437500	-121737.703125	1.000000
0.000000	282424.500000	227406.906250	1.000000
0.000000	24869.962891	-23120.417969	1.000000
0.000000	2203343.750000	933619.437500	1.000000
0.000000	-170.099960	248.923248	1.000000
0.000000	54.785904	-41.287220	1.000000
0.000000	-3145.438721	-342.310791	1.000000
0.000000	-1674.987427	1752.638306	1.000000
0.000000	114.241676	308.501587	1.000000
0.000000	3.333431	-79.059181	1.000000
0.000000	-1244.801147	1091.708374	1.000000
0.000000	940.244690	-204.488342	1.000000
0.000000	241.650803	-152.012527	1.000000
0.000000	-4355021.000000	2416277.250000	1.000000
0.000000	1133.931396	628.586121	1.000000
0.000000	-154.208298	-88061.031250	1.000000
0.000000	1711789.125000	-2028472.500000	1.000000
0.000000	818.117798	-1480.745117	1.000000
0.000000	-237.346497	-5319.985840	1.000000
0.000000	691415.187500	-227467.843750	1.000000
0.000000	12310197.000000	-6573529.500000	1.000000
0.000000	-21952.373047	-21537.667969	1.000000
0.000000	170702.828125	-24544.292969	1.000000
0.000000	12.095104	211.255661	1.000000
0.000000	317.420868	-42.096085	1.000000
0.000000	593.414246	-1795.807373	1.000000
0.000000	-167.593872	-263.267975	1.000000
0.000000	116.896744	-294.277435	1.000000
0.000000	-890.678711	1096.183716	1.000000
0.000000	-237.189804	-3105.763916	1.000000
0.000000	-53894.820312	119833.890625	1.000000
0.000000	98.588776	272.215332	1.000000
0.000000	-377.380585	33.132328	1.000000
0.000000	-107.451324	-1069.665405	1.000000
0.000000	-64591.433594	15526.488281	1.000000
0.000000	2442.053467	809.084290	1.000000
0.000000	55802.519531	149598.984375	1.000000
0.000000	-13257.045898	6595.073242	1.000000
0.000000	-41799.847656	-29770.976562	1.000000
0.000000	-8436.200195	13825.152344	1.000000
0.000000	327.937012	351.308716	1.000000
0.000000	-327.044006	185.657486	1.000000
0.000000	1569.995605	3163.114014	1.000000
0.000000	652.110229	-420.305511	1.000000
0.000000	1910.216064	104.906380	1.000000
0.000000	570.471436	-556.277405	1.000000
0.000000	13986.642578	-14258.410156	1.000000
0.000000	-317.166626	-145.265854	1.000000
0.000000	-1173.918457	1505.959106	1.000000
0.000000	244.510651	269.192902	1.000000
0.000000	-13321.752930	-2987.010010	1.000000
0.000000	-28675.003906	-61526.671875	1.000000
0.000000	1708.656982	8068.415039	1.000000
0.000000	-2519.683594	1833.930176	1.000000
0.000000	108.150040	-156.406815	1.000000
0.000000	60.314987	200.069000	1.000000
0.000000	-3813.306885	-16022.907227	1.000000
0.000000	777.735413	-23.844065	1.000000
0.000000	-8793.763672	12933.503906	1.000000
0.000000	-892.255737	-3189.125000	1.000000
0.000000	941.221008	582.276306	1.000000
0.000000	297.848663	-256.110535	1.000000
0.000000	-5636.366699	-20509.537109	1.000000
0.000000	2.439749	-332.777618	1.000000
0.000000	22512.031250	-24607.310547	1.000000
0.000000	-306.243378	-182.848740	1.000000
0.000000	-3300464.250000	1376390.750000	1.000000
0.000000	-17992.541016	-1268.843384	1.000000
0.000000	-61.557594	585.428833	1.000000
0.000000	161.278900	-351.444183	1.000000
0.000000	6687.232910	2695.909180	1.000000
0.000000	-26126.630859	-23362.488281	1.000000
0.000000	-586712.625000	317467.031250	1.000000
0.000000	-108536.234375	249078.546875	1.000000
0.000000	38017.953125	-56191.003906	1.000000
0.000000	604.914062	-1727.237427	1.000000
0.000000	124.842964	174.436142	1.000000
0.000000	-221.752930	-417.784790	1.000000
0.000000	-389.588318	687.252808	1.000000
0.000000	4112436.000000	2116301.500000	1.000000
0.000000	174.890396	212.299301	1.000000
0.000000	-45278.246094	75967.000000	1.000000
0.000000	710.860291	1696.246826	1.000000
0.000000	4838.216309	12562.161133	1.000000
0.000000	618.616272	1601.224609	1.000000
0.000000	-44102.792969	2371.298584	1.000000
0.000000	245720.171875	-842228.687500	1.000000
0.000000	-231.840790	-144.119858	1.000000
0.000000	450.911346	-129.648560	1.000000
0.000000	-32979.128906	-140012.171875	1.000000
0.000000	-14339.424805	-13558.906250	1.000000
0.000000	-388.185791	-82.490456	1.000000
0.000000	-323605.781250	730136.875000	1.000000
0.000000	-31356.683594	-19668.261719	1.000000
0.000000	-429.164581	-1081.048218	1.000000
0.000000	149.334610	-361.487640	1.000000
0.000000	-3623.285645	-12777.007812	1.000000
0.000000	93.821930	-324.475983	1.000000
0.000000	3203.020020	2992.279785	1.000000
0.000000	31.336905	183.056747	1.000000
0.000000	799171.437500	-982912.687500	1.000000
0.000000	-385.910492	408.864075	1.000000
0.000000	-3275.463135	-2092.552979	1.000000
0.000000	-27.957424	2902.836182	1.000000
0.000000	-319.952454	302.294403	1.000000
0.000000	19849.884766	10544.867188	1.000000
0.000000	76.212570	585.209167	1.000000
0.000000	-3367.638672	-1914.272583	1.000000
0.000000	65101.589844	112664.132812	1.000000
0.000000	269.684784	215.158142	1.000000
0.000000	484892.843750	100812.109375	1.000000
0.000000	-243.748688	233.575836	1.000000
0.000000	80.191902	294.786377	1.000000
0.000000	320.056061	117.478813	1.000000
0.000000	-291.792297	-95.983124	1.000000
0.000000	-52422.050781	-3008.877197	1.000000
0.000000	11398.069336	1379.210327	1.000000
0.000000	-78.253044	-185.379486	1.000000
0.000000	3.919142	1748.577393	1.000000
0.000000	-7872.890137	-93144.546875	1.000000
0.000000	-566.597168	1110.068604	1.000000
0.000000	-42.968208	300.049805	1.000000
0.000000	327.734528	-75.868645	1.000000
0.000000	56.080532	339.530945	1.000000
0.000000	-42895.925781	-77721.445312	1.000000
0.000000	303.677887	-1088.720947	1.000000
0.000000	-16.196754	322.510315	1.000000
0.000000	-85.881004	-193.621918	1.000000
0.000000	-458.881348	709.149292	1.000000
0.000000	391.006195	67.435822	1.000000
0.000000	215.755219	997.329712	1.000000
0.000000	-178.748657	157.584579	1.000000
0.000000	238.767487	513.217957	1.000000
0.000000	-10992.821289	555.189880	1.000000
0.000000	28171368.000000	16549397.000000	1.000000
0.000000	301.903351	-631.531494	1.000000
0.000000	-32777.359375	266776.250000	1.000000
0.000000	-222.909424	5.422457	1.000000
0.000000	1477.164307	2678.391602	1.000000
0.000000	4549.725098	10677.633789	1.000000
0.000000	-48532.992188	-126250.796875	1.000000
0.000000	61.883488	-511.034027	1.000000
0.000000	1929694.125000	165224.671875	1.000000
0.000000	-180119.140625	-177937.812500	1.000000
0.000000	-70203.554688	13742.700195	1.000000
0.000000	259.290802	-111.829132	1.000000
0.000000	-131107.406250	14953.425781	1.000000
0.000000	-1063.620728	230.501892	1.000000
0.000000	-1320.892456	1008.307739	1.000000
0.000000	-1184.198975	1160.004761	1.000000
0.000000	49257.800781	57546.843750	1.000000
0.000000	83883.460938	3688.280518	1.000000
0.000000	1048.399536	-405.698730	1.000000
0.000000	-345.532196	-269.443939	1.000000
0.000000	-1589278.625000	-1200867.375000	1.000000
0.000000	-260.328552	140.436691	1.000000
0.000000	2590553.750000	19355.894531	1.000000
0.000000	131.538208	-172.709976	1.000000
0.000000	-10441.925781	13184.755859	1.000000
0.000000	1826645.375000	135395.046875	1.000000
0.000000	-1566.221069	780.918701	1.000000
0.000000	257.758514	46.835087	1.000000
0.222935	339.227753	-22.876671	1.000000
0.000000	459.463562	969.832458	1.000000
0.000000	-10608.897461	7407.286621	1.000000
0.000000	-358.661377	157.985504	1.000000
0.000000	27333.373047	25882.902344	1.000000
0.000000	63.579384	284.332794	1.000000
0.000000	272.380951	483.717010	1.000000
0.000000	-31.134289	-9057.486328	1.000000
0.000000	-5586.780762	9773.115234	1.000000
0.000000	459143.406250	25594.203125	1.000000
0.000000	-1001.666687	1094.796387	1.000000
0.000000	2165.033203	-5269.245605	1.000000
0.000000	3486.782715	-2074.688232	1.000000
0.000000	132.328766	59.375664	1.000000
0.000000	210.846527	171.725403	1.000000
0.000000	972.865112	-725.648438	1.000000
0.000000	1205.874146	11745.932617	1.000000
0.000000	18056.011719	-23782.361328	1.000000
0.000000	304.016449	-15.549244	1.000000
0.000000	-14.199021	-192.763763	1.000000
0.000000	1160.465088	1165.657959	1.000000
0.000000	394.595154	-45.241497	1.000000
0.000000	104.148643	154.977676	1.000000
0.000000	-1451.845215	127.482262	1.000000
0.000000	75297.453125	-7410.439453	1.000000
0.000000	77.117760	385.983215	1.000000
0.000000	-227.567612	-720.712036	1.000000
0.000000	1179.776123	-9617.917969	1.000000
0.000000	256.121429	279.289734	1.000000
0.000000	223.344543	207.205673	1.000000
0.000000	-3871.147705	-4621.730957	1.000000
0.000000	494.861420	229.366562	1.000000
0.000000	-2013.465942	-2956.849854	1.000000
0.000000	-2.251724	254.233963	1.000000
0.000000	22240.656250	39071.718750	1.000000
0.000000	329.985077	-23.964113	1.000000
0.000000	864.451965	-550.174377	1.000000
0.000000	1234.912842	689.988708	1.000000
0.000000	-318.890289	613.412354	1.000000
0.000000	128.441666	-298.965790	1.000000
0.000000	9573.444336	4862.160645	1.000000
0.000000	-92688.437500	-330201.156250	1.000000
0.000000	7964.392090	16948.328125	1.000000
0.000000	197.160583	-169.003311	1.000000
0.000000	3392.175049	-933.294678	1.000000
0.000000	-423360.500000	-81932.468750	1.000000
0.000000	-44105600.000000	-10494824.000000	1.000000
0.000000	6013.522461	-4603.773926	1.000000
0.000000	-279.872284	135.869293	1.000000
0.000000	1006.962158	-1705.461792	1.000000
0.000000	5870.270508	370.199951	1.000000
0.000000	-240.835526	-91.336327	1.000000
0.000000	-461.310852	1017.717651	1.000000
0.000000	-18783.376953	91.971405	1.000000
0.000000	-605.821106	-156.366653	1.000000
0.000000	296.071503	-324.570038	1.000000
0.000000	14524.615234	-11047.854492	1.000000
