0.000000	31423.734375	455882.500000	1.000000
0.000000	215035.750000	175362.515625	1.000000
0.000000	1204.794678	-12900.647461	1.000000
0.000000	-397.903137	646.883362	1.000000
0.000000	16878.966797	27268.343750	1.000000
0.000000	-13573.422852	726.759460	1.000000
0.000000	-572.102722	-2509.090576	1.000000
0.000000	-595429.312500	1523932.125000	1.000000
0.000000	3637.043701	-2096.196289	1.000000
0.000000	9292453.000000	3386659.750000	1.000000
0.000000	78697400.000000	19959642.000000	1.000000
0.000000	-397.213745	-218.033813	1.000000
0.000000	-354.771790	207.781372	1.000000
0.000000	87.923058	-369.884064	1.000000
0.000000	-73337376.000000	-31090268.000000	1.000000
0.000000	844.975159	-4457.085449	1.000000
0.000000	404.231445	-531.595581	1.000000
0.000000	-6235.755371	7914.404297	1.000000
0.000000	-987.014587	90.407745	1.000000
0.000000	-346.781891	405.876984	1.000000
0.000000	948.976868	8132.897461	1.000000
0.000000	10359.687500	85097.257812	1.000000
0.000000	-72.137138	946.426880	1.000000
0.000000	324.821991	8.452484	1.000000
0.000000	-207039.078125	-53425.175781	1.000000
0.000000	541.108826	-48.980743	1.000000
0.000000	10385.299805	35248.175781	1.000000
0.000000	-4052.930420	11555.337891	1.000000
0.000000	520.234680	-242.041901	1.000000
0.000000	-61340.351562	-273296.843750	1.000000
0.000000	5097.004883	-8801.277344	1.000000
0.000000	5003.102539	937.966675	1.000000
0.000000	-382.186218	511.636932	1.000000
0.000000	-630.386414	-120.374741	1.000000
0.000000	-339.921234	-112.698990	1.000000
0.000000	4978.441406	2834.070557	1.000000
0.000000	-108.890511	-114.248878	1.000000
0.000000	-5837.598145	-1586.226440	1.000000
0.000000	-246238.890625	-73852.343750	1.000000
0.000000	-46636.667969	-6237.883301	1.000000
0.000000	564.744446	170.776718	1.000000
0.000000	613.102112	-90.677048	1.000000
0.000000	-2.986966	364.941162	1.000000
0.000000	-137.645035	-249.608994	1.000000
0.000000	63.563381	361.070160	1.000000
0.000000	-608.393860	-155.287827	1.000000
0.000000	-3976.913086	3281.896973	1.000000
0.000000	-899.026123	534.163147	1.000000
0.000000	-140.079483	-380.817993	1.000000
0.000000	-378.561829	-107.189613	1.000000
0.000000	7166.200684	6266.263672	1.000000
0.000000	-937.071960	1588.823853	1.000000
0.000000	-44.167557	1245.058105	1.000000
0.000000	-3469.240967	-11547.106445	1.000000
0.000000	416.028503	3.175479	1.000000
0.000000	-13.479040	-390.349609	1.000000
0.000000	254.258896	113.484909	1.000000
0.000000	29405522.000000	-21550876.000000	1.000000
0.000000	-654.274719	1735.191040	1.000000
0.000000	416.610687	613.715637	1.000000
0.000000	1649.207153	26136.056641	1.000000
0.000000	3310.775879	-1763.689941	1.000000
0.000000	-154.922791	-357.214172	1.000000
0.000000	227.300629	-465.033234	1.000000
0.000000	5310.592285	-2996.767090	1.000000
0.000000	401172.812500	-1051564.750000	1.000000
0.000000	40101.890625	142475.500000	1.000000
0.000000	899154304.000000	-490293056.000000	1.000000
0.000000	5038.506836	-14964.341797	1.000000
0.000000	-11819835.000000	-661155.687500	1.000000
0.000000	10673.444336	-15011.946289	1.000000
0.000000	-55.295437	-474.713104	1.000000
0.000000	-361.113037	-846.742371	1.000000
0.000000	-385.024719	918.123779	1.000000
0.000000	424183.937500	2461.262451	1.000000
0.000000	-9459.873047	10611.715820	1.000000
0.000000	-288.774933	510.948303	1.000000
0.000000	22.275631	-402.238983	1.000000
0.000000	3433.290527	-13403.352539	1.000000
0.000000	-935690816.000000	516809408.000000	1.000000
0.000000	1333545.500000	80352.859375	1.000000
0.000000	370882.437500	-121750.203125	1.000000
0.000000	282324.500000	227431.906250	1.000000
0.000000	24798.087891	-23082.917969	1.000000
0.000000	2203343.750000	933519.437500	1.000000
0.000000	-212.238632	316.938293	1.000000
0.000000	-23.288729	-58.731068	1.000000
0.000000	-3095.438721	-279.810791	1.000000
0.000000	-1684.362427	1832.130493	1.000000
0.000000	151.131317	379.497681	1.000000
0.000000	-17.220129	-156.378510	1.000000
0.000000	-1321.949585	1070.614624	1.000000
0.000000	1007.822815	-247.335022	1.000000
0.000000	259.443909	-74.009598	1.000000
0.000000	-4355021.000000	2416277.250000	1.000000
0.000000	1203.072021	668.722839	1.000000
0.000000	-232.504196	-88073.531250	1.000000
0.000000	1711789.125000	-2028472.500000	1.000000
0.000000	833.059204	-1402.229492	1.000000
0.000000	-171.575012	-5365.298340	1.000000
0.000000	691415.187500	-227542.843750	1.000000
0.000000	12310197.000000	-6573529.500000	1.000000
0.000000	-21971.123047	-21615.792969	1.000000
0.000000	170777.828125	-24591.167969	1.000000
0.000000	-22.332108	283.472443	1.000000
0.000000	393.983368	-65.356941	1.000000
0.000000	515.972839	-1815.729248	1.000000
0.000000	-220.230591	-323.521881	1.000000
0.000000	146.018066	-368.789154	1.000000
0.000000	-913.627930	1172.746216	1.000000
0.000000	-314.734802	-3086.232666	1.000000
0.000000	-53976.070312	119833.890625	1.000000
0.000000	126.872467	347.068848	1.000000
0.000000	-454.773163	53.396000	1.000000
0.000000	-30.513065	-1047.790405	1.000000
0.000000	-64522.683594	15482.738281	1.000000
0.000000	2465.881592	885.451477	1.000000
0.000000	55865.019531	149648.984375	1.000000
0.000000	-13333.608398	6570.073242	1.000000
0.000000	-41862.347656	-29724.101562	1.000000
0.000000	-8370.575195	13870.464844	1.000000
0.000000	400.202637	385.586060	1.000000
0.000000	-385.979553	239.783463	1.000000
0.000000	1627.612793	3107.645264	1.000000
0.000000	729.356323	-441.155121	1.000000
0.000000	1858.848877	43.590462	1.000000
0.000000	586.096436	-634.695374	1.000000
0.000000	13969.455078	-14336.535156	1.000000
0.000000	-385.379517	-187.038315	1.000000
0.000000	-1204.191895	1431.935669	1.000000
0.000000	301.688385	325.149933	1.000000
0.000000	-13243.627930	-3004.588135	1.000000
0.000000	-28725.003906	-61589.171875	1.000000
0.000000	1752.406982	8135.602539	1.000000
0.000000	-2470.855469	1770.648926	1.000000
0.000000	181.346710	-188.682205	1.000000
0.000000	7.398926	140.059235	1.000000
0.000000	-3762.525635	-15960.407227	1.000000
0.000000	854.590881	-1.519650	1.000000
0.000000	-8873.451172	12939.753906	1.000000
0.000000	-868.134644	-3265.296875	1.000000
0.000000	932.529602	661.768494	1.000000
0.000000	376.022491	-273.102722	1.000000
0.000000	-5557.460449	-20497.037109	1.000000
0.000000	6.648123	-412.660431	1.000000
0.000000	22490.156250	-24685.435547	1.000000
0.000000	-360.198456	-241.930771	1.000000
0.000000	-3300464.250000	1376390.750000	1.000000
0.000000	-18020.666016	-1343.452759	1.000000
0.000000	-95.200615	657.987427	1.000000
0.000000	187.939056	-426.883636	1.000000
0.000000	6713.014160	2620.127930	1.000000
0.000000	-26051.630859	-23337.488281	1.000000
0.000000	-586712.625000	317517.031250	1.000000
0.000000	-108536.234375	249003.546875	1.000000
0.000000	37936.703125	-56191.003906	1.000000
0.000000	656.671875	-1788.174927	1.000000
0.000000	163.270706	244.602158	1.000000
0.000000	-240.039062	-339.903931	1.000000
0.000000	-411.414490	764.205933	1.000000
0.000000	4112436.000000	2116301.500000	1.000000
0.000000	253.308365	228.095200	1.000000
0.000000	-45309.496094	76042.000000	1.000000
0.000000	783.028259	1730.817139	1.000000
0.000000	4915.560059	12541.848633	1.000000
0.000000	610.706116	1521.537109	1.000000
0.000000	-44159.042969	2429.892334	1.000000
0.000000	245645.171875	-842228.687500	1.000000
0.000000	-304.204071	-178.201889	1.000000
0.000000	530.696472	-123.480751	1.000000
0.000000	-32947.878906	-140087.171875	1.000000
0.000000	-14365.987305	-13483.906250	1.000000
0.000000	-468.068604	-86.543190	1.000000
0.000000	-323705.781250	730136.875000	1.000000
0.000000	-31287.933594	-19627.636719	1.000000
0.000000	-501.479034	-1115.227905	1.000000
0.000000	170.941055	-438.489594	1.000000
0.000000	-3546.723145	-12800.445312	1.000000
0.000000	116.954254	-401.038483	1.000000
0.000000	3226.848145	2916.107910	1.000000
0.000000	69.197906	112.576027	1.000000
0.000000	799071.437500	-982912.687500	1.000000
0.000000	-464.816742	422.194153	1.000000
0.000000	-3198.900635	-2115.209229	1.000000
0.000000	-44.767239	2980.961182	1.000000
0.000000	-376.397766	358.983856	1.000000
0.000000	19809.259766	10613.617188	1.000000
0.000000	155.061981	571.732605	1.000000
0.000000	-3443.810547	-1939.272583	1.000000
0.000000	65126.589844	112739.132812	1.000000
0.000000	328.669159	269.192413	1.000000
0.000000	484892.843750	100887.109375	1.000000
0.000000	-301.610016	288.810364	1.000000
0.000000	79.178719	374.766846	1.000000
0.000000	333.776764	196.287415	1.000000
0.000000	-371.626282	-101.073456	1.000000
0.000000	-52390.800781	-2936.220947	1.000000
0.000000	11440.256836	1447.179077	1.000000
0.000000	-56.512321	-262.359039	1.000000
0.000000	50.633617	1683.538330	1.000000
0.000000	-7876.796387	-93219.546875	1.000000
0.000000	-614.546387	1046.006104	1.000000
0.000000	-95.822227	360.108398	1.000000
0.000000	404.199371	-99.391594	1.000000
0.000000	60.462856	419.413757	1.000000
0.000000	-42958.425781	-77671.445312	1.000000
0.000000	241.134872	-1138.720947	1.000000
0.000000	25.443583	390.820862	1.000000
0.000000	-121.684227	-122.087700	1.000000
0.000000	-466.205566	788.836792	1.000000
0.000000	446.914398	10.214842	1.000000
0.000000	234.773773	1075.064087	1.000000
0.000000	-216.175415	228.287704	1.000000
0.000000	303.214081	560.581238	1.000000
0.000000	-11072.508789	549.330505	1.000000
0.000000	28171368.000000	16549397.000000	1.000000
0.000000	355.858429	-690.613525	1.000000
0.000000	-32746.109375	266726.250000	1.000000
0.000000	-302.889893	3.389871	1.000000
0.000000	1543.765869	2634.250977	1.000000
0.000000	4471.600098	10696.383789	1.000000
0.000000	-48451.742188	-126250.796875	1.000000
0.000000	-8.350062	-549.315308	1.000000
0.000000	1929694.125000	165274.671875	1.000000
0.000000	-180044.140625	-177937.812500	1.000000
0.000000	-70266.054688	13697.387695	1.000000
0.000000	307.386505	-175.748230	1.000000
0.000000	-131132.406250	15029.988281	1.000000
0.000000	-1134.909790	266.683533	1.000000
0.000000	-1371.087769	946.100708	1.000000
0.000000	-1204.902100	1237.348511	1.000000
0.000000	49276.550781	57621.843750	1.000000
0.000000	83820.960938	3640.233643	1.000000
0.000000	1124.571411	-381.382324	1.000000
0.000000	-416.625946	-306.113861	1.000000
0.000000	-1589278.625000	-1200867.375000	1.000000
0.000000	-337.525818	161.457199	1.000000
0.000000	2590553.750000	19427.769531	1.000000
0.000000	159.321411	-247.734390	1.000000
0.000000	-10488.800781	13250.380859	1.000000
0.000000	1826645.375000	135345.046875	1.000000
0.000000	-1557.041382	860.410889	1.000000
0.000000	334.749725	64.567329	1.000000
0.000000	404.463440	-66.197281	1.000000
0.000000	395.596375	921.687927	1.000000
0.000000	-10663.584961	7465.880371	1.000000
0.000000	-437.079346	173.830231	1.000000
0.000000	27336.498047	25964.152344	1.000000
0.000000	121.977821	339.020294	1.000000
0.000000	275.994232	563.617126	1.000000
0.000000	-108.956688	-9038.736328	1.000000
0.000000	-5666.468262	9774.677734	1.000000
0.000000	459193.406250	25534.828125	1.000000
0.000000	-1076.666748	1122.530762	1.000000
0.000000	2229.486328	-5221.589355	1.000000
0.000000	3488.345215	-2154.766357	1.000000
0.000000	176.078766	126.343857	1.000000
0.000000	279.254730	213.180481	1.000000
0.000000	938.392456	-797.816406	1.000000
0.000000	1215.053833	11666.245117	1.000000
0.000000	17977.886719	-23797.986328	1.000000
0.000000	383.801605	-21.365776	1.000000
0.000000	-9.717515	-272.646576	1.000000
0.000000	1094.058838	1210.189209	1.000000
0.000000	474.575623	-47.286175	1.000000
0.000000	116.978233	233.932755	1.000000
0.000000	-1375.673340	151.872162	1.000000
0.000000	75372.453125	-7401.845703	1.000000
0.000000	98.419029	463.082825	1.000000
0.000000	-147.562729	-720.712036	1.000000
0.000000	1174.697998	-9538.230469	1.000000
0.000000	304.510101	343.010437	1.000000
0.000000	284.366638	258.940460	1.000000
0.000000	-3834.428955	-4550.637207	1.000000
0.000000	573.767700	242.403671	1.000000
0.000000	-2077.633301	-3004.506104	1.000000
0.000000	31.464870	326.792542	1.000000
0.000000	22253.156250	39152.968750	1.000000
0.000000	409.965546	-23.701662	1.000000
0.000000	944.432434	-548.807190	1.000000
0.000000	1304.053467	730.223083	1.000000
0.000000	-322.210602	693.295166	1.000000
0.000000	178.905533	-361.026337	1.000000
0.000000	9614.069336	4793.410645	1.000000
0.000000	-92650.937500	-330251.156250	1.000000
0.000000	8044.079590	16951.453125	1.000000
0.000000	248.771912	-230.136124	1.000000
0.000000	3418.346924	-857.611084	1.000000
0.000000	-423310.500000	-81994.968750	1.000000
0.000000	-44105600.000000	-10494824.000000	1.000000
0.000000	6049.459961	-4532.680176	1.000000
0.000000	-310.243378	209.892731	1.000000
0.000000	1077.079346	-1666.985229	1.000000
0.000000	5807.770508	320.492920	1.000000
0.000000	-315.103088	-121.084862	1.000000
0.000000	-541.193665	1013.811401	1.000000
0.000000	-18770.876953	12.983591	1.000000
0.000000	-685.801575	-158.588333	1.000000
0.000000	305.202362	-404.062225	1.000000
0.000000	14598.052734	-11016.604492	1.000000
