0.000000	31392.855469	455911.562500	1.000000
0.000000	215050.281250	175406.109375	1.000000
0.000000	1211.719727	-12946.965820	1.000000
0.000000	-351.414490	646.202209	1.000000
0.000000	16875.333984	27221.117188	1.000000
0.000000	-13528.012695	716.258362	1.000000
0.000000	-530.382141	-2529.525146	1.000000
0.000000	-595487.437500	1523932.125000	1.000000
0.000000	3660.884033	-2056.235352	1.000000
0.000000	9292453.000000	3386659.750000	1.000000
0.000000	78697400.000000	19959642.000000	1.000000
0.000000	-442.084656	-230.209412	1.000000
0.000000	-376.795715	248.735657	1.000000
0.000000	86.213081	-416.344330	1.000000
0.000000	-73337376.000000	-31090268.000000	1.000000
0.000000	885.446960	-4434.380371	1.000000
0.000000	415.129883	-576.778687	1.000000
0.000000	-6259.822754	7954.365234	1.000000
0.000000	-986.901062	43.906441	1.000000
0.000000	-362.732208	449.555878	1.000000
0.000000	958.967102	8178.307617	1.000000
0.000000	10401.464844	85119.054688	1.000000
0.000000	-81.134026	992.064087	1.000000
0.000000	359.049896	-23.020838	1.000000
0.000000	-207010.015625	-53457.871094	1.000000
0.000000	587.483948	-45.340836	1.000000
0.000000	10384.391602	35200.949219	1.000000
0.000000	-4098.554688	11546.255859	1.000000
0.000000	560.876770	-264.633453	1.000000
0.000000	-61293.125000	-273296.843750	1.000000
0.000000	5069.304688	-8764.041016	1.000000
0.000000	5048.058594	949.432739	1.000000
0.000000	-425.070435	529.630676	1.000000
0.000000	-664.387268	-88.686966	1.000000
0.000000	-376.249359	-141.704727	1.000000
0.000000	5020.672852	2853.369873	1.000000
0.000000	-152.132629	-131.340164	1.000000
0.000000	-5873.472168	-1615.629517	1.000000
0.000000	-246224.359375	-73895.937500	1.000000
0.000000	-46600.339844	-6266.037598	1.000000
0.000000	600.618469	200.378464	1.000000
0.000000	639.950867	-128.629883	1.000000
0.000000	-3.404482	411.429810	1.000000
0.000000	-158.590469	-291.128723	1.000000
0.000000	69.345810	407.218231	1.000000
0.000000	-625.933533	-112.219131	1.000000
0.000000	-3938.768555	3255.332031	1.000000
0.000000	-925.420776	572.477966	1.000000
0.000000	-150.310959	-426.171387	1.000000
0.000000	-424.057129	-116.754128	1.000000
0.000000	7212.519043	6261.268555	1.000000
0.000000	-962.444885	1549.884644	1.000000
0.000000	-70.597687	1206.800049	1.000000
0.000000	-3496.260010	-11508.961914	1.000000
0.000000	458.969482	21.007944	1.000000
0.000000	-12.329596	-436.838257	1.000000
0.000000	300.719696	111.874268	1.000000
0.000000	29405522.000000	-21550876.000000	1.000000
0.000000	-691.738098	1762.664185	1.000000
0.000000	385.987213	648.738220	1.000000
0.000000	1625.253296	26096.095703	1.000000
0.000000	3328.485840	-1806.716064	1.000000
0.000000	-179.387512	-396.749390	1.000000
0.000000	252.389740	-504.171112	1.000000
0.000000	5281.983887	-3033.322266	1.000000
0.000000	401201.875000	-1051564.750000	1.000000
0.000000	40061.929688	142446.437500	1.000000
0.000000	899154304.000000	-490293056.000000	1.000000
0.000000	5008.536133	-14999.761719	1.000000
0.000000	-11819835.000000	-661097.562500	1.000000
0.000000	10697.057617	-14971.985352	1.000000
0.000000	-69.032013	-519.134460	1.000000
0.000000	-396.220764	-877.223938	1.000000
0.000000	-338.564453	916.534424	1.000000
0.000000	424125.812500	2449.682861	1.000000
0.000000	-9505.283203	10600.817383	1.000000
0.000000	-333.901276	499.766052	1.000000
0.000000	18.202908	-448.557343	1.000000
0.000000	3437.831543	-13449.670898	1.000000
0.000000	-935690816.000000	516809408.000000	1.000000
0.000000	1333545.500000	80396.453125	1.000000
0.000000	370940.562500	-121757.468750	1.000000
0.000000	282266.375000	227446.437500	1.000000
0.000000	24756.310547	-23061.121094	1.000000
0.000000	2203343.750000	933461.312500	1.000000
0.000000	-236.731735	356.473511	1.000000
0.000000	-68.670158	-68.870308	1.000000
0.000000	-3066.376221	-243.487564	1.000000
0.000000	-1689.811646	1878.335327	1.000000
0.000000	172.573425	420.764160	1.000000
0.000000	-29.166903	-201.320374	1.000000
0.000000	-1366.792114	1058.353882	1.000000
0.000000	1047.102539	-272.230408	1.000000
0.000000	269.774719	-28.673161	1.000000
0.000000	-4355021.000000	2416277.250000	1.000000
0.000000	1243.260010	692.052307	1.000000
0.000000	-278.006836	-88080.796875	1.000000
0.000000	1711789.125000	-2028472.500000	1.000000
0.000000	841.743896	-1356.592285	1.000000
0.000000	-133.345337	-5391.636230	1.000000
0.000000	691415.187500	-227586.437500	1.000000
0.000000	12310197.000000	-6573529.500000	1.000000
0.000000	-21982.021484	-21661.203125	1.000000
0.000000	170821.421875	-24618.414062	1.000000
0.000000	-42.343647	325.448456	1.000000
0.000000	438.485321	-78.880653	1.000000
0.000000	470.960022	-1827.308838	1.000000
0.000000	-250.825684	-358.544464	1.000000
0.000000	162.947540	-412.099091	1.000000
0.000000	-926.967163	1217.248169	1.000000
0.000000	-359.804382	-3074.880127	1.000000
0.000000	-54023.296875	119833.890625	1.000000
0.000000	143.305756	390.577454	1.000000
0.000000	-499.757599	65.174263	1.000000
0.000000	14.205747	-1035.075562	1.000000
0.000000	-64482.722656	15457.308594	1.000000
0.000000	2479.731689	929.839905	1.000000
0.000000	55901.347656	149678.046875	1.000000
0.000000	-13378.110352	6555.541992	1.000000
0.000000	-41898.675781	-29696.855469	1.000000
0.000000	-8332.430664	13896.802734	1.000000
0.000000	442.207031	405.509766	1.000000
0.000000	-420.235840	271.237305	1.000000
0.000000	1661.102783	3075.404053	1.000000
0.000000	774.255615	-453.273956	1.000000
0.000000	1828.991699	7.950786	1.000000
0.000000	595.178467	-680.275818	1.000000
0.000000	13959.464844	-14381.945312	1.000000
0.000000	-425.028259	-211.318558	1.000000
0.000000	-1221.788330	1388.909546	1.000000
0.000000	334.922943	357.674957	1.000000
0.000000	-13198.217773	-3014.805420	1.000000
0.000000	-28754.066406	-61625.500000	1.000000
0.000000	1777.836670	8174.655273	1.000000
0.000000	-2442.474121	1733.866699	1.000000
0.000000	223.890350	-207.442276	1.000000
0.000000	-23.357588	105.183205	1.000000
0.000000	-3733.009033	-15924.079102	1.000000
0.000000	899.263123	11.456580	1.000000
0.000000	-8919.769531	12943.386719	1.000000
0.000000	-854.114258	-3309.571777	1.000000
0.000000	927.477722	707.973328	1.000000
0.000000	421.461029	-282.979431	1.000000
0.000000	-5511.596191	-20489.771484	1.000000
0.000000	9.094240	-459.092316	1.000000
0.000000	22477.441406	-24730.845703	1.000000
0.000000	-391.559845	-276.272217	1.000000
0.000000	-3300464.250000	1376390.750000	1.000000
0.000000	-18037.013672	-1386.819458	1.000000
0.000000	-114.755363	700.162109	1.000000
0.000000	203.435272	-470.732819	1.000000
0.000000	6727.999512	2576.080078	1.000000
0.000000	-26008.037109	-23322.957031	1.000000
0.000000	-586712.625000	317546.093750	1.000000
0.000000	-108536.234375	248959.953125	1.000000
0.000000	37889.476562	-56191.003906	1.000000
0.000000	686.756104	-1823.594849	1.000000
0.000000	185.606827	285.386139	1.000000
0.000000	-250.667877	-294.635681	1.000000
0.000000	-424.100952	808.934937	1.000000
0.000000	4112436.000000	2116301.500000	1.000000
0.000000	298.888824	237.276566	1.000000
0.000000	-45327.660156	76085.593750	1.000000
0.000000	824.975891	1750.911133	1.000000
0.000000	4960.516113	12530.041992	1.000000
0.000000	606.108337	1475.218750	1.000000
0.000000	-44191.738281	2463.949951	1.000000
0.000000	245601.578125	-842228.687500	1.000000
0.000000	-346.265228	-198.012070	1.000000
0.000000	577.071594	-119.897606	1.000000
0.000000	-32929.714844	-140130.765625	1.000000
0.000000	-14381.426758	-13440.312500	1.000000
0.000000	-514.500488	-88.898842	1.000000
0.000000	-323763.906250	730136.875000	1.000000
0.000000	-31247.972656	-19604.023438	1.000000
0.000000	-543.533081	-1135.094849	1.000000
0.000000	183.499802	-483.246979	1.000000
0.000000	-3502.221191	-12814.068359	1.000000
0.000000	130.401184	-445.540436	1.000000
0.000000	3240.698242	2871.833008	1.000000
0.000000	91.207642	71.614647	1.000000
0.000000	799013.312500	-982912.687500	1.000000
0.000000	-510.681000	429.942261	1.000000
0.000000	-3154.398682	-2128.378174	1.000000
0.000000	-54.537518	3026.371338	1.000000
0.000000	-409.206604	391.934601	1.000000
0.000000	19785.646484	10653.578125	1.000000
0.000000	200.897858	563.899353	1.000000
0.000000	-3488.085449	-1953.803833	1.000000
0.000000	65141.121094	112782.726562	1.000000
0.000000	362.953827	300.610565	1.000000
0.000000	484892.843750	100930.703125	1.000000
0.000000	-335.241913	320.909668	1.000000
0.000000	78.589806	421.255493	1.000000
0.000000	341.751923	242.094910	1.000000
0.000000	-418.029785	-104.032211	1.000000
0.000000	-52372.636719	-2893.989502	1.000000
0.000000	11464.778320	1486.685913	1.000000
0.000000	-43.875526	-307.116425	1.000000
0.000000	77.787468	1645.734375	1.000000
0.000000	-7879.066895	-93263.140625	1.000000
0.000000	-642.416870	1008.769775	1.000000
0.000000	-126.545036	395.017456	1.000000
0.000000	448.644562	-113.064308	1.000000
0.000000	63.010082	465.845642	1.000000
0.000000	-42994.753906	-77642.382812	1.000000
0.000000	204.792557	-1167.783447	1.000000
0.000000	49.646255	430.526367	1.000000
0.000000	-142.489914	-80.501930	1.000000
0.000000	-470.462769	835.155151	1.000000
0.000000	479.411041	-23.045248	1.000000
0.000000	245.828308	1120.247192	1.000000
0.000000	-237.929718	269.383881	1.000000
0.000000	340.677460	588.111145	1.000000
0.000000	-11118.827148	545.924744	1.000000
0.000000	28171368.000000	16549397.000000	1.000000
0.000000	387.219818	-724.954956	1.000000
0.000000	-32727.945312	266697.187500	1.000000
0.000000	-349.378540	2.208276	1.000000
0.000000	1582.478027	2608.594238	1.000000
0.000000	4426.189941	10707.282227	1.000000
0.000000	-48404.515625	-126250.796875	1.000000
0.000000	-49.173252	-571.566284	1.000000
0.000000	1929694.125000	165303.734375	1.000000
0.000000	-180000.546875	-177937.812500	1.000000
0.000000	-70302.382812	13671.049805	1.000000
0.000000	335.342133	-212.899414	1.000000
0.000000	-131146.937500	15074.490234	1.000000
0.000000	-1176.346558	287.714111	1.000000
0.000000	-1400.263794	909.942871	1.000000
0.000000	-1216.935791	1282.304565	1.000000
0.000000	49287.449219	57665.437500	1.000000
0.000000	83784.632812	3612.306396	1.000000
0.000000	1168.846313	-367.248413	1.000000
0.000000	-457.949188	-327.428253	1.000000
0.000000	-1589278.625000	-1200867.375000	1.000000
0.000000	-382.396729	173.675369	1.000000
0.000000	2590553.750000	19469.546875	1.000000
0.000000	175.470398	-291.330841	1.000000
0.000000	-10516.046875	13288.525391	1.000000
0.000000	1826645.375000	135315.984375	1.000000
0.000000	-1551.705688	906.615723	1.000000
0.000000	380.074738	74.940712	1.000000
0.000000	443.147217	-92.010117	1.000000
0.000000	358.473572	893.703918	1.000000
0.000000	-10695.372070	7499.937988	1.000000
0.000000	-482.659790	183.039978	1.000000
0.000000	27338.314453	26011.378906	1.000000
0.000000	155.921906	370.807404	1.000000
0.000000	278.094452	610.049011	1.000000
0.000000	-154.193573	-9027.837891	1.000000
0.000000	-5712.786621	9775.585938	1.000000
0.000000	459222.468750	25500.316406	1.000000
0.000000	-1120.260498	1138.651367	1.000000
0.000000	2266.949707	-5193.889160	1.000000
0.000000	3489.253418	-2201.311768	1.000000
0.000000	201.508453	165.268875	1.000000
0.000000	319.016998	237.276245	1.000000
0.000000	918.355225	-839.764038	1.000000
0.000000	1220.389526	11619.926758	1.000000
0.000000	17932.476562	-23807.068359	1.000000
0.000000	430.176727	-24.746704	1.000000
0.000000	-7.112791	-319.078461	1.000000
0.000000	1055.460205	1236.072998	1.000000
0.000000	521.064270	-48.474644	1.000000
0.000000	124.435432	279.825409	1.000000
0.000000	-1331.398438	166.048645	1.000000
0.000000	75416.046875	-7396.850586	1.000000
0.000000	110.800392	507.896973	1.000000
0.000000	-101.059891	-720.712036	1.000000
0.000000	1171.746338	-9491.912109	1.000000
0.000000	332.636017	380.048096	1.000000
0.000000	319.843323	289.024689	1.000000
0.000000	-3813.086182	-4509.313965	1.000000
0.000000	619.631958	249.981491	1.000000
0.000000	-2114.869629	-3032.206299	1.000000
0.000000	51.062191	368.967224	1.000000
0.000000	22260.421875	39200.195312	1.000000
0.000000	456.454193	-23.549112	1.000000
0.000000	990.921082	-548.012512	1.000000
0.000000	1344.241455	753.609314	1.000000
0.000000	-324.140533	739.727051	1.000000
0.000000	208.237656	-397.099030	1.000000
0.000000	9637.682617	4753.449707	1.000000
0.000000	-92629.140625	-330280.218750	1.000000
0.000000	8090.397949	16953.269531	1.000000
0.000000	278.770996	-265.669556	1.000000
0.000000	3433.559326	-813.619995	1.000000
0.000000	-423281.437500	-82031.296875	1.000000
0.000000	-44105600.000000	-10494824.000000	1.000000
0.000000	6070.348633	-4491.356934	1.000000
0.000000	-327.896576	252.918854	1.000000
0.000000	1117.834961	-1644.620728	1.000000
0.000000	5771.442383	291.600708	1.000000
0.000000	-358.271118	-138.371933	1.000000
0.000000	-587.625549	1011.540894	1.000000
0.000000	-18763.611328	-32.927193	1.000000
0.000000	-732.290222	-159.879684	1.000000
0.000000	310.509674	-450.267059	1.000000
0.000000	14640.738281	-10998.440430	1.000000
