0.000000	31361.644531	455940.937500	1.000000
0.000000	215064.968750	175450.171875	1.000000
0.000000	1218.719238	-12993.782227	1.000000
0.000000	-304.425964	645.513733	1.000000
0.000000	16871.662109	27173.382812	1.000000
0.000000	-13482.114258	705.644348	1.000000
0.000000	-488.196747	-2550.179443	1.000000
0.000000	-595546.187500	1523932.125000	1.000000
0.000000	3684.980713	-2015.844727	1.000000
0.000000	9292453.000000	3386659.750000	1.000000
0.000000	78697400.000000	19959642.000000	1.000000
0.000000	-487.438049	-242.515930	1.000000
0.000000	-399.056458	290.130310	1.000000
0.000000	84.484718	-463.304169	1.000000
0.000000	-73337376.000000	-31090268.000000	1.000000
0.000000	926.353943	-4411.431152	1.000000
0.000000	426.145508	-622.447632	1.000000
0.000000	-6284.148926	7994.755859	1.000000
0.000000	-986.786316	-3.093110	1.000000
0.681575	-380.507385	493.485352	1.000000
0.000000	969.064758	8224.206055	1.000000
0.000000	10443.691406	85141.085938	1.000000
0.000000	-90.227654	1038.192017	1.000000
0.000000	393.645844	-54.833687	1.000000
0.000000	-206980.640625	-53490.917969	1.000000
0.000000	634.357727	-41.661789	1.000000
0.000000	10383.473633	35153.214844	1.000000
0.000000	-4144.453125	11537.076172	1.000000
0.000000	601.955872	-287.467926	1.000000
0.000000	-61245.390625	-273296.843750	1.000000
0.000000	5041.306641	-8726.404297	1.000000
0.000000	5093.498047	961.022095	1.000000
0.000000	-468.415771	547.817932	1.000000
0.000000	-698.753723	-56.657639	1.000000
0.000000	-412.968109	-171.022354	1.000000
0.000000	5063.358398	2872.876709	1.000000
0.000000	-195.836548	-148.609451	1.000000
0.000000	-5909.731934	-1645.348755	1.000000
0.000000	-246209.671875	-73940.000000	1.000000
0.000000	-46563.621094	-6294.494629	1.000000
0.000000	636.878235	230.298508	1.000000
0.000000	667.088318	-166.983765	1.000000
0.000000	-3.826488	458.418335	1.000000
0.000000	-179.761124	-333.097107	1.000000
0.000000	75.190689	453.862518	1.000000
0.000000	-643.661804	-68.687332	1.000000
0.000000	-3900.213867	3228.481445	1.000000
0.000000	-952.099243	611.204773	1.000000
0.000000	-160.652451	-472.012451	1.000000
0.000000	-470.041626	-126.421486	1.000000
0.000000	7259.335449	6256.219727	1.000000
0.000000	-988.090637	1510.526733	1.000000
0.000000	-97.312012	1168.130615	1.000000
0.000000	-3523.569580	-11470.407227	1.000000
0.000000	502.372192	39.032745	1.000000
0.000000	-11.167791	-483.826782	1.000000
0.000000	347.679535	110.246307	1.000000
0.000000	29405522.000000	-21550876.000000	1.000000
0.000000	-729.604309	1790.432739	1.000000
0.000000	355.034454	684.137390	1.000000
0.000000	1601.041870	26055.705078	1.000000
0.000000	3346.386230	-1850.204834	1.000000
0.000000	-204.115295	-436.709717	1.000000
0.000000	277.748627	-543.752808	1.000000
0.000000	5253.067871	-3070.270508	1.000000
0.000000	401231.250000	-1051564.750000	1.000000
0.000000	40021.539062	142417.062500	1.000000
0.000000	899154304.000000	-490293056.000000	1.000000
0.000000	4978.243164	-15035.562500	1.000000
0.000000	-11819835.000000	-661038.812500	1.000000
0.000000	10720.924805	-14931.594727	1.000000
0.000000	-82.916290	-564.057556	1.000000
0.000000	-431.705994	-908.033264	1.000000
0.000000	-291.604614	914.927979	1.000000
0.000000	424067.062500	2437.978760	1.000000
0.000000	-9551.181641	10589.801758	1.000000
0.681575	-377.862671	488.683075	1.000000
0.000000	14.086808	-495.373749	1.000000
0.000000	3442.421387	-13496.487305	1.000000
0.000000	-935690816.000000	516809408.000000	1.000000
0.000000	1333545.500000	80440.515625	1.000000
0.000000	370999.312500	-121764.812500	1.000000
0.000000	282207.625000	227461.125000	1.000000
0.000000	24714.083984	-23039.089844	1.000000
0.000000	2203343.750000	933402.562500	1.000000
0.000000	-261.488190	396.433838	1.000000
0.000000	-114.539909	-79.118568	1.000000
0.000000	-3037.001221	-206.783157	1.000000
0.000000	-1695.319458	1925.036987	1.000000
0.000000	194.246094	462.474365	1.000000
0.000000	-41.240765	-246.745483	1.000000
0.000000	-1412.116821	1045.961304	1.000000
0.000000	1086.804688	-297.388489	1.000000
0.000000	280.216614	17.150454	1.000000
0.000000	-4355021.000000	2416277.250000	1.000000
0.000000	1283.880127	715.632629	1.000000
0.000000	-323.991333	-88088.140625	1.000000
0.000000	1711789.125000	-2028472.500000	1.000000
0.000000	850.521973	-1310.464355	1.000000
0.000000	-94.698410	-5418.257324	1.000000
0.000000	691415.187500	-227630.500000	1.000000
0.000000	12310197.000000	-6573529.500000	1.000000
0.000000	-21993.037109	-21707.101562	1.000000
0.000000	170865.484375	-24645.953125	1.000000
0.000000	-62.571232	367.875824	1.000000
0.000000	483.465790	-92.549782	1.000000
0.000000	425.463196	-1839.012939	1.000000
0.000000	-281.749756	-393.943634	1.000000
0.000000	180.059052	-455.874725	1.000000
0.000000	-940.449829	1262.228638	1.000000
0.000000	-405.358582	-3063.405518	1.000000
0.000000	-54071.031250	119833.890625	1.000000
0.000000	159.915253	434.553894	1.000000
0.000000	-545.204773	77.079170	1.000000
0.000000	59.404987	-1022.216064	1.000000
0.000000	-64442.332031	15431.605469	1.000000
0.000000	2493.730713	974.705627	1.000000
0.000000	55938.066406	149707.421875	1.000000
0.000000	-13423.090820	6540.854492	1.000000
0.000000	-41935.394531	-29669.316406	1.000000
0.000000	-8293.875977	13923.423828	1.000000
0.000000	484.663086	425.647705	1.000000
0.000000	-454.860474	303.021973	1.000000
0.000000	1694.952881	3042.816162	1.000000
0.000000	819.637695	-465.523102	1.000000
0.000000	1798.813477	-28.071732	1.000000
0.000000	604.358154	-726.346375	1.000000
0.000000	13949.367188	-14427.843750	1.000000
0.000000	-465.103333	-235.859879	1.000000
0.000000	-1239.573975	1345.420776	1.000000
0.000000	368.514862	390.549713	1.000000
0.000000	-13152.319336	-3025.132568	1.000000
0.000000	-28783.441406	-61662.218750	1.000000
0.000000	1803.539795	8214.127930	1.000000
0.000000	-2413.787598	1696.688965	1.000000
0.000000	266.891449	-226.404068	1.000000
0.000000	-54.446110	69.934639	1.000000
0.000000	-3703.175049	-15887.360352	1.000000
0.000000	944.415710	24.572010	1.000000
0.000000	-8966.585938	12947.058594	1.000000
0.000000	-839.943115	-3354.322754	1.000000
0.000000	922.371521	754.674988	1.000000
0.000000	467.388153	-292.962341	1.000000
0.000000	-5465.238770	-20482.427734	1.000000
0.000000	11.566660	-506.023468	1.000000
0.000000	22464.589844	-24776.744141	1.000000
0.000000	-423.258453	-310.982910	1.000000
0.000000	-3300464.250000	1376390.750000	1.000000
0.000000	-18053.537109	-1430.652466	1.000000
0.000000	-134.520386	742.790283	1.000000
0.000000	219.098114	-515.051514	1.000000
0.000000	6743.145996	2531.558594	1.000000
0.000000	-25963.974609	-23308.269531	1.000000
0.000000	-586712.625000	317575.468750	1.000000
0.000000	-108536.234375	248915.890625	1.000000
0.000000	37841.742188	-56191.003906	1.000000
0.000000	717.163818	-1859.395630	1.000000
0.000000	208.183121	326.608673	1.000000
0.000000	-261.418213	-248.880676	1.000000
0.000000	-436.923828	854.144897	1.000000
0.000000	4112436.000000	2116301.500000	1.000000
0.000000	344.959381	246.556656	1.000000
0.000000	-45346.019531	76129.656250	1.000000
0.000000	867.374573	1771.221191	1.000000
0.000000	5005.955566	12518.108398	1.000000
0.000000	601.461121	1428.402344	1.000000
0.000000	-44224.785156	2498.373779	1.000000
0.000000	245557.515625	-842228.687500	1.000000
0.000000	-388.778656	-218.035263	1.000000
0.000000	623.945374	-116.275932	1.000000
0.000000	-32911.355469	-140174.828125	1.000000
0.000000	-14397.032227	-13396.250000	1.000000
0.000000	-561.431641	-91.279823	1.000000
0.000000	-323822.656250	730136.875000	1.000000
0.000000	-31207.582031	-19580.156250	1.000000
0.000000	-586.046509	-1155.175415	1.000000
0.000000	196.193588	-528.496094	1.000000
0.000000	-3457.240723	-12827.837891	1.000000
0.000000	143.998596	-490.520905	1.000000
0.000000	3254.697266	2827.082031	1.000000
0.000000	113.454041	30.212744	1.000000
0.000000	798954.562500	-982912.687500	1.000000
0.000000	-557.038391	437.773682	1.000000
0.000000	-3109.418213	-2141.688721	1.000000
0.000000	-64.412857	3072.269775	1.000000
0.000000	-442.368225	425.239655	1.000000
0.000000	19761.779297	10693.968750	1.000000
0.000000	247.226593	555.981873	1.000000
0.000000	-3532.836426	-1968.491333	1.000000
0.000000	65155.808594	112826.789062	1.000000
0.000000	397.607147	332.366547	1.000000
0.000000	484892.843750	100974.765625	1.000000
0.000000	-369.235443	353.354126	1.000000
0.224580	78.059738	468.206207	1.000000
0.000000	349.812836	288.394958	1.000000
0.000000	-464.932251	-107.022781	1.000000
0.000000	-52354.277344	-2851.303955	1.000000
0.000000	11489.563477	1526.617554	1.000000
0.000000	-31.102724	-352.355072	1.000000
0.000000	105.233299	1607.523926	1.000000
0.000000	-7881.361816	-93307.203125	1.000000
0.000000	-670.587036	971.133057	1.000000
0.000000	-157.598190	430.301880	1.000000
0.000000	493.567657	-126.884041	1.000000
0.000000	65.584702	512.776794	1.000000
0.000000	-43031.472656	-77613.007812	1.000000
0.000000	168.059464	-1197.158447	1.000000
0.224580	74.043358	470.696869	1.000000
0.000000	-163.517136	-38.469002	1.000000
0.000000	-474.765747	881.971558	1.000000
0.000000	512.256897	-56.662270	1.000000
0.000000	257.000427	1165.916138	1.000000
0.000000	-259.920502	310.921967	1.000000
0.000000	378.543671	615.937073	1.000000
0.000000	-11165.643555	542.482361	1.000000
0.000000	28171368.000000	16549397.000000	1.000000
0.000000	418.918427	-759.665649	1.000000
0.000000	-32709.585938	266667.812500	1.000000
0.000000	-396.367065	1.014068	1.000000
0.000000	1621.606445	2582.661621	1.000000
0.000000	4380.291504	10718.297852	1.000000
0.000000	-48356.781250	-126250.796875	1.000000
0.000000	-90.437531	-594.056519	1.000000
0.000000	1929694.125000	165333.109375	1.000000
0.000000	-179956.484375	-177937.812500	1.000000
0.000000	-70339.101562	13644.428711	1.000000
0.000000	363.598358	-250.450073	1.000000
0.000000	-131161.625000	15119.470703	1.000000
0.000000	-1218.228882	308.970825	1.000000
0.000000	-1429.753540	873.396240	1.000000
0.000000	-1229.098877	1327.744019	1.000000
0.000000	49298.464844	57709.500000	1.000000
0.000000	83747.914062	3584.078857	1.000000
0.000000	1213.597290	-352.962524	1.000000
0.000000	-499.716766	-348.971832	1.000000
0.000000	-1589278.625000	-1200867.375000	1.000000
0.000000	-427.750122	186.024918	1.000000
0.000000	2590553.750000	19511.773438	1.000000
0.000000	191.793030	-335.393341	1.000000
0.000000	-10543.585938	13327.080078	1.000000
0.000000	1826645.375000	135286.609375	1.000000
0.000000	-1546.312622	953.317383	1.000000
0.000000	425.887115	85.425636	1.000000
0.000000	482.246948	-118.100510	1.000000
0.000000	320.951599	865.419006	1.000000
0.000000	-10727.500977	7534.361816	1.000000
0.000000	-528.730347	192.348755	1.000000
0.000000	27340.150391	26059.113281	1.000000
0.000000	190.230988	402.936310	1.000000
0.000000	280.217255	656.980164	1.000000
0.000000	-199.919891	-9016.822266	1.000000
0.000000	-5759.603027	9776.503906	1.000000
0.000000	459251.843750	25465.433594	1.000000
0.000000	-1164.322998	1154.945312	1.000000
0.000000	2304.815918	-5165.891113	1.000000
0.000000	3490.171387	-2248.357666	1.000000
0.000000	227.211578	204.612442	1.000000
0.000000	359.206818	261.631104	1.000000
0.000000	898.102539	-882.162720	1.000000
0.000000	1225.782593	11573.110352	1.000000
0.000000	17886.578125	-23816.248047	1.000000
0.000000	477.050507	-28.163986	1.000000
0.000000	-4.480354	-366.009613	1.000000
0.000000	1016.446533	1262.235107	1.000000
0.000000	568.052795	-49.675892	1.000000
0.000000	131.969040	326.211517	1.000000
0.000000	-1286.647461	180.377563	1.000000
0.000000	75460.109375	-7391.801758	1.000000
0.000000	123.314888	553.219055	1.000000
0.000000	-54.057781	-720.712036	1.000000
0.000000	1168.762939	-9445.095703	1.000000
0.000000	361.064362	417.484009	1.000000
0.000000	355.701477	319.432404	1.000000
0.000000	-3791.513916	-4467.546387	1.000000
0.000000	665.989380	257.640808	1.000000
0.000000	-2152.506348	-3060.204346	1.000000
0.000000	70.870239	411.595398	1.000000
0.000000	22267.765625	39247.929688	1.000000
0.000000	503.442719	-23.394922	1.000000
0.000000	1037.926636	-547.209290	1.000000
0.000000	1384.861572	777.247009	1.000000
0.000000	-326.091217	786.658203	1.000000
0.000000	237.885178	-433.559601	1.000000
0.000000	9661.549805	4713.059082	1.000000
0.000000	-92607.109375	-330309.593750	1.000000
0.000000	8137.214355	16955.105469	1.000000
0.000000	309.092651	-301.585083	1.000000
0.000000	3448.935303	-769.155884	1.000000
0.000000	-423252.062500	-82068.015625	1.000000
0.000000	-44105600.000000	-10494824.000000	1.000000
0.000000	6091.461914	-4449.589355	1.000000
0.000000	-345.739594	296.407623	1.000000
0.000000	1159.028809	-1622.015747	1.000000
0.000000	5734.723633	262.397827	1.000000
0.000000	-401.903320	-155.842026	1.000000
0.000000	-634.556702	1009.245972	1.000000
0.000000	-18756.267578	-79.332413	1.000000
0.000000	-779.278748	-161.184921	1.000000
0.000000	315.874054	-496.968719	1.000000
0.000000	14683.882812	-10980.081055	1.000000
