0.000000	31495.785156	455814.687500	1.000000
0.000000	215001.843750	175260.796875	1.000000
0.000000	1188.636230	-12792.571289	1.000000
0.000000	-506.376648	648.472717	1.000000
0.000000	16887.443359	27378.539062	1.000000
0.000000	-13679.379883	751.262024	1.000000
0.000000	-669.450745	-2461.409912	1.000000
0.000000	-595293.687500	1523932.125000	1.000000
0.000000	3581.416260	-2189.438477	1.000000
0.000000	9292453.000000	3386659.750000	1.000000
0.000000	78697400.000000	19959642.000000	1.000000
0.000000	-292.514954	-189.624084	1.000000
0.000000	-303.382629	112.218643	1.000000
0.000000	91.913002	-261.476776	1.000000
0.000000	-73337376.000000	-31090268.000000	1.000000
0.000000	750.540955	-4510.063965	1.000000
0.000000	378.801758	-426.114441	1.000000
0.000000	-6179.598145	7821.162109	1.000000
0.000000	-987.279480	198.914368	1.000000
0.000000	-309.564484	303.959564	1.000000
0.000000	925.666321	8026.940430	1.000000
0.000000	10262.207031	85046.398438	1.000000
0.000000	-51.144405	839.940063	1.000000
0.000000	243.968994	81.771927	1.000000
0.000000	-207106.890625	-53348.886719	1.000000
0.000000	432.948639	-57.473862	1.000000
0.000000	10387.418945	35358.371094	1.000000
0.000000	-3946.443604	11576.529297	1.000000
0.000000	425.403137	-189.328278	1.000000
0.000000	-61450.546875	-273296.843750	1.000000
0.000000	5161.638672	-8888.162109	1.000000
0.000000	4898.205078	911.212524	1.000000
0.000000	-282.123047	469.651459	1.000000
0.000000	-551.051086	-194.312881	1.000000
0.000000	-255.155289	-45.016613	1.000000
0.000000	4879.901367	2789.038818	1.000000
0.000000	-7.983160	-74.365990	1.000000
0.000000	-5753.892090	-1517.619263	1.000000
0.000000	-246272.796875	-73750.625000	1.000000
0.000000	-46721.433594	-6172.189941	1.000000
0.000000	481.062897	101.699677	1.000000
0.000000	550.455017	-2.125665	1.000000
0.000000	-2.012762	256.467651	1.000000
0.369970	-88.757568	-152.760422	1.000000
0.000000	50.078693	253.392120	1.000000
0.000000	-567.467957	-255.781448	1.000000
0.000000	-4065.916992	3343.881836	1.000000
0.000000	-837.438599	444.811737	1.000000
0.000000	-116.206039	-274.993408	1.000000
0.000000	-272.406128	-84.872414	1.000000
0.000000	7058.124512	6277.918945	1.000000
0.000000	-877.868469	1679.682007	1.000000
0.000000	17.500235	1334.326904	1.000000
0.000000	-3406.196533	-11636.110352	1.000000
0.000000	314.042786	-33.672035	1.000000
0.000000	-16.161077	-281.876099	1.000000
0.000000	145.818497	117.243073	1.000000
0.000000	29405522.000000	-21550876.000000	1.000000
0.000000	-566.860168	1671.087036	1.000000
0.000000	488.065460	531.996277	1.000000
0.000000	1705.099487	26229.298828	1.000000
0.000000	3269.452637	-1663.295654	1.000000
0.000000	-97.838432	-264.965332	1.000000
0.000000	168.759369	-373.711517	1.000000
0.000000	5377.345215	-2911.471680	1.000000
0.000000	401105.000000	-1051564.750000	1.000000
0.000000	40195.132812	142543.312500	1.000000
0.000000	899154304.000000	-490293056.000000	1.000000
0.000000	5108.438477	-14881.695312	1.000000
0.000000	-11819835.000000	-661291.312500	1.000000
0.000000	10618.346680	-15105.188477	1.000000
0.000000	-23.243435	-371.073883	1.000000
0.000000	-279.195007	-775.618713	1.000000
0.000000	-493.432007	921.832275	1.000000
0.000000	424319.562500	2488.281494	1.000000
0.000000	-9353.916016	10637.145508	1.000000
0.000000	-183.457336	537.040222	1.000000
0.000000	31.778652	-294.162811	1.000000
0.000000	3422.694824	-13295.276367	1.000000
0.000000	-935690816.000000	516809408.000000	1.000000
0.000000	1333545.500000	80251.140625	1.000000
0.000000	370746.812500	-121733.250000	1.000000
0.000000	282460.125000	227398.000000	1.000000
0.000000	24895.568359	-23133.777344	1.000000
0.000000	2203343.750000	933655.062500	1.000000
0.000000	-155.088058	224.700684	1.000000
0.000000	82.600540	-35.072849	1.000000
0.000000	-3163.251221	-364.576416	1.000000
0.000000	-1671.647583	1724.319214	1.000000
0.000000	101.099739	283.209229	1.000000
0.000000	10.655647	-51.515156	1.000000
0.000000	-1217.317017	1099.223022	1.000000
0.000000	916.169983	-189.224213	1.000000
0.000000	235.310318	-179.801071	1.000000
0.000000	-4355021.000000	2416277.250000	1.000000
0.000000	1109.300049	614.287415	1.000000
0.000000	-126.315384	-88056.578125	1.000000
0.000000	1711789.125000	-2028472.500000	1.000000
0.000000	812.794922	-1508.716309	1.000000
0.000000	-260.777588	-5303.843262	1.000000
0.000000	691415.187500	-227441.125000	1.000000
0.000000	12310197.000000	-6573529.500000	1.000000
0.000000	-21945.693359	-21509.835938	1.000000
0.000000	170676.109375	-24527.593750	1.000000
0.000000	24.643547	189.338440	1.000000
0.000000	290.145477	-33.809532	1.000000
0.000000	621.002747	-1788.710205	1.000000
0.000000	-148.842041	-241.802536	1.000000
0.000000	106.524963	-267.732635	1.000000
0.000000	-882.503052	1068.908325	1.000000
0.000000	-209.557816	-3112.721924	1.000000
0.000000	-53865.875000	119833.890625	1.000000
0.000000	88.512711	245.552185	1.000000
0.000000	-349.809479	25.912477	1.000000
0.000000	-134.860443	-1077.458374	1.000000
0.000000	-64615.925781	15542.074219	1.000000
0.000000	2433.564697	781.878479	1.000000
0.000000	55780.253906	149581.171875	1.000000
0.000000	-13229.770508	6603.979492	1.000000
0.000000	-41777.582031	-29787.675781	1.000000
0.000000	-8459.579102	13809.009766	1.000000
0.000000	302.192383	339.097412	1.000000
0.000000	-306.048218	166.375107	1.000000
0.000000	1549.469482	3182.874756	1.000000
0.000000	624.591309	-412.877838	1.000000
0.000000	1928.515625	126.750175	1.000000
0.000000	564.905029	-528.341003	1.000000
0.000000	13992.765625	-14230.578125	1.000000
0.000000	-292.865784	-130.384415	1.000000
0.000000	-1163.133545	1532.329956	1.000000
0.000000	224.141083	249.258224	1.000000
0.000000	-13349.584961	-2980.747803	1.000000
0.000000	-28657.191406	-61504.406250	1.000000
0.000000	1693.071045	8044.479492	1.000000
0.000000	-2537.078613	1856.474121	1.000000
0.000000	82.070557	-144.908707	1.000000
0.000000	79.166840	221.447479	1.000000
0.000000	-3831.397705	-16045.172852	1.000000
0.000000	750.355652	-31.796850	1.000000
0.000000	-8765.375000	12931.277344	1.000000
0.000000	-900.848877	-3161.988770	1.000000
0.000000	944.317322	553.957214	1.000000
0.000000	269.999237	-250.065613	1.000000
0.000000	-5664.477051	-20513.990234	1.000000
0.000000	0.940516	-304.319366	1.000000
0.000000	22519.824219	-24579.478516	1.000000
0.000000	-287.021881	-161.800766	1.000000
0.000000	-3300464.250000	1376390.750000	1.000000
0.000000	-17982.521484	-1242.263794	1.000000
0.000000	-49.570251	559.579834	1.000000
0.000000	151.781219	-324.568878	1.000000
0.000000	6678.048340	2722.906250	1.000000
0.000000	-26153.349609	-23371.394531	1.000000
0.000000	-586712.625000	317449.218750	1.000000
0.000000	-108536.234375	249105.265625	1.000000
0.000000	38046.898438	-56191.003906	1.000000
0.000000	586.475342	-1705.528442	1.000000
0.000000	111.153084	149.439499	1.000000
0.000000	-215.238495	-445.529846	1.000000
0.000000	-381.812744	659.838257	1.000000
0.000000	4112436.000000	2116301.500000	1.000000
0.000000	146.953995	206.672012	1.000000
0.000000	-45267.113281	75940.281250	1.000000
0.000000	685.150452	1683.931152	1.000000
0.000000	4810.662598	12569.397461	1.000000
0.000000	621.434265	1629.613281	1.000000
0.000000	-44082.753906	2350.424561	1.000000
0.000000	245746.890625	-842228.687500	1.000000
0.000000	-206.061371	-131.978134	1.000000
0.000000	422.487885	-131.849030	1.000000
0.000000	-32990.261719	-139985.453125	1.000000
0.000000	-14329.961914	-13585.625000	1.000000
0.000000	-359.727539	-81.046669	1.000000
0.000000	-323570.156250	730136.875000	1.000000
0.000000	-31381.175781	-19682.734375	1.000000
0.000000	-403.402557	-1068.871704	1.000000
0.000000	141.637314	-334.055695	1.000000
0.000000	-3650.561035	-12768.658203	1.000000
0.000000	85.581039	-297.200592	1.000000
0.000000	3194.531250	3019.416016	1.000000
0.000000	17.564457	204.355789	1.000000
0.000000	799207.062500	-982912.687500	1.000000
0.000000	-357.800140	404.115234	1.000000
0.000000	-3302.738525	-2084.481689	1.000000
0.000000	-21.968102	2875.004150	1.000000
0.000000	-299.843811	282.098785	1.000000
0.000000	19864.357422	10520.375000	1.000000
0.000000	48.122730	590.010193	1.000000
0.000000	-3340.502441	-1905.366333	1.000000
0.000000	65092.683594	112637.414062	1.000000
0.000000	248.671600	195.910553	1.000000
0.000000	484892.843750	100785.390625	1.000000
0.000000	-223.135590	213.893372	1.000000
0.000000	80.552849	266.293335	1.000000
0.000000	315.168060	89.403252	1.000000
0.000000	-263.351440	-94.169693	1.000000
0.000000	-52433.183594	-3034.760986	1.000000
0.000000	11383.040039	1354.996460	1.000000
0.369970	-85.999718	-157.953400	1.000000
0.000000	-12.722521	1771.747559	1.000000
0.000000	-7871.498535	-93117.828125	1.000000
0.000000	-549.515259	1132.890869	1.000000
0.000000	-24.140272	278.653931	1.000000
0.000000	300.493927	-67.488594	1.000000
0.000000	54.519329	311.072693	1.000000
0.000000	-42873.660156	-77739.257812	1.000000
0.000000	325.960907	-1070.908447	1.000000
0.000000	-31.031445	298.174683	1.000000
0.000000	-73.126106	-219.105621	1.000000
0.000000	-456.272095	680.760620	1.000000
0.000000	371.088898	87.822784	1.000000
0.000000	208.979858	969.636841	1.000000
0.000000	-165.415375	132.396591	1.000000
0.000000	215.814758	496.328644	1.000000
0.000000	-10964.432617	557.277283	1.000000
0.000000	28171368.000000	16549397.000000	1.000000
0.000000	282.681854	-610.483521	1.000000
0.000000	-32788.492188	266794.062500	1.000000
0.000000	-194.416382	6.146524	1.000000
0.000000	1453.437500	2694.116699	1.000000
0.000000	4577.557129	10670.954102	1.000000
0.000000	-48561.937500	-126250.796875	1.000000
0.000000	86.906036	-497.396332	1.000000
0.000000	1929694.125000	165206.859375	1.000000
0.000000	-180145.859375	-177937.812500	1.000000
0.000000	-70181.289062	13758.842773	1.000000
0.000000	242.156693	-89.054703	1.000000
0.000000	-131098.500000	14926.150391	1.000000
0.000000	-1038.223999	217.612183	1.000000
0.000000	-1303.010376	1030.479126	1.000000
0.000000	-1176.823486	1132.451050	1.000000
0.000000	49251.121094	57520.125000	1.000000
0.000000	83905.726562	3705.397217	1.000000
0.000000	1021.259827	-414.361450	1.000000
0.000000	-320.205048	-256.380280	1.000000
0.000000	-1589278.625000	-1200867.375000	1.000000
0.000000	-232.827042	132.948135	1.000000
0.000000	2590553.750000	19330.289062	1.000000
0.000000	121.637650	-145.982529	1.000000
0.000000	-10425.226562	13161.376953	1.000000
0.000000	1826645.375000	135412.859375	1.000000
0.000000	-1569.491333	752.599609	1.000000
0.000000	229.978668	40.475033	1.000000
0.000000	315.992493	-10.728647	1.000000
0.000000	482.216248	986.983948	1.000000
0.000000	-10589.415039	7386.412598	1.000000
0.000000	-330.724976	152.340820	1.000000
0.000000	27332.259766	25853.957031	1.000000
0.000000	42.774940	264.850372	1.000000
0.000000	271.093719	455.241364	1.000000
0.000000	-3.408844	-9064.166016	1.000000
0.000000	-5558.392090	9772.558594	1.000000
0.000000	459125.593750	25615.355469	1.000000
0.000000	-974.947937	1084.916016	1.000000
0.000000	2142.071777	-5286.223145	1.000000
0.000000	3486.226074	-2046.160400	1.000000
0.000000	116.739685	35.516220	1.000000
0.000000	186.476105	156.957031	1.000000
0.000000	985.145996	-699.938599	1.000000
0.000000	1202.603882	11774.321289	1.000000
0.000000	18083.843750	-23776.794922	1.000000
0.000000	275.592987	-13.477606	1.000000
0.000000	-15.795558	-164.305511	1.000000
0.000000	1184.122314	1149.793701	1.000000
0.000000	366.102112	-44.513081	1.000000
0.000000	99.578102	126.849754	1.000000
0.000000	-1478.981445	118.789101	1.000000
0.000000	75270.734375	-7413.500977	1.000000
0.000000	69.529182	358.516479	1.000000
0.000000	-256.069336	-720.712036	1.000000
0.000000	1181.585205	-9646.306641	1.000000
0.000000	238.891602	256.589233	1.000000
0.000000	201.609467	188.775650	1.000000
0.000000	-3884.228760	-4647.058105	1.000000
0.000000	466.751068	224.722092	1.000000
0.000000	-1990.574097	-2939.872314	1.000000
0.000000	-14.263509	228.384964	1.000000
0.000000	22236.203125	39042.773438	1.000000
0.000000	301.492035	-24.057611	1.000000
0.000000	835.958923	-550.661438	1.000000
0.000000	1210.281494	675.655212	1.000000
0.000000	-317.707428	584.954102	1.000000
0.000000	110.463921	-276.856720	1.000000
0.000000	9558.971680	4886.652832	1.000000
0.000000	-92701.796875	-330183.343750	1.000000
0.000000	7936.003418	16947.214844	1.000000
0.000000	178.774048	-147.224747	1.000000
0.000000	3382.851318	-960.256958	1.000000
0.000000	-423378.312500	-81910.203125	1.000000
0.000000	-44105600.000000	-10494824.000000	1.000000
0.000000	6000.719727	-4629.101074	1.000000
0.000000	-269.052582	109.501495	1.000000
0.000000	981.982910	-1719.169067	1.000000
0.000000	5892.536133	387.908081	1.000000
0.000000	-214.377701	-80.738411	1.000000
0.000000	-432.852600	1019.109253	1.000000
0.000000	-18787.830078	120.112198	1.000000
0.000000	-577.328064	-155.575180	1.000000
0.000000	292.818634	-296.250946	1.000000
0.000000	14498.453125	-11058.987305	1.000000
