0.000000	31451.625000	455856.250000	1.000000
0.000000	215022.625000	175323.140625	1.000000
0.000000	1198.539795	-12858.811523	1.000000
0.000000	-439.892883	647.498596	1.000000
0.000000	16882.248047	27311.000000	1.000000
0.000000	-13614.438477	736.244324	1.000000
0.000000	-609.785828	-2490.633545	1.000000
0.000000	-595376.812500	1523932.125000	1.000000
0.000000	3615.510498	-2132.290039	1.000000
0.000000	9292453.000000	3386659.750000	1.000000
0.000000	78697400.000000	19959642.000000	1.000000
0.000000	-356.685181	-207.036499	1.000000
0.000000	-334.879211	170.790405	1.000000
0.000000	89.467552	-327.919952	1.000000
0.000000	-73337376.000000	-31090268.000000	1.000000
0.000000	808.419983	-4477.593262	1.000000
0.000000	394.387695	-490.771729	1.000000
0.000000	-6214.017090	7878.310547	1.000000
0.000000	-987.117126	132.410309	1.000000
0.000000	-332.375153	366.425079	1.000000
0.000000	939.953430	8091.881836	1.000000
0.000000	10321.953125	85077.570312	1.000000
0.000000	-64.010918	905.206177	1.000000
0.000000	293.906464	36.880112	1.000000
0.000000	-207065.328125	-53395.644531	1.000000
0.000000	499.229462	-52.268402	1.000000
0.000000	10386.120117	35290.832031	1.000000
0.000000	-4011.709717	11563.541016	1.000000
0.000000	483.525696	-221.636627	1.000000
0.000000	-61383.007812	-273296.843750	1.000000
0.000000	5122.024414	-8834.910156	1.000000
0.000000	4962.497070	927.610229	1.000000
0.000000	-343.452087	495.384491	1.000000
0.000000	-599.675964	-148.995956	1.000000
0.000000	-307.108734	-86.500259	1.000000
0.000000	4940.296875	2816.638916	1.000000
0.000000	-69.829536	-98.810341	1.000000
0.000000	-5805.195801	-1559.668823	1.000000
0.000000	-246252.015625	-73812.968750	1.000000
0.000000	-46669.480469	-6212.453613	1.000000
0.000000	532.342102	144.039658	1.000000
0.000000	588.851624	-56.397671	1.000000
0.000000	-2.609855	322.951416	1.000000
0.000000	-118.723442	-212.118149	1.000000
0.000000	58.343502	319.388031	1.000000
0.000000	-592.551575	-194.188583	1.000000
0.000000	-4011.366211	3305.891113	1.000000
0.000000	-875.185791	499.565460	1.000000
0.000000	-130.838150	-339.853638	1.000000
0.000000	-337.469299	-98.550697	1.000000
0.000000	7124.364746	6270.775391	1.000000
0.000000	-914.154480	1623.994751	1.000000
0.000000	-20.295967	1279.613770	1.000000
0.000000	-3444.836670	-11581.559570	1.000000
0.000000	377.243103	-12.931358	1.000000
0.000000	-14.517248	-348.359863	1.000000
0.000000	212.281967	114.939682	1.000000
0.000000	29405522.000000	-21550876.000000	1.000000
0.000000	-620.436829	1710.376587	1.000000
0.000000	444.270599	582.082336	1.000000
0.000000	1670.842896	26172.150391	1.000000
0.000000	3294.779785	-1724.827637	1.000000
0.000000	-132.825623	-321.504944	1.000000
0.000000	204.639496	-429.682892	1.000000
0.000000	5336.432129	-2963.749512	1.000000
0.000000	401146.562500	-1051564.750000	1.000000
0.000000	40137.984375	142501.750000	1.000000
0.000000	899154304.000000	-490293056.000000	1.000000
0.000000	5065.577148	-14932.349609	1.000000
0.000000	-11819835.000000	-661208.187500	1.000000
0.000000	10652.116211	-15048.040039	1.000000
0.000000	-42.888210	-434.594696	1.000000
0.000000	-329.402832	-819.210632	1.000000
0.000000	-426.988831	919.559326	1.000000
0.000000	424236.437500	2471.721436	1.000000
0.000000	-9418.857422	10621.559570	1.000000
0.000000	-248.013153	521.048401	1.000000
0.000000	25.954220	-360.403046	1.000000
0.000000	3429.188965	-13361.516602	1.000000
0.000000	-935690816.000000	516809408.000000	1.000000
0.000000	1333545.500000	80313.484375	1.000000
0.000000	370829.937500	-121743.640625	1.000000
0.000000	282377.000000	227418.781250	1.000000
0.000000	24835.822266	-23102.605469	1.000000
0.000000	2203343.750000	933571.937500	1.000000
0.000000	-190.115829	281.229065	1.000000
0.000000	17.700283	-49.573048	1.000000
0.000000	-3121.688721	-312.623291	1.000000
0.000000	-1679.440552	1790.397095	1.000000
0.000000	131.764252	342.224731	1.000000
0.000000	-6.429495	-115.785866	1.000000
0.000000	-1281.446655	1081.688843	1.000000
0.000000	972.344299	-224.840515	1.000000
0.000000	250.104782	-114.961136	1.000000
0.000000	-4355021.000000	2416277.250000	1.000000
0.000000	1166.773193	647.651062	1.000000
0.000000	-191.398849	-88066.968750	1.000000
0.000000	1711789.125000	-2028472.500000	1.000000
0.000000	825.214966	-1443.450195	1.000000
0.000000	-206.105042	-5341.509277	1.000000
0.000000	691415.187500	-227503.468750	1.000000
0.000000	12310197.000000	-6573529.500000	1.000000
0.000000	-21961.279297	-21574.777344	1.000000
0.000000	170738.453125	-24566.558594	1.000000
0.000000	-4.257913	245.558640	1.000000
0.000000	353.788055	-53.144821	1.000000
0.000000	556.629578	-1805.270264	1.000000
0.000000	-192.596313	-291.888580	1.000000
0.000000	130.726929	-329.670502	1.000000
0.000000	-901.579590	1132.550903	1.000000
0.000000	-274.026794	-3096.486572	1.000000
0.000000	-53933.414062	119833.890625	1.000000
0.000000	112.023529	307.770752	1.000000
0.000000	-414.142059	42.757572	1.000000
0.000000	-70.904388	-1059.274780	1.000000
0.000000	-64558.777344	15505.707031	1.000000
0.000000	2453.371826	845.358704	1.000000
0.000000	55832.207031	149622.734375	1.000000
0.000000	-13293.413086	6583.198242	1.000000
0.000000	-41829.535156	-29748.710938	1.000000
0.000000	-8405.028320	13846.675781	1.000000
0.000000	362.263184	367.590454	1.000000
0.000000	-355.038391	211.367325	1.000000
0.000000	1597.363770	3136.766357	1.000000
0.000000	688.802124	-430.209076	1.000000
0.000000	1885.816650	75.781319	1.000000
0.000000	577.893311	-593.525940	1.000000
0.000000	13978.478516	-14295.519531	1.000000
0.000000	-349.567749	-165.107773	1.000000
0.000000	-1188.298340	1470.797974	1.000000
0.000000	271.670074	295.772491	1.000000
0.000000	-13284.643555	-2995.359619	1.000000
0.000000	-28698.753906	-61556.359375	1.000000
0.000000	1729.438232	8100.329102	1.000000
0.000000	-2496.490234	1803.871582	1.000000
0.000000	142.920197	-171.737625	1.000000
0.000000	35.179184	171.564362	1.000000
0.000000	-3789.185791	-15993.219727	1.000000
0.000000	814.241760	-13.240162	1.000000
0.000000	-8831.615234	12936.472656	1.000000
0.000000	-880.798218	-3225.306641	1.000000
0.000000	937.092590	620.035095	1.000000
0.000000	334.981232	-264.181824	1.000000
0.000000	-5598.886230	-20503.599609	1.000000
0.000000	4.438727	-370.721954	1.000000
0.000000	22501.640625	-24644.419922	1.000000
0.000000	-331.872040	-210.912704	1.000000
0.000000	-3300464.250000	1376390.750000	1.000000
0.000000	-18005.900391	-1304.282837	1.000000
0.000000	-77.538261	619.894165	1.000000
0.000000	173.942474	-387.277924	1.000000
0.000000	6699.479004	2659.913086	1.000000
0.000000	-26091.005859	-23350.613281	1.000000
0.000000	-586712.625000	317490.781250	1.000000
0.000000	-108536.234375	249042.921875	1.000000
0.000000	37979.359375	-56191.003906	1.000000
0.000000	629.499023	-1756.182739	1.000000
0.000000	143.096146	207.764999	1.000000
0.000000	-230.438843	-380.791382	1.000000
0.000000	-399.955750	723.805542	1.000000
0.000000	4112436.000000	2116301.500000	1.000000
0.000000	212.138931	219.802353	1.000000
0.000000	-45293.089844	76002.625000	1.000000
0.000000	745.140076	1712.667725	1.000000
0.000000	4874.954590	12552.512695	1.000000
0.000000	614.858948	1563.373047	1.000000
0.000000	-44129.511719	2399.130615	1.000000
0.000000	245684.546875	-842228.687500	1.000000
0.000000	-266.213348	-160.308823	1.000000
0.000000	488.809296	-126.717140	1.000000
0.000000	-32964.285156	-140047.796875	1.000000
0.000000	-14352.041992	-13523.281250	1.000000
0.000000	-426.130127	-84.415504	1.000000
0.000000	-323653.281250	730136.875000	1.000000
0.000000	-31324.027344	-19648.964844	1.000000
0.000000	-463.513947	-1097.283569	1.000000
0.000000	159.597672	-398.063568	1.000000
0.000000	-3586.918457	-12788.140625	1.000000
0.000000	104.809784	-360.843170	1.000000
0.000000	3214.338379	2956.098145	1.000000
0.000000	49.320511	149.577133	1.000000
0.000000	799123.937500	-982912.687500	1.000000
0.000000	-423.390961	415.195862	1.000000
0.000000	-3239.095947	-2103.314697	1.000000
0.000000	-35.942471	2939.945557	1.000000
0.000000	-346.763977	329.221893	1.000000
0.000000	19830.587891	10577.523438	1.000000
0.000000	113.664047	578.807800	1.000000
0.000000	-3403.820312	-1926.147583	1.000000
0.000000	65113.464844	112699.757812	1.000000
0.000000	297.702362	240.821594	1.000000
0.000000	484892.843750	100847.734375	1.000000
0.000000	-271.232819	259.817444	1.000000
0.000000	79.710640	332.777100	1.000000
0.000000	326.573395	154.912903	1.000000
0.000000	-329.713440	-98.401031	1.000000
0.000000	-52407.207031	-2974.365479	1.000000
0.000000	11418.108398	1411.495483	1.000000
0.000000	-67.926201	-221.943817	1.000000
0.000000	26.107941	1717.683838	1.000000
0.000000	-7874.745605	-93180.171875	1.000000
0.000000	-589.373047	1079.638916	1.000000
0.000000	-68.072594	328.577637	1.000000
0.000000	364.055328	-87.042046	1.000000
0.000000	58.162136	377.475281	1.000000
0.000000	-42925.613281	-77697.695312	1.000000
0.000000	273.967194	-1112.470947	1.000000
0.000000	3.582309	354.957825	1.000000
0.000000	-102.887535	-159.643646	1.000000
0.000000	-462.360352	747.000854	1.000000
0.000000	417.562592	40.255737	1.000000
0.000000	224.789032	1034.253540	1.000000
0.000000	-196.526367	191.168564	1.000000
0.000000	269.376190	535.715515	1.000000
0.000000	-11030.672852	552.406677	1.000000
0.000000	28171368.000000	16549397.000000	1.000000
0.000000	327.532013	-659.595459	1.000000
0.000000	-32762.515625	266752.500000	1.000000
0.000000	-260.900146	4.457033	1.000000
0.000000	1508.800049	2657.424805	1.000000
0.000000	4512.615723	10686.540039	1.000000
0.000000	-48494.398438	-126250.796875	1.000000
0.000000	28.522739	-529.217651	1.000000
0.000000	1929694.125000	165248.421875	1.000000
0.000000	-180083.515625	-177937.812500	1.000000
0.000000	-70233.242188	13721.176758	1.000000
0.000000	282.136261	-142.192322	1.000000
0.000000	-131119.281250	14989.792969	1.000000
0.000000	-1097.483032	247.688171	1.000000
0.000000	-1344.735229	978.759399	1.000000
0.000000	-1194.032959	1196.743042	1.000000
0.000000	49266.707031	57582.468750	1.000000
0.000000	83853.773438	3665.458252	1.000000
0.000000	1084.581177	-394.148438	1.000000
0.000000	-379.301727	-286.862152	1.000000
0.000000	-1589278.625000	-1200867.375000	1.000000
0.000000	-296.997253	150.421432	1.000000
0.000000	2590553.750000	19390.035156	1.000000
0.000000	144.735229	-208.346573	1.000000
0.000000	-10464.191406	13215.927734	1.000000
0.000000	1826645.375000	135371.296875	1.000000
0.000000	-1561.860718	818.677490	1.000000
0.000000	293.811005	55.194809	1.000000
0.000000	369.523254	-42.882462	1.000000
0.000000	429.126648	946.963806	1.000000
0.000000	-10634.874023	7435.118652	1.000000
0.000000	-395.909912	165.511749	1.000000
0.000000	27334.857422	25921.496094	1.000000
0.000000	91.318642	310.309357	1.000000
0.000000	274.097260	521.678650	1.000000
0.000000	-68.101280	-9048.580078	1.000000
0.000000	-5624.632324	9773.857422	1.000000
0.000000	459167.156250	25566.000000	1.000000
0.000000	-1037.291748	1107.970215	1.000000
0.000000	2195.648438	-5246.608887	1.000000
0.000000	3487.524902	-2112.725342	1.000000
0.000000	153.110016	91.185776	1.000000
0.000000	243.340424	191.416565	1.000000
0.000000	956.490601	-759.928223	1.000000
0.000000	1210.234497	11708.081055	1.000000
0.000000	18018.902344	-23789.783203	1.000000
0.000000	341.914398	-18.312035	1.000000
0.000000	-12.070306	-230.708099	1.000000
0.000000	1128.922119	1186.810303	1.000000
0.000000	432.585876	-46.212719	1.000000
0.000000	110.242699	192.481339	1.000000
0.000000	-1415.663574	139.067596	1.000000
0.000000	75333.078125	-7406.357422	1.000000
0.000000	87.235863	422.605530	1.000000
0.000000	-189.565292	-720.712036	1.000000
0.000000	1177.364014	-9580.066406	1.000000
0.000000	279.106049	309.557068	1.000000
0.000000	252.324646	231.779037	1.000000
0.000000	-3853.706299	-4587.961426	1.000000
0.000000	532.341919	235.559189	1.000000
0.000000	-2043.988403	-2979.486572	1.000000
0.000000	13.763963	288.699280	1.000000
0.000000	22246.593750	39110.312500	1.000000
0.000000	367.975800	-23.839449	1.000000
0.000000	902.442688	-549.524963	1.000000
0.000000	1267.754639	709.100037	1.000000
0.000000	-320.467438	651.356689	1.000000
0.000000	152.412003	-328.444550	1.000000
0.000000	9592.741211	4829.504395	1.000000
0.000000	-92670.625000	-330224.906250	1.000000
0.000000	8002.243652	16949.812500	1.000000
0.000000	221.675964	-198.041397	1.000000
0.000000	3404.606689	-897.344971	1.000000
0.000000	-423336.750000	-81962.156250	1.000000
0.000000	-44105600.000000	-10494824.000000	1.000000
0.000000	6030.592773	-4570.004395	1.000000
0.000000	-294.298553	171.030426	1.000000
0.000000	1040.267822	-1687.185425	1.000000
0.000000	5840.583008	346.589111	1.000000
0.000000	-276.112610	-105.466881	1.000000
0.000000	-499.255188	1015.862183	1.000000
0.000000	-18777.439453	54.451088	1.000000
0.000000	-643.811829	-157.421951	1.000000
0.000000	300.408661	-362.328827	1.000000
0.000000	14559.498047	-11033.010742	1.000000
