0.000000	31658.812500	455661.250000	1.000000
0.000000	214925.125000	175030.640625	1.000000
0.000000	1152.074951	-12548.030273	1.000000
0.000000	-751.816711	652.068909	1.000000
0.000000	16906.623047	27627.875000	1.000000
0.000000	-13919.125977	806.703308	1.000000
0.000000	-889.717468	-2353.524170	1.000000
0.000000	-594986.812500	1523932.125000	1.000000
0.000000	3455.549561	-2400.415039	1.000000
0.000000	9292453.000000	3386659.750000	1.000000
0.000000	78697400.000000	19959642.000000	1.000000
0.000000	-55.604397	-125.340607	1.000000
0.000000	-187.150177	-104.029289	1.000000
0.000000	100.940941	-16.129761	1.000000
0.000000	-73337376.000000	-31090268.000000	1.000000
0.000000	536.867249	-4629.937012	1.000000
0.000000	321.262695	-187.438766	1.000000
0.000000	-6052.532715	7610.185547	1.000000
0.000000	-987.878845	444.371857	1.000000
0.000000	-225.326401	73.353813	1.000000
0.000000	872.922180	7787.194336	1.000000
0.000000	10041.640625	84931.320312	1.000000
0.000000	-3.650086	598.995239	1.000000
0.000000	65.151276	245.507812	1.000000
0.000000	-207260.328125	-53176.269531	1.000000
0.000000	188.237030	-76.691010	1.000000
0.000000	10392.213867	35607.707031	1.000000
0.000000	-3705.498779	11624.478516	1.000000
0.000000	210.830368	-70.054604	1.000000
0.000000	-61699.882812	-273296.843750	1.000000
0.000000	5307.883789	-9084.753906	1.000000
0.000000	4660.856445	850.676636	1.000000
0.000000	-55.672375	374.712555	1.000000
0.000000	-371.423950	-361.657990	1.000000
0.000000	-63.283493	108.133743	1.000000
0.000000	4656.937500	2687.146729	1.000000
0.000000	220.323303	15.854841	1.000000
0.000000	-5564.492676	-1362.383667	1.000000
0.000000	-246349.515625	-73520.468750	1.000000
0.000000	-46913.230469	-6023.547363	1.000000
0.000000	291.813324	-54.619377	1.000000
0.000000	408.595947	198.230652	1.000000
0.189315	2.527305	13.129800	1.000000
0.000000	15.274040	64.062050	1.000000
0.871206	19.451687	10.813381	1.000000
0.000000	-474.866058	-483.090790	1.000000
0.000000	-4267.303711	3484.133301	1.000000
0.000000	-698.086182	242.675797	1.000000
0.000000	-60.815712	-36.092075	1.000000
0.000000	-31.317274	-36.495068	1.000000
0.000000	6813.583496	6304.291016	1.000000
0.000000	-743.910339	1885.264282	1.000000
0.000000	157.031189	1536.312988	1.000000
0.000000	-3263.547607	-11837.497070	1.000000
0.000000	87.326164	-127.815872	1.000000
0.000000	-21.636833	-38.137112	1.000000
0.000000	-99.538818	125.746567	1.000000
0.000000	29405522.000000	-21550876.000000	1.000000
0.000000	-369.069641	1526.040649	1.000000
0.000000	649.616577	347.225739	1.000000
0.000000	1831.565552	26440.275391	1.000000
0.000000	3175.951660	-1436.136230	1.000000
0.000000	30.739513	-54.488415	1.000000
0.000000	36.299648	-167.048126	1.000000
0.000000	5528.385254	-2718.476074	1.000000
0.000000	400951.562500	-1051564.750000	1.000000
0.000000	40406.109375	142696.750000	1.000000
0.000000	899154304.000000	-490293056.000000	1.000000
0.000000	5266.670898	-14694.693359	1.000000
0.000000	-11819835.000000	-661598.187500	1.000000
0.000000	10493.678711	-15316.165039	1.000000
0.000000	49.280178	-136.534088	1.000000
0.000000	-93.906860	-614.689148	1.000000
0.000000	-738.860718	930.223389	1.000000
0.000000	424626.437500	2549.416748	1.000000
0.000000	-9114.169922	10694.684570	1.000000
0.000000	54.845852	596.077698	1.000000
0.000000	53.280880	-49.620678	1.000000
0.000000	3398.720215	-13050.735352	1.000000
0.000000	-935690816.000000	516809408.000000	1.000000
0.000000	1333545.500000	80020.984375	1.000000
0.000000	370439.937500	-121694.890625	1.000000
0.000000	282767.000000	227321.281250	1.000000
0.000000	25116.134766	-23248.855469	1.000000
0.000000	2203343.750000	933961.937500	1.000000
0.000000	-28.653896	19.210285	1.000000
0.000000	320.700592	20.957930	1.000000
0.000000	-3316.688721	-556.373291	1.000000
0.000000	-1642.878052	1480.377563	1.000000
0.000000	-12.102804	65.350761	1.000000
0.000000	73.726166	185.750061	1.000000
0.000000	-980.567749	1163.954468	1.000000
0.000000	708.789612	-57.757591	1.000000
0.000000	180.693161	-419.121490	1.000000
0.000000	-4355021.000000	2416277.250000	1.000000
0.000000	896.945557	491.143250	1.000000
0.000000	113.947662	-88018.218750	1.000000
0.000000	1711789.125000	-2028472.500000	1.000000
0.000000	766.943481	-1749.661133	1.000000
0.000000	-462.613831	-5164.790527	1.000000
0.000000	691415.187500	-227210.968750	1.000000
0.000000	12310197.000000	-6573529.500000	1.000000
0.000000	-21888.154297	-21270.089844	1.000000
0.000000	170445.953125	-24383.746094	1.000000
0.000000	130.047287	-29.862461	1.000000
0.000000	54.883324	36.292801	1.000000
0.000000	858.651062	-1727.574951	1.000000
0.494913	12.685911	-56.915409	1.000000
0.000000	17.180531	-39.074780	1.000000
0.000000	-812.077637	833.714783	1.000000
0.000000	28.459614	-3172.658447	1.000000
0.000000	-53616.539062	119833.890625	1.000000
0.189315	6.081555	17.880013	1.000000
0.000000	-112.271225	-36.317257	1.000000
0.000000	-370.971893	-1144.587280	1.000000
0.000000	-64826.902344	15676.332031	1.000000
0.000000	2360.442139	547.526672	1.000000
0.000000	55588.457031	149427.734375	1.000000
0.000000	-12994.819336	6680.698242	1.000000
0.000000	-41585.785156	-29931.523438	1.000000
0.000000	-8660.965820	13669.957031	1.000000
0.000000	80.419212	233.893066	1.000000
0.000000	-124.045074	1.095539	1.000000
0.000000	1372.656738	3353.094482	1.000000
0.000000	387.542389	-348.895599	1.000000
0.000000	2086.293701	314.899628	1.000000
0.000000	516.955811	-287.556213	1.000000
0.000000	14045.509766	-13990.832031	1.000000
0.000000	-83.529510	-2.165281	1.000000
0.000000	-1070.231934	1759.489380	1.000000
0.000000	48.676914	77.540085	1.000000
0.000000	-13589.331055	-2926.804932	1.000000
0.000000	-28503.753906	-61312.609375	1.000000
0.000000	1558.813232	7838.297852	1.000000
0.000000	-2686.919922	2050.668457	1.000000
0.000000	-142.567963	-45.863609	1.000000
0.000000	237.278915	402.627991	1.000000
0.000000	-3987.232666	-16236.969727	1.000000
0.000000	514.505432	-100.311760	1.000000
0.000000	-8520.833984	12912.097656	1.000000
0.000000	-974.870483	-2928.236328	1.000000
0.000000	970.989075	309.891510	1.000000
0.000000	30.100639	-197.995758	1.000000
0.000000	-5906.620605	-20552.349609	1.000000
0.000000	-11.973921	-59.168827	1.000000
0.000000	22586.953125	-24339.732422	1.000000
0.000000	-122.706512	18.695448	1.000000
0.000000	-3300464.250000	1376390.750000	1.000000
0.000000	-17896.212891	-1013.306274	1.000000
0.000000	53.629883	337.724182	1.000000
0.027210	70.477562	-93.783173	1.000000
0.000000	6598.932129	2955.459961	1.000000
0.000000	-26383.505859	-23448.113281	1.000000
0.000000	-586712.625000	317295.781250	1.000000
0.000000	-108536.234375	249335.421875	1.000000
0.000000	38296.234375	-56191.003906	1.000000
0.000000	427.643524	-1518.526489	1.000000
0.000000	-6.780246	-65.881752	1.000000
0.000000	-159.122925	-684.418579	1.000000
0.000000	-314.833679	423.688324	1.000000
0.000000	4112436.000000	2116301.500000	1.000000
0.000000	-90.980347	158.317184	1.000000
0.000000	-45171.214844	75710.125000	1.000000
0.000000	463.717712	1577.843506	1.000000
0.000000	4573.313965	12631.731445	1.000000
0.000000	645.708557	1874.154297	1.000000
0.000000	-43910.136719	2170.614990	1.000000
0.000000	245977.046875	-842228.687500	1.000000
0.000000	16.022377	-27.352859	1.000000
0.000000	182.062561	-148.853592	1.000000
0.000000	-33086.160156	-139755.296875	1.000000
0.000000	-14248.448242	-13815.781250	1.000000
0.000000	-114.545990	-68.609840	1.000000
0.000000	-323263.281250	730136.875000	1.000000
0.000000	-31592.152344	-19807.402344	1.000000
0.000000	-181.487564	-963.982788	1.000000
0.027210	74.770821	-97.035019	1.000000
0.000000	-3885.512207	-12696.734375	1.000000
0.494913	14.579284	-62.178787	1.000000
0.000000	3121.408691	3253.168457	1.000000
0.000000	-98.678596	420.535248	1.000000
0.000000	799513.937500	-982912.687500	1.000000
0.000000	-115.700005	363.208557	1.000000
0.000000	-3537.689697	-2014.955444	1.000000
0.000000	29.623995	2635.258057	1.000000
0.000000	-126.627548	108.073639	1.000000
0.000000	19989.025391	10309.398438	1.000000
0.000000	-193.851929	631.366394	1.000000
0.000000	-3106.750000	-1828.647583	1.000000
0.000000	65015.964844	112407.257812	1.000000
0.000000	66.566940	30.296963	1.000000
0.000000	484892.843750	100555.234375	1.000000
0.000000	-45.573650	44.350109	1.000000
0.000000	80.134163	22.911955	1.000000
0.000000	273.062653	-152.450073	1.000000
0.000000	-18.419651	-78.598473	1.000000
0.000000	-52529.082031	-3257.724854	1.000000
0.000000	11253.577148	1146.417358	1.000000
0.000000	-151.668961	79.609344	1.000000
0.000000	-156.074600	1971.336182	1.000000
0.000000	-7859.511230	-92887.671875	1.000000
0.000000	-402.482758	1329.482666	1.000000
0.000000	134.724487	95.381523	1.000000
0.000000	63.189175	2.137194	1.000000
0.000000	42.820358	65.825729	1.000000
0.000000	-42681.863281	-77892.695312	1.000000
0.000000	517.903015	-917.678955	1.000000
0.000000	-158.817719	88.546692	1.000000
0.000000	36.728138	-438.623138	1.000000
0.000000	-433.795898	436.219604	1.000000
0.000000	199.520615	263.436798	1.000000
0.000000	150.616669	731.089478	1.000000
0.000000	-52.683170	-81.843155	1.000000
0.000000	18.137598	350.022888	1.000000
0.000000	-10719.891602	575.258240	1.000000
0.000000	28171368.000000	16549397.000000	1.000000
0.000000	117.167603	-429.175568	1.000000
0.000000	-32884.390625	266947.500000	1.000000
0.000000	47.947411	15.138340	1.000000
0.000000	1249.053955	2829.573242	1.000000
0.000000	4817.303223	10613.415039	1.000000
0.000000	-48811.273438	-126250.796875	1.000000
0.000000	302.436615	-379.920746	1.000000
0.000000	1929694.125000	165053.421875	1.000000
0.000000	-180376.015625	-177937.812500	1.000000
0.000000	-69989.492188	13897.895508	1.000000
0.000000	96.671196	103.499832	1.000000
0.000000	-131021.781250	14691.199219	1.000000
0.000000	-819.175476	106.579781	1.000000
0.000000	-1148.973511	1221.676636	1.000000
0.000000	-1113.290771	895.265137	1.000000
0.000000	49193.582031	57289.968750	1.000000
0.000000	84097.523438	3852.841064	1.000000
0.000000	787.207703	-488.982422	1.000000
0.000000	-101.983215	-143.924118	1.000000
0.000000	-1589278.625000	-1200867.375000	1.000000
0.000000	2.099694	60.800777	1.000000
0.000000	2590553.750000	19109.722656	1.000000
0.000000	39.479671	77.320305	1.000000
0.000000	-10281.378906	12959.990234	1.000000
0.000000	1826645.375000	135566.296875	1.000000
0.000000	-1597.661499	508.657959	1.000000
0.000000	-9.210392	-9.583227	1.000000
0.000000	111.761787	125.552734	1.000000
0.000000	678.208679	1134.952026	1.000000
0.000000	-10421.592773	7206.603027	1.000000
0.000000	-90.079857	103.736023	1.000000
0.000000	27322.669922	25604.621094	1.000000
0.000000	-136.432587	97.035042	1.000000
0.000000	260.005463	209.965210	1.000000
0.000000	235.422791	-9121.705078	1.000000
0.000000	-5313.851074	9767.763672	1.000000
0.000000	458972.156250	25797.562500	1.000000
0.000000	-744.791687	999.806152	1.000000
0.000000	1944.595459	-5432.468262	1.000000
0.000000	3481.431152	-1800.420654	1.000000
0.000000	-17.547441	-169.997467	1.000000
0.000000	-23.456966	29.252579	1.000000
0.000000	1090.744385	-478.450470	1.000000
0.000000	1174.433716	12018.862305	1.000000
0.000000	18323.589844	-23728.845703	1.000000
0.000000	30.749781	4.368076	1.000000
0.000000	-23.326433	77.412079	1.000000
0.000000	1387.906494	1013.114624	1.000000
0.000000	120.663185	-38.238476	1.000000
0.000000	59.146610	-113.840591	1.000000
0.000000	-1712.733887	43.910934	1.000000
0.000000	75040.578125	-7439.873047	1.000000
0.000000	4.164901	121.875580	1.000000
0.000000	-501.509399	-720.712036	1.000000
0.000000	1197.168701	-9890.847656	1.000000
0.000000	90.464317	61.046608	1.000000
0.000000	16.247303	31.719486	1.000000
0.000000	-3996.909424	-4865.227051	1.000000
0.000000	224.597809	184.714462	1.000000
0.000000	-1793.382935	-2793.627197	1.000000
0.000000	-112.904755	10.163937	1.000000
0.000000	22197.843750	38793.437500	1.000000
0.000000	58.647392	-22.285580	1.000000
0.000000	590.518860	-554.856995	1.000000
0.000000	998.106201	552.185974	1.000000
0.000000	-307.518219	339.708496	1.000000
0.000000	-44.394104	-86.349892	1.000000
0.000000	9434.303711	5097.629395	1.000000
0.000000	-92816.875000	-330029.906250	1.000000
0.000000	7691.462402	16937.625000	1.000000
0.000000	17.905268	38.256210	1.000000
0.000000	3302.536377	-1192.293579	1.000000
0.000000	-423531.750000	-81718.406250	1.000000
0.000000	-44105600.000000	-10494824.000000	1.000000
0.000000	5890.436523	-4847.270020	1.000000
0.000000	-175.891510	-117.584076	1.000000
0.000000	766.810791	-1837.244019	1.000000
0.000000	6084.333008	540.446533	1.000000
0.871206	13.530120	10.540478	1.000000
0.000000	-187.691345	1031.096558	1.000000
0.000000	-18826.189453	362.514648	1.000000
0.000000	-331.888000	-148.757401	1.000000
0.000000	260.411926	-54.307098	1.000000
0.000000	14273.091797	-11154.885742	1.000000
