0.000000	31494.457031	455815.937500	1.000000
0.000000	215002.468750	175262.671875	1.000000
0.000000	1188.934082	-12794.563477	1.000000
0.000000	-504.377136	648.443420	1.000000
0.000000	16887.287109	27376.507812	1.000000
0.000000	-13677.426758	750.810364	1.000000
0.000000	-667.656311	-2462.288818	1.000000
0.000000	-595296.187500	1523932.125000	1.000000
0.000000	3582.441650	-2187.719727	1.000000
0.000000	9292453.000000	3386659.750000	1.000000
0.000000	78697400.000000	19959642.000000	1.000000
0.000000	-294.444885	-190.147766	1.000000
0.000000	-304.329895	113.980423	1.000000
0.000000	91.839455	-263.475067	1.000000
0.000000	-73337376.000000	-31090268.000000	1.000000
0.000000	752.281677	-4509.087402	1.000000
0.000000	379.270508	-428.059021	1.000000
0.000000	-6180.633301	7822.880859	1.000000
0.000000	-987.274597	196.914246	1.000000
0.000000	-310.250519	305.838226	1.000000
0.000000	926.096008	8028.893555	1.000000
0.000000	10264.003906	85047.335938	1.000000
0.000000	-51.531368	841.902954	1.000000
0.000000	245.441162	80.418167	1.000000
0.000000	-207105.640625	-53350.292969	1.000000
0.000000	434.942047	-57.317307	1.000000
0.000000	10387.379883	35356.339844	1.000000
0.000000	-3948.406494	11576.138672	1.000000
0.000000	427.151184	-190.299957	1.000000
0.000000	-61448.515625	-273296.843750	1.000000
0.000000	5160.447266	-8886.560547	1.000000
0.000000	4900.138672	911.705688	1.000000
0.000000	-283.967529	470.425385	1.000000
0.000000	-552.513489	-192.949966	1.000000
0.000000	-256.718109	-46.264324	1.000000
0.000000	4881.717773	2789.868896	1.000000
0.000000	-9.843169	-75.101158	1.000000
0.000000	-5755.435059	-1518.883911	1.000000
0.000000	-246272.171875	-73752.500000	1.000000
0.000000	-46719.871094	-6173.400879	1.000000
0.000000	482.604645	102.973175	1.000000
0.000000	551.609802	-3.757926	1.000000
0.000000	-2.030719	258.467163	1.000000
0.000000	-89.660255	-154.542923	1.000000
0.000000	50.327259	255.376373	1.000000
0.000000	-568.222351	-253.929031	1.000000
0.000000	-4064.276367	3342.739258	1.000000
0.000000	-838.573853	446.458466	1.000000
0.000000	-116.646103	-276.944092	1.000000
0.000000	-274.362915	-85.283791	1.000000
0.000000	7060.116699	6277.704102	1.000000
0.000000	-878.959778	1678.007202	1.000000
0.000000	16.363531	1332.681396	1.000000
0.000000	-3407.358643	-11634.469727	1.000000
0.000000	315.889709	-32.904976	1.000000
0.000000	-16.111639	-283.875610	1.000000
0.000000	147.817398	117.173798	1.000000
0.000000	29405522.000000	-21550876.000000	1.000000
0.000000	-568.471497	1672.268677	1.000000
0.000000	486.748322	533.502625	1.000000
0.000000	1704.069214	26227.580078	1.000000
0.000000	3270.214355	-1665.146240	1.000000
0.000000	-98.890678	-266.665771	1.000000
0.000000	169.838470	-375.394867	1.000000
0.000000	5376.114746	-2913.043945	1.000000
0.000000	401106.250000	-1051564.750000	1.000000
0.000000	40193.414062	142542.062500	1.000000
0.000000	899154304.000000	-490293056.000000	1.000000
0.000000	5107.149414	-14883.218750	1.000000
0.000000	-11819835.000000	-661288.812500	1.000000
0.000000	10619.362305	-15103.469727	1.000000
0.000000	-23.834255	-372.984283	1.000000
0.000000	-280.705017	-776.929749	1.000000
0.000000	-491.433716	921.763916	1.000000
0.000000	424317.062500	2487.783447	1.000000
0.000000	-9355.869141	10636.676758	1.000000
0.000000	-185.398865	536.559265	1.000000
0.000000	31.603481	-296.154999	1.000000
0.000000	3422.890137	-13297.268555	1.000000
0.000000	-935690816.000000	516809408.000000	1.000000
0.000000	1333545.500000	80253.015625	1.000000
0.000000	370749.312500	-121733.562500	1.000000
0.000000	282457.625000	227398.625000	1.000000
0.000000	24893.771484	-23132.839844	1.000000
0.000000	2203343.750000	933652.562500	1.000000
0.000000	-156.141525	226.400513	1.000000
0.000000	80.648636	-35.508945	1.000000
0.000000	-3162.001221	-363.013916	1.000000
0.000000	-1671.881958	1726.306519	1.000000
0.000000	102.021980	284.984131	1.000000
0.000000	10.141808	-53.447987	1.000000
0.000000	-1219.245728	1098.695679	1.000000
0.000000	917.859436	-190.295380	1.000000
0.000000	235.755264	-177.850998	1.000000
0.000000	-4355021.000000	2416277.250000	1.000000
0.000000	1111.028564	615.290833	1.000000
0.000000	-128.272781	-88056.890625	1.000000
0.000000	1711789.125000	-2028472.500000	1.000000
0.000000	813.168457	-1506.753418	1.000000
0.000000	-259.133301	-5304.976074	1.000000
0.000000	691415.187500	-227443.000000	1.000000
0.000000	12310197.000000	-6573529.500000	1.000000
0.000000	-21946.162109	-21511.789062	1.000000
0.000000	170677.984375	-24528.765625	1.000000
0.000000	23.782875	191.143860	1.000000
0.000000	292.059540	-34.391045	1.000000
0.000000	619.066711	-1789.208252	1.000000
0.000000	-150.157959	-243.308884	1.000000
0.000000	107.252808	-269.595428	1.000000
0.000000	-883.076782	1070.822388	1.000000
0.000000	-211.496902	-3112.233643	1.000000
0.000000	-53867.906250	119833.890625	1.000000
0.000000	89.219803	247.422913	1.000000
0.000000	-351.744293	26.419146	1.000000
0.000000	-132.937225	-1076.911499	1.000000
0.000000	-64614.207031	15540.980469	1.000000
0.000000	2434.160400	783.787659	1.000000
0.000000	55781.816406	149582.421875	1.000000
0.000000	-13231.684570	6603.354492	1.000000
0.000000	-41779.144531	-29786.503906	1.000000
0.000000	-8457.938477	13810.142578	1.000000
0.000000	303.999023	339.954346	1.000000
0.000000	-307.521606	167.728256	1.000000
0.000000	1550.909912	3181.488037	1.000000
0.000000	626.522461	-413.399078	1.000000
0.000000	1927.231445	125.217278	1.000000
0.000000	565.295654	-530.301453	1.000000
0.000000	13992.335938	-14232.531250	1.000000
0.000000	-294.571106	-131.428726	1.000000
0.000000	-1163.890381	1530.479370	1.000000
0.000000	225.570526	250.657150	1.000000
0.000000	-13347.631836	-2981.187256	1.000000
0.000000	-28658.441406	-61505.968750	1.000000
0.000000	1694.164795	8046.159180	1.000000
0.000000	-2535.857910	1854.892090	1.000000
0.000000	83.900696	-145.715591	1.000000
0.000000	77.843903	219.947235	1.000000
0.000000	-3830.128174	-16043.610352	1.000000
0.000000	752.277039	-31.238760	1.000000
0.000000	-8767.367188	12931.433594	1.000000
0.000000	-900.245850	-3163.893066	1.000000
0.000000	944.100037	555.944519	1.000000
0.000000	271.953583	-250.489807	1.000000
0.000000	-5662.504395	-20513.677734	1.000000
0.000000	1.045725	-306.316437	1.000000
0.000000	22519.277344	-24581.431641	1.000000
0.000000	-288.370758	-163.277817	1.000000
0.000000	-3300464.250000	1376390.750000	1.000000
0.000000	-17983.224609	-1244.129028	1.000000
0.000000	-50.411469	561.393799	1.000000
0.000000	152.447723	-326.454865	1.000000
0.000000	6678.692871	2721.011719	1.000000
0.000000	-26151.474609	-23370.769531	1.000000
0.000000	-586712.625000	317450.468750	1.000000
0.000000	-108536.234375	249103.390625	1.000000
0.000000	38044.867188	-56191.003906	1.000000
0.000000	587.769287	-1707.051880	1.000000
0.000000	112.113777	151.193649	1.000000
0.000000	-215.695648	-443.582825	1.000000
0.000000	-382.358398	661.762085	1.000000
0.000000	4112436.000000	2116301.500000	1.000000
0.000000	148.914444	207.066910	1.000000
0.000000	-45267.894531	75942.156250	1.000000
0.000000	686.954651	1684.795410	1.000000
0.000000	4812.596191	12568.889648	1.000000
0.000000	621.236511	1627.621094	1.000000
0.000000	-44084.160156	2351.889404	1.000000
0.000000	245745.015625	-842228.687500	1.000000
0.000000	-207.870453	-132.830185	1.000000
0.000000	424.482513	-131.694611	1.000000
0.000000	-32989.480469	-139987.328125	1.000000
0.000000	-14330.625977	-13583.750000	1.000000
0.000000	-361.724609	-81.147987	1.000000
0.000000	-323572.656250	730136.875000	1.000000
0.000000	-31379.457031	-19681.718750	1.000000
0.000000	-405.210419	-1069.726196	1.000000
0.000000	142.177475	-335.980743	1.000000
0.000000	-3648.646973	-12769.244141	1.000000
0.000000	86.159348	-299.114655	1.000000
0.000000	3195.126953	3017.511719	1.000000
0.000000	18.511036	202.593704	1.000000
0.000000	799204.562500	-982912.687500	1.000000
0.000000	-359.772797	404.448486	1.000000
0.000000	-3300.824463	-2085.048096	1.000000
0.000000	-22.388405	2876.957275	1.000000
0.000000	-301.254944	283.516022	1.000000
0.000000	19863.341797	10522.093750	1.000000
0.000000	50.094013	589.673279	1.000000
0.000000	-3342.406738	-1905.991333	1.000000
0.000000	65093.308594	112639.289062	1.000000
0.000000	250.146210	197.261261	1.000000
0.000000	484892.843750	100787.265625	1.000000
0.000000	-224.582123	215.274597	1.000000
0.000000	80.527519	268.292847	1.000000
0.000000	315.511078	91.373466	1.000000
0.000000	-265.347290	-94.296951	1.000000
0.000000	-52432.402344	-3032.944580	1.000000
0.000000	11384.094727	1356.695679	1.000000
0.000000	-85.454659	-159.880676	1.000000
0.000000	-11.554689	1770.121582	1.000000
0.000000	-7871.596191	-93119.703125	1.000000
0.000000	-550.713989	1131.289307	1.000000
0.000000	-25.461531	280.155396	1.000000
0.000000	302.405548	-68.076668	1.000000
0.000000	54.628887	313.069763	1.000000
0.000000	-42875.222656	-77738.007812	1.000000
0.000000	324.397186	-1072.158447	1.000000
0.000000	-29.990414	299.882446	1.000000
0.000000	-74.021187	-217.317291	1.000000
0.000000	-456.455200	682.752808	1.000000
0.000000	372.486603	86.392120	1.000000
0.000000	209.455322	971.580200	1.000000
0.000000	-166.351044	134.164169	1.000000
0.000000	217.425476	497.513947	1.000000
0.000000	-10966.424805	557.130798	1.000000
0.000000	28171368.000000	16549397.000000	1.000000
0.000000	284.030731	-611.960571	1.000000
0.000000	-32787.710938	266792.812500	1.000000
0.000000	-196.415894	6.095713	1.000000
0.000000	1455.102539	2693.013184	1.000000
0.000000	4575.604004	10671.422852	1.000000
0.000000	-48559.906250	-126250.796875	1.000000
0.000000	85.150055	-498.353363	1.000000
0.000000	1929694.125000	165208.109375	1.000000
0.000000	-180143.984375	-177937.812500	1.000000
0.000000	-70182.851562	13757.709961	1.000000
0.000000	243.359085	-90.652908	1.000000
0.000000	-131099.125000	14928.064453	1.000000
0.000000	-1040.006226	218.516724	1.000000
0.000000	-1304.265259	1028.921509	1.000000
0.000000	-1177.341064	1134.384644	1.000000
0.000000	49251.589844	57522.000000	1.000000
0.000000	83904.164062	3704.196045	1.000000
0.000000	1023.166565	-413.753540	1.000000
0.000000	-321.982391	-257.297028	1.000000
0.000000	-1589278.625000	-1200867.375000	1.000000
0.000000	-234.756973	133.473648	1.000000
0.000000	2590553.750000	19332.085938	1.000000
0.000000	122.332535	-147.858139	1.000000
0.000000	-10426.398438	13163.017578	1.000000
0.000000	1826645.375000	135411.609375	1.000000
0.000000	-1569.261841	754.586914	1.000000
0.000000	231.928131	40.921352	1.000000
0.000000	317.656311	-11.838915	1.000000
0.000000	480.619568	985.780334	1.000000
0.000000	-10590.782227	7387.877441	1.000000
0.000000	-332.685425	152.736938	1.000000
0.000000	27332.337891	25855.988281	1.000000
0.000000	44.234901	266.217560	1.000000
0.000000	271.184052	457.239655	1.000000
0.000000	-5.354476	-9063.697266	1.000000
0.000000	-5560.384277	9772.597656	1.000000
0.000000	459126.843750	25613.871094	1.000000
0.000000	-976.822937	1085.609375	1.000000
0.000000	2143.683105	-5285.031738	1.000000
0.000000	3486.265137	-2048.162354	1.000000
0.000000	117.833740	37.190567	1.000000
0.000000	188.186310	157.993408	1.000000
0.000000	984.284180	-701.742798	1.000000
0.000000	1202.833374	11772.329102	1.000000
0.000000	18081.890625	-23777.185547	1.000000
0.000000	277.587616	-13.622984	1.000000
0.000000	-15.683520	-166.302582	1.000000
0.000000	1182.462158	1150.906982	1.000000
0.000000	368.101624	-44.564198	1.000000
0.000000	99.898842	128.823807	1.000000
0.000000	-1477.077148	119.399147	1.000000
0.000000	75272.609375	-7413.286133	1.000000
0.000000	70.061714	360.443970	1.000000
0.000000	-254.069229	-720.712036	1.000000
0.000000	1181.458252	-9644.314453	1.000000
0.000000	240.100708	258.182251	1.000000
0.000000	203.134735	190.068985	1.000000
0.000000	-3883.310791	-4645.280762	1.000000
0.000000	468.723724	225.048019	1.000000
0.000000	-1992.180542	-2941.063721	1.000000
0.000000	-13.420575	230.198929	1.000000
0.000000	22236.515625	39044.804688	1.000000
0.000000	303.491547	-24.051050	1.000000
0.000000	837.958435	-550.627258	1.000000
0.000000	1212.010010	676.661072	1.000000
0.000000	-317.790436	586.951172	1.000000
0.000000	111.725517	-278.408234	1.000000
0.000000	9559.987305	4884.934082	1.000000
0.000000	-92700.859375	-330184.593750	1.000000
0.000000	7937.995605	16947.292969	1.000000
0.000000	180.064331	-148.753067	1.000000
0.000000	3383.505615	-958.364868	1.000000
0.000000	-423377.062500	-81911.765625	1.000000
0.000000	-44105600.000000	-10494824.000000	1.000000
0.000000	6001.618164	-4627.323730	1.000000
0.000000	-269.811859	111.351776	1.000000
0.000000	983.735840	-1718.207153	1.000000
0.000000	5890.973633	386.665405	1.000000
0.000000	-216.234390	-81.482124	1.000000
0.000000	-434.849670	1019.011597	1.000000
0.000000	-18787.517578	118.137405	1.000000
0.000000	-579.327576	-155.630722	1.000000
0.000000	293.046906	-298.238251	1.000000
0.000000	14500.289062	-11058.206055	1.000000
