0.000000	31624.281250	455693.750000	1.000000
0.000000	214941.375000	175079.390625	1.000000
0.000000	1159.819092	-12599.827148	1.000000
0.000000	-699.829407	651.307190	1.000000
0.000000	16902.560547	27575.062500	1.000000
0.000000	-13868.344727	794.960144	1.000000
0.000000	-843.062195	-2376.375732	1.000000
0.000000	-595051.812500	1523932.125000	1.000000
0.000000	3482.209717	-2355.727539	1.000000
0.000000	9292453.000000	3386659.750000	1.000000
0.000000	78697400.000000	19959642.000000	1.000000
0.000000	-105.790550	-138.957886	1.000000
0.000000	-211.763214	-58.223518	1.000000
0.000000	99.028709	-68.093872	1.000000
0.000000	-73337376.000000	-31090268.000000	1.000000
0.000000	582.126038	-4604.546387	1.000000
0.000000	333.450195	-237.981979	1.000000
0.000000	-6079.446777	7654.873047	1.000000
0.000000	-987.751892	392.384552	1.000000
0.000000	-243.179184	122.199028	1.000000
0.000000	884.094055	7837.975586	1.000000
0.000000	10088.359375	84955.695312	1.000000
0.000000	-13.709352	650.030396	1.000000
0.000000	103.427643	210.310059	1.000000
0.000000	-207227.828125	-53212.832031	1.000000
0.000000	240.081512	-72.620575	1.000000
0.000000	10391.198242	35554.894531	1.000000
0.000000	-3756.533936	11614.322266	1.000000
0.000000	256.279602	-95.318275	1.000000
0.000000	-61647.070312	-273296.843750	1.000000
0.000000	5276.907227	-9043.113281	1.000000
0.000000	4711.129883	863.498901	1.000000
0.000000	-103.673401	394.774139	1.000000
0.000000	-409.478149	-326.206329	1.000000
0.000000	-103.924362	75.697220	1.000000
0.000000	4704.164062	2708.728760	1.000000
0.000000	171.970032	-3.257557	1.000000
0.000000	-5604.609863	-1395.264526	1.000000
0.000000	-246333.265625	-73569.218750	1.000000
0.000000	-46872.605469	-6055.031738	1.000000
0.000000	331.898773	-21.509045	1.000000
0.000000	438.652100	155.796570	1.000000
0.000000	-0.275274	62.965816	1.000000
0.509070	-5.801163	19.333433	1.000000
0.098878	26.045797	62.169415	1.000000
0.000000	-494.480316	-434.943817	1.000000
0.000000	-4224.647461	3454.426270	1.000000
0.000000	-727.602783	285.490753	1.000000
0.602707	-73.620895	-86.243790	1.000000
0.000000	-83.040054	-45.071690	1.000000
0.000000	6865.380371	6298.705078	1.000000
0.000000	-772.284363	1841.719360	1.000000
0.000000	127.482704	1493.529785	1.000000
0.000000	-3293.762451	-11794.840820	1.000000
0.000000	135.352905	-107.876297	1.000000
0.000000	-20.351433	-90.122444	1.000000
0.000000	-47.568638	123.945419	1.000000
0.000000	29405522.000000	-21550876.000000	1.000000
0.000000	-410.964172	1556.763306	1.000000
0.000000	615.402710	386.359039	1.000000
0.000000	1804.778442	26395.587891	1.000000
0.000000	3195.756348	-1484.251465	1.000000
0.000000	3.379053	-98.707779	1.000000
0.000000	64.356293	-210.831085	1.000000
0.000000	5496.393066	-2759.354980	1.000000
0.000000	400984.062500	-1051564.750000	1.000000
0.000000	40361.421875	142664.250000	1.000000
0.000000	899154304.000000	-490293056.000000	1.000000
0.000000	5233.155273	-14734.302734	1.000000
0.000000	-11819835.000000	-661533.187500	1.000000
0.000000	10520.084961	-15271.477539	1.000000
0.000000	33.918850	-186.220367	1.000000
0.000000	-133.151245	-648.776062	1.000000
0.000000	-686.873413	928.446045	1.000000
0.000000	424561.437500	2536.467529	1.000000
0.000000	-9164.951172	10682.497070	1.000000
0.000000	4.370083	583.572815	1.000000
0.000000	48.726437	-101.418655	1.000000
0.000000	3403.798340	-13102.532227	1.000000
0.000000	-935690816.000000	516809408.000000	1.000000
0.000000	1333545.500000	80069.734375	1.000000
0.000000	370504.937500	-121703.015625	1.000000
0.000000	282702.000000	227337.531250	1.000000
0.000000	25069.416016	-23224.480469	1.000000
0.000000	2203343.750000	933896.937500	1.000000
0.000000	-56.040310	63.413776	1.000000
0.000000	269.951080	9.618004	1.000000
0.000000	-3284.188721	-515.748291	1.000000
0.000000	-1648.971802	1532.047485	1.000000
0.000000	11.874397	111.490288	1.000000
0.000000	60.365429	135.492493	1.000000
0.000000	-1030.714233	1150.243530	1.000000
0.000000	752.715393	-85.600891	1.000000
0.000000	192.261765	-368.435455	1.000000
0.000000	-4355021.000000	2416277.250000	1.000000
0.000000	941.950439	517.206726	1.000000
0.000000	63.055405	-88026.343750	1.000000
0.000000	1711789.125000	-2028472.500000	1.000000
0.000000	776.655396	-1698.625977	1.000000
0.000000	-419.862366	-5194.243652	1.000000
0.000000	691415.187500	-227259.718750	1.000000
0.000000	12310197.000000	-6573529.500000	1.000000
0.000000	-21900.341797	-21320.871094	1.000000
0.000000	170494.703125	-24414.214844	1.000000
0.897463	107.677208	17.069248	1.000000
0.897463	104.628395	21.179146	1.000000
0.000000	808.314148	-1740.524170	1.000000
0.000000	-21.529467	-96.064247	1.000000
0.000000	36.106033	-87.507401	1.000000
0.000000	-826.994629	883.543884	1.000000
0.000000	-21.954071	-3159.963135	1.000000
0.000000	-53669.351562	119833.890625	1.000000
0.098878	24.338018	66.767365	1.000000
0.000000	-162.576401	-23.144535	1.000000
0.000000	-320.952362	-1130.368530	1.000000
0.000000	-64782.214844	15647.894531	1.000000
0.000000	2375.930420	597.165344	1.000000
0.000000	55629.082031	149460.234375	1.000000
0.000000	-13044.584961	6664.448242	1.000000
0.000000	-41626.410156	-29901.054688	1.000000
0.000000	-8618.309570	13699.410156	1.000000
0.000000	127.399803	256.189087	1.000000
0.000000	-163.536179	35.457909	1.000000
0.000000	1410.107910	3317.039795	1.000000
0.000000	437.752350	-362.447845	1.000000
0.000000	2052.778076	275.036346	1.000000
0.000000	527.112061	-338.559631	1.000000
0.000000	14034.337891	-14041.613281	1.000000
0.000000	-127.875824	-29.323315	1.000000
0.000000	-1089.909668	1711.374146	1.000000
0.000000	85.842438	113.912155	1.000000
0.000000	-13538.549805	-2938.230713	1.000000
0.000000	-28536.253906	-61353.234375	1.000000
0.000000	1587.250732	7881.969727	1.000000
0.000000	-2655.181641	2009.535645	1.000000
0.000000	-94.986771	-66.842613	1.000000
0.000000	202.890488	363.621643	1.000000
0.000000	-3954.224854	-16196.344727	1.000000
0.000000	564.461487	-85.799431	1.000000
0.000000	-8572.630859	12916.160156	1.000000
0.000000	-959.191772	-2977.748047	1.000000
0.000000	965.339661	361.593170	1.000000
0.000000	80.916275	-209.024811	1.000000
0.000000	-5855.331543	-20544.224609	1.000000
0.000000	-9.238478	-111.100220	1.000000
0.000000	22572.734375	-24390.513672	1.000000
0.000000	-156.563065	-18.892109	1.000000
0.000000	-3300464.250000	1376390.750000	1.000000
0.000000	-17914.494141	-1061.802368	1.000000
0.000000	31.817490	384.078735	1.000000
0.034158	87.285072	-142.155121	1.000000
0.000000	6615.689941	2906.202148	1.000000
0.000000	-26334.755859	-23431.863281	1.000000
0.000000	-586712.625000	317328.281250	1.000000
0.000000	-108536.234375	249286.671875	1.000000
0.000000	38243.421875	-56191.003906	1.000000
0.000000	461.286102	-1558.135864	1.000000
0.000000	18.199825	-20.273842	1.000000
0.000000	-171.008911	-633.827759	1.000000
0.000000	-329.020691	473.707855	1.000000
0.000000	4112436.000000	2116301.500000	1.000000
0.000000	-40.006798	168.584518	1.000000
0.000000	-45191.527344	75758.875000	1.000000
0.000000	510.595154	1600.314209	1.000000
0.000000	4623.587402	12618.528320	1.000000
0.000000	640.566956	1822.357422	1.000000
0.000000	-43946.699219	2208.700928	1.000000
0.000000	245928.296875	-842228.687500	1.000000
0.000000	-31.019072	-49.514114	1.000000
0.000000	233.907043	-144.838699	1.000000
0.000000	-33065.847656	-139804.046875	1.000000
0.000000	-14265.713867	-13767.031250	1.000000
0.000000	-166.483627	-71.244118	1.000000
0.000000	-323328.281250	730136.875000	1.000000
0.000000	-31547.464844	-19780.996094	1.000000
0.000000	-228.491959	-986.199585	1.000000
0.034158	89.348305	-147.754196	1.000000
0.000000	-3835.746582	-12711.968750	1.000000
0.000000	29.620972	-111.969131	1.000000
0.000000	3136.896973	3203.656738	1.000000
0.000000	-74.014244	374.796356	1.000000
0.000000	799448.937500	-982912.687500	1.000000
0.000000	-166.973206	371.873108	1.000000
0.000000	-3487.924072	-2029.682007	1.000000
0.000000	18.696108	2686.039307	1.000000
0.000000	-163.316711	144.933365	1.000000
0.000000	19962.619141	10354.085938	1.000000
0.000000	-142.594604	622.606628	1.000000
0.000000	-3156.261719	-1844.897583	1.000000
0.000000	65032.214844	112456.007812	1.000000
0.000000	104.105759	67.652542	1.000000
0.000000	484892.843750	100603.984375	1.000000
0.000000	-83.183510	80.259804	1.000000
0.000000	80.282677	72.674995	1.000000
0.000000	281.981110	-101.224487	1.000000
0.602707	-70.261803	-81.872017	1.000000
0.000000	-52508.769531	-3210.498291	1.000000
0.000000	11280.999023	1190.597046	1.000000
0.000000	-137.529556	29.566010	1.000000
0.000000	-125.716331	1929.060791	1.000000
0.000000	-7862.050293	-92936.421875	1.000000
0.000000	-433.618011	1287.842041	1.000000
0.000000	100.367798	134.419601	1.000000
0.000000	112.891319	-13.152821	1.000000
0.000000	47.247276	116.824860	1.000000
0.000000	-42722.488281	-77860.195312	1.000000
0.000000	477.250885	-950.115479	1.000000
0.000000	-131.744965	132.948547	1.000000
0.000000	13.460011	-392.126556	1.000000
0.000000	-438.556641	488.016479	1.000000
0.000000	235.860947	226.239532	1.000000
0.000000	162.978729	781.616821	1.000000
0.000000	-74.872086	-38.614498	1.000000
0.000000	59.964920	381.650604	1.000000
0.000000	-10771.688477	571.449646	1.000000
0.000000	28171368.000000	16549397.000000	1.000000
0.000000	152.224991	-467.578888	1.000000
0.000000	-32864.078125	266915.000000	1.000000
0.509070	-4.035223	13.815162	1.000000
0.000000	1292.344971	2800.881836	1.000000
0.000000	4766.521973	10625.602539	1.000000
0.000000	-48758.460938	-126250.796875	1.000000
0.000000	256.796967	-404.803558	1.000000
0.000000	1929694.125000	165085.921875	1.000000
0.000000	-180327.265625	-177937.812500	1.000000
0.000000	-70030.117188	13868.442383	1.000000
0.000000	127.933403	61.946686	1.000000
0.000000	-131038.031250	14740.964844	1.000000
0.000000	-865.576843	130.097839	1.000000
0.000000	-1181.600464	1181.178589	1.000000
0.000000	-1126.747803	945.475098	1.000000
0.000000	49205.769531	57338.718750	1.000000
0.000000	84056.898438	3821.610596	1.000000
0.000000	836.782898	-473.176758	1.000000
0.000000	-148.210022	-167.743698	1.000000
0.000000	-1589278.625000	-1200867.375000	1.000000
0.000000	-48.070854	74.472038	1.000000
0.000000	2590553.750000	19156.441406	1.000000
0.000000	55.964569	29.483570	1.000000
0.000000	-10311.847656	13002.646484	1.000000
0.000000	1826645.375000	135533.796875	1.000000
0.000000	-1591.694702	560.327881	1.000000
0.000000	41.478367	2.020995	1.000000
0.000000	155.018082	96.686768	1.000000
0.000000	636.695007	1103.594604	1.000000
0.000000	-10457.139648	7244.688965	1.000000
0.000000	-141.051529	114.027161	1.000000
0.000000	27324.701172	25657.433594	1.000000
0.000000	-98.473602	132.574997	1.000000
0.000000	262.354095	261.906708	1.000000
0.000000	184.831970	-9109.517578	1.000000
0.000000	-5365.647949	9768.779297	1.000000
0.000000	459004.656250	25758.968750	1.000000
0.000000	-793.541687	1017.833496	1.000000
0.000000	1986.363037	-5401.491699	1.000000
0.000000	3482.446777	-1852.471436	1.000000
0.000000	10.895782	-126.468414	1.000000
0.000000	20.995163	56.667633	1.000000
0.000000	1068.400635	-525.382324	1.000000
0.000000	1180.400513	11967.065430	1.000000
0.000000	18272.808594	-23739.001953	1.000000
0.000000	82.612625	0.588022	1.000000
0.000000	-20.414446	25.493490	1.000000
0.000000	1344.742432	1042.083740	1.000000
0.000000	172.649368	-39.567516	1.000000
0.000000	67.483536	-62.511856	1.000000
0.000000	-1663.222168	59.768173	1.000000
0.000000	75089.328125	-7434.287109	1.000000
0.000000	18.008743	172.005219	1.000000
0.000000	-449.522095	-720.712036	1.000000
0.000000	1193.867920	-9839.050781	1.000000
0.000000	121.909019	102.464783	1.000000
0.000000	54.025936	63.645443	1.000000
0.000000	-3973.042236	-4819.016113	1.000000
0.000000	275.896576	193.188583	1.000000
0.000000	-1835.150513	-2824.603760	1.000000
0.000000	-90.989471	57.319210	1.000000
0.000000	22205.968750	38846.250000	1.000000
0.000000	110.650154	-22.114986	1.000000
0.000000	642.506165	-553.968323	1.000000
0.000000	1043.047607	578.338318	1.000000
0.000000	-309.676422	391.664062	1.000000
0.000000	-11.593693	-126.697182	1.000000
0.000000	9460.709961	5052.941895	1.000000
0.000000	-92792.500000	-330062.406250	1.000000
0.000000	7743.259277	16939.656250	1.000000
0.000000	53.335754	0.230530	1.000000
0.000000	3319.548096	-1143.162720	1.000000
0.000000	-423499.250000	-81759.031250	1.000000
0.000000	-44105600.000000	-10494824.000000	1.000000
0.000000	5913.795898	-4801.059082	1.000000
0.000000	-195.632721	-69.476776	1.000000
0.000000	812.386963	-1812.234253	1.000000
0.000000	6043.708008	508.136963	1.000000
0.000000	-34.743008	-8.793456	1.000000
0.000000	-239.631042	1028.557495	1.000000
0.000000	-18818.064453	311.162109	1.000000
0.000000	-383.875305	-150.201492	1.000000
0.000000	266.346985	-105.969086	1.000000
0.000000	14320.826172	-11134.573242	1.000000
