0.000000	31592.406250	455723.750000	1.000000
0.000000	214956.375000	175124.390625	1.000000
0.000000	1166.967529	-12647.639648	1.000000
0.000000	-651.841125	650.604065	1.000000
0.000000	16898.810547	27526.312500	1.000000
0.000000	-13821.469727	784.120300	1.000000
0.000000	-799.995789	-2397.469482	1.000000
0.000000	-595111.812500	1523932.125000	1.000000
0.000000	3506.819092	-2314.477539	1.000000
0.000000	9292453.000000	3386659.750000	1.000000
0.000000	78697400.000000	19959642.000000	1.000000
0.000000	-152.112427	-151.526245	1.000000
0.000000	-234.482941	-15.944464	1.000000
0.000000	97.263573	-116.060181	1.000000
0.000000	-73337376.000000	-31090268.000000	1.000000
0.000000	623.903381	-4581.108887	1.000000
0.000000	344.700195	-284.646240	1.000000
0.000000	-6104.290527	7696.123047	1.000000
0.000000	-987.634705	344.396271	1.000000
0.000000	-259.655426	167.286911	1.000000
0.000000	894.406555	7884.850586	1.000000
0.000000	10131.484375	84978.195312	1.000000
0.000000	-22.994631	697.139771	1.000000
0.000000	138.759674	177.819824	1.000000
0.000000	-207197.828125	-53246.582031	1.000000
0.000000	287.928192	-68.863251	1.000000
0.000000	10390.260742	35506.144531	1.000000
0.000000	-3803.643311	11604.947266	1.000000
0.000000	298.232727	-118.638588	1.000000
0.000000	-61598.320312	-273296.843750	1.000000
0.000000	5248.313477	-9004.675781	1.000000
0.000000	4757.536133	875.334839	1.000000
0.000000	-147.936951	413.348358	1.000000
0.000000	-444.605103	-293.481720	1.000000
0.000000	-141.439011	45.753582	1.000000
0.000000	4747.757812	2728.650635	1.000000
0.000000	127.334724	-20.883638	1.000000
0.000000	-5641.641113	-1425.616089	1.000000
0.000000	-246318.265625	-73614.218750	1.000000
0.000000	-46835.105469	-6084.094238	1.000000
0.000000	368.900726	9.053828	1.000000
0.000000	466.396240	116.624519	1.000000
0.000000	-0.706301	110.961502	1.000000
0.257620	-24.174992	-23.866993	1.000000
0.000000	31.995539	109.034798	1.000000
0.000000	-512.585754	-390.500458	1.000000
0.000000	-4185.272461	3427.004395	1.000000
0.000000	-754.848877	325.012238	1.000000
0.000000	-84.191422	-133.081177	1.000000
0.000000	-130.010590	-54.944736	1.000000
0.000000	6913.192871	6293.548828	1.000000
0.000000	-798.475769	1801.524048	1.000000
0.000000	100.199989	1454.037598	1.000000
0.000000	-3321.653076	-11755.465820	1.000000
0.000000	179.679077	-89.470535	1.000000
0.294490	-19.839352	-136.561676	1.000000
0.000000	0.402318	122.282822	1.000000
0.000000	29405522.000000	-21550876.000000	1.000000
0.000000	-449.636047	1585.122681	1.000000
0.000000	583.820679	422.482086	1.000000
0.000000	1780.051880	26354.337891	1.000000
0.000000	3214.037598	-1528.665527	1.000000
0.294490	-21.200510	-141.068207	1.000000
0.000000	90.254730	-251.246124	1.000000
0.000000	5466.861816	-2797.089355	1.000000
0.000000	401014.062500	-1051564.750000	1.000000
0.000000	40320.171875	142634.250000	1.000000
0.000000	899154304.000000	-490293056.000000	1.000000
0.000000	5202.217773	-14770.865234	1.000000
0.000000	-11819835.000000	-661473.187500	1.000000
0.000000	10544.459961	-15230.227539	1.000000
0.000000	19.739162	-232.084625	1.000000
0.000000	-169.376831	-680.240906	1.000000
0.000000	-638.885132	926.805420	1.000000
0.000000	424501.437500	2524.514404	1.000000
0.000000	-9211.826172	10671.247070	1.000000
0.000000	-42.222923	572.029846	1.000000
0.000000	44.522335	-149.231155	1.000000
0.000000	3408.485840	-13150.344727	1.000000
0.000000	-935690816.000000	516809408.000000	1.000000
0.000000	1333545.500000	80114.734375	1.000000
0.000000	370564.937500	-121710.515625	1.000000
0.000000	282642.000000	227352.531250	1.000000
0.000000	25026.291016	-23201.980469	1.000000
0.000000	2203343.750000	933836.937500	1.000000
0.487440	-78.438156	101.019012	1.000000
0.000000	223.105377	-0.849523	1.000000
0.000000	-3254.188721	-478.248291	1.000000
0.000000	-1654.596802	1579.742798	1.000000
0.000000	34.006691	154.085098	1.000000
0.000000	48.035107	89.100891	1.000000
0.000000	-1077.003296	1137.587280	1.000000
0.000000	793.262268	-111.301575	1.000000
0.000000	202.940475	-321.648346	1.000000
0.000000	-4355021.000000	2416277.250000	1.000000
0.000000	983.493408	541.288757	1.000000
0.000000	16.080906	-88033.843750	1.000000
0.000000	1711789.125000	-2028472.500000	1.000000
0.000000	785.620239	-1651.516602	1.000000
0.000000	-380.399475	-5221.431152	1.000000
0.000000	691415.187500	-227304.718750	1.000000
0.000000	12310197.000000	-6573529.500000	1.000000
0.000000	-21911.591797	-21367.746094	1.000000
0.000000	170539.703125	-24442.339844	1.000000
0.000000	87.258209	57.994652	1.000000
0.000000	150.316025	9.622713	1.000000
0.000000	761.849304	-1752.477295	1.000000
0.000000	-53.110283	-132.215744	1.000000
0.000000	53.574295	-132.214432	1.000000
0.000000	-840.764160	929.539978	1.000000
0.000000	-68.489243	-3148.244385	1.000000
0.000000	-53718.101562	119833.890625	1.000000
0.000000	41.324928	112.429520	1.000000
0.000000	-209.011948	-10.984501	1.000000
0.000000	-274.780487	-1117.243530	1.000000
0.000000	-64740.964844	15621.644531	1.000000
0.000000	2390.227295	642.985657	1.000000
0.000000	55666.582031	149490.234375	1.000000
0.000000	-13090.522461	6649.448242	1.000000
0.000000	-41663.910156	-29872.929688	1.000000
0.000000	-8578.934570	13726.597656	1.000000
0.000000	170.759277	276.755493	1.000000
0.000000	-198.882858	67.933495	1.000000
0.000000	1444.678223	3283.758545	1.000000
0.000000	484.100006	-374.957611	1.000000
0.000000	2021.939697	238.246552	1.000000
0.000000	536.487061	-385.639709	1.000000
0.000000	14024.025391	-14088.488281	1.000000
0.000000	-168.803574	-54.390648	1.000000
0.000000	-1108.073730	1666.960083	1.000000
0.000000	120.149078	147.486374	1.000000
0.000000	-13491.674805	-2948.777588	1.000000
0.000000	-28566.253906	-61390.734375	1.000000
0.000000	1613.500732	7922.282227	1.000000
0.000000	-2625.884766	1971.566895	1.000000
0.000000	-51.064510	-86.207848	1.000000
0.000000	171.147324	327.615784	1.000000
0.000000	-3923.756104	-16158.844727	1.000000
0.000000	610.574768	-72.403435	1.000000
0.000000	-8620.443359	12919.910156	1.000000
0.000000	-944.719116	-3023.451172	1.000000
0.000000	960.124817	409.317780	1.000000
0.000000	127.820572	-219.205475	1.000000
0.000000	-5807.987793	-20536.724609	1.000000
0.000000	-6.713453	-159.032486	1.000000
0.000000	22559.609375	-24437.388672	1.000000
0.000000	-188.921463	-54.344315	1.000000
0.000000	-3300464.250000	1376390.750000	1.000000
0.000000	-17931.369141	-1106.567993	1.000000
0.000000	11.628281	427.613892	1.000000
0.000000	103.281746	-187.385590	1.000000
0.000000	6631.158691	2860.733398	1.000000
0.000000	-26289.755859	-23416.863281	1.000000
0.000000	-586712.625000	317358.281250	1.000000
0.000000	-108536.234375	249241.671875	1.000000
0.000000	38194.671875	-56191.003906	1.000000
0.000000	492.340790	-1594.698364	1.000000
0.000000	41.259033	21.825071	1.000000
0.000000	-181.980591	-587.128540	1.000000
0.000000	-342.116394	519.879761	1.000000
0.000000	4112436.000000	2116301.500000	1.000000
0.000000	7.047614	178.062057	1.000000
0.000000	-45210.277344	75803.875000	1.000000
0.000000	553.894958	1621.056396	1.000000
0.000000	4669.993652	12606.340820	1.000000
0.000000	635.820862	1774.544922	1.000000
0.000000	-43980.449219	2243.857178	1.000000
0.000000	245883.296875	-842228.687500	1.000000
0.000000	-74.441620	-69.970657	1.000000
0.000000	277.378632	-143.083008	1.000000
0.000000	-33047.097656	-139849.046875	1.000000
0.000000	-14281.651367	-13722.031250	1.000000
0.000000	-214.427963	-73.675758	1.000000
0.000000	-323388.281250	730136.875000	1.000000
0.000000	-31506.214844	-19756.621094	1.000000
0.000000	-271.880646	-1006.707397	1.000000
0.000000	102.326096	-193.988724	1.000000
0.000000	-3789.809082	-12726.031250	1.000000
0.000000	43.503716	-157.921280	1.000000
0.000000	3151.193848	3157.953613	1.000000
0.000000	-51.296566	332.520966	1.000000
0.000000	799388.937500	-982912.687500	1.000000
0.000000	-214.302307	379.871155	1.000000
0.000000	-3441.986572	-2043.275757	1.000000
0.000000	8.608828	2732.914307	1.000000
0.000000	-197.183899	178.961685	1.000000
0.000000	19938.244141	10395.335938	1.000000
0.000000	-95.285217	614.520691	1.000000
0.000000	-3201.964844	-1859.897583	1.000000
0.000000	65047.214844	112501.007812	1.000000
0.000000	139.501328	100.076859	1.000000
0.000000	484892.843750	100648.984375	1.000000
0.000000	-117.900307	113.409218	1.000000
0.000000	79.674767	120.670601	1.000000
0.000000	290.213531	-53.938549	1.000000
0.000000	-118.153358	-84.911652	1.000000
0.000000	-52490.019531	-3166.904541	1.000000
0.000000	11306.311523	1231.378296	1.000000
0.000000	-124.479782	-16.627241	1.000000
0.000000	-97.686546	1890.037354	1.000000
0.000000	-7864.394043	-92981.421875	1.000000
0.000000	-462.358246	1249.404541	1.000000
0.000000	68.653931	170.454758	1.000000
0.151584	161.137894	-24.636642	1.000000
0.000000	49.876671	164.754547	1.000000
0.000000	-42759.988281	-77830.195312	1.000000
0.000000	439.721588	-980.056885	1.000000
0.000000	-106.760963	173.934875	1.000000
0.000000	-8.018538	-349.206635	1.000000
0.000000	-442.951172	535.828979	1.000000
0.000000	269.405853	191.903595	1.000000
0.000000	174.389862	828.257446	1.000000
0.000000	-97.335464	3.806247	1.000000
0.000000	98.629471	410.097870	1.000000
0.000000	-10819.500977	567.934021	1.000000
0.000000	28171368.000000	16549397.000000	1.000000
0.000000	184.583389	-503.028107	1.000000
0.000000	-32845.328125	266885.000000	1.000000
0.000000	-48.962818	9.843081	1.000000
0.000000	1332.305908	2774.397461	1.000000
0.000000	4719.646973	10636.852539	1.000000
0.000000	-48709.710938	-126250.796875	1.000000
0.000000	214.653687	-427.772308	1.000000
0.000000	1929694.125000	165115.921875	1.000000
0.000000	-180282.265625	-177937.812500	1.000000
0.000000	-70067.617188	13841.254883	1.000000
0.000000	156.790833	23.593012	1.000000
0.000000	-131053.031250	14786.902344	1.000000
0.000000	-908.408875	151.806824	1.000000
0.000000	-1211.717651	1143.795776	1.000000
0.000000	-1139.169678	991.822754	1.000000
0.000000	49217.019531	57383.718750	1.000000
0.000000	84019.398438	3792.782471	1.000000
0.000000	882.544617	-458.586914	1.000000
0.000000	-190.880920	-189.731003	1.000000
0.000000	-1589278.625000	-1200867.375000	1.000000
0.000000	-92.430145	94.697754	1.000000
0.000000	2590553.750000	19199.566406	1.000000
0.949050	72.748848	-10.791193	1.000000
0.000000	-10339.972656	13042.021484	1.000000
0.000000	1826645.375000	135503.796875	1.000000
0.000000	-1586.186890	608.023193	1.000000
0.000000	88.155235	8.005284	1.000000
0.000000	194.949722	70.041260	1.000000
0.000000	598.374695	1074.649292	1.000000
0.000000	-10489.952148	7279.845215	1.000000
0.000000	-188.102310	123.526672	1.000000
0.000000	27326.576172	25706.183594	1.000000
0.000000	-63.434540	165.387497	1.000000
0.000000	264.522064	309.865692	1.000000
0.000000	138.132751	-9098.267578	1.000000
0.000000	-5413.460449	9769.716797	1.000000
0.000000	459034.656250	25723.343750	1.000000
0.000000	-838.541687	1034.474121	1.000000
0.000000	2024.917725	-5372.897949	1.000000
0.000000	3483.384277	-1900.518311	1.000000
0.000000	37.150917	-86.287750	1.000000
0.000000	62.046917	81.546928	1.000000
0.000000	1047.775635	-568.683105	1.000000
0.000000	1185.908325	11919.252930	1.000000
0.000000	18225.933594	-23748.376953	1.000000
0.000000	130.483719	-2.901276	1.000000
0.257620	-24.034130	-19.330956	1.000000
0.000000	1304.898682	1068.802490	1.000000
0.000000	220.637650	-40.794323	1.000000
0.949050	74.580864	-15.526254	1.000000
0.000000	-1617.519043	74.408226	1.000000
0.000000	75134.328125	-7429.130859	1.000000
0.000000	30.787674	218.279633	1.000000
0.000000	-401.533813	-720.712036	1.000000
0.000000	1190.821045	-9791.238281	1.000000
0.000000	150.929108	140.697205	1.000000
0.000000	90.638710	94.685524	1.000000
0.000000	-3951.010986	-4776.359863	1.000000
0.000000	323.240326	201.010849	1.000000
0.000000	-1873.705200	-2853.197510	1.000000
0.487440	-75.594505	96.438568	1.000000
0.000000	22213.468750	38895.000000	1.000000
0.151584	156.283463	-24.604301	1.000000
0.000000	690.494446	-553.148010	1.000000
0.000000	1084.531982	602.478943	1.000000
0.000000	-311.668610	439.623047	1.000000
0.000000	18.683573	-163.947906	1.000000
0.000000	9485.084961	5011.691895	1.000000
0.000000	-92770.000000	-330092.406250	1.000000
0.000000	7791.071777	16941.531250	1.000000
0.000000	84.905945	-36.057796	1.000000
0.000000	3335.251221	-1097.811157	1.000000
0.000000	-423469.250000	-81796.531250	1.000000
0.000000	-44105600.000000	-10494824.000000	1.000000
0.000000	5935.358398	-4758.402832	1.000000
0.000000	-213.855377	-25.070038	1.000000
0.000000	854.457275	-1789.148315	1.000000
0.000000	6006.208008	478.312744	1.000000
0.000000	-79.303551	-26.640377	1.000000
0.000000	-287.565735	1026.213745	1.000000
0.000000	-18810.564453	263.759766	1.000000
0.000000	-431.863586	-151.534500	1.000000
0.000000	276.211884	-151.706573	1.000000
0.000000	14364.888672	-11115.823242	1.000000
