0.000000	31419.085938	455886.875000	1.000000
0.000000	215037.937500	175369.078125	1.000000
0.000000	1205.837158	-12907.620117	1.000000
0.000000	-390.904846	646.780823	1.000000
0.000000	16878.419922	27261.234375	1.000000
0.000000	-13566.586914	725.178650	1.000000
0.000000	-565.822205	-2512.166748	1.000000
0.000000	-595438.062500	1523932.125000	1.000000
0.000000	3640.632568	-2090.180664	1.000000
0.000000	9292453.000000	3386659.750000	1.000000
0.000000	78697400.000000	19959642.000000	1.000000
0.000000	-403.968506	-219.866699	1.000000
0.000000	-358.087219	213.946533	1.000000
0.000000	87.665642	-376.878082	1.000000
0.000000	-73337376.000000	-31090268.000000	1.000000
0.000000	851.067688	-4453.667480	1.000000
0.000000	405.872070	-538.397339	1.000000
0.000000	-6239.378418	7920.419922	1.000000
0.000000	-986.997498	83.407318	1.000000
0.000000	-349.183014	412.452301	1.000000
0.000000	950.480774	8139.733398	1.000000
0.000000	10365.976562	85100.539062	1.000000
0.000000	-73.491508	953.296997	1.000000
0.000000	329.974579	3.714534	1.000000
0.000000	-207034.703125	-53430.097656	1.000000
0.000000	548.090027	-48.432800	1.000000
0.000000	10385.163086	35241.066406	1.000000
0.000000	-4059.800537	11553.970703	1.000000
0.000000	526.352844	-245.442780	1.000000
0.000000	-61333.242188	-273296.843750	1.000000
0.000000	5092.834961	-8795.671875	1.000000
0.000000	5009.870117	939.692749	1.000000
0.000000	-388.641907	514.345642	1.000000
0.000000	-635.504822	-115.604538	1.000000
0.000000	-345.389984	-117.065445	1.000000
0.000000	4984.798828	2836.975830	1.000000
0.000000	-115.400673	-116.821968	1.000000
0.000000	-5842.998535	-1590.652710	1.000000
0.000000	-246236.703125	-73858.906250	1.000000
0.000000	-46631.199219	-6242.121582	1.000000
0.000000	570.144836	175.232895	1.000000
0.000000	617.143860	-96.390396	1.000000
0.000000	-3.049818	371.939453	1.000000
0.000000	-140.798111	-255.857468	1.000000
0.000000	64.433624	368.017181	1.000000
0.000000	-611.034241	-148.804367	1.000000
0.000000	-3971.170898	3277.897949	1.000000
0.000000	-902.999512	539.930969	1.000000
0.000000	-141.619705	-387.645386	1.000000
0.000000	-385.410583	-108.629433	1.000000
0.000000	7173.173340	6265.511719	1.000000
0.000000	-940.891541	1582.962036	1.000000
0.000000	-48.146286	1239.298828	1.000000
0.000000	-3473.308350	-11541.364258	1.000000
0.000000	422.492737	5.859976	1.000000
0.000000	-13.306005	-397.347900	1.000000
0.000000	261.253448	113.242447	1.000000
0.000000	29405522.000000	-21550876.000000	1.000000
0.000000	-659.914368	1739.326782	1.000000
0.000000	412.000702	618.987854	1.000000
0.000000	1645.601196	26130.041016	1.000000
0.000000	3313.441895	-1770.166992	1.000000
0.000000	-158.605652	-363.165710	1.000000
0.000000	231.077484	-470.924957	1.000000
0.000000	5306.285645	-3002.270020	1.000000
0.000000	401177.187500	-1051564.750000	1.000000
0.000000	40095.875000	142471.125000	1.000000
0.000000	899154304.000000	-490293056.000000	1.000000
0.000000	5033.995117	-14969.673828	1.000000
0.000000	-11819835.000000	-661146.937500	1.000000
0.000000	10676.999023	-15005.930664	1.000000
0.000000	-57.363308	-481.399506	1.000000
0.000000	-366.398071	-851.330994	1.000000
0.000000	-378.030701	917.884521	1.000000
0.000000	424175.187500	2459.519287	1.000000
0.000000	-9466.708984	10610.075195	1.000000
0.000000	-295.568146	509.264954	1.000000
0.000000	21.662533	-409.211639	1.000000
0.000000	3433.974121	-13410.325195	1.000000
0.000000	-935690816.000000	516809408.000000	1.000000
0.000000	1333545.500000	80359.421875	1.000000
0.000000	370891.187500	-121751.296875	1.000000
0.000000	282315.750000	227434.093750	1.000000
0.000000	24791.798828	-23079.636719	1.000000
0.000000	2203343.750000	933510.687500	1.000000
0.000000	-215.925766	322.889832	1.000000
0.000000	-30.120127	-60.257404	1.000000
0.000000	-3091.063721	-274.342041	1.000000
0.000000	-1685.182739	1839.086060	1.000000
0.000000	154.359161	385.709839	1.000000
0.000000	-19.018568	-163.143951	1.000000
0.000000	-1328.700073	1068.768921	1.000000
0.000000	1013.735901	-251.084106	1.000000
0.000000	260.999084	-67.184341	1.000000
0.000000	-4355021.000000	2416277.250000	1.000000
0.000000	1209.121826	672.234802	1.000000
0.000000	-239.355087	-88074.625000	1.000000
0.000000	1711789.125000	-2028472.500000	1.000000
0.000000	834.366577	-1395.359375	1.000000
0.000000	-165.820007	-5369.263184	1.000000
0.000000	691415.187500	-227549.406250	1.000000
0.000000	12310197.000000	-6573529.500000	1.000000
0.000000	-21972.763672	-21622.628906	1.000000
0.000000	170784.390625	-24595.269531	1.000000
0.000000	-25.344460	289.791412	1.000000
0.000000	400.682587	-67.392769	1.000000
0.000000	509.196716	-1817.472412	1.000000
0.000000	-224.836304	-328.794098	1.000000
0.000000	148.566589	-375.308929	1.000000
0.000000	-915.635986	1179.445435	1.000000
0.000000	-321.519470	-3084.523682	1.000000
0.000000	-53983.179688	119833.890625	1.000000
0.000000	129.346710	353.618530	1.000000
0.000000	-461.545013	55.169071	1.000000
0.000000	-23.781269	-1045.876343	1.000000
0.000000	-64516.667969	15478.910156	1.000000
0.000000	2467.966553	892.133606	1.000000
0.000000	55870.488281	149653.359375	1.000000
0.000000	-13340.307617	6567.885742	1.000000
0.000000	-41867.816406	-29720.000000	1.000000
0.000000	-8364.833008	13874.429688	1.000000
0.000000	406.525879	388.585327	1.000000
0.000000	-391.136414	244.519485	1.000000
0.000000	1632.654297	3102.791748	1.000000
0.000000	736.115356	-442.979462	1.000000
0.000000	1854.354248	38.225319	1.000000
0.000000	587.463623	-641.556946	1.000000
0.000000	13967.951172	-14343.371094	1.000000
0.000000	-391.348145	-190.693405	1.000000
0.000000	-1206.840820	1425.458618	1.000000
0.000000	306.691437	330.046173	1.000000
0.000000	-13236.791992	-3006.126221	1.000000
0.000000	-28729.378906	-61594.640625	1.000000
0.000000	1756.235107	8141.481445	1.000000
0.000000	-2466.583008	1765.111816	1.000000
0.000000	187.751129	-191.506302	1.000000
0.000000	2.768913	134.808380	1.000000
0.000000	-3758.082275	-15954.938477	1.000000
0.000000	861.315735	0.433754	1.000000
0.000000	-8880.423828	12940.300781	1.000000
0.000000	-866.024048	-3271.961914	1.000000
0.000000	931.769104	668.724060	1.000000
0.000000	382.862701	-274.589539	1.000000
0.000000	-5550.556152	-20495.943359	1.000000
0.000000	7.016356	-419.650177	1.000000
0.000000	22488.242188	-24692.271484	1.000000
0.000000	-364.919525	-247.100449	1.000000
0.000000	-3300464.250000	1376390.750000	1.000000
0.000000	-18023.126953	-1349.981079	1.000000
0.000000	-98.144341	664.336304	1.000000
0.000000	190.271820	-433.484589	1.000000
0.000000	6715.270020	2613.497070	1.000000
0.000000	-26045.068359	-23335.300781	1.000000
0.000000	-586712.625000	317521.406250	1.000000
0.000000	-108536.234375	248996.984375	1.000000
0.000000	37929.593750	-56191.003906	1.000000
0.000000	661.200684	-1793.506958	1.000000
0.000000	166.633133	250.741684	1.000000
0.000000	-241.639099	-333.089355	1.000000
0.000000	-413.324280	770.939331	1.000000
0.000000	4112436.000000	2116301.500000	1.000000
0.000000	260.169952	229.477341	1.000000
0.000000	-45312.230469	76048.562500	1.000000
0.000000	789.342957	1733.842041	1.000000
0.000000	4922.327637	12540.071289	1.000000
0.000000	610.013977	1514.564453	1.000000
0.000000	-44163.964844	2435.019287	1.000000
0.000000	245638.609375	-842228.687500	1.000000
0.000000	-310.535858	-181.184067	1.000000
0.000000	537.677673	-122.941353	1.000000
0.000000	-32945.144531	-140093.734375	1.000000
0.000000	-14368.311523	-13477.343750	1.000000
0.000000	-475.058350	-86.897804	1.000000
0.000000	-323714.531250	730136.875000	1.000000
0.000000	-31281.917969	-19624.082031	1.000000
0.000000	-507.806549	-1118.218628	1.000000
0.000000	172.831619	-445.227264	1.000000
0.000000	-3540.023926	-12802.496094	1.000000
0.000000	118.978333	-407.737701	1.000000
0.000000	3228.933105	2909.442871	1.000000
0.000000	72.511200	106.409798	1.000000
0.000000	799062.687500	-982912.687500	1.000000
0.000000	-471.721039	423.360535	1.000000
0.000000	-3192.201416	-2117.191650	1.000000
0.000000	-46.238033	2987.797119	1.000000
0.000000	-381.336731	363.944183	1.000000
0.000000	19805.705078	10619.632812	1.000000
0.000000	161.962006	570.553406	1.000000
0.000000	-3450.475586	-1941.460083	1.000000
0.000000	65128.777344	112745.695312	1.000000
0.000000	333.830292	273.922028	1.000000
0.000000	484892.843750	100893.671875	1.000000
0.000000	-306.672882	293.642517	1.000000
0.000000	79.090065	381.765137	1.000000
0.000000	334.977325	203.183167	1.000000
0.000000	-378.611755	-101.518860	1.000000
0.000000	-52388.066406	-2929.863525	1.000000
0.000000	11443.948242	1453.126343	1.000000
0.000000	-54.610008	-269.096710	1.000000
0.000000	54.721294	1677.847412	1.000000
0.000000	-7877.138184	-93226.109375	1.000000
0.000000	-618.741943	1040.400635	1.000000
0.000000	-100.447166	365.363525	1.000000
0.000000	410.890045	-101.449852	1.000000
0.000000	60.846310	426.403503	1.000000
0.000000	-42963.894531	-77667.070312	1.000000
0.000000	235.663986	-1143.095947	1.000000
0.000000	29.087191	396.798035	1.000000
0.000000	-124.817009	-115.827477	1.000000
0.000000	-466.846436	795.809448	1.000000
0.000000	451.806366	5.207918	1.000000
0.000000	236.437897	1081.865845	1.000000
0.000000	-219.450256	234.474228	1.000000
0.000000	308.853729	564.725525	1.000000
0.000000	-11079.481445	548.817810	1.000000
0.000000	28171368.000000	16549397.000000	1.000000
0.000000	360.579498	-695.783203	1.000000
0.000000	-32743.375000	266721.875000	1.000000
0.000000	-309.888184	3.211997	1.000000
0.000000	1549.593506	2630.388672	1.000000
0.000000	4464.764160	10698.024414	1.000000
0.000000	-48444.632812	-126250.796875	1.000000
0.000000	-14.495597	-552.664917	1.000000
0.000000	1929694.125000	165279.046875	1.000000
0.000000	-180037.578125	-177937.812500	1.000000
0.000000	-70271.523438	13693.422852	1.000000
0.000000	311.594879	-181.340881	1.000000
0.000000	-131134.593750	15036.687500	1.000000
0.000000	-1141.147583	269.849426	1.000000
0.000000	-1375.479858	940.657593	1.000000
0.000000	-1206.713623	1244.116089	1.000000
0.000000	49278.191406	57628.406250	1.000000
0.000000	83815.492188	3636.029541	1.000000
0.000000	1131.236450	-379.254639	1.000000
0.000000	-422.846649	-309.322479	1.000000
0.000000	-1589278.625000	-1200867.375000	1.000000
0.000000	-344.280579	163.296494	1.000000
0.000000	2590553.750000	19434.058594	1.000000
0.000000	161.752441	-254.299026	1.000000
0.000000	-10492.902344	13256.123047	1.000000
0.000000	1826645.375000	135340.671875	1.000000
0.000000	-1556.238159	867.366455	1.000000
0.000000	341.572845	66.128914	1.000000
0.000000	410.286804	-70.083084	1.000000
0.000000	390.007996	917.475281	1.000000
0.000000	-10668.370117	7471.007324	1.000000
0.000000	-443.940918	175.216644	1.000000
0.000000	27336.771484	25971.261719	1.000000
0.000000	127.087685	343.805450	1.000000
0.000000	276.310394	570.606873	1.000000
0.000000	-115.765923	-9037.095703	1.000000
0.000000	-5673.440918	9774.814453	1.000000
0.000000	459197.781250	25529.632812	1.000000
0.000000	-1083.229248	1124.957520	1.000000
0.000000	2235.125977	-5217.419434	1.000000
0.000000	3488.481934	-2161.773193	1.000000
0.000000	179.906891	132.203537	1.000000
0.000000	285.240448	216.807800	1.000000
0.000000	935.376099	-804.131104	1.000000
0.000000	1215.857056	11659.272461	1.000000
0.000000	17971.050781	-23799.353516	1.000000
0.000000	390.782806	-21.874733	1.000000
0.000000	-9.325383	-279.636322	1.000000
0.000000	1088.248291	1214.085693	1.000000
0.000000	481.573914	-47.465084	1.000000
0.000000	118.100822	240.841324	1.000000
0.000000	-1369.008301	154.006256	1.000000
0.000000	75379.015625	-7401.093750	1.000000
0.000000	100.282890	469.829041	1.000000
0.000000	-140.562302	-720.712036	1.000000
0.000000	1174.253662	-9531.257812	1.000000
0.000000	308.744110	348.585999	1.000000
0.000000	289.707214	263.469269	1.000000
0.000000	-3831.216064	-4544.416504	1.000000
0.000000	580.671997	243.544418	1.000000
0.000000	-2083.238770	-3008.676025	1.000000
0.000000	34.415005	333.141418	1.000000
0.000000	22254.250000	39160.078125	1.000000
0.000000	416.963837	-23.678698	1.000000
0.000000	951.430725	-548.687561	1.000000
0.000000	1310.103271	733.743591	1.000000
0.000000	-322.501129	700.284912	1.000000
0.000000	183.321121	-366.456635	1.000000
0.000000	9617.624023	4787.395020	1.000000
0.000000	-92647.656250	-330255.531250	1.000000
0.000000	8051.052246	16951.726562	1.000000
0.000000	253.287903	-235.485245	1.000000
0.000000	3420.636963	-850.988770	1.000000
0.000000	-423306.125000	-82000.437500	1.000000
0.000000	-44105600.000000	-10494824.000000	1.000000
0.000000	6052.604492	-4526.459473	1.000000
0.000000	-312.900848	216.369781	1.000000
0.000000	1083.214600	-1663.618530	1.000000
0.000000	5802.301758	316.143555	1.000000
0.000000	-321.601501	-123.687859	1.000000
0.000000	-548.183411	1013.469604	1.000000
0.000000	-18769.783203	6.072237	1.000000
0.000000	-692.799866	-158.782730	1.000000
0.000000	306.001312	-411.017792	1.000000
0.000000	14604.478516	-11013.870117	1.000000
