0.000000	31421.742188	455884.375000	1.000000
0.000000	215036.687500	175365.328125	1.000000
0.000000	1205.241455	-12903.635742	1.000000
0.000000	-394.903870	646.839417	1.000000
0.000000	16878.732422	27265.296875	1.000000
0.000000	-13570.493164	726.081970	1.000000
0.000000	-569.411072	-2510.408936	1.000000
0.000000	-595433.062500	1523932.125000	1.000000
0.000000	3638.581787	-2093.618164	1.000000
0.000000	9292453.000000	3386659.750000	1.000000
0.000000	78697400.000000	19959642.000000	1.000000
0.000000	-400.108643	-218.819336	1.000000
0.000000	-356.192688	210.423584	1.000000
0.000000	87.812737	-372.881500	1.000000
0.000000	-73337376.000000	-31090268.000000	1.000000
0.000000	847.586243	-4455.620605	1.000000
0.000000	404.934570	-534.510620	1.000000
0.000000	-6237.308105	7916.982422	1.000000
0.000000	-987.007263	87.407562	1.000000
0.000000	-347.810944	408.694977	1.000000
0.000000	949.621399	8135.827148	1.000000
0.000000	10362.382812	85098.664062	1.000000
0.000000	-72.717583	949.371216	1.000000
0.000000	327.030243	6.421937	1.000000
0.000000	-207037.203125	-53427.285156	1.000000
0.000000	544.100769	-48.745911	1.000000
0.000000	10385.241211	35245.128906	1.000000
0.000000	-4055.874756	11554.751953	1.000000
0.000000	522.856750	-243.499420	1.000000
0.000000	-61337.304688	-273296.843750	1.000000
0.000000	5095.217773	-8798.875000	1.000000
0.000000	5006.002930	938.706421	1.000000
0.000000	-384.952942	512.797791	1.000000
0.000000	-632.580017	-118.330368	1.000000
0.000000	-342.264984	-114.570328	1.000000
0.000000	4981.166016	2835.315674	1.000000
0.000000	-111.680580	-115.351631	1.000000
0.000000	-5839.912598	-1588.123413	1.000000
0.000000	-246237.953125	-73855.156250	1.000000
0.000000	-46634.324219	-6239.699707	1.000000
0.000000	567.058899	172.686508	1.000000
0.000000	614.834290	-93.125626	1.000000
0.000000	-3.013903	367.940430	1.000000
0.000000	-138.996353	-252.286911	1.000000
0.000000	63.936230	364.047455	1.000000
0.000000	-609.525452	-152.509201	1.000000
0.000000	-3974.452148	3280.183105	1.000000
0.000000	-900.729004	536.635071	1.000000
0.000000	-140.739578	-383.744019	1.000000
0.000000	-381.497009	-107.806679	1.000000
0.000000	7169.188965	6265.941406	1.000000
0.000000	-938.708923	1586.311646	1.000000
0.000000	-45.872726	1242.589844	1.000000
0.000000	-3470.984131	-11544.645508	1.000000
0.000000	418.798889	4.325972	1.000000
0.000000	-13.404882	-393.348877	1.000000
0.000000	257.256866	113.380997	1.000000
0.000000	29405522.000000	-21550876.000000	1.000000
0.000000	-656.691711	1736.963501	1.000000
0.000000	414.634979	615.975159	1.000000
0.000000	1647.661743	26133.478516	1.000000
0.000000	3311.918457	-1766.465820	1.000000
0.000000	-156.501160	-359.764832	1.000000
0.000000	228.919281	-467.558258	1.000000
0.000000	5308.746582	-2999.125488	1.000000
0.000000	401174.687500	-1051564.750000	1.000000
0.000000	40099.312500	142473.625000	1.000000
0.000000	899154304.000000	-490293056.000000	1.000000
0.000000	5036.573242	-14966.626953	1.000000
0.000000	-11819835.000000	-661151.937500	1.000000
0.000000	10674.967773	-15009.368164	1.000000
0.000000	-56.181667	-477.578705	1.000000
0.000000	-363.378052	-848.708923	1.000000
0.000000	-382.027283	918.021240	1.000000
0.000000	424180.187500	2460.515381	1.000000
0.000000	-9462.802734	10611.012695	1.000000
0.000000	-291.686310	510.226868	1.000000
0.000000	22.012875	-405.227264	1.000000
0.000000	3433.583496	-13406.340820	1.000000
0.000000	-935690816.000000	516809408.000000	1.000000
0.000000	1333545.500000	80355.671875	1.000000
0.000000	370886.187500	-121750.671875	1.000000
0.000000	282320.750000	227432.843750	1.000000
0.000000	24795.392578	-23081.511719	1.000000
0.000000	2203343.750000	933515.687500	1.000000
0.000000	-213.818832	319.488953	1.000000
0.000000	-26.216471	-59.385212	1.000000
0.000000	-3093.563721	-277.467041	1.000000
0.000000	-1684.713989	1835.111450	1.000000
0.000000	152.514679	382.160034	1.000000
0.000000	-17.990889	-159.277985	1.000000
0.000000	-1324.842651	1069.823608	1.000000
0.000000	1010.356995	-248.941772	1.000000
0.000000	260.110413	-71.084488	1.000000
0.000000	-4355021.000000	2416277.250000	1.000000
0.000000	1205.664795	670.227966	1.000000
0.000000	-235.440292	-88074.000000	1.000000
0.000000	1711789.125000	-2028472.500000	1.000000
0.000000	833.619507	-1399.285156	1.000000
0.000000	-169.108582	-5366.997559	1.000000
0.000000	691415.187500	-227545.656250	1.000000
0.000000	12310197.000000	-6573529.500000	1.000000
0.000000	-21971.826172	-21618.722656	1.000000
0.000000	170780.640625	-24592.925781	1.000000
0.000000	-23.623116	286.180573	1.000000
0.000000	396.854462	-66.229439	1.000000
0.000000	513.068787	-1816.476318	1.000000
0.000000	-222.204468	-325.781403	1.000000
0.000000	147.110291	-371.583344	1.000000
0.000000	-914.488525	1175.617310	1.000000
0.000000	-317.642517	-3085.500244	1.000000
0.000000	-53979.117188	119833.890625	1.000000
0.000000	127.933105	349.875854	1.000000
0.000000	-457.675385	54.155888	1.000000
0.000000	-27.628010	-1046.970093	1.000000
0.000000	-64520.105469	15481.097656	1.000000
0.000000	2466.775146	888.315247	1.000000
0.000000	55867.363281	149650.859375	1.000000
0.000000	-13336.479492	6569.135742	1.000000
0.000000	-41864.691406	-29722.343750	1.000000
0.000000	-8368.114258	13872.164062	1.000000
0.000000	402.912598	386.871460	1.000000
0.000000	-388.189636	241.813187	1.000000
0.000000	1629.773438	3105.565186	1.000000
0.000000	732.253052	-441.936981	1.000000
0.000000	1856.922607	41.291115	1.000000
0.000000	586.682373	-637.636047	1.000000
0.000000	13968.810547	-14339.464844	1.000000
0.000000	-387.937500	-188.604782	1.000000
0.000000	-1205.327148	1429.159790	1.000000
0.000000	303.832550	327.248322	1.000000
0.000000	-13240.698242	-3005.247314	1.000000
0.000000	-28726.878906	-61591.515625	1.000000
0.000000	1754.047607	8138.122070	1.000000
0.000000	-2469.024414	1768.275879	1.000000
0.000000	184.091461	-189.892532	1.000000
0.000000	5.414635	137.808868	1.000000
0.000000	-3760.621338	-15958.063477	1.000000
0.000000	857.472961	-0.682477	1.000000
0.000000	-8876.439453	12939.988281	1.000000
0.000000	-867.230103	-3268.153320	1.000000
0.000000	932.203674	664.749451	1.000000
0.000000	378.954010	-273.739929	1.000000
0.000000	-5554.501465	-20496.568359	1.000000
0.000000	6.805937	-415.656036	1.000000
0.000000	22489.335938	-24688.365234	1.000000
0.000000	-362.221771	-244.146347	1.000000
0.000000	-3300464.250000	1376390.750000	1.000000
0.000000	-18021.720703	-1346.250610	1.000000
0.000000	-96.462212	660.708374	1.000000
0.000000	188.938812	-429.712616	1.000000
0.000000	6713.980957	2617.286133	1.000000
0.000000	-26048.818359	-23336.550781	1.000000
0.000000	-586712.625000	317518.906250	1.000000
0.000000	-108536.234375	249000.734375	1.000000
0.000000	37933.656250	-56191.003906	1.000000
0.000000	658.612793	-1790.460083	1.000000
0.000000	164.711746	247.233383	1.000000
0.000000	-240.724792	-336.983398	1.000000
0.000000	-412.232971	767.091675	1.000000
0.000000	4112436.000000	2116301.500000	1.000000
0.000000	256.249054	228.687546	1.000000
0.000000	-45310.667969	76044.812500	1.000000
0.000000	785.734558	1732.113525	1.000000
0.000000	4918.460449	12541.086914	1.000000
0.000000	610.409485	1518.548828	1.000000
0.000000	-44161.152344	2432.089600	1.000000
0.000000	245642.359375	-842228.687500	1.000000
0.000000	-306.917694	-179.479965	1.000000
0.000000	533.688416	-123.249580	1.000000
0.000000	-32946.707031	-140089.984375	1.000000
0.000000	-14366.983398	-13481.093750	1.000000
0.000000	-471.064209	-86.695168	1.000000
0.000000	-323709.531250	730136.875000	1.000000
0.000000	-31285.355469	-19626.113281	1.000000
0.000000	-504.190826	-1116.509644	1.000000
0.000000	171.751297	-441.377167	1.000000
0.000000	-3543.852051	-12801.324219	1.000000
0.000000	117.821716	-403.909576	1.000000
0.000000	3227.741699	2913.251465	1.000000
0.000000	70.617889	109.933357	1.000000
0.000000	799067.687500	-982912.687500	1.000000
0.000000	-467.775726	422.694031	1.000000
0.000000	-3196.029541	-2116.058838	1.000000
0.000000	-45.397579	2983.890869	1.000000
0.000000	-378.514465	361.109711	1.000000
0.000000	19807.736328	10616.195312	1.000000
0.000000	158.019135	571.227234	1.000000
0.000000	-3446.666992	-1940.210083	1.000000
0.000000	65127.527344	112741.945312	1.000000
0.000000	330.881073	271.219391	1.000000
0.000000	484892.843750	100889.921875	1.000000
0.000000	-303.779816	290.881287	1.000000
0.000000	79.140724	377.766113	1.000000
0.000000	334.291290	199.242737	1.000000
0.000000	-374.620056	-101.264343	1.000000
0.000000	-52389.628906	-2933.496338	1.000000
0.000000	11441.838867	1449.727905	1.000000
0.000000	-55.697044	-265.246613	1.000000
0.000000	52.385479	1681.099365	1.000000
0.000000	-7876.942871	-93222.359375	1.000000
0.000000	-616.344482	1043.603760	1.000000
0.000000	-97.804344	362.360596	1.000000
0.000000	407.066803	-100.273705	1.000000
0.000000	60.627193	422.409363	1.000000
0.000000	-42960.769531	-77669.570312	1.000000
0.000000	238.790207	-1140.595947	1.000000
0.000000	27.005129	393.382507	1.000000
0.000000	-123.026848	-119.404747	1.000000
0.000000	-466.480225	791.825073	1.000000
0.000000	449.010956	8.069017	1.000000
0.000000	235.486969	1077.979126	1.000000
0.000000	-217.578918	230.939072	1.000000
0.000000	305.631073	562.357361	1.000000
0.000000	-11075.497070	549.110779	1.000000
0.000000	28171368.000000	16549397.000000	1.000000
0.000000	357.881744	-692.829102	1.000000
0.000000	-32744.937500	266724.375000	1.000000
0.000000	-305.889160	3.313639	1.000000
0.000000	1546.263428	2632.595703	1.000000
0.000000	4468.670410	10697.086914	1.000000
0.000000	-48448.695312	-126250.796875	1.000000
0.000000	-10.983863	-550.750854	1.000000
0.000000	1929694.125000	165276.546875	1.000000
0.000000	-180041.328125	-177937.812500	1.000000
0.000000	-70268.398438	13695.688477	1.000000
0.000000	309.190094	-178.145081	1.000000
0.000000	-131133.343750	15032.859375	1.000000
0.000000	-1137.583130	268.040344	1.000000
0.000000	-1372.970093	943.767944	1.000000
0.000000	-1205.678467	1240.248901	1.000000
0.000000	49277.253906	57624.656250	1.000000
0.000000	83818.617188	3638.431885	1.000000
0.000000	1127.427856	-380.470459	1.000000
0.000000	-419.291962	-307.488983	1.000000
0.000000	-1589278.625000	-1200867.375000	1.000000
0.000000	-340.420715	162.245468	1.000000
0.000000	2590553.750000	19430.464844	1.000000
0.000000	160.363281	-250.547806	1.000000
0.000000	-10490.558594	13252.841797	1.000000
0.000000	1826645.375000	135343.171875	1.000000
0.000000	-1556.697144	863.391846	1.000000
0.000000	337.673920	65.236580	1.000000
0.000000	406.959167	-67.862625	1.000000
0.000000	393.201355	919.882507	1.000000
0.000000	-10665.635742	7468.077637	1.000000
0.000000	-440.020020	174.424408	1.000000
0.000000	27336.615234	25967.199219	1.000000
0.000000	124.167763	341.071075	1.000000
0.000000	276.129730	566.612732	1.000000
0.000000	-111.874931	-9038.033203	1.000000
0.000000	-5669.456543	9774.736328	1.000000
0.000000	459195.281250	25532.601562	1.000000
0.000000	-1079.479248	1123.570801	1.000000
0.000000	2231.903320	-5219.802246	1.000000
0.000000	3488.403809	-2157.769287	1.000000
0.000000	177.719391	128.855148	1.000000
0.000000	281.820038	214.735046	1.000000
0.000000	937.099731	-800.522705	1.000000
0.000000	1215.398071	11663.256836	1.000000
0.000000	17974.957031	-23798.572266	1.000000
0.000000	386.793549	-21.583900	1.000000
0.000000	-9.549459	-275.642181	1.000000
0.000000	1091.568604	1211.859131	1.000000
0.000000	477.574890	-47.362850	1.000000
0.000000	117.459343	236.893570	1.000000
0.000000	-1372.816895	152.786774	1.000000
0.000000	75375.265625	-7401.523438	1.000000
0.000000	99.217827	465.974060	1.000000
0.000000	-144.562546	-720.712036	1.000000
0.000000	1174.507568	-9535.242188	1.000000
0.000000	306.324677	345.399963	1.000000
0.000000	286.655457	260.881378	1.000000
0.000000	-3833.052002	-4547.971191	1.000000
0.000000	576.726685	242.892563	1.000000
0.000000	-2080.035645	-3006.293213	1.000000
0.000000	32.729214	329.513489	1.000000
0.000000	22253.625000	39156.015625	1.000000
0.000000	412.964813	-23.691820	1.000000
0.000000	947.431702	-548.755920	1.000000
0.000000	1306.646240	731.731873	1.000000
0.000000	-322.335114	696.290771	1.000000
0.000000	180.797928	-363.353607	1.000000
0.000000	9615.592773	4790.832520	1.000000
0.000000	-92649.531250	-330253.031250	1.000000
0.000000	8047.067871	16951.570312	1.000000
0.000000	250.707336	-232.428604	1.000000
0.000000	3419.328369	-854.772949	1.000000
0.000000	-423308.625000	-81997.312500	1.000000
0.000000	-44105600.000000	-10494824.000000	1.000000
0.000000	6050.807617	-4530.014160	1.000000
0.000000	-311.382294	212.668610	1.000000
0.000000	1079.708740	-1665.542358	1.000000
0.000000	5805.426758	318.628906	1.000000
0.000000	-317.888123	-122.200432	1.000000
0.000000	-544.189270	1013.664917	1.000000
0.000000	-18770.408203	10.021574	1.000000
0.000000	-688.800842	-158.671646	1.000000
0.000000	305.544769	-407.043182	1.000000
0.000000	14600.806641	-11015.432617	1.000000
