0.000000	31521.683594	455790.312500	1.000000
0.000000	214989.656250	175224.234375	1.000000
0.000000	1182.828125	-12753.723633	1.000000
0.000000	-545.367126	649.044006	1.000000
0.000000	16890.490234	27418.148438	1.000000
0.000000	-13717.465820	760.069397	1.000000
0.000000	-704.442200	-2444.271240	1.000000
0.000000	-595244.937500	1523932.125000	1.000000
0.000000	3561.421143	-2222.954102	1.000000
0.000000	9292453.000000	3386659.750000	1.000000
0.000000	78697400.000000	19959642.000000	1.000000
0.000000	-254.881287	-179.412292	1.000000
0.000000	-284.910950	77.863937	1.000000
0.000000	93.347176	-222.499863	1.000000
0.000000	-73337376.000000	-31090268.000000	1.000000
0.000000	716.596863	-4529.106934	1.000000
0.000000	369.661133	-388.195129	1.000000
0.000000	-6159.412598	7787.646484	1.000000
0.000000	-987.374695	237.916748	1.000000
0.000000	-296.186798	267.325653	1.000000
0.000000	917.287415	7988.854492	1.000000
0.000000	10227.167969	85028.117188	1.000000
0.000000	-43.598629	801.663696	1.000000
0.000000	215.261719	108.170242	1.000000
0.000000	-207131.265625	-53321.464844	1.000000
0.000000	394.077179	-60.526688	1.000000
0.000000	10388.180664	35397.980469	1.000000
0.000000	-3908.167236	11584.146484	1.000000
0.000000	391.316223	-170.380524	1.000000
0.000000	-61490.156250	-273296.843750	1.000000
0.000000	5184.871094	-8919.392578	1.000000
0.000000	4860.500000	901.595825	1.000000
0.000000	-246.155640	454.559906	1.000000
0.000000	-522.534241	-220.889725	1.000000
0.000000	-224.674637	-20.686247	1.000000
0.000000	4844.481445	2772.852295	1.000000
0.000000	28.287254	-60.030205	1.000000
0.000000	-5723.804199	-1492.958618	1.000000
0.000000	-246284.984375	-73714.062500	1.000000
0.000000	-46751.902344	-6148.576660	1.000000
0.000000	450.998810	76.866455	1.000000
0.000000	527.936707	29.703213	1.000000
0.000000	-1.662587	217.465408	1.000000
0.000000	-72.246803	-119.247757	1.000000
0.000000	45.231663	214.699188	1.000000
0.000000	-552.757263	-291.891754	1.000000
0.000000	-4097.909180	3366.162109	1.000000
0.000000	-815.301147	412.700531	1.000000
0.000000	-107.624802	-236.955078	1.000000
0.000000	-234.242004	-76.850563	1.000000
0.000000	7019.276855	6282.108398	1.000000
0.000000	-856.587952	1712.340698	1.000000
0.000000	39.666466	1366.414307	1.000000
0.000000	-3383.535400	-11668.102539	1.000000
0.000000	278.027771	-48.629692	1.000000
0.000000	-17.125128	-242.885620	1.000000
0.000000	106.839928	118.593933	1.000000
0.000000	29405522.000000	-21550876.000000	1.000000
0.000000	-535.439270	1648.045044	1.000000
0.000000	513.748047	502.630096	1.000000
0.000000	1725.189819	26262.814453	1.000000
0.000000	3254.599121	-1627.209229	1.000000
0.000000	-77.319633	-231.798065	1.000000
0.000000	147.716888	-340.886200	1.000000
0.000000	5401.339355	-2880.812500	1.000000
0.000000	401080.625000	-1051564.750000	1.000000
0.000000	40228.648438	142567.687500	1.000000
0.000000	899154304.000000	-490293056.000000	1.000000
0.000000	5133.575195	-14851.988281	1.000000
0.000000	-11819835.000000	-661340.062500	1.000000
0.000000	10598.541992	-15138.704102	1.000000
0.000000	-11.722438	-333.821075	1.000000
0.000000	-249.752350	-750.053528	1.000000
0.000000	-532.411133	923.165283	1.000000
0.000000	424368.312500	2497.993408	1.000000
0.000000	-9315.830078	10646.286133	1.000000
0.000000	-145.597534	546.418884	1.000000
0.000000	35.194485	-255.315140	1.000000
0.000000	3418.886230	-13256.428711	1.000000
0.000000	-935690816.000000	516809408.000000	1.000000
0.000000	1333545.500000	80214.578125	1.000000
0.000000	370698.062500	-121727.156250	1.000000
0.000000	282508.875000	227385.812500	1.000000
0.000000	24930.607422	-23152.058594	1.000000
0.000000	2203343.750000	933703.812500	1.000000
0.000000	-134.545456	191.554016	1.000000
0.000000	120.662674	-26.568024	1.000000
0.000000	-3187.626221	-395.045166	1.000000
0.000000	-1667.077271	1685.566772	1.000000
0.000000	83.116035	248.598648	1.000000
0.000000	20.675522	-13.824911	1.000000
0.000000	-1179.707153	1109.506226	1.000000
0.000000	883.225647	-168.336456	1.000000
0.000000	226.633865	-217.827499	1.000000
0.000000	-4355021.000000	2416277.250000	1.000000
0.000000	1075.593994	594.720764	1.000000
0.000000	-88.146133	-88050.484375	1.000000
0.000000	1711789.125000	-2028472.500000	1.000000
0.000000	805.510986	-1546.992676	1.000000
0.000000	-292.841187	-5281.753418	1.000000
0.000000	691415.187500	-227404.562500	1.000000
0.000000	12310197.000000	-6573529.500000	1.000000
0.000000	-21936.552734	-21471.750000	1.000000
0.000000	170639.546875	-24504.742188	1.000000
0.000000	41.427486	154.132751	1.000000
0.000000	252.822281	-22.468790	1.000000
0.000000	658.755432	-1778.998291	1.000000
0.000000	-123.181648	-212.428757	1.000000
0.000000	92.332001	-231.408157	1.000000
0.000000	-871.315308	1031.584106	1.000000
0.000000	-171.745621	-3122.243408	1.000000
0.000000	-53826.265625	119833.890625	1.000000
0.000000	78.977592	212.045761	1.000000
0.000000	-312.080597	16.032450	1.000000
0.000000	-172.363190	-1088.122437	1.000000
0.000000	-64649.441406	15563.402344	1.000000
0.000000	2421.948486	744.649475	1.000000
0.000000	55749.785156	149556.796875	1.000000
0.000000	-13192.446289	6616.166992	1.000000
0.000000	-41747.113281	-29810.527344	1.000000
0.000000	-8491.571289	13786.919922	1.000000
0.000000	266.962891	322.387207	1.000000
0.000000	-277.317139	139.988693	1.000000
0.000000	1521.381104	3209.915771	1.000000
0.000000	586.933838	-402.713654	1.000000
0.000000	1953.557129	156.635986	1.000000
0.000000	557.287842	-490.098633	1.000000
0.000000	14001.144531	-14192.492188	1.000000
0.000000	-259.612000	-110.015083	1.000000
0.000000	-1148.375244	1568.416382	1.000000
0.000000	196.266937	221.979172	1.000000
0.000000	-13387.670898	-2972.178467	1.000000
0.000000	-28632.816406	-61473.937500	1.000000
0.000000	1671.742920	8011.725586	1.000000
0.000000	-2560.882324	1887.323730	1.000000
0.000000	46.384315	-129.174454	1.000000
0.000000	100.710876	247.727783	1.000000
0.000000	-3856.153564	-16075.641602	1.000000
0.000000	712.888611	-42.681068	1.000000
0.000000	-8726.527344	12928.230469	1.000000
0.000000	-912.607910	-3124.854980	1.000000
0.000000	948.554382	515.204773	1.000000
0.000000	231.889481	-241.793823	1.000000
0.000000	-5702.943848	-20520.083984	1.000000
0.000000	-1.111055	-265.376495	1.000000
0.000000	22530.488281	-24541.392578	1.000000
0.000000	-260.718781	-132.998276	1.000000
0.000000	-3300464.250000	1376390.750000	1.000000
0.000000	-17968.810547	-1205.891724	1.000000
0.000000	-33.166519	524.207520	1.000000
0.000000	138.784393	-287.792145	1.000000
0.000000	6665.479980	2759.849609	1.000000
0.000000	-26189.912109	-23383.582031	1.000000
0.000000	-586712.625000	317424.843750	1.000000
0.000000	-108536.234375	249141.828125	1.000000
0.000000	38086.507812	-56191.003906	1.000000
0.000000	561.243408	-1675.821411	1.000000
0.000000	92.419563	115.233574	1.000000
0.000000	-206.324005	-483.496765	1.000000
0.000000	-371.172485	622.323608	1.000000
0.000000	4112436.000000	2116301.500000	1.000000
0.000000	108.725235	198.971512	1.000000
0.000000	-45251.878906	75903.718750	1.000000
0.000000	649.968567	1667.078125	1.000000
0.000000	4772.957520	12579.299805	1.000000
0.000000	625.290466	1668.460938	1.000000
0.000000	-44055.332031	2321.860107	1.000000
0.000000	245783.453125	-842228.687500	1.000000
0.000000	-170.784271	-115.358612	1.000000
0.000000	383.592621	-134.860199	1.000000
0.000000	-33005.496094	-139948.890625	1.000000
0.000000	-14317.012695	-13622.187500	1.000000
0.000000	-320.784668	-79.070961	1.000000
0.000000	-323521.406250	730136.875000	1.000000
0.000000	-31414.691406	-19702.539062	1.000000
0.000000	-368.149261	-1052.209106	1.000000
0.000000	131.104172	-296.517242	1.000000
0.000000	-3687.885254	-12757.232422	1.000000
0.000000	74.304031	-259.876373	1.000000
0.000000	3182.915039	3056.549805	1.000000
0.000000	-0.893287	238.716446	1.000000
0.000000	799255.812500	-982912.687500	1.000000
0.000000	-319.333344	397.616821	1.000000
0.000000	-3340.062744	-2073.436768	1.000000
0.000000	-13.772186	2836.918213	1.000000
0.000000	-272.326721	254.462021	1.000000
0.000000	19884.162109	10486.859375	1.000000
0.000000	9.682837	596.580017	1.000000
0.000000	-3303.368652	-1893.178833	1.000000
0.000000	65080.496094	112600.851562	1.000000
0.000000	219.916718	169.571747	1.000000
0.000000	484892.843750	100748.828125	1.000000
0.000000	-194.928192	186.959473	1.000000
0.000000	81.046776	227.294098	1.000000
0.000000	308.479218	50.983051	1.000000
0.000000	-224.432358	-91.688156	1.000000
0.000000	-52448.417969	-3070.180908	1.000000
0.000000	11362.473633	1321.861694	1.000000
0.000000	-95.537445	-119.119835	1.000000
0.000000	-35.495461	1803.454102	1.000000
0.000000	-7869.594238	-93081.265625	1.000000
0.000000	-526.140015	1164.121338	1.000000
0.000000	1.624311	249.375366	1.000000
0.000000	263.217316	-56.021156	1.000000
0.000000	52.382946	272.129822	1.000000
0.000000	-42843.191406	-77763.632812	1.000000
0.000000	356.453461	-1046.533447	1.000000
0.000000	-51.330132	264.873291	1.000000
0.000000	-55.673454	-253.978058	1.000000
0.000000	-452.701538	641.912964	1.000000
0.000000	343.833649	115.720734	1.000000
0.000000	199.708313	931.741333	1.000000
0.000000	-147.169830	97.928825	1.000000
0.000000	184.405762	473.215240	1.000000
0.000000	-10925.584961	560.133728	1.000000
0.000000	28171368.000000	16549397.000000	1.000000
0.000000	256.378754	-581.681030	1.000000
0.000000	-32803.726562	266818.437500	1.000000
0.000000	-155.425903	7.137354	1.000000
0.000000	1420.969238	2715.635254	1.000000
0.000000	4615.643066	10661.813477	1.000000
0.000000	-48601.546875	-126250.796875	1.000000
0.000000	121.147675	-478.734222	1.000000
0.000000	1929694.125000	165182.484375	1.000000
0.000000	-180182.421875	-177937.812500	1.000000
0.000000	-70150.820312	13780.932617	1.000000
0.000000	218.710037	-57.890274	1.000000
0.000000	-131086.312500	14888.826172	1.000000
0.000000	-1003.442444	199.973633	1.000000
0.000000	-1278.540161	1060.852661	1.000000
0.000000	-1166.730713	1094.745972	1.000000
0.000000	49241.980469	57483.562500	1.000000
0.000000	83936.195312	3728.820068	1.000000
0.000000	984.078430	-426.215698	1.000000
0.000000	-285.546844	-238.515335	1.000000
0.000000	-1589278.625000	-1200867.375000	1.000000
0.000000	-195.193375	122.697556	1.000000
0.000000	2590553.750000	19295.250000	1.000000
0.000000	108.087387	-109.411148	1.000000
0.000000	-10402.375000	13129.384766	1.000000
0.000000	1826645.375000	135437.234375	1.000000
0.000000	-1573.966431	713.847168	1.000000
0.000000	191.964142	31.771801	1.000000
0.000000	283.548035	10.921365	1.000000
0.000000	513.351501	1010.454407	1.000000
0.000000	-10562.754883	7357.848145	1.000000
0.000000	-292.496216	144.616516	1.000000
0.000000	27330.736328	25814.347656	1.000000
0.000000	14.306582	238.190231	1.000000
0.000000	269.332245	416.274689	1.000000
0.000000	34.531212	-9073.306641	1.000000
0.000000	-5519.544434	9771.796875	1.000000
0.000000	459101.218750	25644.300781	1.000000
0.000000	-938.385437	1071.395508	1.000000
0.000000	2110.650879	-5309.455566	1.000000
0.000000	3485.464355	-2007.122314	1.000000
0.000000	95.405609	2.867724	1.000000
0.000000	153.127106	136.747681	1.000000
0.000000	1001.951416	-664.756714	1.000000
0.000000	1198.128784	11813.168945	1.000000
0.000000	18121.929688	-23769.177734	1.000000
0.000000	236.697708	-10.642733	1.000000
0.000000	-17.979618	-125.363037	1.000000
0.000000	1216.495361	1128.084717	1.000000
0.000000	327.111633	-43.516300	1.000000
0.000000	93.323677	88.353203	1.000000
0.000000	-1516.115234	106.893196	1.000000
0.000000	75234.171875	-7417.690430	1.000000
0.000000	59.144814	320.930420	1.000000
0.000000	-295.059814	-720.712036	1.000000
0.000000	1184.060791	-9685.154297	1.000000
0.000000	215.314026	225.525391	1.000000
0.000000	171.866730	163.555618	1.000000
0.000000	-3902.129150	-4681.716309	1.000000
0.000000	428.284271	218.366501	1.000000
0.000000	-1959.248413	-2916.639893	1.000000
0.000000	-30.700050	193.012650	1.000000
0.000000	22230.109375	39003.164062	1.000000
0.000000	262.501556	-24.185556	1.000000
0.000000	796.968445	-551.327942	1.000000
0.000000	1176.575439	656.040955	1.000000
0.000000	-316.088776	546.011230	1.000000
0.000000	85.862785	-246.598511	1.000000
0.000000	9539.166992	4920.168457	1.000000
0.000000	-92720.078125	-330158.968750	1.000000
0.000000	7897.155762	16945.691406	1.000000
0.000000	153.613525	-117.424606	1.000000
0.000000	3370.092529	-997.152710	1.000000
0.000000	-423402.687500	-81879.734375	1.000000
0.000000	-44105600.000000	-10494824.000000	1.000000
0.000000	5983.200195	-4663.759277	1.000000
0.000000	-254.246674	73.421021	1.000000
0.000000	947.800781	-1737.926392	1.000000
0.000000	5923.004883	412.140259	1.000000
0.000000	-178.172256	-66.236000	1.000000
0.000000	-393.909729	1021.013550	1.000000
0.000000	-18793.923828	158.615921	1.000000
0.000000	-538.337585	-154.492111	1.000000
0.000000	288.367340	-257.498505	1.000000
0.000000	14462.652344	-11074.221680	1.000000
