0.000000	31485.160156	455824.687500	1.000000
0.000000	215006.843750	175275.796875	1.000000
0.000000	1191.019043	-12808.508789	1.000000
0.000000	-490.380554	648.238342	1.000000
0.000000	16886.193359	27362.289062	1.000000
0.000000	-13663.754883	747.648743	1.000000
0.000000	-655.095276	-2468.441162	1.000000
0.000000	-595313.687500	1523932.125000	1.000000
0.000000	3589.619385	-2175.688477	1.000000
0.000000	9292453.000000	3386659.750000	1.000000
0.000000	78697400.000000	19959642.000000	1.000000
0.000000	-307.954407	-193.813538	1.000000
0.000000	-310.960754	126.312881	1.000000
0.000000	91.324623	-277.463104	1.000000
0.000000	-73337376.000000	-31090268.000000	1.000000
0.000000	764.466736	-4502.251465	1.000000
0.000000	382.551758	-441.671082	1.000000
0.000000	-6187.879395	7834.912109	1.000000
0.000000	-987.240417	182.913391	1.000000
0.000000	-315.052765	318.988861	1.000000
0.000000	929.103821	8042.565430	1.000000
0.000000	10276.582031	85053.898438	1.000000
0.000000	-54.240108	855.643188	1.000000
0.000000	255.746338	70.941849	1.000000
0.000000	-207096.890625	-53360.136719	1.000000
0.000000	448.895905	-56.221420	1.000000
0.000000	10387.106445	35342.121094	1.000000
0.000000	-3962.146729	11573.404297	1.000000
0.000000	439.387512	-197.101715	1.000000
0.000000	-61434.296875	-273296.843750	1.000000
0.000000	5152.107422	-8875.349609	1.000000
0.000000	4913.673828	915.157837	1.000000
0.000000	-296.878906	475.842865	1.000000
0.000000	-562.750305	-183.409561	1.000000
0.000000	-267.655609	-54.998302	1.000000
0.000000	4894.432617	2795.679443	1.000000
0.000000	-22.863367	-80.247337	1.000000
0.000000	-5766.235840	-1527.736450	1.000000
0.000000	-246267.796875	-73765.625000	1.000000
0.000000	-46708.933594	-6181.877441	1.000000
0.000000	493.396881	111.887665	1.000000
0.000000	559.693298	-15.183774	1.000000
0.000000	-2.156423	272.463745	1.000000
0.000000	-95.968544	-167.039871	1.000000
0.000000	52.067219	269.270233	1.000000
0.000000	-573.503113	-240.962112	1.000000
0.000000	-4052.791992	3334.741211	1.000000
0.000000	-846.520630	457.985565	1.000000
0.000000	-119.726547	-290.598877	1.000000
0.000000	-288.060425	-88.163429	1.000000
0.000000	7074.062012	6276.200195	1.000000
0.000000	-886.598938	1666.283569	1.000000
0.000000	8.406351	1321.162842	1.000000
0.000000	-3415.493408	-11622.985352	1.000000
0.000000	328.818176	-27.536005	1.000000
0.000000	-15.765570	-297.872192	1.000000
0.000000	161.809708	116.688873	1.000000
0.000000	29405522.000000	-21550876.000000	1.000000
0.000000	-579.750793	1680.540161	1.000000
0.000000	477.528351	544.047058	1.000000
0.000000	1696.857300	26215.548828	1.000000
0.000000	3275.546387	-1678.100342	1.000000
0.000000	-106.256401	-278.568848	1.000000
0.000000	177.392181	-387.178314	1.000000
0.000000	5367.501465	-2924.049805	1.000000
0.000000	401115.000000	-1051564.750000	1.000000
0.000000	40181.382812	142533.312500	1.000000
0.000000	899154304.000000	-490293056.000000	1.000000
0.000000	5098.125977	-14893.882812	1.000000
0.000000	-11819835.000000	-661271.312500	1.000000
0.000000	10626.471680	-15091.438477	1.000000
0.000000	-27.969997	-386.357086	1.000000
0.000000	-291.275085	-786.106995	1.000000
0.000000	-477.445679	921.285400	1.000000
0.000000	424299.562500	2484.297119	1.000000
0.000000	-9369.541016	10633.395508	1.000000
0.000000	-198.989563	533.192566	1.000000
0.000000	30.377285	-310.100311	1.000000
0.000000	3424.257324	-13311.213867	1.000000
0.000000	-935690816.000000	516809408.000000	1.000000
0.000000	1333545.500000	80266.140625	1.000000
0.000000	370766.812500	-121735.750000	1.000000
0.000000	282440.125000	227403.000000	1.000000
0.000000	24881.193359	-23126.277344	1.000000
0.000000	2203343.750000	933635.062500	1.000000
0.000000	-163.515793	238.299316	1.000000
0.000000	66.985306	-38.561619	1.000000
0.000000	-3153.251221	-352.076416	1.000000
0.000000	-1673.522583	1740.217651	1.000000
0.000000	108.477669	297.408447	1.000000
0.000000	6.544930	-66.978035	1.000000
0.000000	-1232.746704	1095.004272	1.000000
0.000000	929.685608	-197.793549	1.000000
0.000000	238.869888	-164.200485	1.000000
0.000000	-4355021.000000	2416277.250000	1.000000
0.000000	1123.128174	622.314758	1.000000
0.000000	-141.974564	-88059.078125	1.000000
0.000000	1711789.125000	-2028472.500000	1.000000
0.000000	815.783203	-1493.013184	1.000000
0.000000	-247.623291	-5312.905762	1.000000
0.000000	691415.187500	-227456.125000	1.000000
0.000000	12310197.000000	-6573529.500000	1.000000
0.000000	-21949.443359	-21525.460938	1.000000
0.000000	170691.109375	-24536.968750	1.000000
0.000000	17.474304	199.971786	1.000000
0.000000	305.457977	-38.461632	1.000000
0.000000	605.514465	-1792.694580	1.000000
0.000000	-159.369385	-253.853317	1.000000
0.000000	112.347717	-282.634979	1.000000
0.000000	-887.092896	1084.220825	1.000000
0.000000	-225.070511	-3108.815674	1.000000
0.000000	-53882.125000	119833.890625	1.000000
0.000000	94.169449	260.519470	1.000000
0.000000	-365.287994	29.965822	1.000000
0.000000	-119.473343	-1073.083374	1.000000
0.000000	-64602.175781	15533.324219	1.000000
0.000000	2438.330322	797.151917	1.000000
0.000000	55792.753906	149591.171875	1.000000
0.000000	-13245.083008	6598.979492	1.000000
0.000000	-41790.082031	-29778.300781	1.000000
0.000000	-8446.454102	13818.072266	1.000000
0.000000	316.645508	345.952881	1.000000
0.000000	-317.835327	177.200302	1.000000
0.000000	1560.992920	3171.781006	1.000000
0.000000	640.040527	-417.047760	1.000000
0.000000	1918.242188	114.486992	1.000000
0.000000	568.030029	-544.024597	1.000000
0.000000	13989.328125	-14246.203125	1.000000
0.000000	-306.508362	-138.738907	1.000000
0.000000	-1169.188232	1517.525269	1.000000
0.000000	235.576630	260.449615	1.000000
0.000000	-13333.959961	-2984.263428	1.000000
0.000000	-28667.191406	-61516.906250	1.000000
0.000000	1701.821045	8057.916992	1.000000
0.000000	-2527.312988	1843.817871	1.000000
0.000000	96.711670	-151.363785	1.000000
0.000000	68.583344	209.445526	1.000000
0.000000	-3821.241455	-16032.672852	1.000000
0.000000	765.726746	-27.332129	1.000000
0.000000	-8781.312500	12932.527344	1.000000
0.000000	-896.024658	-3177.223145	1.000000
0.000000	942.579041	569.855652	1.000000
0.000000	285.634003	-253.459167	1.000000
0.000000	-5648.695801	-20511.490234	1.000000
0.000000	1.782191	-320.295929	1.000000
0.000000	22515.449219	-24595.103516	1.000000
0.000000	-297.812897	-173.617172	1.000000
0.000000	-3300464.250000	1376390.750000	1.000000
0.000000	-17988.146484	-1257.185669	1.000000
0.000000	-56.299988	574.091553	1.000000
0.000000	157.113251	-339.656769	1.000000
0.000000	6683.204590	2707.750000	1.000000
0.000000	-26138.349609	-23366.394531	1.000000
0.000000	-586712.625000	317459.218750	1.000000
0.000000	-108536.234375	249090.265625	1.000000
0.000000	38030.648438	-56191.003906	1.000000
0.000000	596.826904	-1717.715942	1.000000
0.000000	118.838631	163.472702	1.000000
0.000000	-218.895721	-429.953674	1.000000
0.000000	-386.177979	675.228882	1.000000
0.000000	4112436.000000	2116301.500000	1.000000
0.000000	162.637589	209.831192	1.000000
0.000000	-45273.363281	75955.281250	1.000000
0.000000	699.584045	1690.845215	1.000000
0.000000	4826.131348	12565.334961	1.000000
0.000000	619.852234	1613.675781	1.000000
0.000000	-44094.003906	2362.143311	1.000000
0.000000	245731.890625	-842228.687500	1.000000
0.000000	-220.534027	-138.794540	1.000000
0.000000	438.444916	-130.613678	1.000000
0.000000	-32984.011719	-140000.453125	1.000000
0.000000	-14335.274414	-13570.625000	1.000000
0.000000	-375.704102	-81.857216	1.000000
0.000000	-323590.156250	730136.875000	1.000000
0.000000	-31367.425781	-19674.609375	1.000000
0.000000	-417.865448	-1075.707642	1.000000
0.000000	145.958603	-349.456085	1.000000
0.000000	-3635.248535	-12773.345703	1.000000
0.000000	90.207504	-312.513092	1.000000
0.000000	3199.296875	3004.181641	1.000000
0.000000	25.420786	194.069778	1.000000
0.000000	799187.062500	-982912.687500	1.000000
0.000000	-373.581390	406.781250	1.000000
0.000000	-3287.426025	-2089.012939	1.000000
0.000000	-25.330528	2890.629150	1.000000
0.000000	-311.132874	293.436676	1.000000
0.000000	19856.232422	10534.125000	1.000000
0.000000	63.892994	587.314880	1.000000
0.000000	-3355.736816	-1910.366333	1.000000
0.000000	65097.683594	112652.414062	1.000000
0.000000	260.468475	206.716217	1.000000
0.000000	484892.843750	100800.390625	1.000000
0.000000	-234.707855	224.943176	1.000000
0.000000	80.350212	282.289429	1.000000
0.000000	317.912201	105.164970	1.000000
0.000000	-279.318237	-95.187759	1.000000
0.000000	-52426.933594	-3020.229736	1.000000
0.000000	11391.477539	1368.590210	1.000000
0.000000	-81.650032	-173.351746	1.000000
0.000000	-3.379864	1758.739746	1.000000
0.000000	-7872.279785	-93132.828125	1.000000
0.000000	-559.105103	1120.078369	1.000000
0.000000	-34.710342	290.665649	1.000000
0.000000	315.786896	-72.193184	1.000000
0.000000	55.395794	327.049255	1.000000
0.000000	-42886.160156	-77729.257812	1.000000
0.000000	313.451141	-1080.908447	1.000000
0.000000	-22.703197	311.836792	1.000000
0.000000	-80.286751	-204.798981	1.000000
0.000000	-457.736938	696.698120	1.000000
0.000000	382.270538	76.377472	1.000000
0.000000	212.783569	985.183716	1.000000
0.000000	-172.900726	146.537216	1.000000
0.000000	228.700500	505.811066	1.000000
0.000000	-10980.370117	556.105408	1.000000
0.000000	28171368.000000	16549397.000000	1.000000
0.000000	293.472870	-622.299927	1.000000
0.000000	-32782.242188	266784.062500	1.000000
0.000000	-210.412476	5.740030	1.000000
0.000000	1466.757812	2685.288574	1.000000
0.000000	4561.932129	10674.704102	1.000000
0.000000	-48545.687500	-126250.796875	1.000000
0.000000	72.858185	-505.052582	1.000000
0.000000	1929694.125000	165216.859375	1.000000
0.000000	-180130.859375	-177937.812500	1.000000
0.000000	-70193.789062	13749.780273	1.000000
0.000000	251.775833	-101.840347	1.000000
0.000000	-131103.500000	14941.462891	1.000000
0.000000	-1052.481812	224.848511	1.000000
0.000000	-1313.049438	1018.027588	1.000000
0.000000	-1180.964111	1147.919800	1.000000
0.000000	49254.871094	57535.125000	1.000000
0.000000	83893.226562	3695.787842	1.000000
0.000000	1036.497681	-409.498169	1.000000
0.000000	-334.423798	-263.714264	1.000000
0.000000	-1589278.625000	-1200867.375000	1.000000
0.000000	-248.266495	137.152237	1.000000
0.000000	2590553.750000	19344.664062	1.000000
0.000000	127.196732	-160.987411	1.000000
0.000000	-10434.601562	13174.501953	1.000000
0.000000	1826645.375000	135402.859375	1.000000
0.000000	-1567.655396	768.498047	1.000000
0.000000	245.574371	44.045589	1.000000
0.000000	329.303040	-19.610664	1.000000
0.000000	469.442810	977.355042	1.000000
0.000000	-10600.352539	7398.131348	1.000000
0.000000	-346.408569	155.509766	1.000000
0.000000	27332.884766	25870.207031	1.000000
0.000000	54.454628	275.787872	1.000000
0.000000	271.816376	471.227692	1.000000
0.000000	-18.973988	-9060.416016	1.000000
0.000000	-5574.329590	9772.871094	1.000000
0.000000	459135.593750	25603.480469	1.000000
0.000000	-989.947937	1090.462891	1.000000
0.000000	2154.962402	-5276.691895	1.000000
0.000000	3486.538574	-2062.176025	1.000000
0.000000	125.492126	48.910995	1.000000
0.000000	200.157745	165.248047	1.000000
0.000000	978.251465	-714.372192	1.000000
0.000000	1204.439819	11758.383789	1.000000
0.000000	18068.218750	-23779.919922	1.000000
0.000000	291.550018	-14.640631	1.000000
0.000000	-14.899257	-180.282074	1.000000
0.000000	1170.841064	1158.699951	1.000000
0.000000	382.098206	-44.922016	1.000000
0.000000	102.144020	142.640945	1.000000
0.000000	-1463.747070	123.669472	1.000000
0.000000	75285.734375	-7411.782227	1.000000
0.000000	73.789436	373.936401	1.000000
0.000000	-240.068375	-720.712036	1.000000
0.000000	1180.569580	-9630.369141	1.000000
0.000000	248.564453	269.333374	1.000000
0.000000	213.811615	199.122330	1.000000
0.000000	-3876.885010	-4632.839355	1.000000
0.000000	482.532318	227.329514	1.000000
0.000000	-2003.425659	-2949.403564	1.000000
0.000000	-7.520040	242.896683	1.000000
0.000000	22238.703125	39059.023438	1.000000
0.000000	317.488129	-24.005121	1.000000
0.000000	851.955017	-550.388000	1.000000
0.000000	1224.109619	683.702087	1.000000
0.000000	-318.371490	600.930664	1.000000
0.000000	120.556694	-289.268829	1.000000
0.000000	9567.096680	4872.902832	1.000000
0.000000	-92694.296875	-330193.343750	1.000000
0.000000	7951.940918	16947.839844	1.000000
0.000000	189.096313	-159.451309	1.000000
0.000000	3388.085693	-945.120239	1.000000
0.000000	-423368.312500	-81922.703125	1.000000
0.000000	-44105600.000000	-10494824.000000	1.000000
0.000000	6007.907227	-4614.882324	1.000000
0.000000	-275.126801	124.303741	1.000000
0.000000	996.006348	-1711.473755	1.000000
0.000000	5880.036133	377.966675	1.000000
0.000000	-229.231216	-86.688118	1.000000
0.000000	-448.829163	1018.328003	1.000000
0.000000	-18785.330078	104.313858	1.000000
0.000000	-593.324158	-156.019516	1.000000
0.000000	294.644806	-312.149384	1.000000
0.000000	14513.140625	-11052.737305	1.000000
