0.000000	31682.054688	455639.375000	1.000000
0.000000	214914.187500	174997.828125	1.000000
0.000000	1146.862549	-12513.166992	1.000000
0.000000	-786.808167	652.581604	1.000000
0.000000	16909.357422	27663.421875	1.000000
0.000000	-13953.305664	814.607361	1.000000
0.000000	-921.120056	-2338.143311	1.000000
0.000000	-594943.062500	1523932.125000	1.000000
0.000000	3437.605225	-2430.493164	1.000000
0.000000	9292453.000000	3386659.750000	1.000000
0.000000	78697400.000000	19959642.000000	1.000000
0.000000	-21.825653	-116.170837	1.000000
0.000000	-170.583710	-134.859253	1.000000
0.000000	102.228020	18.846432	1.000000
0.000000	-73337376.000000	-31090268.000000	1.000000
0.000000	506.404602	-4647.026855	1.000000
0.000000	313.059570	-153.419296	1.000000
0.000000	-6034.417480	7580.107422	1.000000
0.000000	-987.964294	479.363312	1.000000
0.000000	-213.310104	40.479137	1.000000
0.000000	865.402649	7753.014648	1.000000
0.000000	10010.195312	84914.914062	1.000000
0.000000	3.120763	564.644653	1.000000
0.000000	39.385784	269.198608	1.000000
0.000000	-207282.203125	-53151.660156	1.000000
0.000000	153.341705	-79.430725	1.000000
0.000000	10392.897461	35643.253906	1.000000
0.000000	-3671.148193	11631.314453	1.000000
0.000000	180.239548	-53.050209	1.000000
0.000000	-61735.429688	-273296.843750	1.000000
0.000000	5328.733398	-9112.781250	1.000000
0.000000	4627.018555	842.046265	1.000000
0.000000	-23.396603	361.168854	1.000000
0.000000	-345.810547	-385.519684	1.000000
0.000000	-35.929062	129.966019	1.000000
0.000000	4625.150391	2672.620361	1.000000
0.000000	252.868774	28.718954	1.000000
0.000000	-5537.490723	-1340.252319	1.000000
0.000000	-246360.453125	-73487.656250	1.000000
0.000000	-46940.574219	-6002.355957	1.000000
0.000000	264.832733	-76.905602	1.000000
0.000000	388.365845	226.792053	1.000000
0.000000	3.768057	-20.149284	1.000000
0.000000	31.042091	95.309761	1.000000
0.000000	15.055573	-23.171202	1.000000
0.000000	-461.664154	-515.499695	1.000000
0.000000	-4296.014648	3504.128418	1.000000
0.000000	-678.219238	213.858047	1.000000
0.000000	-53.111931	-1.950049	1.000000
0.000000	3.131247	-28.948051	1.000000
0.000000	6778.720215	6308.050781	1.000000
0.000000	-724.812439	1914.573364	1.000000
0.000000	176.919495	1565.109375	1.000000
0.000000	-3243.210693	-11866.208008	1.000000
0.481674	54.941090	-141.300018	1.000000
0.000000	-22.698950	-3.495841	1.000000
0.000000	-134.519592	126.958878	1.000000
0.000000	29405522.000000	-21550876.000000	1.000000
0.000000	-340.871399	1505.361938	1.000000
0.000000	672.645142	320.886017	1.000000
0.000000	1849.595337	26470.353516	1.000000
0.000000	3162.621582	-1403.750977	1.000000
0.000000	49.156399	-24.725384	1.000000
0.000000	17.414341	-137.578827	1.000000
0.000000	5549.918457	-2690.961426	1.000000
0.000000	400929.687500	-1051564.750000	1.000000
0.000000	40436.187500	142718.625000	1.000000
0.000000	899154304.000000	-490293056.000000	1.000000
0.000000	5289.229492	-14668.033203	1.000000
0.000000	-11819835.000000	-661641.937500	1.000000
0.000000	10475.905273	-15346.243164	1.000000
0.000000	60.851875	-105.616135	1.000000
0.000000	-67.492371	-591.746033	1.000000
0.000000	-773.852173	931.419678	1.000000
0.000000	424670.187500	2558.132568	1.000000
0.000000	-9079.990234	10702.887695	1.000000
0.000000	88.817978	604.494446	1.000000
0.000000	56.346371	-14.754752	1.000000
0.000000	3395.302246	-13015.872070	1.000000
0.000000	-935690816.000000	516809408.000000	1.000000
0.000000	1333545.500000	79988.171875	1.000000
0.000000	370396.187500	-121689.421875	1.000000
0.000000	282810.750000	227310.343750	1.000000
0.000000	25147.580078	-23265.261719	1.000000
0.000000	2203343.750000	934005.687500	1.000000
0.000000	-10.219563	-10.541892	1.000000
0.000000	354.858917	28.590948	1.000000
0.000000	-3338.563721	-583.717041	1.000000
0.000000	-1638.776489	1445.599731	1.000000
0.000000	-28.240852	34.292755	1.000000
0.000000	82.719696	219.577271	1.000000
0.000000	-946.815308	1173.182983	1.000000
0.000000	679.224182	-39.014839	1.000000
0.000000	172.906601	-453.237091	1.000000
0.000000	-4355021.000000	2416277.250000	1.000000
0.000000	866.653809	473.604797	1.000000
0.000000	148.202118	-88012.750000	1.000000
0.000000	1711789.125000	-2028472.500000	1.000000
0.000000	760.406616	-1784.011719	1.000000
0.000000	-491.388855	-5144.966309	1.000000
0.000000	691415.187500	-227178.156250	1.000000
0.000000	12310197.000000	-6573529.500000	1.000000
0.000000	-21879.951172	-21235.910156	1.000000
0.000000	170413.140625	-24363.238281	1.000000
0.000000	145.107712	-61.454731	1.000000
0.000000	21.395243	46.469269	1.000000
0.000000	892.531677	-1718.859131	1.000000
0.000000	30.502869	-31.734779	1.000000
0.000000	3.425910	-7.404171	1.000000
0.000000	-802.037354	800.175964	1.000000
0.000000	62.391106	-3181.203369	1.000000
0.000000	-53580.992188	119833.890625	1.000000
0.000000	-6.201291	-15.650303	1.000000
0.000000	-78.411972	-45.182613	1.000000
0.000000	-404.638885	-1154.157593	1.000000
0.000000	-64856.980469	15695.472656	1.000000
0.000000	2350.017334	514.116028	1.000000
0.000000	55561.113281	149405.859375	1.000000
0.000000	-12961.323242	6691.635742	1.000000
0.000000	-41558.441406	-29952.031250	1.000000
0.000000	-8689.676758	13650.132812	1.000000
0.000000	48.797665	218.886047	1.000000
0.000000	-98.271454	-22.583273	1.000000
0.000000	1347.449219	3377.362061	1.000000
0.000000	353.747223	-339.773895	1.000000
0.000000	2108.852295	341.730682	1.000000
0.000000	510.125763	-253.226990	1.000000
0.000000	14053.029297	-13956.652344	1.000000
0.764539	-53.466537	15.482971	1.000000
0.000000	-1056.987305	1791.874634	1.000000
0.000000	24.933319	52.006927	1.000000
0.000000	-13623.510742	-2919.114502	1.000000
0.000000	-28481.878906	-61285.265625	1.000000
0.000000	1539.672607	7808.903320	1.000000
0.000000	-2708.282227	2078.354004	1.000000
0.000000	-174.590057	-31.743151	1.000000
0.000000	260.427002	428.882263	1.000000
0.000000	-4009.449463	-16264.313477	1.000000
0.000000	480.900909	-110.079674	1.000000
0.000000	-8485.970703	12909.363281	1.000000
0.000000	-985.423462	-2894.911133	1.000000
0.000000	974.791565	275.092316	1.000000
0.000000	-4.102806	-190.572357	1.000000
0.000000	-5941.142090	-20557.818359	1.000000
0.000000	-13.815084	-24.217426	1.000000
0.000000	22596.523438	-24305.552734	1.000000
0.000000	-99.111847	44.545818	1.000000
0.000000	-3300464.250000	1376390.750000	1.000000
0.000000	-17883.908203	-980.664673	1.000000
0.000000	68.350395	305.979797	1.000000
0.021020	59.642086	-61.214214	1.000000
0.000000	6587.652832	2988.614258	1.000000
0.000000	-26416.318359	-23459.050781	1.000000
0.000000	-586712.625000	317273.906250	1.000000
0.000000	-108536.234375	249368.234375	1.000000
0.000000	38331.781250	-56191.003906	1.000000
0.000000	404.999481	-1491.866333	1.000000
0.000000	-22.478596	-97.183533	1.000000
0.000000	-151.122742	-718.470093	1.000000
0.000000	-305.284729	390.021332	1.000000
0.000000	4112436.000000	2116301.500000	1.000000
0.000000	-125.288208	151.406479	1.000000
0.000000	-45157.542969	75677.312500	1.000000
0.000000	432.165588	1562.718994	1.000000
0.000000	4539.476074	12640.618164	1.000000
0.000000	649.169250	1909.017578	1.000000
0.000000	-43885.527344	2144.980225	1.000000
0.000000	246009.859375	-842228.687500	1.000000
0.000000	46.942631	-14.023817	1.000000
0.000000	147.167236	-151.555923	1.000000
0.000000	-33099.832031	-139722.484375	1.000000
0.000000	-14236.827148	-13848.593750	1.000000
0.000000	-79.591919	-66.836769	1.000000
0.000000	-323219.531250	730136.875000	1.000000
0.000000	-31622.230469	-19825.175781	1.000000
0.000000	-149.849991	-949.029175	1.000000
0.021020	64.481735	-62.907848	1.000000
0.000000	-3919.008301	-12686.480469	1.000000
0.000000	9.667565	-27.496798	1.000000
0.000000	3110.983887	3286.493652	1.000000
0.000000	-115.245064	451.361053	1.000000
0.000000	799557.687500	-982912.687500	1.000000
0.000000	-81.189201	357.376648	1.000000
0.000000	-3571.185791	-2005.043335	1.000000
0.000000	36.978401	2601.078369	1.000000
0.000000	-101.938065	83.266663	1.000000
0.000000	20006.798828	10279.320312	1.000000
0.000000	-228.352051	637.262390	1.000000
0.000000	-3073.424805	-1817.710083	1.000000
0.000000	65005.027344	112374.445312	1.000000
0.000000	40.758339	6.655830	1.000000
0.000000	484892.843750	100522.421875	1.000000
0.000000	-20.259321	20.180677	1.000000
0.000000	80.577431	-12.085225	1.000000
0.000000	267.059845	-186.928833	1.000000
0.000000	15.394481	-75.767593	1.000000
0.000000	-52542.753906	-3289.511963	1.000000
0.000000	11235.120117	1116.681030	1.000000
0.000000	-161.185867	113.292358	1.000000
0.000000	-176.507645	1999.790771	1.000000
0.000000	-7857.802246	-92854.859375	1.000000
0.000000	-381.526337	1357.510010	1.000000
0.000000	157.849182	69.105888	1.000000
0.000000	29.735807	12.428514	1.000000
0.000000	40.903091	30.877047	1.000000
0.000000	-42654.519531	-77914.570312	1.000000
0.000000	545.246765	-895.846680	1.000000
0.000000	-177.039764	58.660831	1.000000
0.000000	52.389378	-469.918915	1.000000
0.000000	-430.591553	401.356323	1.000000
0.000000	175.060776	288.473419	1.000000
0.000000	142.296051	697.080688	1.000000
0.000000	-39.270355	-104.311661	1.000000
0.000000	-10.055161	329.280090	1.000000
0.000000	-10685.028320	577.821716	1.000000
0.000000	28171368.000000	16549397.000000	1.000000
0.000000	93.567596	-403.327179	1.000000
0.000000	-32898.062500	266969.375000	1.000000
0.000000	82.934753	16.027546	1.000000
0.000000	1219.915771	2848.884766	1.000000
0.000000	4851.482910	10605.211914	1.000000
0.000000	-48846.820312	-126250.796875	1.000000
0.000000	333.155609	-363.172699	1.000000
0.000000	1929694.125000	165031.546875	1.000000
0.000000	-180408.828125	-177937.812500	1.000000
0.000000	-69962.148438	13917.719727	1.000000
0.000000	75.629326	131.467773	1.000000
0.000000	-131010.843750	14657.703125	1.000000
0.000000	-787.943787	90.750313	1.000000
0.000000	-1127.013062	1248.934937	1.000000
0.000000	-1104.233154	861.469971	1.000000
0.000000	49185.378906	57257.156250	1.000000
0.000000	84124.867188	3873.861572	1.000000
0.000000	753.839783	-499.620850	1.000000
0.000000	-70.869019	-127.891701	1.000000
0.000000	-1589278.625000	-1200867.375000	1.000000
0.000000	34.596813	52.651970	1.000000
0.000000	2590553.750000	19078.277344	1.000000
0.000000	27.321337	110.138145	1.000000
0.000000	-10260.871094	12931.279297	1.000000
0.000000	1826645.375000	135588.171875	1.000000
0.000000	-1601.677612	473.880127	1.000000
0.000000	-43.327904	-17.393820	1.000000
0.000000	82.650307	144.981750	1.000000
0.000000	706.150574	1156.057983	1.000000
0.000000	-10397.666992	7180.968262	1.000000
0.000000	-55.771996	96.809296	1.000000
0.000000	27321.302734	25569.074219	1.000000
0.000000	-161.981903	73.114601	1.000000
0.000000	258.424652	175.005798	1.000000
0.000000	269.474304	-9129.908203	1.000000
0.000000	-5278.987793	9767.080078	1.000000
0.000000	458950.281250	25823.539062	1.000000
0.000000	-711.979187	987.672363	1.000000
0.000000	1916.482666	-5453.317871	1.000000
0.000000	3480.747559	-1765.386475	1.000000
0.000000	-36.691746	-199.295868	1.000000
0.764539	-53.604996	11.744470	1.000000
0.000000	1105.783447	-446.855621	1.000000
0.000000	1170.417603	12053.725586	1.000000
0.000000	18357.769531	-23722.009766	1.000000
0.000000	-4.449685	6.570154	1.000000
0.000000	-25.286425	112.355469	1.000000
0.000000	1416.959229	993.589478	1.000000
0.000000	85.677071	-37.343929	1.000000
0.481674	52.363194	-145.807144	1.000000
0.000000	-1746.059082	33.237793	1.000000
0.000000	75007.765625	-7443.632812	1.000000
0.000000	-5.153071	88.139160	1.000000
0.000000	-536.500854	-720.712036	1.000000
0.000000	1199.390381	-9925.710938	1.000000
0.000000	69.299614	33.171471	1.000000
0.000000	-10.448191	9.084586	1.000000
0.000000	-4012.973877	-4896.330566	1.000000
0.000000	190.065643	179.010727	1.000000
0.000000	-1765.270142	-2772.777588	1.000000
0.000000	-127.655426	-21.575619	1.000000
0.000000	22192.375000	38757.890625	1.000000
0.000000	24.390043	-20.813135	1.000000
0.000000	555.527405	-555.455139	1.000000
0.000000	967.857178	534.583435	1.000000
0.000000	-306.065582	304.738403	1.000000
0.000000	-63.507385	-67.656189	1.000000
0.000000	9416.530273	5127.707520	1.000000
0.000000	-92833.281250	-330008.031250	1.000000
0.000000	7656.599121	16936.257812	1.000000
0.000000	-4.675851	64.996475	1.000000
0.000000	3291.086182	-1225.362427	1.000000
0.000000	-423553.625000	-81691.062500	1.000000
0.000000	-44105600.000000	-10494824.000000	1.000000
0.000000	5874.713867	-4878.373535	1.000000
0.000000	-162.604156	-149.967606	1.000000
0.000000	736.134521	-1854.077515	1.000000
0.000000	6111.676758	562.193359	1.000000
0.000000	46.358555	23.152039	1.000000
0.000000	-152.731934	1032.805542	1.000000
0.000000	-18831.658203	397.078857	1.000000
0.000000	-296.896545	-147.785416	1.000000
0.000000	256.417175	-19.534607	1.000000
0.000000	14240.962891	-11168.557617	1.000000
