0.000000	31636.898438	455681.875000	1.000000
0.000000	214935.437500	175061.578125	1.000000
0.000000	1156.989502	-12580.901367	1.000000
0.000000	-718.824768	651.585510	1.000000
0.000000	16904.044922	27594.359375	1.000000
0.000000	-13886.899414	799.250916	1.000000
0.000000	-860.109314	-2368.026123	1.000000
0.000000	-595028.062500	1523932.125000	1.000000
0.000000	3472.468506	-2372.055664	1.000000
0.000000	9292453.000000	3386659.750000	1.000000
0.000000	78697400.000000	19959642.000000	1.000000
0.000000	-87.453300	-133.982910	1.000000
0.000000	-202.769989	-74.959923	1.000000
0.000000	99.727409	-49.107204	1.000000
0.000000	-73337376.000000	-31090268.000000	1.000000
0.000000	565.589172	-4613.823730	1.000000
0.000000	328.997070	-219.514267	1.000000
0.000000	-6069.612793	7638.544922	1.000000
0.000000	-987.798279	411.379913	1.000000
0.000000	-236.656052	104.351738	1.000000
0.000000	880.012024	7819.420898	1.000000
0.000000	10071.289062	84946.789062	1.000000
0.000000	-10.033929	631.382935	1.000000
0.000000	89.442047	223.170776	1.000000
0.000000	-207239.703125	-53199.472656	1.000000
0.000000	221.138336	-74.107849	1.000000
0.000000	10391.569336	35574.191406	1.000000
0.000000	-3737.886475	11618.033203	1.000000
0.000000	239.673141	-86.087318	1.000000
0.000000	-61666.367188	-273296.843750	1.000000
0.000000	5288.225586	-9058.328125	1.000000
0.000000	4692.760742	858.813843	1.000000
0.937250	-86.116508	387.450989	1.000000
0.000000	-395.573730	-339.159821	1.000000
0.000000	-89.074814	87.549026	1.000000
0.000000	4686.908203	2700.843018	1.000000
0.000000	189.637573	3.725821	1.000000
0.000000	-5589.951660	-1383.250366	1.000000
0.000000	-246339.203125	-73551.406250	1.000000
0.000000	-46887.449219	-6043.527832	1.000000
0.000000	317.252167	-33.606651	1.000000
0.000000	427.670044	171.301331	1.000000
0.504339	-0.096664	43.970375	1.000000
0.000000	2.759364	36.293865	1.000000
0.000000	23.555309	43.557827	1.000000
0.000000	-487.313568	-452.535980	1.000000
0.000000	-4240.233398	3465.280762	1.000000
0.000000	-716.817871	269.846832	1.000000
0.000000	-69.386978	-67.674545	1.000000
0.000000	-63.611813	-43.282787	1.000000
0.000000	6846.454590	6300.746094	1.000000
0.000000	-761.916931	1857.630005	1.000000
0.000000	138.279358	1509.162109	1.000000
0.000000	-3282.722412	-11810.426758	1.000000
0.000000	117.805443	-115.161911	1.000000
0.000000	-20.821098	-71.127083	1.000000
0.000000	-66.556946	124.603531	1.000000
0.000000	29405522.000000	-21550876.000000	1.000000
0.000000	-395.656555	1545.537720	1.000000
0.000000	627.903931	372.060333	1.000000
0.000000	1814.566040	26411.916016	1.000000
0.000000	3188.520020	-1466.670898	1.000000
0.000000	13.376194	-82.550705	1.000000
0.000000	54.104824	-194.833466	1.000000
0.000000	5508.082520	-2744.418457	1.000000
0.000000	400972.187500	-1051564.750000	1.000000
0.000000	40377.750000	142676.125000	1.000000
0.000000	899154304.000000	-490293056.000000	1.000000
0.000000	5245.401367	-14719.830078	1.000000
0.000000	-11819835.000000	-661556.937500	1.000000
0.000000	10510.436523	-15287.805664	1.000000
0.000000	39.531643	-168.065765	1.000000
0.000000	-118.811951	-636.321228	1.000000
0.000000	-705.868774	929.095459	1.000000
0.000000	424585.187500	2541.198975	1.000000
0.000000	-9146.396484	10686.950195	1.000000
0.000000	22.813152	588.141907	1.000000
0.000000	50.390560	-82.492874	1.000000
0.000000	3401.942871	-13083.606445	1.000000
0.000000	-935690816.000000	516809408.000000	1.000000
0.000000	1333545.500000	80051.921875	1.000000
0.000000	370481.187500	-121700.046875	1.000000
0.000000	282725.750000	227331.593750	1.000000
0.000000	25086.486328	-23233.386719	1.000000
0.000000	2203343.750000	933920.687500	1.000000
0.000000	-46.033825	47.262501	1.000000
0.000000	288.494171	13.761280	1.000000
0.000000	-3296.063721	-530.592041	1.000000
0.000000	-1646.745239	1513.168091	1.000000
0.000000	3.113478	94.631615	1.000000
0.000000	65.246552	153.855835	1.000000
0.000000	-1012.391479	1155.253296	1.000000
0.000000	736.665588	-75.427704	1.000000
0.000000	188.034775	-386.955353	1.000000
0.000000	-4355021.000000	2416277.250000	1.000000
0.000000	925.506348	507.679504	1.000000
0.000000	81.650604	-88023.375000	1.000000
0.000000	1711789.125000	-2028472.500000	1.000000
0.000000	773.106812	-1717.273438	1.000000
0.000000	-435.483093	-5183.481934	1.000000
0.000000	691415.187500	-227241.906250	1.000000
0.000000	12310197.000000	-6573529.500000	1.000000
0.000000	-21895.888672	-21302.316406	1.000000
0.000000	170476.890625	-24403.082031	1.000000
0.000000	115.847458	-0.074359	1.000000
0.000000	86.456009	26.697149	1.000000
0.000000	826.706482	-1735.792725	1.000000
0.000000	-9.028972	-81.756844	1.000000
0.000000	29.191219	-69.810867	1.000000
0.000000	-821.544189	865.337097	1.000000
0.000000	-3.533714	-3164.601807	1.000000
0.000000	-53650.054688	119833.890625	1.000000
0.000000	17.749796	48.752777	1.000000
0.000000	-144.195663	-27.957882	1.000000
0.000000	-339.228729	-1135.563843	1.000000
0.000000	-64798.542969	15658.285156	1.000000
0.000000	2370.271240	579.028137	1.000000
0.000000	55614.238281	149448.359375	1.000000
0.000000	-13026.401367	6670.385742	1.000000
0.000000	-41611.566406	-29912.187500	1.000000
0.000000	-8633.895508	13688.648438	1.000000
0.000000	110.233818	248.042542	1.000000
0.000000	-149.544785	22.603518	1.000000
0.000000	1396.423828	3330.213623	1.000000
0.000000	419.406403	-357.496063	1.000000
0.000000	2065.024170	289.601776	1.000000
0.000000	523.401123	-319.923767	1.000000
0.000000	14038.419922	-14023.058594	1.000000
0.000000	-111.672363	-19.400181	1.000000
0.000000	-1082.719727	1728.954712	1.000000
0.000000	72.262726	100.622360	1.000000
0.000000	-13557.104492	-2934.055908	1.000000
0.000000	-28524.378906	-61338.390625	1.000000
0.000000	1576.860107	7866.012695	1.000000
0.000000	-2666.778320	2024.564941	1.000000
0.000000	-112.373093	-59.177208	1.000000
0.000000	215.455490	377.873962	1.000000
0.000000	-3966.285400	-16211.188477	1.000000
0.000000	546.208313	-91.102013	1.000000
0.000000	-8553.705078	12914.675781	1.000000
0.000000	-964.920532	-2959.657227	1.000000
0.000000	967.403870	342.702179	1.000000
0.000000	62.349861	-204.994965	1.000000
0.000000	-5874.071777	-20547.193359	1.000000
0.000000	-10.237967	-92.125153	1.000000
0.000000	22577.929688	-24371.958984	1.000000
0.000000	-143.754532	-4.859401	1.000000
0.000000	-3300464.250000	1376390.750000	1.000000
0.000000	-17907.814453	-1044.082642	1.000000
0.640744	39.809052	366.846069	1.000000
0.032617	81.056679	-124.451805	1.000000
0.000000	6609.566895	2924.200195	1.000000
0.000000	-26352.568359	-23437.800781	1.000000
0.000000	-586712.625000	317316.406250	1.000000
0.000000	-108536.234375	249304.484375	1.000000
0.000000	38262.718750	-56191.003906	1.000000
0.000000	448.993622	-1543.663208	1.000000
0.000000	9.072514	-36.938271	1.000000
0.000000	-166.665955	-652.312866	1.000000
0.000000	-323.836975	455.431488	1.000000
0.000000	4112436.000000	2116301.500000	1.000000
0.000000	-58.632515	164.832993	1.000000
0.000000	-45184.105469	75741.062500	1.000000
0.000000	493.466858	1592.103760	1.000000
0.000000	4605.218262	12623.352539	1.000000
0.000000	642.445618	1841.283203	1.000000
0.000000	-43933.339844	2194.784912	1.000000
0.000000	245946.109375	-842228.687500	1.000000
0.000000	-13.830664	-41.416733	1.000000
0.000000	214.963867	-146.305679	1.000000
0.000000	-33073.269531	-139786.234375	1.000000
0.000000	-14259.405273	-13784.843750	1.000000
0.000000	-147.505661	-70.281593	1.000000
0.000000	-323304.531250	730136.875000	1.000000
0.000000	-31563.792969	-19790.644531	1.000000
0.000000	-211.317276	-978.081909	1.000000
0.032617	84.109123	-129.251038	1.000000
0.000000	-3853.930176	-12706.402344	1.000000
0.000000	24.126320	-93.779739	1.000000
0.000000	3131.237793	3221.747559	1.000000
0.937250	-83.044449	391.501862	1.000000
0.000000	799472.687500	-982912.687500	1.000000
0.000000	-148.238770	368.707214	1.000000
0.000000	-3506.107666	-2024.301147	1.000000
0.000000	22.688990	2667.484619	1.000000
0.000000	-149.910950	131.463821	1.000000
0.000000	19972.267578	10337.757812	1.000000
0.000000	-161.323242	625.807312	1.000000
0.000000	-3138.170898	-1838.960083	1.000000
0.000000	65026.277344	112438.195312	1.000000
0.000000	90.094070	54.818954	1.000000
0.000000	484892.843750	100586.171875	1.000000
0.000000	-69.441444	67.138161	1.000000
0.000000	80.523308	53.676731	1.000000
0.000000	278.722443	-119.941528	1.000000
0.000000	-51.353168	-80.698235	1.000000
0.000000	-52516.191406	-3227.754150	1.000000
0.000000	11270.979492	1174.454468	1.000000
0.000000	-142.695877	47.851074	1.000000
0.000000	-136.809158	1944.507568	1.000000
0.000000	-7861.122559	-92918.609375	1.000000
0.000000	-422.241669	1303.056885	1.000000
0.000000	112.921204	120.155693	1.000000
0.000000	94.730919	-7.566120	1.000000
0.000000	46.206474	97.852692	1.000000
0.000000	-42707.644531	-77872.070312	1.000000
0.000000	492.106232	-938.263672	1.000000
0.000000	-141.636932	116.724792	1.000000
0.000000	21.961826	-409.115692	1.000000
0.000000	-436.817139	469.090698	1.000000
0.000000	222.582748	239.830841	1.000000
0.000000	158.461823	763.154907	1.000000
0.000000	-66.816040	-53.286980	1.000000
0.640744	44.660202	370.390228	1.000000
0.000000	-10752.762695	572.841248	1.000000
0.000000	28171368.000000	16549397.000000	1.000000
0.000000	139.416458	-453.546906	1.000000
0.000000	-32871.500000	266926.875000	1.000000
0.000000	14.957985	14.299946	1.000000
0.000000	1276.527100	2811.365234	1.000000
0.000000	4785.076660	10621.149414	1.000000
0.000000	-48777.757812	-126250.796875	1.000000
0.000000	273.472992	-395.711761	1.000000
0.000000	1929694.125000	165074.046875	1.000000
0.000000	-180345.078125	-177937.812500	1.000000
0.000000	-70015.273438	13879.204102	1.000000
0.000000	116.510674	77.129440	1.000000
0.000000	-131032.093750	14722.781250	1.000000
0.000000	-848.622498	121.504707	1.000000
0.000000	-1169.679077	1195.975952	1.000000
0.000000	-1121.830811	927.129150	1.000000
0.000000	49201.316406	57320.906250	1.000000
0.000000	84071.742188	3833.021729	1.000000
0.000000	818.668884	-478.951904	1.000000
0.000000	-131.319458	-159.040390	1.000000
0.000000	-1589278.625000	-1200867.375000	1.000000
0.000000	-29.739401	69.476768	1.000000
0.000000	2590553.750000	19139.371094	1.000000
0.000000	49.364609	47.300419	1.000000
0.000000	-10300.714844	12987.060547	1.000000
0.000000	1826645.375000	135545.671875	1.000000
0.000000	-1593.874878	541.448486	1.000000
0.000000	22.957373	-2.218992	1.000000
0.000000	139.211807	107.233948	1.000000
0.000000	651.863464	1115.052124	1.000000
0.000000	-10444.151367	7230.772949	1.000000
0.000000	-122.427269	110.266937	1.000000
0.000000	27323.958984	25638.136719	1.000000
0.000000	-112.343231	119.588600	1.000000
0.000000	261.495941	242.926941	1.000000
0.000000	203.317078	-9113.970703	1.000000
0.000000	-5346.722168	9768.408203	1.000000
0.000000	458992.781250	25773.070312	1.000000
0.000000	-775.729187	1011.246582	1.000000
0.000000	1971.101807	-5412.810059	1.000000
0.000000	3482.075684	-1833.452881	1.000000
0.000000	0.503090	-142.373260	1.000000
0.504339	4.738041	46.816353	1.000000
0.000000	1076.564697	-508.239899	1.000000
0.000000	1178.220337	11985.991211	1.000000
0.000000	18291.363281	-23735.291016	1.000000
0.000000	63.663628	1.969204	1.000000
0.000000	-21.478441	44.463959	1.000000
0.000000	1360.513916	1031.507568	1.000000
0.000000	153.654007	-39.081905	1.000000
0.000000	64.436508	-81.266586	1.000000
0.000000	-1681.312988	53.974182	1.000000
0.000000	75071.515625	-7436.328125	1.000000
0.000000	12.950417	153.688263	1.000000
0.000000	-468.517456	-720.712036	1.000000
0.000000	1195.073975	-9857.976562	1.000000
0.000000	110.419609	87.331116	1.000000
0.000000	39.534435	51.357311	1.000000
0.000000	-3981.762939	-4835.900879	1.000000
0.000000	257.156342	190.092270	1.000000
0.000000	-1819.889282	-2813.285400	1.000000
0.000000	-98.996979	40.089443	1.000000
0.000000	22203.000000	38826.953125	1.000000
0.000000	91.648994	-22.177319	1.000000
0.000000	623.510803	-554.293030	1.000000
0.000000	1026.626709	568.782654	1.000000
0.000000	-308.887848	372.680298	1.000000
0.000000	-23.578270	-111.954903	1.000000
0.000000	9451.061523	5069.270020	1.000000
0.000000	-92801.406250	-330050.531250	1.000000
0.000000	7724.333496	16938.914062	1.000000
0.000000	41.078064	14.747303	1.000000
0.000000	3313.332275	-1161.114380	1.000000
0.000000	-423511.125000	-81744.187500	1.000000
0.000000	-44105600.000000	-10494824.000000	1.000000
0.000000	5905.260742	-4817.943848	1.000000
0.000000	-188.419586	-87.054443	1.000000
0.000000	795.734131	-1821.372437	1.000000
0.000000	6058.551758	519.942383	1.000000
0.000000	-17.105070	-1.729135	1.000000
0.000000	-220.653076	1029.485229	1.000000
0.000000	-18821.033203	329.925537	1.000000
0.000000	-364.879944	-149.673843	1.000000
0.000000	264.178406	-87.092590	1.000000
0.000000	14303.384766	-11141.995117	1.000000
