0.000000	31601.703125	455715.000000	1.000000
0.000000	214952.000000	175111.265625	1.000000
0.000000	1164.882568	-12633.694336	1.000000
0.000000	-665.837708	650.809143	1.000000
0.000000	16899.904297	27540.531250	1.000000
0.000000	-13835.141602	787.281921	1.000000
0.000000	-812.556824	-2391.317139	1.000000
0.000000	-595094.312500	1523932.125000	1.000000
0.000000	3499.641357	-2326.508789	1.000000
0.000000	9292453.000000	3386659.750000	1.000000
0.000000	78697400.000000	19959642.000000	1.000000
0.000000	-138.602905	-147.860474	1.000000
0.000000	-227.856354	-28.275856	1.000000
0.000000	97.778404	-102.070007	1.000000
0.000000	-73337376.000000	-31090268.000000	1.000000
0.000000	611.718323	-4587.944824	1.000000
0.000000	341.418945	-271.034180	1.000000
0.000000	-6097.044434	7684.091797	1.000000
0.000000	-987.668884	358.392853	1.000000
0.000000	-254.852158	154.136276	1.000000
0.000000	891.398743	7871.178711	1.000000
0.000000	10118.906250	84971.632812	1.000000
0.000000	-20.286425	683.399536	1.000000
0.000000	128.454498	187.296143	1.000000
0.000000	-207206.578125	-53236.738281	1.000000
0.000000	273.974335	-69.959137	1.000000
0.000000	10390.534180	35520.363281	1.000000
0.000000	-3789.903076	11607.681641	1.000000
0.000000	285.996399	-111.836830	1.000000
0.000000	-61612.539062	-273296.843750	1.000000
0.000000	5256.653320	-9015.886719	1.000000
0.000000	4744.000977	871.882690	1.000000
0.000000	-135.025574	407.930878	1.000000
0.000000	-434.359741	-303.026398	1.000000
0.000000	-130.497238	54.487560	1.000000
0.000000	4735.042969	2722.840088	1.000000
0.000000	140.353027	-15.737993	1.000000
0.000000	-5630.840332	-1416.763550	1.000000
0.000000	-246322.640625	-73601.093750	1.000000
0.000000	-46846.042969	-6075.617676	1.000000
0.000000	358.108490	0.139611	1.000000
0.000000	458.304199	128.051208	1.000000
0.000000	-0.580580	96.962784	1.000000
0.073808	-19.550732	-9.351225	1.000000
0.000000	30.255045	95.142891	1.000000
0.000000	-507.305023	-403.463104	1.000000
0.000000	-4196.756836	3435.002441	1.000000
0.000000	-746.902100	313.485138	1.000000
0.000000	-81.110977	-119.425056	1.000000
0.000000	-116.310623	-52.065098	1.000000
0.000000	6899.247559	6295.052734	1.000000
0.000000	-790.836609	1813.247681	1.000000
0.000000	108.157448	1465.556152	1.000000
0.000000	-3313.518311	-11766.950195	1.000000
0.000000	166.750610	-94.838882	1.000000
0.000000	-19.509130	-124.108513	1.000000
0.000000	-13.589252	122.767746	1.000000
0.000000	29405522.000000	-21550876.000000	1.000000
0.000000	-438.356750	1576.851196	1.000000
0.000000	593.032104	411.946198	1.000000
0.000000	1787.263794	26366.369141	1.000000
0.000000	3208.705566	-1515.711426	1.000000
0.000000	-14.510581	-127.620438	1.000000
0.000000	82.701019	-239.458405	1.000000
0.000000	5475.475098	-2786.083496	1.000000
0.000000	401005.312500	-1051564.750000	1.000000
0.000000	40332.203125	142643.000000	1.000000
0.000000	899154304.000000	-490293056.000000	1.000000
0.000000	5211.241211	-14760.201172	1.000000
0.000000	-11819835.000000	-661490.687500	1.000000
0.000000	10537.350586	-15242.258789	1.000000
0.000000	23.874905	-218.707550	1.000000
0.000000	-158.811035	-671.063660	1.000000
0.000000	-652.881714	927.283936	1.000000
0.000000	424518.937500	2528.000732	1.000000
0.000000	-9198.154297	10674.528320	1.000000
0.000000	-28.633295	575.396545	1.000000
0.000000	45.748531	-135.285843	1.000000
0.000000	3407.118652	-13136.399414	1.000000
0.000000	-935690816.000000	516809408.000000	1.000000
0.000000	1333545.500000	80101.609375	1.000000
0.000000	370547.437500	-121708.328125	1.000000
0.000000	282659.500000	227348.156250	1.000000
0.000000	25038.869141	-23208.542969	1.000000
0.000000	2203343.750000	933854.437500	1.000000
0.426413	-74.474457	86.853310	1.000000
0.000000	236.768707	2.203506	1.000000
0.000000	-3262.938721	-489.185791	1.000000
0.000000	-1652.956177	1565.831665	1.000000
0.000000	27.551371	141.660782	1.000000
0.000000	51.631451	102.631775	1.000000
0.000000	-1063.502319	1141.278687	1.000000
0.000000	781.436096	-103.805542	1.000000
0.000000	199.825851	-335.294586	1.000000
0.000000	-4355021.000000	2416277.250000	1.000000
0.000000	971.376709	534.264832	1.000000
0.000000	29.782154	-88031.656250	1.000000
0.000000	1711789.125000	-2028472.500000	1.000000
0.000000	783.005493	-1665.256836	1.000000
0.000000	-391.909485	-5213.501465	1.000000
0.000000	691415.187500	-227291.593750	1.000000
0.000000	12310197.000000	-6573529.500000	1.000000
0.000000	-21908.310547	-21354.074219	1.000000
0.000000	170526.578125	-24434.136719	1.000000
0.000000	93.282379	45.357780	1.000000
0.000000	136.921860	13.693834	1.000000
0.000000	775.401550	-1748.990967	1.000000
0.000000	-43.899925	-121.672600	1.000000
0.000000	48.479385	-119.174881	1.000000
0.000000	-836.748047	916.124451	1.000000
0.000000	-54.916351	-3151.662354	1.000000
0.000000	-53703.882812	119833.890625	1.000000
0.000000	36.375282	99.334427	1.000000
0.000000	-195.468246	-14.531178	1.000000
0.000000	-288.247284	-1121.071655	1.000000
0.000000	-64752.996094	15629.300781	1.000000
0.000000	2386.057373	629.621399	1.000000
0.000000	55655.644531	149481.484375	1.000000
0.000000	-13077.124023	6653.823242	1.000000
0.000000	-41652.972656	-29881.132812	1.000000
0.000000	-8590.418945	13718.667969	1.000000
0.000000	158.112793	270.756958	1.000000
0.000000	-188.573410	58.461449	1.000000
0.000000	1434.595215	3293.465576	1.000000
0.000000	470.581940	-371.308929	1.000000
0.000000	2030.928955	248.974701	1.000000
0.000000	533.752686	-371.908020	1.000000
0.000000	14027.033203	-14074.816406	1.000000
0.000000	-156.866318	-47.079399	1.000000
0.000000	-1102.775879	1679.914185	1.000000
0.000000	110.142975	137.693893	1.000000
0.000000	-13505.346680	-2945.701416	1.000000
0.000000	-28557.503906	-61379.796875	1.000000
0.000000	1605.844482	7910.524414	1.000000
0.000000	-2634.429688	1982.641113	1.000000
0.000000	-63.874416	-80.559654	1.000000
0.000000	180.405746	338.117493	1.000000
0.000000	-3932.642822	-16169.782227	1.000000
0.000000	597.125061	-76.310600	1.000000
0.000000	-8606.498047	12918.816406	1.000000
0.000000	-948.940308	-3010.121094	1.000000
0.000000	961.645813	395.398102	1.000000
0.000000	114.140152	-216.236115	1.000000
0.000000	-5821.796387	-20538.912109	1.000000
0.000000	-7.449919	-145.052994	1.000000
0.000000	22563.437500	-24423.716797	1.000000
0.000000	-179.483597	-44.003891	1.000000
0.000000	-3300464.250000	1376390.750000	1.000000
0.000000	-17926.447266	-1093.511353	1.000000
0.000000	17.516800	414.916138	1.000000
0.000000	98.614082	-174.187958	1.000000
0.000000	6626.646973	2873.995117	1.000000
0.000000	-26302.880859	-23421.238281	1.000000
0.000000	-586712.625000	317349.531250	1.000000
0.000000	-108536.234375	249254.796875	1.000000
0.000000	38208.890625	-56191.003906	1.000000
0.000000	483.283173	-1584.034302	1.000000
0.000000	34.533112	9.546160	1.000000
0.000000	-178.780518	-600.749146	1.000000
0.000000	-338.296814	506.412933	1.000000
0.000000	4112436.000000	2116301.500000	1.000000
0.000000	-6.676567	175.297775	1.000000
0.000000	-45204.808594	75790.750000	1.000000
0.000000	541.265564	1615.006592	1.000000
0.000000	4656.458496	12609.895508	1.000000
0.000000	637.205139	1788.490234	1.000000
0.000000	-43970.605469	2233.603271	1.000000
0.000000	245896.421875	-842228.687500	1.000000
0.000000	-61.776100	-64.004166	1.000000
0.415554	267.667572	-142.361160	1.000000
0.000000	-33052.566406	-139835.921875	1.000000
0.000000	-14277.002930	-13735.156250	1.000000
0.000000	-200.444199	-72.966530	1.000000
0.000000	-323370.781250	730136.875000	1.000000
0.000000	-31518.246094	-19763.730469	1.000000
0.000000	-259.225616	-1000.725952	1.000000
0.000000	98.542831	-180.509109	1.000000
0.000000	-3803.207520	-12721.929688	1.000000
0.000000	39.454491	-144.518570	1.000000
0.000000	3147.023926	3171.283691	1.000000
0.000000	-57.922085	344.851288	1.000000
0.000000	799406.437500	-982912.687500	1.000000
0.000000	-200.497986	377.538391	1.000000
0.000000	-3455.385010	-2039.310913	1.000000
0.000000	11.550951	2719.242432	1.000000
0.000000	-187.305969	169.036758	1.000000
0.000000	19945.353516	10383.304688	1.000000
0.000000	-109.083130	616.879089	1.000000
0.000000	-3188.634766	-1855.522583	1.000000
0.000000	65042.839844	112487.882812	1.000000
0.000000	129.179062	90.619766	1.000000
0.000000	484892.843750	100635.859375	1.000000
0.000000	-107.774574	103.740639	1.000000
0.000000	79.852074	106.671883	1.000000
0.000000	287.812408	-67.730835	1.000000
0.000000	-104.182411	-84.020844	1.000000
0.000000	-52495.488281	-3179.619385	1.000000
0.000000	11298.928711	1219.483765	1.000000
0.000000	-128.284561	-3.154285	1.000000
0.000000	-105.861900	1901.419189	1.000000
0.000000	-7863.710449	-92968.296875	1.000000
0.000000	-453.975677	1260.615479	1.000000
0.000000	77.903809	159.944504	1.000000
0.091714	146.620041	-21.072699	1.000000
0.000000	49.109764	150.775055	1.000000
0.000000	-42749.050781	-77838.945312	1.000000
0.000000	450.667633	-971.323975	1.000000
0.000000	-114.047646	161.980530	1.000000
0.000000	-1.753931	-361.724945	1.000000
0.000000	-441.669434	521.883667	1.000000
0.000000	259.621918	201.918243	1.000000
0.000000	171.061615	814.653931	1.000000
0.000000	-90.783646	-8.566522	1.000000
0.000000	87.352310	401.800751	1.000000
0.000000	-10805.555664	568.959412	1.000000
0.000000	28171368.000000	16549397.000000	1.000000
0.000000	175.145523	-492.688751	1.000000
0.000000	-32850.796875	266893.750000	1.000000
0.000000	-34.967304	10.198763	1.000000
0.000000	1320.650635	2782.122070	1.000000
0.000000	4733.318848	10633.571289	1.000000
0.000000	-48723.929688	-126250.796875	1.000000
0.000000	226.945557	-421.073090	1.000000
0.000000	1929694.125000	165107.171875	1.000000
0.000000	-180295.390625	-177937.812500	1.000000
0.000000	-70056.679688	13849.184570	1.000000
0.000000	148.374084	34.779785	1.000000
0.000000	-131048.656250	14773.503906	1.000000
0.000000	-895.916199	145.475037	1.000000
0.000000	-1202.933472	1154.699097	1.000000
0.000000	-1135.546631	978.304688	1.000000
0.000000	49213.738281	57370.593750	1.000000
0.000000	84030.335938	3801.190674	1.000000
0.000000	869.197449	-462.842285	1.000000
0.000000	-178.435242	-183.318039	1.000000
0.000000	-1589278.625000	-1200867.375000	1.000000
0.642820	-78.687660	90.499664	1.000000
0.000000	2590553.750000	19186.988281	1.000000
0.000000	67.887833	2.328223	1.000000
0.000000	-10331.769531	13030.537109	1.000000
0.000000	1826645.375000	135512.546875	1.000000
0.000000	-1587.793335	594.112061	1.000000
0.000000	74.508995	4.881047	1.000000
0.000000	183.302994	77.812866	1.000000
0.000000	609.551453	1083.091675	1.000000
0.000000	-10480.381836	7269.591309	1.000000
0.000000	-174.379166	120.755981	1.000000
0.000000	27326.029297	25691.964844	1.000000
0.000000	-73.654266	155.817184	1.000000
0.000000	263.889740	295.877655	1.000000
0.000000	151.753357	-9101.548828	1.000000
0.000000	-5399.515137	9769.443359	1.000000
0.000000	459025.906250	25733.734375	1.000000
0.000000	-825.416687	1029.620605	1.000000
0.000000	2013.672607	-5381.237793	1.000000
0.000000	3483.110840	-1886.504639	1.000000
0.000000	29.493423	-98.007111	1.000000
0.000000	50.073345	74.290154	1.000000
0.000000	1053.791260	-556.053711	1.000000
0.000000	1184.301880	11933.198242	1.000000
0.000000	18239.605469	-23745.642578	1.000000
0.000000	116.521317	-1.883562	1.000000
0.073808	-23.135275	-7.369948	1.000000
0.000000	1316.519775	1061.009521	1.000000
0.000000	206.641068	-40.436504	1.000000
0.824324	72.890457	-29.033804	1.000000
0.000000	-1630.849121	70.137901	1.000000
0.000000	75121.203125	-7430.634766	1.000000
0.000000	27.060486	204.782928	1.000000
0.000000	-415.530396	-720.712036	1.000000
0.000000	1191.709717	-9805.183594	1.000000
0.000000	142.465363	129.546082	1.000000
0.000000	79.959694	85.632179	1.000000
0.000000	-3957.436768	-4788.801270	1.000000
0.000000	309.431732	198.729355	1.000000
0.000000	-1862.460083	-2844.857666	1.000000
0.443123	-78.320198	86.525055	1.000000
0.000000	22211.281250	38880.781250	1.000000
0.091714	143.420349	-24.097382	1.000000
0.000000	676.497864	-553.387268	1.000000
0.000000	1072.432373	595.437927	1.000000
0.000000	-311.087555	425.635010	1.000000
0.000000	9.852744	-153.083038	1.000000
0.000000	9477.975586	5023.723145	1.000000
0.000000	-92776.562500	-330083.656250	1.000000
0.000000	7777.126465	16940.984375	1.000000
0.824324	75.316177	-25.663971	1.000000
0.000000	3330.671143	-1111.038696	1.000000
0.000000	-423478.000000	-81785.593750	1.000000
0.000000	-44105600.000000	-10494824.000000	1.000000
0.000000	5929.069336	-4770.844238	1.000000
0.000000	-208.540436	-38.022003	1.000000
0.000000	842.186768	-1795.881714	1.000000
0.000000	6017.145508	487.011475	1.000000
0.000000	-66.306725	-21.434917	1.000000
0.000000	-273.586243	1026.897339	1.000000
0.000000	-18812.751953	277.585449	1.000000
0.000000	-417.867004	-151.145706	1.000000
0.415554	270.368073	-139.599197	1.000000
0.000000	14352.037109	-11121.291992	1.000000
