0.000000	31411.449219	455894.062500	1.000000
0.000000	215041.531250	175379.859375	1.000000
0.000000	1207.549805	-12919.075195	1.000000
0.000000	-379.407654	646.612366	1.000000
0.000000	16877.521484	27249.554688	1.000000
0.000000	-13555.356445	722.581604	1.000000
0.000000	-555.504211	-2517.220459	1.000000
0.000000	-595452.437500	1523932.125000	1.000000
0.000000	3646.528564	-2080.297852	1.000000
0.000000	9292453.000000	3386659.750000	1.000000
0.000000	78697400.000000	19959642.000000	1.000000
0.000000	-415.065613	-222.877869	1.000000
0.000000	-363.533997	224.075012	1.000000
0.000000	87.242744	-388.368256	1.000000
0.000000	-73337376.000000	-31090268.000000	1.000000
0.000000	861.076843	-4448.052246	1.000000
0.000000	408.567383	-549.571655	1.000000
0.000000	-6245.330566	7930.302734	1.000000
0.000000	-986.969421	71.906616	1.000000
0.000000	-353.127716	423.254608	1.000000
0.000000	952.951477	8150.963867	1.000000
0.000000	10376.308594	85105.929688	1.000000
0.000000	-75.716545	964.583618	1.000000
0.000000	338.439545	-4.069212	1.000000
0.000000	-207027.515625	-53438.183594	1.000000
0.000000	559.559143	-47.532608	1.000000
0.000000	10384.938477	35229.386719	1.000000
0.000000	-4071.087158	11551.724609	1.000000
0.000000	536.404114	-251.029938	1.000000
0.000000	-61321.562500	-273296.843750	1.000000
0.000000	5085.984375	-8786.462891	1.000000
0.000000	5020.988281	942.528442	1.000000
0.000000	-399.247681	518.795715	1.000000
0.000000	-643.913635	-107.767776	1.000000
0.000000	-354.374359	-124.238907	1.000000
0.000000	4995.243164	2841.748779	1.000000
0.000000	-126.095940	-121.049187	1.000000
0.000000	-5851.870605	-1597.924438	1.000000
0.000000	-246233.109375	-73869.687500	1.000000
0.000000	-46622.214844	-6249.084473	1.000000
0.000000	579.016907	182.553757	1.000000
0.000000	623.783875	-105.776611	1.000000
0.000000	-3.153075	383.436646	1.000000
0.000000	-145.978165	-266.126282	1.000000
0.000000	65.863754	379.430145	1.000000
0.000000	-615.372009	-138.152969	1.000000
0.000000	-3961.737305	3271.328125	1.000000
0.000000	-909.527222	549.406677	1.000000
0.000000	-144.150070	-398.861816	1.000000
0.000000	-396.662109	-110.994850	1.000000
0.000000	7184.628418	6264.276367	1.000000
0.000000	-947.166565	1573.331909	1.000000
0.000000	-54.682770	1229.837158	1.000000
0.000000	-3479.990479	-11531.930664	1.000000
0.000000	433.112549	10.270182	1.000000
0.000000	-13.021734	-408.845093	1.000000
0.000000	272.743622	112.844116	1.000000
0.000000	29405522.000000	-21550876.000000	1.000000
0.000000	-669.179504	1746.121216	1.000000
0.000000	404.427155	627.649353	1.000000
0.000000	1639.677124	26120.158203	1.000000
0.000000	3317.821777	-1780.807861	1.000000
0.000000	-164.656067	-372.943237	1.000000
0.000000	237.282318	-480.604218	1.000000
0.000000	5299.210449	-3011.310547	1.000000
0.000000	401184.375000	-1051564.750000	1.000000
0.000000	40085.992188	142463.937500	1.000000
0.000000	899154304.000000	-490293056.000000	1.000000
0.000000	5026.583008	-14978.433594	1.000000
0.000000	-11819835.000000	-661132.562500	1.000000
0.000000	10682.838867	-14996.047852	1.000000
0.000000	-60.760525	-492.384308	1.000000
0.000000	-375.080627	-858.869446	1.000000
0.000000	-366.540527	917.491455	1.000000
0.000000	424160.812500	2456.655518	1.000000
0.000000	-9477.939453	10607.379883	1.000000
0.000000	-306.728424	506.499451	1.000000
0.000000	20.655300	-420.666718	1.000000
0.000000	3435.097168	-13421.780273	1.000000
0.000000	-935690816.000000	516809408.000000	1.000000
0.000000	1333545.500000	80370.203125	1.000000
0.000000	370905.562500	-121753.093750	1.000000
0.000000	282301.375000	227437.687500	1.000000
0.000000	24781.466797	-23074.246094	1.000000
0.000000	2203343.750000	933496.312500	1.000000
0.000000	-221.983200	332.667358	1.000000
0.000000	-41.343502	-62.764957	1.000000
0.000000	-3083.876221	-265.357666	1.000000
0.000000	-1686.530396	1850.513062	1.000000
0.000000	159.662048	395.915527	1.000000
0.000000	-21.973146	-174.258606	1.000000
0.000000	-1339.790161	1065.736694	1.000000
0.000000	1023.450256	-257.242615	1.000000
0.000000	263.554016	-55.972050	1.000000
0.000000	-4355021.000000	2416277.250000	1.000000
0.000000	1219.060791	678.004456	1.000000
0.000000	-250.610123	-88076.421875	1.000000
0.000000	1711789.125000	-2028472.500000	1.000000
0.000000	836.514404	-1384.072754	1.000000
0.000000	-156.365356	-5375.776855	1.000000
0.000000	691415.187500	-227560.187500	1.000000
0.000000	12310197.000000	-6573529.500000	1.000000
0.000000	-21975.458984	-21633.859375	1.000000
0.000000	170795.171875	-24602.007812	1.000000
0.000000	-30.293324	300.172577	1.000000
0.000000	411.688446	-70.737343	1.000000
0.000000	498.064514	-1820.336182	1.000000
0.000000	-232.402832	-337.455597	1.000000
0.000000	152.753448	-386.019989	1.000000
0.000000	-918.934937	1190.451294	1.000000
0.000000	-332.665710	-3081.716064	1.000000
0.000000	-53994.859375	119833.890625	1.000000
0.000000	133.410736	364.378723	1.000000
0.000000	-472.670197	58.081974	1.000000
0.000000	-12.721824	-1042.731812	1.000000
0.000000	-64506.785156	15472.621094	1.000000
0.000000	2471.391846	903.111389	1.000000
0.000000	55879.472656	149660.546875	1.000000
0.000000	-13351.313477	6564.291992	1.000000
0.000000	-41876.800781	-29713.261719	1.000000
0.000000	-8355.399414	13880.943359	1.000000
0.000000	416.914062	393.512695	1.000000
0.000000	-399.608398	252.300095	1.000000
0.000000	1640.936768	3094.818115	1.000000
0.000000	747.219482	-445.976593	1.000000
0.000000	1846.970215	29.411156	1.000000
0.000000	589.709717	-652.829529	1.000000
0.000000	13965.480469	-14354.601562	1.000000
0.000000	-401.153748	-196.698196	1.000000
0.000000	-1211.192627	1414.817749	1.000000
0.000000	314.910736	338.089996	1.000000
0.000000	-13225.561523	-3008.653076	1.000000
0.000000	-28736.566406	-61603.625000	1.000000
0.000000	1762.524170	8151.139648	1.000000
0.000000	-2459.563965	1756.015137	1.000000
0.000000	198.272675	-196.145889	1.000000
0.000000	-4.837537	126.182350	1.000000
0.000000	-3750.782471	-15945.954102	1.000000
0.000000	872.363708	3.642926	1.000000
0.000000	-8891.878906	12941.199219	1.000000
0.000000	-862.556641	-3282.911621	1.000000
0.000000	930.519714	680.151062	1.000000
0.000000	394.100189	-277.032166	1.000000
0.000000	-5539.213379	-20494.146484	1.000000
0.000000	7.621310	-431.133331	1.000000
0.000000	22485.097656	-24703.501953	1.000000
0.000000	-372.675568	-255.593491	1.000000
0.000000	-3300464.250000	1376390.750000	1.000000
0.000000	-18027.169922	-1360.706177	1.000000
0.000000	-102.980461	674.766602	1.000000
0.000000	194.104218	-444.329010	1.000000
0.000000	6718.976074	2602.603516	1.000000
0.000000	-26034.287109	-23331.707031	1.000000
0.000000	-586712.625000	317528.593750	1.000000
0.000000	-108536.234375	248986.203125	1.000000
0.000000	37917.914062	-56191.003906	1.000000
0.000000	668.640869	-1802.266724	1.000000
0.000000	172.157120	260.828033	1.000000
0.000000	-244.267731	-321.893982	1.000000
0.000000	-416.461792	782.001343	1.000000
0.000000	4112436.000000	2116301.500000	1.000000
0.000000	271.442535	231.748001	1.000000
0.000000	-45316.722656	76059.343750	1.000000
0.000000	799.717102	1738.811523	1.000000
0.000000	4933.445801	12537.151367	1.000000
0.000000	608.876892	1503.109375	1.000000
0.000000	-44172.050781	2443.442139	1.000000
0.000000	245627.828125	-842228.687500	1.000000
0.000000	-320.938080	-186.083359	1.000000
0.000000	549.146790	-122.055199	1.000000
0.000000	-32940.652344	-140104.515625	1.000000
0.000000	-14372.129883	-13466.562500	1.000000
0.000000	-486.541504	-87.480385	1.000000
0.000000	-323728.906250	730136.875000	1.000000
0.000000	-31272.035156	-19618.242188	1.000000
0.000000	-518.205933	-1123.131958	1.000000
0.000000	175.937546	-456.296295	1.000000
0.000000	-3529.018066	-12805.865234	1.000000
0.000000	122.303604	-418.743561	1.000000
0.000000	3232.358398	2898.493164	1.000000
0.000000	77.954468	96.279564	1.000000
0.000000	799048.312500	-982912.687500	1.000000
0.000000	-483.063812	425.276733	1.000000
0.000000	-3181.195557	-2120.448486	1.000000
0.000000	-48.654339	2999.027588	1.000000
0.000000	-389.450745	372.093292	1.000000
0.000000	19799.865234	10629.515625	1.000000
0.000000	173.297760	568.616150	1.000000
0.000000	-3461.425293	-1945.053833	1.000000
0.000000	65132.371094	112756.476562	1.000000
0.000000	342.309296	281.692108	1.000000
0.000000	484892.843750	100904.453125	1.000000
0.000000	-314.990448	301.581055	1.000000
0.000000	78.944420	393.262329	1.000000
0.000000	336.949677	214.511902	1.000000
0.000000	-390.087891	-102.250595	1.000000
0.000000	-52383.574219	-2919.419189	1.000000
0.000000	11450.012695	1462.896851	1.000000
0.000000	-51.484779	-280.165741	1.000000
0.000000	61.436764	1668.498047	1.000000
0.000000	-7877.699707	-93236.890625	1.000000
0.000000	-625.634644	1031.191650	1.000000
0.000000	-108.045280	373.996948	1.000000
0.000000	421.881866	-104.831276	1.000000
0.000000	61.476269	437.886658	1.000000
0.000000	-42972.878906	-77659.882812	1.000000
0.000000	226.676102	-1150.283447	1.000000
0.000000	35.072891	406.617676	1.000000
0.000000	-129.963058	-105.542824	1.000000
0.000000	-467.899292	807.264526	1.000000
0.000000	459.843170	-3.017741	1.000000
0.000000	239.171814	1093.040161	1.000000
0.000000	-224.830353	244.637802	1.000000
0.000000	318.118866	571.533997	1.000000
0.000000	-11090.936523	547.975525	1.000000
0.000000	28171368.000000	16549397.000000	1.000000
0.000000	368.335541	-704.276245	1.000000
0.000000	-32738.882812	266714.687500	1.000000
0.000000	-321.385376	2.919774	1.000000
0.000000	1559.167480	2624.043457	1.000000
0.000000	4453.533691	10700.719727	1.000000
0.000000	-48432.953125	-126250.796875	1.000000
0.000000	-24.591646	-558.167847	1.000000
0.000000	1929694.125000	165286.234375	1.000000
0.000000	-180026.796875	-177937.812500	1.000000
0.000000	-70280.507812	13686.909180	1.000000
0.000000	318.508636	-190.528809	1.000000
0.000000	-131138.187500	15047.693359	1.000000
0.000000	-1151.395386	275.050537	1.000000
0.000000	-1382.695435	931.715332	1.000000
0.000000	-1209.689697	1255.234253	1.000000
0.000000	49280.886719	57639.187500	1.000000
0.000000	83806.507812	3629.122803	1.000000
0.000000	1142.186157	-375.759155	1.000000
0.000000	-433.066376	-314.593781	1.000000
0.000000	-1589278.625000	-1200867.375000	1.000000
0.000000	-355.377686	166.318192	1.000000
0.000000	2590553.750000	19444.390625	1.000000
0.000000	165.746277	-265.080841	1.000000
0.000000	-10499.640625	13265.556641	1.000000
0.000000	1826645.375000	135333.484375	1.000000
0.000000	-1554.918579	878.793457	1.000000
0.000000	352.782257	68.694374	1.000000
0.000000	419.853760	-76.466904	1.000000
0.000000	380.827087	910.554504	1.000000
0.000000	-10676.231445	7479.430176	1.000000
0.000000	-455.213501	177.494324	1.000000
0.000000	27337.220703	25982.941406	1.000000
0.000000	135.482452	351.666779	1.000000
0.000000	276.829803	582.090027	1.000000
0.000000	-126.952522	-9034.400391	1.000000
0.000000	-5684.895996	9775.039062	1.000000
0.000000	459204.968750	25521.097656	1.000000
0.000000	-1094.010498	1128.944336	1.000000
0.000000	2244.391113	-5210.568848	1.000000
0.000000	3488.706543	-2173.284424	1.000000
0.000000	186.195953	141.830154	1.000000
0.000000	295.074127	222.766968	1.000000
0.000000	930.420654	-814.505249	1.000000
0.000000	1217.176636	11647.817383	1.000000
0.000000	17959.820312	-23801.599609	1.000000
0.000000	402.251923	-22.710876	1.000000
0.000000	-8.681167	-291.119476	1.000000
0.000000	1078.702393	1220.487061	1.000000
0.000000	493.071106	-47.759007	1.000000
0.000000	119.945076	252.191116	1.000000
0.000000	-1358.058594	157.512268	1.000000
0.000000	75389.796875	-7399.858398	1.000000
0.000000	103.344948	480.912109	1.000000
0.000000	-129.061600	-720.712036	1.000000
0.000000	1173.523682	-9519.802734	1.000000
0.000000	315.699982	357.745850	1.000000
0.000000	298.481018	270.909454	1.000000
0.000000	-3825.937744	-4534.196777	1.000000
0.000000	592.014771	245.418503	1.000000
0.000000	-2092.447754	-3015.526611	1.000000
0.000000	39.261654	343.571716	1.000000
0.000000	22256.046875	39171.757812	1.000000
0.000000	428.461029	-23.640970	1.000000
0.000000	962.927917	-548.491028	1.000000
0.000000	1320.042236	739.527283	1.000000
0.000000	-322.978424	711.768066	1.000000
0.000000	190.575302	-375.377838	1.000000
0.000000	9623.463867	4777.512207	1.000000
0.000000	-92642.265625	-330262.718750	1.000000
0.000000	8062.507324	16952.175781	1.000000
0.000000	260.707031	-244.273087	1.000000
0.000000	3424.399170	-840.109253	1.000000
0.000000	-423298.937500	-82009.421875	1.000000
0.000000	-44105600.000000	-10494824.000000	1.000000
0.000000	6057.770508	-4516.239746	1.000000
0.000000	-317.266693	227.010651	1.000000
0.000000	1093.293945	-1658.087524	1.000000
0.000000	5793.317383	308.998169	1.000000
0.000000	-332.277466	-127.964211	1.000000
0.000000	-559.666565	1012.908081	1.000000
0.000000	-18767.986328	-5.282054	1.000000
0.000000	-704.297058	-159.102097	1.000000
0.000000	307.313873	-422.444794	1.000000
0.000000	14615.035156	-11009.377930	1.000000
