0.000000	31434.359375	455872.500000	1.000000
0.000000	215030.750000	175347.515625	1.000000
0.000000	1202.411865	-12884.709961	1.000000
0.000000	-413.899231	647.117737	1.000000
0.000000	16880.216797	27284.593750	1.000000
0.000000	-13589.047852	730.372742	1.000000
0.000000	-586.458191	-2502.059326	1.000000
0.000000	-595409.312500	1523932.125000	1.000000
0.000000	3628.840576	-2109.946289	1.000000
0.000000	9292453.000000	3386659.750000	1.000000
0.000000	78697400.000000	19959642.000000	1.000000
0.000000	-381.774292	-213.844360	1.000000
0.000000	-347.193665	193.689575	1.000000
0.000000	88.511436	-353.897736	1.000000
0.000000	-73337376.000000	-31090268.000000	1.000000
0.000000	831.049377	-4464.897949	1.000000
0.000000	400.481445	-516.048706	1.000000
0.000000	-6227.474121	7900.654297	1.000000
0.000000	-987.053650	106.408722	1.000000
0.000000	-341.293610	390.847687	1.000000
0.000000	945.539368	8117.272461	1.000000
0.000000	10345.312500	85089.757812	1.000000
0.000000	-69.041435	930.723755	1.000000
0.000000	313.044647	19.281952	1.000000
0.000000	-207049.078125	-53413.925781	1.000000
0.000000	525.151794	-50.233185	1.000000
0.000000	10385.612305	35264.425781	1.000000
0.000000	-4037.227295	11558.462891	1.000000
0.000000	506.250305	-234.268463	1.000000
0.000000	-61356.601562	-273296.843750	1.000000
0.000000	5106.536133	-8814.089844	1.000000
0.000000	4987.633789	934.021362	1.000000
0.000000	-367.430359	505.445526	1.000000
0.000000	-618.687195	-131.278061	1.000000
0.000000	-327.421234	-102.718521	1.000000
0.000000	4963.910156	2827.429932	1.000000
0.000000	-94.010139	-108.367531	1.000000
0.000000	-5825.254395	-1576.109253	1.000000
0.000000	-246243.890625	-73837.343750	1.000000
0.000000	-46649.167969	-6228.195801	1.000000
0.000000	552.400696	160.591171	1.000000
0.000000	603.863831	-77.617966	1.000000
0.000000	-2.843305	348.945068	1.000000
0.000000	-130.438004	-235.326767	1.000000
0.000000	61.574856	345.191254	1.000000
0.000000	-602.358704	-170.107162	1.000000
0.000000	-3990.038086	3291.037598	1.000000
0.000000	-889.944092	520.979553	1.000000
0.000000	-136.558975	-365.212524	1.000000
0.000000	-362.907532	-103.898598	1.000000
0.000000	7150.263184	6267.982422	1.000000
0.000000	-928.341492	1602.222290	1.000000
0.000000	-35.073318	1258.222168	1.000000
0.000000	-3459.944092	-11560.231445	1.000000
0.000000	401.253113	-2.960467	1.000000
0.000000	-13.874548	-374.353516	1.000000
0.000000	238.267685	114.039108	1.000000
0.000000	29405522.000000	-21550876.000000	1.000000
0.000000	-641.384094	1725.737915	1.000000
0.000000	427.147797	601.664856	1.000000
0.000000	1657.449341	26149.806641	1.000000
0.000000	3304.682129	-1748.885254	1.000000
0.000000	-146.504822	-343.610657	1.000000
0.000000	218.667816	-451.566437	1.000000
0.000000	5320.436035	-2984.188965	1.000000
0.000000	401162.812500	-1051564.750000	1.000000
0.000000	40115.640625	142485.500000	1.000000
0.000000	899154304.000000	-490293056.000000	1.000000
0.000000	5048.819336	-14952.154297	1.000000
0.000000	-11819835.000000	-661175.687500	1.000000
0.000000	10665.319336	-15025.696289	1.000000
0.000000	-50.568874	-459.429901	1.000000
0.000000	-349.032959	-836.254089	1.000000
0.000000	-401.011047	918.670654	1.000000
0.000000	424203.937500	2465.246826	1.000000
0.000000	-9444.248047	10615.465820	1.000000
0.000000	-273.247589	514.795959	1.000000
0.000000	23.676998	-386.301483	1.000000
0.000000	3431.728027	-13387.415039	1.000000
0.000000	-935690816.000000	516809408.000000	1.000000
0.000000	1333545.500000	80337.859375	1.000000
0.000000	370862.437500	-121747.703125	1.000000
0.000000	282344.500000	227426.906250	1.000000
0.000000	24812.462891	-23090.417969	1.000000
0.000000	2203343.750000	933539.437500	1.000000
0.000000	-203.810898	303.334778	1.000000
0.000000	-7.673943	-55.242298	1.000000
0.000000	-3105.438721	-292.310791	1.000000
0.000000	-1682.487427	1816.232056	1.000000
0.000000	143.753387	365.298462	1.000000
0.000000	-13.109411	-140.914642	1.000000
0.000000	-1306.519897	1074.833374	1.000000
0.000000	994.307190	-238.765686	1.000000
0.000000	255.889084	-89.610184	1.000000
0.000000	-4355021.000000	2416277.250000	1.000000
0.000000	1189.243896	660.695496	1.000000
0.000000	-216.845016	-88071.031250	1.000000
0.000000	1711789.125000	-2028472.500000	1.000000
0.000000	830.070923	-1417.932617	1.000000
0.000000	-184.729309	-5356.235840	1.000000
0.000000	691415.187500	-227527.843750	1.000000
0.000000	12310197.000000	-6573529.500000	1.000000
0.000000	-21967.373047	-21600.167969	1.000000
0.000000	170762.828125	-24581.792969	1.000000
0.000000	-15.446732	269.029083	1.000000
0.000000	378.670868	-60.704483	1.000000
0.000000	531.461121	-1811.744873	1.000000
0.000000	-209.703247	-311.471100	1.000000
0.000000	140.192871	-353.886810	1.000000
0.000000	-909.038086	1157.433716	1.000000
0.000000	-299.226990	-3090.138916	1.000000
0.000000	-53959.820312	119833.890625	1.000000
0.000000	121.215729	332.098145	1.000000
0.000000	-439.294647	49.343266	1.000000
0.000000	-45.900028	-1052.165405	1.000000
0.000000	-64536.433594	15491.488281	1.000000
0.000000	2461.115967	870.178040	1.000000
0.000000	55852.519531	149638.984375	1.000000
0.000000	-13318.295898	6575.073242	1.000000
0.000000	-41849.847656	-29733.476562	1.000000
0.000000	-8383.700195	13861.402344	1.000000
0.000000	385.749512	378.730591	1.000000
0.000000	-374.192444	228.958267	1.000000
0.000000	1616.089355	3118.739014	1.000000
0.000000	713.907104	-436.985199	1.000000
0.000000	1869.122314	55.853645	1.000000
0.000000	582.971436	-619.011780	1.000000
0.000000	13972.892578	-14320.910156	1.000000
0.000000	-371.736938	-178.683823	1.000000
0.000000	-1198.137207	1446.740356	1.000000
0.000000	290.252838	313.958527	1.000000
0.000000	-13259.252930	-3001.072510	1.000000
0.000000	-28715.003906	-61576.671875	1.000000
0.000000	1743.656982	8122.165039	1.000000
0.000000	-2480.621094	1783.305176	1.000000
0.000000	166.708038	-182.227127	1.000000
0.000000	17.981812	152.061188	1.000000
0.000000	-3772.681885	-15972.907227	1.000000
0.000000	839.219788	-5.984562	1.000000
0.000000	-8857.513672	12938.503906	1.000000
0.000000	-872.958862	-3250.062500	1.000000
0.000000	934.267883	645.870056	1.000000
0.000000	360.387726	-269.704285	1.000000
0.000000	-5573.241699	-20499.537109	1.000000
0.000000	5.806448	-396.683868	1.000000
0.000000	22494.531250	-24669.810547	1.000000
0.000000	-349.407440	-230.114365	1.000000
0.000000	-3300464.250000	1376390.750000	1.000000
0.000000	-18015.041016	-1328.530884	1.000000
0.000000	-88.472099	643.475708	1.000000
0.000000	182.607025	-411.795746	1.000000
0.000000	6707.857910	2635.284180	1.000000
0.000000	-26066.630859	-23342.488281	1.000000
0.000000	-586712.625000	317507.031250	1.000000
0.000000	-108536.234375	249018.546875	1.000000
0.000000	37952.953125	-56191.003906	1.000000
0.000000	646.320312	-1775.987427	1.000000
0.000000	155.585159	230.568954	1.000000
0.000000	-236.381836	-355.480103	1.000000
0.000000	-407.049255	748.815308	1.000000
0.000000	4112436.000000	2116301.500000	1.000000
0.000000	237.624771	224.936020	1.000000
0.000000	-45303.246094	76027.000000	1.000000
0.000000	768.594666	1723.903076	1.000000
0.000000	4900.091309	12545.911133	1.000000
0.000000	612.288147	1537.474609	1.000000
0.000000	-44147.792969	2418.173584	1.000000
0.000000	245660.171875	-842228.687500	1.000000
0.000000	-289.731415	-171.385483	1.000000
0.000000	514.739441	-124.713661	1.000000
0.000000	-32954.128906	-140072.171875	1.000000
0.000000	-14360.674805	-13498.906250	1.000000
0.000000	-452.092041	-85.732643	1.000000
0.000000	-323685.781250	730136.875000	1.000000
0.000000	-31301.683594	-19635.761719	1.000000
0.000000	-487.016144	-1108.391968	1.000000
0.000000	166.619766	-423.089203	1.000000
0.000000	-3562.035645	-12795.757812	1.000000
0.000000	112.327789	-385.725983	1.000000
0.000000	3222.082520	2931.342285	1.000000
0.000000	61.625046	126.670265	1.000000
0.000000	799091.437500	-982912.687500	1.000000
0.000000	-449.035492	419.528137	1.000000
0.000000	-3214.213135	-2110.677979	1.000000
0.000000	-41.405422	2965.336182	1.000000
0.000000	-365.108704	347.645966	1.000000
0.000000	19817.384766	10599.867188	1.000000
0.000000	139.290497	574.427917	1.000000
0.000000	-3428.576172	-1934.272583	1.000000
0.000000	65121.589844	112724.132812	1.000000
0.000000	316.872284	258.381866	1.000000
0.000000	484892.843750	100872.109375	1.000000
0.000000	-290.037750	277.765442	1.000000
0.000000	79.381355	358.770752	1.000000
0.000000	331.032623	180.525696	1.000000
0.000000	-355.659485	-100.055389	1.000000
0.000000	-52397.050781	-2950.752197	1.000000
0.000000	11431.819336	1433.585327	1.000000
0.000000	-60.860466	-246.961517	1.000000
0.000000	41.290356	1696.546143	1.000000
0.000000	-7876.015137	-93204.546875	1.000000
0.000000	-604.956543	1058.818604	1.000000
0.000000	-85.250938	348.096680	1.000000
0.000000	388.906403	-94.687004	1.000000
0.000000	59.586391	403.437195	1.000000
0.000000	-42945.925781	-77681.445312	1.000000
0.000000	253.639755	-1128.720947	1.000000
0.000000	17.115335	377.158752	1.000000
0.000000	-114.523582	-136.395355	1.000000
0.000000	-464.740723	772.899292	1.000000
0.000000	435.732758	21.659088	1.000000
0.000000	230.970062	1059.517212	1.000000
0.000000	-208.690063	214.147079	1.000000
0.000000	290.323456	551.108582	1.000000
0.000000	-11056.571289	550.502380	1.000000
0.000000	28171368.000000	16549397.000000	1.000000
0.000000	345.067413	-678.797119	1.000000
0.000000	-32752.359375	266736.250000	1.000000
0.000000	-286.893799	3.796442	1.000000
0.000000	1530.445557	2643.079102	1.000000
0.000000	4487.225098	10692.633789	1.000000
0.000000	-48467.992188	-126250.796875	1.000000
0.000000	5.696765	-541.659058	1.000000
0.000000	1929694.125000	165264.671875	1.000000
0.000000	-180059.140625	-177937.812500	1.000000
0.000000	-70253.554688	13706.450195	1.000000
0.000000	297.767365	-162.965027	1.000000
0.000000	-131127.406250	15014.675781	1.000000
0.000000	-1120.651978	259.447205	1.000000
0.000000	-1361.048706	958.542114	1.000000
0.000000	-1200.761475	1221.879761	1.000000
0.000000	49272.800781	57606.843750	1.000000
0.000000	83833.460938	3649.843018	1.000000
0.000000	1109.337036	-386.245605	1.000000
0.000000	-402.407196	-298.779877	1.000000
0.000000	-1589278.625000	-1200867.375000	1.000000
0.000000	-322.086365	157.253098	1.000000
0.000000	2590553.750000	19413.394531	1.000000
0.000000	153.764771	-232.729507	1.000000
0.000000	-10479.425781	13237.255859	1.000000
0.000000	1826645.375000	135355.046875	1.000000
0.000000	-1558.877319	844.512451	1.000000
0.000000	319.154022	60.996964	1.000000
0.000000	391.152893	-57.315445	1.000000
0.000000	408.369812	931.316833	1.000000
0.000000	-10652.647461	7454.161621	1.000000
0.000000	-421.395752	170.661285	1.000000
0.000000	27335.873047	25947.902344	1.000000
0.000000	110.298134	328.082794	1.000000
0.000000	275.271576	547.640564	1.000000
0.000000	-93.392723	-9042.486328	1.000000
0.000000	-5650.530762	9774.365234	1.000000
0.000000	459183.406250	25546.703125	1.000000
0.000000	-1061.666748	1116.983887	1.000000
0.000000	2216.595703	-5231.120605	1.000000
0.000000	3488.032715	-2138.750732	1.000000
0.000000	167.328766	112.950302	1.000000
0.000000	265.573090	204.889465	1.000000
0.000000	945.286987	-783.382812	1.000000
0.000000	1213.217896	11682.182617	1.000000
0.000000	17993.511719	-23794.861328	1.000000
0.000000	367.844574	-20.202446	1.000000
0.000000	-10.613816	-256.670013	1.000000
0.000000	1107.340088	1201.282959	1.000000
0.000000	458.579529	-46.877239	1.000000
0.000000	114.412315	218.141739	1.000000
0.000000	-1390.907715	146.994232	1.000000
0.000000	75357.453125	-7403.564453	1.000000
0.000000	94.158775	447.662903	1.000000
0.000000	-163.563705	-720.712036	1.000000
0.000000	1175.713623	-9554.167969	1.000000
0.000000	294.832367	330.266296	1.000000
0.000000	272.159607	248.592392	1.000000
0.000000	-3841.772705	-4564.855957	1.000000
0.000000	557.986450	239.796249	1.000000
0.000000	-2064.820801	-2994.974854	1.000000
0.000000	24.721706	312.280823	1.000000
0.000000	22250.656250	39136.718750	1.000000
0.000000	393.969452	-23.754152	1.000000
0.000000	928.436340	-549.080627	1.000000
0.000000	1290.225342	722.176208	1.000000
0.000000	-321.546539	677.318604	1.000000
0.000000	168.812759	-348.614227	1.000000
0.000000	9605.944336	4807.160645	1.000000
0.000000	-92658.437500	-330241.156250	1.000000
0.000000	8028.142090	16950.828125	1.000000
0.000000	238.449646	-217.909561	1.000000
0.000000	3413.112549	-872.747803	1.000000
0.000000	-423320.500000	-81982.468750	1.000000
0.000000	-44105600.000000	-10494824.000000	1.000000
0.000000	6042.272461	-4546.898926	1.000000
0.000000	-304.169159	195.088043	1.000000
0.000000	1063.055908	-1674.680542	1.000000
0.000000	5820.270508	330.434326	1.000000
0.000000	-300.249573	-115.135155	1.000000
0.000000	-525.217102	1014.592651	1.000000
0.000000	-18773.376953	28.780769	1.000000
0.000000	-669.805481	-158.143997	1.000000
0.000000	303.376190	-388.163788	1.000000
0.000000	14583.365234	-11022.854492	1.000000
