0.000000	31414.437500	455891.250000	1.000000
0.000000	215040.125000	175375.640625	1.000000
0.000000	1206.879639	-12914.592773	1.000000
0.000000	-383.906555	646.678284	1.000000
0.000000	16877.873047	27254.125000	1.000000
0.000000	-13559.750977	723.597839	1.000000
0.000000	-559.541687	-2515.242920	1.000000
0.000000	-595446.812500	1523932.125000	1.000000
0.000000	3644.221436	-2084.165039	1.000000
0.000000	9292453.000000	3386659.750000	1.000000
0.000000	78697400.000000	19959642.000000	1.000000
0.000000	-410.723267	-221.699585	1.000000
0.000000	-361.402649	220.111694	1.000000
0.000000	87.408226	-383.872101	1.000000
0.000000	-73337376.000000	-31090268.000000	1.000000
0.000000	857.160217	-4450.249512	1.000000
0.000000	407.512695	-545.199097	1.000000
0.000000	-6243.001465	7926.435547	1.000000
0.000000	-986.980408	76.406891	1.000000
0.000000	-351.584137	419.027618	1.000000
0.000000	951.984680	8146.569336	1.000000
0.000000	10372.265625	85103.820312	1.000000
0.000000	-74.845879	960.167114	1.000000
0.000000	335.127167	-1.023399	1.000000
0.000000	-207030.328125	-53435.019531	1.000000
0.000000	555.071228	-47.884857	1.000000
0.000000	10385.026367	35233.957031	1.000000
0.000000	-4066.670654	11552.603516	1.000000
0.000000	532.471008	-248.843658	1.000000
0.000000	-61326.132812	-273296.843750	1.000000
0.000000	5088.665039	-8790.066406	1.000000
0.000000	5016.637695	941.418823	1.000000
0.000000	-395.097595	517.054382	1.000000
0.000000	-640.623230	-110.834335	1.000000
0.000000	-350.858734	-121.431900	1.000000
0.000000	4991.156250	2839.881104	1.000000
0.000000	-121.910835	-119.395058	1.000000
0.000000	-5848.398926	-1595.078979	1.000000
0.000000	-246234.515625	-73865.468750	1.000000
0.000000	-46625.730469	-6246.359863	1.000000
0.000000	575.545227	179.689072	1.000000
0.000000	621.185608	-102.103745	1.000000
0.000000	-3.112670	378.937744	1.000000
0.000000	-143.951187	-262.108032	1.000000
0.000000	65.304138	374.964203	1.000000
0.000000	-613.674622	-142.320908	1.000000
0.000000	-3965.428711	3273.898926	1.000000
0.000000	-906.972900	545.698792	1.000000
0.000000	-143.159927	-394.472778	1.000000
0.000000	-392.259338	-110.069252	1.000000
0.000000	7180.145996	6264.759766	1.000000
0.000000	-944.711121	1577.100220	1.000000
0.000000	-52.125015	1233.539551	1.000000
0.000000	-3477.375732	-11535.622070	1.000000
0.000000	428.956970	8.544470	1.000000
0.000000	-13.132971	-404.346191	1.000000
0.000000	268.247467	112.999985	1.000000
0.000000	29405522.000000	-21550876.000000	1.000000
0.000000	-665.554016	1743.462524	1.000000
0.000000	407.390717	624.260071	1.000000
0.000000	1641.995239	26124.025391	1.000000
0.000000	3316.107910	-1776.644043	1.000000
0.000000	-162.288513	-369.117249	1.000000
0.000000	234.854340	-476.816681	1.000000
0.000000	5301.979004	-3007.772949	1.000000
0.000000	401181.562500	-1051564.750000	1.000000
0.000000	40089.859375	142466.750000	1.000000
0.000000	899154304.000000	-490293056.000000	1.000000
0.000000	5029.483398	-14975.005859	1.000000
0.000000	-11819835.000000	-661138.187500	1.000000
0.000000	10680.553711	-14999.915039	1.000000
0.000000	-59.431179	-488.085907	1.000000
0.000000	-371.683105	-855.919617	1.000000
0.000000	-371.036682	917.645264	1.000000
0.000000	424166.437500	2457.776123	1.000000
0.000000	-9473.544922	10608.434570	1.000000
0.000000	-302.361359	507.581604	1.000000
0.000000	21.049435	-416.184296	1.000000
0.000000	3434.657715	-13417.297852	1.000000
0.000000	-935690816.000000	516809408.000000	1.000000
0.000000	1333545.500000	80365.984375	1.000000
0.000000	370899.937500	-121752.390625	1.000000
0.000000	282307.000000	227436.281250	1.000000
0.000000	24785.509766	-23076.355469	1.000000
0.000000	2203343.750000	933501.937500	1.000000
0.000000	-219.612900	328.841370	1.000000
0.000000	-36.951717	-61.783741	1.000000
0.000000	-3086.688721	-268.873291	1.000000
0.000000	-1686.003052	1846.041626	1.000000
0.000000	157.587006	391.921997	1.000000
0.000000	-20.817007	-169.909393	1.000000
0.000000	-1335.450562	1066.923218	1.000000
0.000000	1019.648987	-254.833191	1.000000
0.000000	262.554260	-60.359371	1.000000
0.000000	-4355021.000000	2416277.250000	1.000000
0.000000	1215.171631	675.746765	1.000000
0.000000	-246.205978	-88075.718750	1.000000
0.000000	1711789.125000	-2028472.500000	1.000000
0.000000	835.673950	-1388.489258	1.000000
0.000000	-160.065002	-5373.228027	1.000000
0.000000	691415.187500	-227555.968750	1.000000
0.000000	12310197.000000	-6573529.500000	1.000000
0.000000	-21974.404297	-21629.464844	1.000000
0.000000	170790.953125	-24599.371094	1.000000
0.000000	-28.356812	296.110382	1.000000
0.000000	407.381805	-69.428596	1.000000
0.000000	502.420593	-1819.215576	1.000000
0.000000	-229.442017	-334.066315	1.000000
0.000000	151.115112	-381.828705	1.000000
0.000000	-917.644043	1186.144653	1.000000
0.000000	-328.304138	-3082.814697	1.000000
0.000000	-53990.289062	119833.890625	1.000000
0.000000	131.820465	360.168213	1.000000
0.000000	-468.316864	56.942142	1.000000
0.000000	-17.049473	-1043.962280	1.000000
0.000000	-64510.652344	15475.082031	1.000000
0.000000	2470.051514	898.815735	1.000000
0.000000	55875.957031	149657.734375	1.000000
0.000000	-13347.006836	6565.698242	1.000000
0.000000	-41873.285156	-29715.898438	1.000000
0.000000	-8359.090820	13878.394531	1.000000
0.000000	412.849121	391.584595	1.000000
0.000000	-396.293274	249.255508	1.000000
0.000000	1637.695801	3097.938232	1.000000
0.000000	742.874390	-444.803802	1.000000
0.000000	1849.859619	32.860176	1.000000
0.000000	588.830811	-648.418518	1.000000
0.000000	13966.447266	-14350.207031	1.000000
0.000000	-397.316772	-194.348495	1.000000
0.000000	-1209.489746	1418.981567	1.000000
0.000000	311.694489	334.942413	1.000000
0.000000	-13229.956055	-3007.664307	1.000000
0.000000	-28733.753906	-61600.109375	1.000000
0.000000	1760.063232	8147.360352	1.000000
0.000000	-2462.310547	1759.574707	1.000000
0.000000	194.155548	-194.330399	1.000000
0.000000	-1.861100	129.557526	1.000000
0.000000	-3753.638916	-15949.469727	1.000000
0.000000	868.040588	2.387158	1.000000
0.000000	-8887.396484	12940.847656	1.000000
0.000000	-863.913452	-3278.626953	1.000000
0.000000	931.008606	675.679626	1.000000
0.000000	389.702911	-276.076355	1.000000
0.000000	-5543.651855	-20494.849609	1.000000
0.000000	7.384589	-426.639923	1.000000
0.000000	22486.328125	-24699.107422	1.000000
0.000000	-369.640594	-252.270126	1.000000
0.000000	-3300464.250000	1376390.750000	1.000000
0.000000	-18025.587891	-1356.509399	1.000000
0.000000	-101.088066	670.685181	1.000000
0.000000	192.604584	-440.085541	1.000000
0.000000	6717.525879	2606.866211	1.000000
0.000000	-26038.505859	-23333.113281	1.000000
0.000000	-586712.625000	317525.781250	1.000000
0.000000	-108536.234375	248990.421875	1.000000
0.000000	37922.484375	-56191.003906	1.000000
0.000000	665.729492	-1798.838989	1.000000
0.000000	169.995560	256.881195	1.000000
0.000000	-243.239136	-326.274780	1.000000
0.000000	-415.234070	777.672729	1.000000
0.000000	4112436.000000	2116301.500000	1.000000
0.000000	267.031525	230.859482	1.000000
0.000000	-45314.964844	76055.125000	1.000000
0.000000	795.657654	1736.866943	1.000000
0.000000	4929.095215	12538.293945	1.000000
0.000000	609.321838	1507.591797	1.000000
0.000000	-44168.886719	2440.146240	1.000000
0.000000	245632.046875	-842228.687500	1.000000
0.000000	-316.867645	-184.166245	1.000000
0.000000	544.658875	-122.401955	1.000000
0.000000	-32942.410156	-140100.296875	1.000000
0.000000	-14370.635742	-13470.781250	1.000000
0.000000	-482.048096	-87.252419	1.000000
0.000000	-323723.281250	730136.875000	1.000000
0.000000	-31275.902344	-19620.527344	1.000000
0.000000	-514.135498	-1121.209351	1.000000
0.000000	174.722183	-451.964935	1.000000
0.000000	-3533.324707	-12804.546875	1.000000
0.000000	121.002411	-414.436920	1.000000
0.000000	3231.018066	2902.777832	1.000000
0.000000	75.824493	100.243568	1.000000
0.000000	799053.937500	-982912.687500	1.000000
0.000000	-478.625336	424.526917	1.000000
0.000000	-3185.502197	-2119.174072	1.000000
0.000000	-47.708828	2994.633057	1.000000
0.000000	-386.275696	368.904510	1.000000
0.000000	19802.150391	10625.648438	1.000000
0.000000	168.862030	569.374207	1.000000
0.000000	-3457.140625	-1943.647583	1.000000
0.000000	65130.964844	112752.257812	1.000000
0.000000	338.991425	278.651642	1.000000
0.000000	484892.843750	100900.234375	1.000000
0.000000	-311.735748	298.474670	1.000000
0.000000	79.001411	388.763428	1.000000
0.000000	336.177887	210.078918	1.000000
0.000000	-385.597229	-101.964264	1.000000
0.000000	-52385.332031	-2923.506104	1.000000
0.000000	11447.639648	1459.073608	1.000000
0.000000	-52.707695	-275.834381	1.000000
0.000000	58.808971	1672.156494	1.000000
0.000000	-7877.479980	-93232.671875	1.000000
0.000000	-622.937500	1034.795166	1.000000
0.000000	-105.072105	370.618652	1.000000
0.000000	417.580719	-103.508110	1.000000
0.000000	61.229763	433.393250	1.000000
0.000000	-42969.363281	-77662.695312	1.000000
0.000000	230.193100	-1147.470947	1.000000
0.000000	32.730743	402.775208	1.000000
0.000000	-127.949791	-109.567253	1.000000
0.000000	-467.487305	802.782104	1.000000
0.000000	456.698334	0.200995	1.000000
0.000000	238.102020	1088.667603	1.000000
0.000000	-222.725098	240.660751	1.000000
0.000000	314.493378	568.869812	1.000000
0.000000	-11086.454102	548.305115	1.000000
0.000000	28171368.000000	16549397.000000	1.000000
0.000000	365.300568	-700.952881	1.000000
0.000000	-32740.640625	266717.500000	1.000000
0.000000	-316.886475	3.034122	1.000000
0.000000	1555.421143	2626.526367	1.000000
0.000000	4457.928223	10699.665039	1.000000
0.000000	-48437.523438	-126250.796875	1.000000
0.000000	-20.641031	-556.014526	1.000000
0.000000	1929694.125000	165283.421875	1.000000
0.000000	-180031.015625	-177937.812500	1.000000
0.000000	-70276.992188	13689.458008	1.000000
0.000000	315.803253	-186.933533	1.000000
0.000000	-131136.781250	15043.386719	1.000000
0.000000	-1147.385376	273.015320	1.000000
0.000000	-1379.871948	935.214478	1.000000
0.000000	-1208.525146	1250.883667	1.000000
0.000000	49279.832031	57634.968750	1.000000
0.000000	83810.023438	3631.825439	1.000000
0.000000	1137.901489	-377.126953	1.000000
0.000000	-429.067352	-312.531097	1.000000
0.000000	-1589278.625000	-1200867.375000	1.000000
0.000000	-351.035339	165.135788	1.000000
0.000000	2590553.750000	19440.347656	1.000000
0.000000	164.183472	-260.862091	1.000000
0.000000	-10497.003906	13261.865234	1.000000
0.000000	1826645.375000	135336.296875	1.000000
0.000000	-1555.434937	874.322021	1.000000
0.000000	348.395966	67.690498	1.000000
0.000000	416.110168	-73.968887	1.000000
0.000000	384.419617	913.262634	1.000000
0.000000	-10673.155273	7476.134277	1.000000
0.000000	-450.802490	176.603058	1.000000
0.000000	27337.044922	25978.371094	1.000000
0.000000	132.197540	348.590607	1.000000
0.000000	276.626556	577.596619	1.000000
0.000000	-122.575157	-9035.455078	1.000000
0.000000	-5680.413574	9774.951172	1.000000
0.000000	459202.156250	25524.437500	1.000000
0.000000	-1089.791748	1127.384277	1.000000
0.000000	2240.765625	-5213.249512	1.000000
0.000000	3488.618652	-2168.780029	1.000000
0.000000	183.735016	138.063217	1.000000
0.000000	291.226166	220.435120	1.000000
0.000000	932.359741	-810.445801	1.000000
0.000000	1216.660278	11652.299805	1.000000
0.000000	17964.214844	-23800.720703	1.000000
0.000000	397.764008	-22.383690	1.000000
0.000000	-8.933251	-286.626068	1.000000
0.000000	1082.437744	1217.982178	1.000000
0.000000	488.572205	-47.643993	1.000000
0.000000	119.223412	247.749893	1.000000
0.000000	-1362.343262	156.140350	1.000000
0.000000	75385.578125	-7400.341797	1.000000
0.000000	102.146751	476.575256	1.000000
0.000000	-133.561874	-720.712036	1.000000
0.000000	1173.809326	-9524.285156	1.000000
0.000000	312.978119	354.161560	1.000000
0.000000	295.047791	267.998077	1.000000
0.000000	-3828.003174	-4538.195801	1.000000
0.000000	587.576294	244.685165	1.000000
0.000000	-2088.844238	-3012.845947	1.000000
0.000000	37.365139	339.490295	1.000000
0.000000	22255.343750	39167.187500	1.000000
0.000000	423.962128	-23.655733	1.000000
0.000000	958.429016	-548.567932	1.000000
0.000000	1316.153076	737.264099	1.000000
0.000000	-322.791656	707.274658	1.000000
0.000000	187.736710	-371.886932	1.000000
0.000000	9621.178711	4781.379395	1.000000
0.000000	-92644.375000	-330259.906250	1.000000
0.000000	8058.024902	16952.000000	1.000000
0.000000	257.803894	-240.834366	1.000000
0.000000	3422.927002	-844.366455	1.000000
0.000000	-423301.750000	-82005.906250	1.000000
0.000000	-44105600.000000	-10494824.000000	1.000000
0.000000	6055.749023	-4520.238770	1.000000
0.000000	-315.558319	222.846832	1.000000
0.000000	1089.349854	-1660.251831	1.000000
0.000000	5796.833008	311.794189	1.000000
0.000000	-328.099915	-126.290855	1.000000
0.000000	-555.173157	1013.127808	1.000000
0.000000	-18768.689453	-0.839071	1.000000
0.000000	-699.798157	-158.977127	1.000000
0.000000	306.800262	-417.973358	1.000000
0.000000	14610.904297	-11011.135742	1.000000
