0.000000	31596.058594	455720.312500	1.000000
0.000000	214954.656250	175119.234375	1.000000
0.000000	1166.148438	-12642.161133	1.000000
0.000000	-657.339783	650.684631	1.000000
0.000000	16899.240234	27531.898438	1.000000
0.000000	-13826.840820	785.362366	1.000000
0.000000	-804.930481	-2395.052490	1.000000
0.000000	-595104.937500	1523932.125000	1.000000
0.000000	3503.999268	-2319.204102	1.000000
0.000000	9292453.000000	3386659.750000	1.000000
0.000000	78697400.000000	19959642.000000	1.000000
0.000000	-146.805115	-150.086121	1.000000
0.000000	-231.879639	-20.788940	1.000000
0.000000	97.465828	-110.564041	1.000000
0.000000	-73337376.000000	-31090268.000000	1.000000
0.000000	619.116394	-4583.794434	1.000000
0.000000	343.411133	-279.298645	1.000000
0.000000	-6101.443848	7691.396484	1.000000
0.000000	-987.648132	349.894928	1.000000
0.000000	-257.768829	162.120590	1.000000
0.000000	893.224915	7879.479492	1.000000
0.000000	10126.542969	84975.617188	1.000000
0.000000	-21.930693	691.741821	1.000000
0.000000	134.711212	181.542664	1.000000
0.000000	-207201.265625	-53242.714844	1.000000
0.000000	282.446320	-69.293777	1.000000
0.000000	10390.368164	35511.730469	1.000000
0.000000	-3798.245361	11606.021484	1.000000
0.000000	293.425598	-115.966469	1.000000
0.000000	-61603.906250	-273296.843750	1.000000
0.000000	5251.589844	-9009.080078	1.000000
0.000000	4752.218750	873.978638	1.000000
0.000000	-142.864624	411.220062	1.000000
0.000000	-440.580139	-297.231415	1.000000
0.000000	-137.140457	49.184788	1.000000
0.000000	4742.762695	2726.367920	1.000000
0.000000	132.449127	-18.862135	1.000000
0.000000	-5637.397949	-1422.138306	1.000000
0.000000	-246319.984375	-73609.062500	1.000000
0.000000	-46839.402344	-6080.764160	1.000000
0.000000	364.660919	5.551812	1.000000
0.000000	463.217224	121.113579	1.000000
0.000000	-0.656911	105.462006	1.000000
0.185707	-21.932953	-18.198748	1.000000
0.000000	31.311773	103.577263	1.000000
0.000000	-510.511200	-395.592926	1.000000
0.000000	-4189.784180	3430.146484	1.000000
0.000000	-751.726929	320.483734	1.000000
0.000000	-82.981247	-127.716759	1.000000
0.000000	-124.628265	-53.813450	1.000000
0.000000	6907.714355	6294.139648	1.000000
0.000000	-795.474670	1806.129761	1.000000
0.000000	103.326134	1458.562744	1.000000
0.000000	-3318.457275	-11759.977539	1.000000
0.000000	174.600037	-91.579529	1.000000
0.225268	-19.903898	-131.765488	1.000000
0.000000	-5.094379	122.473328	1.000000
0.000000	29405522.000000	-21550876.000000	1.000000
0.000000	-445.204895	1581.873169	1.000000
0.000000	587.439453	418.342987	1.000000
0.000000	1782.885132	26359.064453	1.000000
0.000000	3211.942871	-1523.576416	1.000000
0.225268	-18.378050	-135.689072	1.000000
0.000000	87.287201	-246.615234	1.000000
0.000000	5470.245605	-2792.765625	1.000000
0.000000	401010.625000	-1051564.750000	1.000000
0.000000	40324.898438	142637.687500	1.000000
0.000000	899154304.000000	-490293056.000000	1.000000
0.000000	5205.762695	-14766.675781	1.000000
0.000000	-11819835.000000	-661480.062500	1.000000
0.000000	10541.666992	-15234.954102	1.000000
0.000000	21.363918	-226.829346	1.000000
0.000000	-165.225983	-676.635559	1.000000
0.000000	-644.383789	926.993408	1.000000
0.000000	424508.312500	2525.884033	1.000000
0.000000	-9206.455078	10672.536133	1.000000
0.000000	-36.884140	573.352478	1.000000
0.000000	45.004055	-143.752640	1.000000
0.000000	3407.948730	-13144.866211	1.000000
0.000000	-935690816.000000	516809408.000000	1.000000
0.000000	1333545.500000	80109.578125	1.000000
0.000000	370558.062500	-121709.656250	1.000000
0.000000	282648.875000	227350.812500	1.000000
0.000000	25031.232422	-23204.558594	1.000000
0.000000	2203343.750000	933843.812500	1.000000
0.376081	-75.682037	95.605652	1.000000
0.000000	228.473114	0.349880	1.000000
0.000000	-3257.626221	-482.545166	1.000000
0.000000	-1653.952271	1574.277710	1.000000
0.000000	31.470572	149.204117	1.000000
0.000000	49.447956	94.416595	1.000000
0.000000	-1071.699341	1139.037476	1.000000
0.000000	788.616272	-108.356705	1.000000
0.000000	201.716873	-327.009369	1.000000
0.000000	-4355021.000000	2416277.250000	1.000000
0.000000	978.733276	538.529358	1.000000
0.000000	21.463539	-88032.984375	1.000000
0.000000	1711789.125000	-2028472.500000	1.000000
0.000000	784.593018	-1656.914551	1.000000
0.000000	-384.921265	-5218.315918	1.000000
0.000000	691415.187500	-227299.562500	1.000000
0.000000	12310197.000000	-6573529.500000	1.000000
0.000000	-21910.302734	-21362.375000	1.000000
0.000000	170534.546875	-24439.117188	1.000000
0.000000	89.624847	53.030167	1.000000
0.000000	145.054031	11.222082	1.000000
0.000000	767.173401	-1751.107666	1.000000
0.000000	-49.491928	-128.073288	1.000000
0.000000	51.572723	-127.091751	1.000000
0.000000	-839.186401	924.269592	1.000000
0.000000	-63.156822	-3149.587158	1.000000
0.000000	-53712.515625	119833.890625	1.000000
0.000000	39.380424	107.285019	1.000000
0.000000	-203.691208	-12.377838	1.000000
0.000000	-280.071014	-1118.747437	1.000000
0.000000	-64745.691406	15624.652344	1.000000
0.000000	2388.589111	637.735413	1.000000
0.000000	55662.285156	149486.796875	1.000000
0.000000	-13085.258789	6651.166992	1.000000
0.000000	-41659.613281	-29876.152344	1.000000
0.000000	-8583.446289	13723.482422	1.000000
0.000000	165.791016	274.398926	1.000000
0.000000	-194.832718	64.212334	1.000000
0.000000	1440.717041	3287.572021	1.000000
0.000000	478.789337	-373.524200	1.000000
0.000000	2025.471191	242.461182	1.000000
0.000000	535.412842	-380.245117	1.000000
0.000000	14025.207031	-14083.117188	1.000000
0.000000	-164.113937	-51.518372	1.000000
0.000000	-1105.992432	1672.049194	1.000000
0.000000	116.218109	143.639328	1.000000
0.000000	-13497.045898	-2947.569092	1.000000
0.000000	-28562.816406	-61386.437500	1.000000
0.000000	1610.492920	7917.663086	1.000000
0.000000	-2629.241699	1975.917480	1.000000
0.000000	-56.096973	-83.988914	1.000000
0.000000	174.784561	331.741455	1.000000
0.000000	-3927.247314	-16163.141602	1.000000
0.000000	605.290955	-73.938393	1.000000
0.000000	-8614.964844	12919.480469	1.000000
0.000000	-946.377441	-3018.214355	1.000000
0.000000	960.722351	403.849335	1.000000
0.000000	122.446121	-218.038940	1.000000
0.000000	-5813.412598	-20537.583984	1.000000
0.000000	-7.002779	-153.540543	1.000000
0.000000	22561.113281	-24432.017578	1.000000
0.000000	-185.213730	-50.282005	1.000000
0.000000	-3300464.250000	1376390.750000	1.000000
0.000000	-17929.435547	-1101.438599	1.000000
0.000000	13.941628	422.625488	1.000000
0.000000	101.448021	-182.200806	1.000000
0.000000	6629.386230	2865.943359	1.000000
0.000000	-26294.912109	-23418.582031	1.000000
0.000000	-586712.625000	317354.843750	1.000000
0.000000	-108536.234375	249246.828125	1.000000
0.000000	38200.257812	-56191.003906	1.000000
0.000000	488.782440	-1590.508911	1.000000
0.000000	38.616707	17.001158	1.000000
0.000000	-180.723419	-592.479492	1.000000
0.000000	-340.615845	514.589233	1.000000
0.000000	4112436.000000	2116301.500000	1.000000
0.000000	1.655970	176.976089	1.000000
0.000000	-45208.128906	75798.718750	1.000000
0.000000	548.933411	1618.679688	1.000000
0.000000	4664.676270	12607.737305	1.000000
0.000000	636.364685	1780.023438	1.000000
0.000000	-43976.582031	2239.828857	1.000000
0.000000	245888.453125	-842228.687500	1.000000
0.000000	-69.465805	-67.626678	1.000000
0.695068	272.031189	-143.667786	1.000000
0.000000	-33049.246094	-139843.890625	1.000000
0.000000	-14279.825195	-13727.187500	1.000000
0.000000	-208.934341	-73.397133	1.000000
0.000000	-323381.406250	730136.875000	1.000000
0.000000	-31510.941406	-19759.414062	1.000000
0.000000	-266.909027	-1004.357544	1.000000
0.000000	100.839813	-188.693161	1.000000
0.000000	-3795.072754	-12724.419922	1.000000
0.000000	41.912949	-152.655930	1.000000
0.000000	3149.555664	3163.190430	1.000000
0.000000	-53.899448	337.365021	1.000000
0.000000	799395.812500	-982912.687500	1.000000
0.000000	-208.879181	378.954712	1.000000
0.000000	-3447.250244	-2041.718140	1.000000
0.000000	9.764662	2727.543213	1.000000
0.000000	-193.303284	175.062607	1.000000
0.000000	19941.037109	10390.609375	1.000000
0.000000	-100.705826	615.447205	1.000000
0.000000	-3196.728027	-1858.178833	1.000000
0.000000	65045.496094	112495.851562	1.000000
0.000000	135.446152	96.361572	1.000000
0.000000	484892.843750	100643.828125	1.000000
0.000000	-113.922340	109.610847	1.000000
0.000000	79.744423	115.171104	1.000000
0.000000	289.270233	-59.357059	1.000000
0.000000	-112.664772	-84.561691	1.000000
0.000000	-52492.167969	-3171.899658	1.000000
0.000000	11303.411133	1226.705444	1.000000
0.000000	-125.974457	-11.334289	1.000000
0.000000	-100.898293	1894.508789	1.000000
0.000000	-7864.125488	-92976.265625	1.000000
0.000000	-459.065094	1253.808838	1.000000
0.000000	72.287811	166.325729	1.000000
0.133678	155.506424	-23.085985	1.000000
0.000000	49.575386	159.262604	1.000000
0.000000	-42755.691406	-77833.632812	1.000000
0.000000	444.021820	-976.626099	1.000000
0.000000	-109.623589	169.238525	1.000000
0.000000	-5.557434	-354.124542	1.000000
0.000000	-442.447632	530.350464	1.000000
0.000000	265.562164	195.837921	1.000000
0.000000	173.082336	822.913208	1.000000
0.000000	-94.761536	-1.054479	1.000000
0.000000	94.199158	406.838287	1.000000
0.000000	-10814.022461	568.336853	1.000000
0.000000	28171368.000000	16549397.000000	1.000000
0.000000	180.875656	-498.966217	1.000000
0.000000	-32847.476562	266888.437500	1.000000
0.000000	-43.464581	9.982813	1.000000
0.000000	1327.727051	2777.432129	1.000000
0.000000	4725.018066	10635.563477	1.000000
0.000000	-48715.296875	-126250.796875	1.000000
0.000000	219.482635	-425.140472	1.000000
0.000000	1929694.125000	165112.484375	1.000000
0.000000	-180287.421875	-177937.812500	1.000000
0.000000	-70063.320312	13844.370117	1.000000
0.000000	153.484253	27.987867	1.000000
0.000000	-131051.312500	14781.638672	1.000000
0.000000	-903.501038	149.319336	1.000000
0.000000	-1208.266724	1148.079224	1.000000
0.000000	-1137.746338	986.512085	1.000000
0.000000	49215.730469	57378.562500	1.000000
0.000000	84023.695312	3796.085693	1.000000
0.000000	877.301086	-460.258667	1.000000
0.000000	-185.991547	-187.211624	1.000000
0.000000	-1589278.625000	-1200867.375000	1.000000
0.000000	-87.123672	93.251755	1.000000
0.000000	2590553.750000	19194.625000	1.000000
0.000000	70.841095	-5.642394	1.000000
0.000000	-10336.750000	13037.509766	1.000000
0.000000	1826645.375000	135507.234375	1.000000
0.000000	-1586.817993	602.558105	1.000000
0.000000	82.794212	6.777905	1.000000
0.000000	190.374222	73.094391	1.000000
0.000000	602.765564	1077.965942	1.000000
0.000000	-10486.192383	7275.816895	1.000000
0.000000	-182.711075	122.438187	1.000000
0.000000	27326.361328	25700.597656	1.000000
0.000000	-67.449432	161.627731	1.000000
0.000000	264.273651	304.370392	1.000000
0.000000	143.483704	-9099.556641	1.000000
0.000000	-5407.981934	9769.609375	1.000000
0.000000	459031.218750	25727.425781	1.000000
0.000000	-833.385437	1032.567383	1.000000
0.000000	2020.500000	-5376.174316	1.000000
0.000000	3483.276855	-1895.012939	1.000000
0.000000	34.142685	-90.891785	1.000000
0.000000	57.343014	78.696053	1.000000
0.000000	1050.138916	-563.721558	1.000000
0.000000	1185.277222	11924.731445	1.000000
0.000000	18231.304688	-23747.302734	1.000000
0.000000	124.998489	-2.501460	1.000000
0.185707	-24.106380	-14.597604	1.000000
0.000000	1309.464111	1065.740967	1.000000
0.000000	215.138992	-40.653751	1.000000
0.000000	73.695709	-20.946371	1.000000
0.000000	-1622.755859	72.730598	1.000000
0.000000	75129.171875	-7429.721680	1.000000
0.000000	29.323421	212.977356	1.000000
0.000000	-407.032471	-720.712036	1.000000
0.000000	1191.170166	-9796.716797	1.000000
0.000000	147.604065	136.316406	1.000000
0.000000	86.443382	91.128853	1.000000
0.000000	-3953.535400	-4781.247559	1.000000
0.000000	317.815521	200.114548	1.000000
0.000000	-1869.287476	-2849.921143	1.000000
0.376081	-77.771957	92.188980	1.000000
0.000000	22212.609375	38889.414062	1.000000
0.133678	151.158112	-24.555683	1.000000
0.000000	684.995789	-553.242004	1.000000
0.000000	1079.778564	599.712830	1.000000
0.000000	-311.440338	434.127747	1.000000
0.000000	15.214368	-159.679565	1.000000
0.000000	9482.291992	5016.418457	1.000000
0.000000	-92772.578125	-330088.968750	1.000000
0.000000	7785.593262	16941.316406	1.000000
0.000000	81.357666	-31.855749	1.000000
0.000000	3333.451904	-1103.007690	1.000000
0.000000	-423472.687500	-81792.234375	1.000000
0.000000	-44105600.000000	-10494824.000000	1.000000
0.000000	5932.887695	-4763.290527	1.000000
0.000000	-211.767365	-30.158310	1.000000
0.000000	849.636719	-1791.793579	1.000000
0.000000	6010.504883	481.730103	1.000000
0.000000	-74.197655	-24.595375	1.000000
0.000000	-282.073792	1026.482300	1.000000
0.000000	-18811.423828	269.191284	1.000000
0.000000	-426.364929	-151.381760	1.000000
0.695068	275.447723	-146.082184	1.000000
0.000000	14359.839844	-11117.971680	1.000000
