0.000000	31588.753906	455727.187500	1.000000
0.000000	214958.093750	175129.546875	1.000000
0.000000	1167.786621	-12653.118164	1.000000
0.000000	-646.342468	650.523499	1.000000
0.000000	16898.380859	27520.726562	1.000000
0.000000	-13816.098633	782.878235	1.000000
0.000000	-795.061096	-2399.886475	1.000000
0.000000	-595118.687500	1523932.125000	1.000000
0.000000	3509.638916	-2309.750977	1.000000
0.000000	9292453.000000	3386659.750000	1.000000
0.000000	78697400.000000	19959642.000000	1.000000
0.000000	-157.419739	-152.966370	1.000000
0.000000	-237.086243	-11.099884	1.000000
0.000000	97.061317	-121.556320	1.000000
0.000000	-73337376.000000	-31090268.000000	1.000000
0.000000	628.690369	-4578.423340	1.000000
0.000000	345.989258	-289.993835	1.000000
0.000000	-6107.137207	7700.849609	1.000000
0.000000	-987.621277	338.897614	1.000000
0.000000	-261.542023	172.453232	1.000000
0.000000	895.588196	7890.221680	1.000000
0.000000	10136.425781	84980.773438	1.000000
0.000000	-24.058569	702.537720	1.000000
0.000000	142.808136	174.096985	1.000000
0.000000	-207194.390625	-53250.449219	1.000000
0.000000	293.410065	-68.432724	1.000000
0.000000	10390.153320	35500.558594	1.000000
0.000000	-3809.041260	11603.873047	1.000000
0.000000	303.039856	-121.310707	1.000000
0.000000	-61592.734375	-273296.843750	1.000000
0.000000	5245.037109	-9000.271484	1.000000
0.000000	4762.853516	876.691040	1.000000
0.000000	-153.009277	415.476654	1.000000
0.000000	-448.630066	-289.732025	1.000000
0.000000	-145.737564	42.322376	1.000000
0.000000	4752.752930	2730.933350	1.000000
0.000000	122.219597	-22.905142	1.000000
0.000000	-5645.884277	-1429.093872	1.000000
0.000000	-246316.546875	-73619.375000	1.000000
0.000000	-46830.808594	-6087.424316	1.000000
0.000000	373.140533	12.555844	1.000000
0.000000	469.575256	112.135460	1.000000
0.000000	-0.755691	116.460999	1.000000
0.267611	-26.724327	-29.052052	1.000000
0.000000	32.679096	114.492332	1.000000
0.000000	-514.660339	-385.407990	1.000000
0.000000	-4180.760742	3423.862305	1.000000
0.000000	-757.970825	329.540741	1.000000
0.000000	-85.401596	-138.445557	1.000000
0.000000	-135.393433	-56.076023	1.000000
0.000000	6918.671387	6292.958008	1.000000
0.000000	-801.476868	1796.918335	1.000000
0.000000	97.073845	1449.512451	1.000000
0.000000	-3324.848877	-11750.954102	1.000000
0.000000	184.758118	-87.361542	1.000000
0.000000	-19.621771	-141.910278	1.000000
0.000000	5.899018	122.092316	1.000000
0.000000	29405522.000000	-21550876.000000	1.000000
0.000000	-454.067200	1588.372192	1.000000
0.000000	580.201904	426.621185	1.000000
0.000000	1777.218628	26349.611328	1.000000
0.000000	3216.132324	-1533.754639	1.000000
0.000000	-24.176003	-145.895050	1.000000
0.000000	93.222260	-255.877014	1.000000
0.000000	5463.478027	-2801.413086	1.000000
0.000000	401017.500000	-1051564.750000	1.000000
0.000000	40315.445312	142630.812500	1.000000
0.000000	899154304.000000	-490293056.000000	1.000000
0.000000	5198.672852	-14775.054688	1.000000
0.000000	-11819835.000000	-661466.312500	1.000000
0.000000	10547.252930	-15225.500977	1.000000
0.000000	18.114407	-237.339905	1.000000
0.000000	-173.527679	-683.846252	1.000000
0.000000	-633.386475	926.617432	1.000000
0.000000	424494.562500	2523.144775	1.000000
0.000000	-9217.197266	10669.958008	1.000000
0.000000	-47.561707	570.707214	1.000000
0.000000	44.040615	-154.709671	1.000000
0.000000	3409.022949	-13155.823242	1.000000
0.000000	-935690816.000000	516809408.000000	1.000000
0.000000	1333545.500000	80119.890625	1.000000
0.000000	370571.812500	-121711.375000	1.000000
0.000000	282635.125000	227354.250000	1.000000
0.000000	25021.349609	-23199.402344	1.000000
0.000000	2203343.750000	933830.062500	1.000000
0.000000	-81.345390	105.708641	1.000000
0.000000	217.737640	-2.048930	1.000000
0.000000	-3250.751221	-473.951416	1.000000
0.000000	-1655.241333	1585.207886	1.000000
0.000000	36.542854	158.966080	1.000000
0.000000	46.622257	83.785187	1.000000
0.000000	-1082.307251	1136.137085	1.000000
0.000000	797.908264	-114.246445	1.000000
0.000000	204.164078	-316.287323	1.000000
0.000000	-4355021.000000	2416277.250000	1.000000
0.000000	988.253540	544.048157	1.000000
0.000000	10.698273	-88034.703125	1.000000
0.000000	1711789.125000	-2028472.500000	1.000000
0.000000	786.647461	-1646.118652	1.000000
0.000000	-375.877686	-5224.546387	1.000000
0.000000	691415.187500	-227309.875000	1.000000
0.000000	12310197.000000	-6573529.500000	1.000000
0.000000	-21912.880859	-21373.117188	1.000000
0.000000	170544.859375	-24445.562500	1.000000
0.000000	84.891571	62.959137	1.000000
0.000000	155.578018	8.023344	1.000000
0.000000	756.525208	-1753.846924	1.000000
0.000000	-56.728638	-136.358200	1.000000
0.000000	55.575867	-137.337112	1.000000
0.000000	-842.341919	934.810364	1.000000
0.000000	-73.821732	-3146.901611	1.000000
0.000000	-53723.687500	119833.890625	1.000000
0.000000	43.269432	117.574020	1.000000
0.000000	-214.332687	-9.591164	1.000000
0.000000	-269.489960	-1115.739624	1.000000
0.000000	-64736.238281	15618.636719	1.000000
0.000000	2391.865479	648.235901	1.000000
0.000000	55670.878906	149493.671875	1.000000
0.000000	-13095.786133	6647.729492	1.000000
0.000000	-41668.207031	-29869.707031	1.000000
0.000000	-8574.422852	13729.712891	1.000000
0.000000	175.727539	279.112061	1.000000
0.000000	-202.932999	71.654655	1.000000
0.000000	1448.639404	3279.945068	1.000000
0.000000	489.410675	-376.391022	1.000000
0.000000	2018.408203	234.031921	1.000000
0.000000	537.561279	-391.034302	1.000000
0.000000	14022.843750	-14093.859375	1.000000
0.000000	-173.493210	-57.262924	1.000000
0.000000	-1110.155029	1661.870972	1.000000
0.000000	124.080048	151.333420	1.000000
0.000000	-13486.303711	-2949.986084	1.000000
0.000000	-28569.691406	-61395.031250	1.000000
0.000000	1616.508545	7926.901367	1.000000
0.000000	-2622.527832	1967.216309	1.000000
0.000000	-46.032047	-88.426781	1.000000
0.000000	167.510086	323.490112	1.000000
0.000000	-3920.264893	-16154.547852	1.000000
0.000000	615.858582	-70.868477	1.000000
0.000000	-8625.921875	12920.339844	1.000000
0.000000	-943.060791	-3028.687988	1.000000
0.000000	959.527283	414.786224	1.000000
0.000000	133.195023	-220.372009	1.000000
0.000000	-5802.562988	-20535.865234	1.000000
0.000000	-6.424128	-164.524429	1.000000
0.000000	22558.105469	-24442.759766	1.000000
0.000000	-192.629196	-58.406624	1.000000
0.000000	-3300464.250000	1376390.750000	1.000000
0.000000	-17933.302734	-1111.697388	1.000000
0.000000	9.314934	432.602295	1.000000
0.000000	105.115471	-192.570374	1.000000
0.000000	6632.931152	2855.523438	1.000000
0.000000	-26284.599609	-23415.144531	1.000000
0.000000	-586712.625000	317361.718750	1.000000
0.000000	-108536.234375	249236.515625	1.000000
0.000000	38189.085938	-56191.003906	1.000000
0.000000	495.899139	-1598.887817	1.000000
0.000000	43.901360	26.648985	1.000000
0.000000	-183.237762	-581.777588	1.000000
0.000000	-343.616943	525.170288	1.000000
0.000000	4112436.000000	2116301.500000	1.000000
0.000000	12.439269	179.148026	1.000000
0.000000	-45212.425781	75809.031250	1.000000
0.000000	558.856506	1623.433105	1.000000
0.000000	4675.311035	12604.944336	1.000000
0.000000	635.277039	1769.066406	1.000000
0.000000	-43984.316406	2247.885498	1.000000
0.000000	245878.140625	-842228.687500	1.000000
0.000000	-79.417435	-72.314636	1.000000
0.000000	282.863861	-142.658356	1.000000
0.000000	-33044.949219	-139854.203125	1.000000
0.000000	-14283.477539	-13716.875000	1.000000
0.000000	-219.921585	-73.954384	1.000000
0.000000	-323395.156250	730136.875000	1.000000
0.000000	-31501.488281	-19753.828125	1.000000
0.000000	-276.852264	-1009.057251	1.000000
0.000000	103.812378	-199.284286	1.000000
0.000000	-3784.545410	-12727.642578	1.000000
0.000000	45.094482	-163.186630	1.000000
0.000000	3152.832031	3152.716797	1.000000
0.000000	-48.693684	327.676910	1.000000
0.000000	799382.062500	-982912.687500	1.000000
0.000000	-219.725433	380.787598	1.000000
0.000000	-3436.722900	-2044.833374	1.000000
0.000000	7.452993	2738.285400	1.000000
0.000000	-201.064514	182.860764	1.000000
0.000000	19935.451172	10400.062500	1.000000
0.000000	-89.864609	613.594177	1.000000
0.000000	-3207.201660	-1861.616333	1.000000
0.000000	65048.933594	112506.164062	1.000000
0.000000	143.556503	103.792145	1.000000
0.000000	484892.843750	100654.140625	1.000000
0.000000	-121.878273	117.207588	1.000000
0.000000	79.605110	126.170097	1.000000
0.000000	291.156830	-48.520039	1.000000
0.000000	-123.641945	-85.261612	1.000000
0.000000	-52487.871094	-3161.909424	1.000000
0.000000	11309.211914	1236.051147	1.000000
0.000000	-122.985107	-21.920286	1.000000
0.000000	-94.474800	1885.565918	1.000000
0.000000	-7864.662598	-92986.578125	1.000000
0.000000	-465.651398	1245.000244	1.000000
0.000000	65.020050	174.583786	1.000000
0.156804	166.601242	-26.285164	1.000000
0.000000	50.177956	170.246490	1.000000
0.000000	-42764.285156	-77826.757812	1.000000
0.000000	435.421356	-983.487671	1.000000
0.000000	-103.898338	178.631226	1.000000
0.000000	-10.479589	-344.288727	1.000000
0.000000	-443.454712	541.307495	1.000000
0.000000	273.249542	187.969269	1.000000
0.000000	175.697388	833.601685	1.000000
0.000000	-99.909393	8.666982	1.000000
0.000000	103.059784	413.357452	1.000000
0.000000	-10824.979492	567.531189	1.000000
0.000000	28171368.000000	16549397.000000	1.000000
0.000000	188.291122	-507.089996	1.000000
0.000000	-32843.179688	266881.562500	1.000000
0.000000	-54.461056	9.703348	1.000000
0.000000	1336.884766	2771.362793	1.000000
0.000000	4714.275879	10638.141602	1.000000
0.000000	-48704.125000	-126250.796875	1.000000
0.000000	209.824738	-430.404144	1.000000
0.000000	1929694.125000	165119.359375	1.000000
0.000000	-180277.109375	-177937.812500	1.000000
0.000000	-70071.914062	13838.139648	1.000000
0.000000	160.097412	19.198156	1.000000
0.000000	-131054.750000	14792.166016	1.000000
0.000000	-913.316711	154.294312	1.000000
0.000000	-1215.168579	1139.512329	1.000000
0.000000	-1140.593018	997.133423	1.000000
0.000000	49218.308594	57388.875000	1.000000
0.000000	84015.101562	3789.479248	1.000000
0.000000	887.788147	-456.915161	1.000000
0.000000	-195.770294	-192.250381	1.000000
0.000000	-1589278.625000	-1200867.375000	1.000000
0.000000	-97.736618	96.143753	1.000000
0.000000	2590553.750000	19204.507812	1.000000
0.986858	73.002991	-14.697482	1.000000
0.000000	-10343.195312	13046.533203	1.000000
0.000000	1826645.375000	135500.359375	1.000000
0.000000	-1585.555786	613.488281	1.000000
0.000000	93.516258	9.232663	1.000000
0.000000	199.525223	66.988129	1.000000
0.000000	593.983826	1071.332642	1.000000
0.000000	-10493.711914	7283.873535	1.000000
0.000000	-193.493546	124.615158	1.000000
0.000000	27326.791016	25711.769531	1.000000
0.000000	-59.419647	169.147263	1.000000
0.000000	264.770477	315.360992	1.000000
0.000000	132.781799	-9096.978516	1.000000
0.000000	-5418.938965	9769.824219	1.000000
0.000000	459038.093750	25719.261719	1.000000
0.000000	-843.697937	1036.380859	1.000000
0.000000	2029.335449	-5369.621582	1.000000
0.000000	3483.491699	-1906.023682	1.000000
0.000000	40.159149	-81.683716	1.000000
0.000000	66.750816	84.397804	1.000000
0.000000	1045.412354	-573.644653	1.000000
0.000000	1186.539429	11913.774414	1.000000
0.000000	18220.562500	-23749.451172	1.000000
0.000000	135.968948	-3.301092	1.000000
0.267611	-23.654594	-24.547483	1.000000
0.000000	1300.333252	1071.864014	1.000000
0.000000	226.136307	-40.934895	1.000000
0.986858	77.119064	-11.348555	1.000000
0.000000	-1612.282227	76.085854	1.000000
0.000000	75139.484375	-7428.540039	1.000000
0.000000	32.251961	223.581909	1.000000
0.000000	-396.035156	-720.712036	1.000000
0.000000	1190.471924	-9785.759766	1.000000
0.000000	154.254150	145.078003	1.000000
0.000000	94.834038	98.242195	1.000000
0.000000	-3948.486572	-4771.472168	1.000000
0.000000	328.665131	201.907150	1.000000
0.000000	-1878.122925	-2856.473877	1.000000
0.000000	-73.266273	101.411903	1.000000
0.000000	22214.328125	38900.585938	1.000000
0.156804	161.576996	-24.555058	1.000000
0.000000	695.993103	-553.054016	1.000000
0.000000	1089.285400	605.245056	1.000000
0.000000	-311.896881	445.118347	1.000000
0.000000	22.152754	-168.216248	1.000000
0.000000	9487.877930	5006.965332	1.000000
0.000000	-92767.421875	-330095.843750	1.000000
0.000000	7796.550293	16941.746094	1.000000
0.000000	88.454224	-40.259838	1.000000
0.000000	3337.050537	-1092.614624	1.000000
0.000000	-423465.812500	-81800.828125	1.000000
0.000000	-44105600.000000	-10494824.000000	1.000000
0.000000	5937.829102	-4753.515137	1.000000
0.000000	-215.943390	-19.981766	1.000000
0.000000	859.277832	-1786.503052	1.000000
0.000000	6001.911133	474.895386	1.000000
0.000000	-84.409447	-28.685379	1.000000
0.000000	-293.057678	1025.945190	1.000000
0.000000	-18809.705078	258.328247	1.000000
0.000000	-437.362244	-151.687241	1.000000
0.000000	276.839630	-157.169983	1.000000
0.000000	14369.937500	-11113.674805	1.000000
