0.000000	31602.035156	455714.687500	1.000000
0.000000	214951.843750	175110.796875	1.000000
0.000000	1164.808105	-12633.196289	1.000000
0.000000	-666.337585	650.816467	1.000000
0.000000	16899.943359	27541.039062	1.000000
0.000000	-13835.629883	787.394836	1.000000
0.000000	-813.005432	-2391.097412	1.000000
0.000000	-595093.687500	1523932.125000	1.000000
0.000000	3499.385010	-2326.938477	1.000000
0.000000	9292453.000000	3386659.750000	1.000000
0.000000	78697400.000000	19959642.000000	1.000000
0.000000	-138.120422	-147.729553	1.000000
0.000000	-227.619690	-28.716263	1.000000
0.000000	97.796791	-101.570358	1.000000
0.000000	-73337376.000000	-31090268.000000	1.000000
0.000000	611.283142	-4588.188965	1.000000
0.000000	341.301758	-270.548035	1.000000
0.000000	-6096.785645	7683.662109	1.000000
0.000000	-987.670105	358.892731	1.000000
0.000000	-254.680496	153.666611	1.000000
0.000000	891.291321	7870.690430	1.000000
0.000000	10118.457031	84971.398438	1.000000
0.000000	-20.189703	682.908813	1.000000
0.000000	128.086456	187.634583	1.000000
0.000000	-207206.890625	-53236.386719	1.000000
0.000000	273.475983	-69.998276	1.000000
0.000000	10390.543945	35520.871094	1.000000
0.000000	-3789.412354	11607.779297	1.000000
0.000000	285.559387	-111.593910	1.000000
0.000000	-61613.046875	-273296.843750	1.000000
0.000000	5256.951172	-9016.287109	1.000000
0.000000	4743.517578	871.759399	1.000000
0.000000	-134.564453	407.737396	1.000000
0.000000	-433.993835	-303.367279	1.000000
0.000000	-130.106461	54.799488	1.000000
0.000000	4734.588867	2722.632568	1.000000
0.000000	140.817963	-15.554220	1.000000
0.000000	-5630.454590	-1416.447388	1.000000
0.000000	-246322.796875	-73600.625000	1.000000
0.000000	-46846.433594	-6075.314941	1.000000
0.000000	357.723053	-0.178753	1.000000
0.000000	458.015198	128.459229	1.000000
0.000000	-0.576090	96.462830	1.000000
0.069534	-19.434275	-8.846113	1.000000
0.000000	30.192884	94.646751	1.000000
0.000000	-507.116425	-403.926056	1.000000
0.000000	-4197.166992	3435.288086	1.000000
0.000000	-746.618286	313.073456	1.000000
0.000000	-81.000961	-118.937309	1.000000
0.000000	-115.821350	-51.962254	1.000000
0.000000	6898.749512	6295.106445	1.000000
0.000000	-790.563782	1813.666382	1.000000
0.000000	108.441643	1465.967529	1.000000
0.000000	-3313.227783	-11767.360352	1.000000
0.000000	166.288879	-95.030609	1.000000
0.000000	-19.521490	-123.608635	1.000000
0.000000	-14.088948	122.785065	1.000000
0.000000	29405522.000000	-21550876.000000	1.000000
0.000000	-437.953918	1576.555786	1.000000
0.000000	593.361084	411.569916	1.000000
0.000000	1787.521362	26366.798828	1.000000
0.000000	3208.515137	-1515.248779	1.000000
0.000000	-14.247500	-127.195251	1.000000
0.000000	82.431244	-239.037415	1.000000
0.000000	5475.782715	-2785.690430	1.000000
0.000000	401005.000000	-1051564.750000	1.000000
0.000000	40332.632812	142643.312500	1.000000
0.000000	899154304.000000	-490293056.000000	1.000000
0.000000	5211.563477	-14759.820312	1.000000
0.000000	-11819835.000000	-661491.312500	1.000000
0.000000	10537.096680	-15242.688477	1.000000
0.000000	24.022610	-218.229797	1.000000
0.000000	-158.433685	-670.735901	1.000000
0.000000	-653.381592	927.301025	1.000000
0.000000	424519.562500	2528.125244	1.000000
0.000000	-9197.666016	10674.645508	1.000000
0.000000	-28.147951	575.516785	1.000000
0.000000	45.792324	-134.787796	1.000000
0.000000	3407.069824	-13135.901367	1.000000
0.000000	-935690816.000000	516809408.000000	1.000000
0.000000	1333545.500000	80101.140625	1.000000
0.000000	370546.812500	-121708.250000	1.000000
0.000000	282660.125000	227348.000000	1.000000
0.000000	25039.318359	-23208.777344	1.000000
0.000000	2203343.750000	933855.062500	1.000000
0.399332	-74.435089	86.422203	1.000000
0.000000	237.256683	2.312542	1.000000
0.000000	-3263.251221	-489.576416	1.000000
0.000000	-1652.897583	1565.334839	1.000000
0.000000	27.320829	141.217056	1.000000
0.000000	51.759892	103.115021	1.000000
0.000000	-1063.020142	1141.410522	1.000000
0.000000	781.013733	-103.537827	1.000000
0.000000	199.714615	-335.781952	1.000000
0.000000	-4355021.000000	2416277.250000	1.000000
0.000000	970.943970	534.013977	1.000000
0.000000	30.271484	-88031.578125	1.000000
0.000000	1711789.125000	-2028472.500000	1.000000
0.000000	782.912109	-1665.747559	1.000000
0.000000	-392.320557	-5213.218262	1.000000
0.000000	691415.187500	-227291.125000	1.000000
0.000000	12310197.000000	-6573529.500000	1.000000
0.000000	-21908.193359	-21353.585938	1.000000
0.000000	170526.109375	-24433.843750	1.000000
0.000000	93.497528	44.906464	1.000000
0.000000	136.443497	13.839231	1.000000
0.000000	775.885559	-1748.866455	1.000000
0.000000	-43.570984	-121.296089	1.000000
0.000000	48.297424	-118.709183	1.000000
0.000000	-836.604614	915.645325	1.000000
0.000000	-54.431618	-3151.784424	1.000000
0.000000	-53703.375000	119833.890625	1.000000
0.000000	36.198509	98.866745	1.000000
0.000000	-194.984543	-14.657845	1.000000
0.000000	-288.728241	-1121.208374	1.000000
0.000000	-64753.425781	15629.574219	1.000000
0.000000	2385.908447	629.144104	1.000000
0.000000	55655.253906	149481.171875	1.000000
0.000000	-13076.645508	6653.979492	1.000000
0.000000	-41652.582031	-29881.425781	1.000000
0.000000	-8590.829102	13718.384766	1.000000
0.000000	157.661133	270.542725	1.000000
0.000000	-188.205215	58.123161	1.000000
0.000000	1434.235107	3293.812256	1.000000
0.000000	470.099152	-371.178619	1.000000
0.000000	2031.250000	249.357849	1.000000
0.000000	533.655029	-371.417603	1.000000
0.000000	14027.140625	-14074.328125	1.000000
0.000000	-156.439987	-46.818283	1.000000
0.000000	-1102.586670	1680.376831	1.000000
0.000000	109.785614	137.344162	1.000000
0.000000	-13505.834961	-2945.591553	1.000000
0.000000	-28557.191406	-61379.406250	1.000000
0.000000	1605.571045	7910.104492	1.000000
0.000000	-2634.734863	1983.036621	1.000000
0.000000	-64.331940	-80.357933	1.000000
0.000000	180.736404	338.492554	1.000000
0.000000	-3932.960205	-16170.172852	1.000000
0.000000	596.644714	-76.450142	1.000000
0.000000	-8606.000000	12918.777344	1.000000
0.000000	-949.091064	-3009.645020	1.000000
0.000000	961.700134	394.900970	1.000000
0.000000	113.651566	-216.130066	1.000000
0.000000	-5822.289551	-20538.990234	1.000000
0.000000	-7.476221	-144.553726	1.000000
0.000000	22563.574219	-24423.228516	1.000000
0.000000	-179.146530	-43.634590	1.000000
0.000000	-3300464.250000	1376390.750000	1.000000
0.000000	-17926.271484	-1093.045044	1.000000
0.000000	17.727104	414.462646	1.000000
0.000000	98.447380	-173.716614	1.000000
0.000000	6626.485840	2874.468750	1.000000
0.000000	-26303.349609	-23421.394531	1.000000
0.000000	-586712.625000	317349.218750	1.000000
0.000000	-108536.234375	249255.265625	1.000000
0.000000	38209.398438	-56191.003906	1.000000
0.000000	482.959686	-1583.653442	1.000000
0.000000	34.292900	9.107632	1.000000
0.000000	-178.666229	-601.235596	1.000000
0.000000	-338.160400	505.931976	1.000000
0.000000	4112436.000000	2116301.500000	1.000000
0.000000	-7.166718	175.199051	1.000000
0.000000	-45204.613281	75790.281250	1.000000
0.000000	540.814514	1614.790527	1.000000
0.000000	4655.975098	12610.022461	1.000000
0.000000	637.254578	1788.988281	1.000000
0.000000	-43970.253906	2233.237061	1.000000
0.000000	245896.890625	-842228.687500	1.000000
0.000000	-61.323792	-63.791077	1.000000
0.603620	267.266174	-142.299042	1.000000
0.000000	-33052.761719	-139835.453125	1.000000
0.000000	-14276.836914	-13735.625000	1.000000
0.000000	-199.944778	-72.941200	1.000000
0.000000	-323370.156250	730136.875000	1.000000
0.000000	-31518.675781	-19763.984375	1.000000
0.000000	-258.773651	-1000.512329	1.000000
0.000000	98.407715	-180.027695	1.000000
0.000000	-3803.686035	-12721.783203	1.000000
0.000000	39.309875	-144.039902	1.000000
0.000000	3146.875000	3171.759766	1.000000
0.000000	-58.158710	345.291656	1.000000
0.000000	799407.062500	-982912.687500	1.000000
0.000000	-200.004974	377.455078	1.000000
0.000000	-3455.863525	-2039.169312	1.000000
0.000000	11.656027	2718.754150	1.000000
0.000000	-186.953186	168.682297	1.000000
0.000000	19945.607422	10382.875000	1.000000
0.000000	-109.575912	616.963318	1.000000
0.000000	-3188.158691	-1855.366333	1.000000
0.000000	65042.683594	112487.414062	1.000000
0.000000	128.810410	90.282013	1.000000
0.000000	484892.843750	100635.390625	1.000000
0.000000	-107.412941	103.395332	1.000000
0.000000	79.858406	106.171928	1.000000
0.000000	287.726654	-68.223389	1.000000
0.000000	-103.683449	-83.989029	1.000000
0.000000	-52495.683594	-3180.073486	1.000000
0.000000	11298.665039	1219.058960	1.000000
0.000000	-128.420517	-2.673107	1.000000
0.000000	-106.153877	1901.825684	1.000000
0.000000	-7863.686035	-92967.828125	1.000000
0.000000	-453.676300	1261.015869	1.000000
0.000000	78.234161	159.569138	1.000000
0.089247	146.096954	-20.969393	1.000000
0.000000	49.082375	150.275787	1.000000
0.000000	-42748.660156	-77839.257812	1.000000
0.000000	451.058563	-971.012085	1.000000
0.000000	-114.307884	161.553589	1.000000
0.000000	-1.530196	-362.172028	1.000000
0.000000	-441.623657	521.385620	1.000000
0.000000	259.272491	202.275909	1.000000
0.000000	170.942749	814.168091	1.000000
0.000000	-90.549652	-9.008407	1.000000
0.000000	86.949554	401.504425	1.000000
0.000000	-10805.057617	568.996033	1.000000
0.000000	28171368.000000	16549397.000000	1.000000
0.000000	174.808456	-492.319489	1.000000
0.000000	-32850.992188	266894.062500	1.000000
0.000000	-34.467464	10.211466	1.000000
0.000000	1320.234375	2782.397949	1.000000
0.000000	4733.807129	10633.454102	1.000000
0.000000	-48724.437500	-126250.796875	1.000000
0.000000	227.384552	-420.833832	1.000000
0.000000	1929694.125000	165106.859375	1.000000
0.000000	-180295.859375	-177937.812500	1.000000
0.000000	-70056.289062	13849.467773	1.000000
0.000000	148.073486	35.179298	1.000000
0.000000	-131048.500000	14773.025391	1.000000
0.000000	-895.470032	145.248901	1.000000
0.000000	-1202.619751	1155.088501	1.000000
0.000000	-1135.417236	977.821899	1.000000
0.000000	49213.621094	57370.125000	1.000000
0.000000	84030.726562	3801.490967	1.000000
0.000000	868.720764	-462.994263	1.000000
0.000000	-177.990753	-183.089005	1.000000
0.000000	-1589278.625000	-1200867.375000	1.000000
0.599033	-78.193680	90.186180	1.000000
0.000000	2590553.750000	19186.539062	1.000000
0.000000	67.714111	2.797083	1.000000
0.000000	-10331.476562	13030.126953	1.000000
0.000000	1826645.375000	135512.859375	1.000000
0.000000	-1587.850708	593.615234	1.000000
0.000000	74.021629	4.769467	1.000000
0.000000	182.887039	78.090424	1.000000
0.000000	609.950623	1083.393188	1.000000
0.000000	-10480.040039	7269.225098	1.000000
0.000000	-173.889053	120.657028	1.000000
0.000000	27326.009766	25691.457031	1.000000
0.000000	-74.019257	155.475388	1.000000
0.000000	263.867157	295.378082	1.000000
0.000000	152.239807	-9101.666016	1.000000
0.000000	-5399.017090	9769.433594	1.000000
0.000000	459025.593750	25734.105469	1.000000
0.000000	-824.947937	1029.447266	1.000000
0.000000	2013.270996	-5381.535645	1.000000
0.000000	3483.101074	-1886.004150	1.000000
0.000000	29.219929	-98.425659	1.000000
0.000000	49.645718	74.030983	1.000000
0.000000	1054.006104	-555.602661	1.000000
0.000000	1184.244507	11933.696289	1.000000
0.000000	18240.093750	-23745.544922	1.000000
0.000000	116.022659	-1.847215	1.000000
0.069534	-23.054474	-6.929461	1.000000
0.000000	1316.934814	1060.731201	1.000000
0.000000	206.141190	-40.423725	1.000000
0.874938	72.844749	-29.471197	1.000000
0.000000	-1631.325195	69.985390	1.000000
0.000000	75120.734375	-7430.688477	1.000000
0.000000	26.927372	204.300903	1.000000
0.000000	-416.030273	-720.712036	1.000000
0.000000	1191.741455	-9805.681641	1.000000
0.000000	142.163086	129.147827	1.000000
0.000000	79.578300	85.308846	1.000000
0.000000	-3957.666260	-4789.245605	1.000000
0.000000	308.938568	198.647873	1.000000
0.000000	-1862.058472	-2844.559814	1.000000
0.435246	-78.318512	86.259758	1.000000
0.000000	22211.203125	38880.273438	1.000000
0.089247	142.965546	-24.055304	1.000000
0.000000	675.997986	-553.395813	1.000000
0.000000	1072.000244	595.186462	1.000000
0.000000	-311.066803	425.135437	1.000000
0.000000	9.537354	-152.695007	1.000000
0.000000	9477.721680	5024.152832	1.000000
0.000000	-92776.796875	-330083.343750	1.000000
0.000000	7776.628418	16940.964844	1.000000
0.874938	74.959145	-25.338091	1.000000
0.000000	3330.507568	-1111.511108	1.000000
0.000000	-423478.312500	-81785.203125	1.000000
0.000000	-44105600.000000	-10494824.000000	1.000000
0.000000	5928.844727	-4771.288574	1.000000
0.000000	-208.350616	-38.484573	1.000000
0.000000	841.748535	-1796.122192	1.000000
0.000000	6017.536133	487.322144	1.000000
0.000000	-65.842552	-21.249008	1.000000
0.000000	-273.086975	1026.921753	1.000000
0.000000	-18812.830078	278.079224	1.000000
0.000000	-417.367126	-151.131821	1.000000
0.603620	270.213959	-139.203110	1.000000
0.000000	14351.578125	-11121.487305	1.000000
