0.000000	31666.449219	455654.062500	1.000000
0.000000	214921.531250	175019.859375	1.000000
0.000000	1150.362305	-12536.575195	1.000000
0.000000	-763.313904	652.237366	1.000000
0.000000	16907.521484	27639.554688	1.000000
0.000000	-13930.356445	809.300354	1.000000
0.000000	-900.035461	-2348.470459	1.000000
0.000000	-594972.437500	1523932.125000	1.000000
0.000000	3449.653564	-2410.297852	1.000000
0.000000	9292453.000000	3386659.750000	1.000000
0.000000	78697400.000000	19959642.000000	1.000000
0.000000	-44.505535	-122.327682	1.000000
0.000000	-181.706909	-114.159523	1.000000
0.000000	101.363838	-4.637611	1.000000
0.000000	-73337376.000000	-31090268.000000	1.000000
0.000000	526.858093	-4635.552246	1.000000
0.000000	318.567383	-176.260941	1.000000
0.000000	-6046.580566	7600.302734	1.000000
0.000000	-987.906921	455.869049	1.000000
0.000000	-221.378189	62.551624	1.000000
0.000000	870.451477	7775.963867	1.000000
0.000000	10031.308594	84925.929688	1.000000
0.000000	-1.425378	587.708618	1.000000
0.000000	56.685551	253.291931	1.000000
0.000000	-207267.515625	-53168.183594	1.000000
0.000000	176.771423	-77.591202	1.000000
0.000000	10392.438477	35619.386719	1.000000
0.000000	-3694.212158	11626.724609	1.000000
0.000000	200.779099	-64.467445	1.000000
0.000000	-61711.562500	-273296.843750	1.000000
0.000000	5314.734375	-9093.962891	1.000000
0.000000	4649.738281	847.840942	1.000000
0.000000	-45.067478	370.262482	1.000000
0.000000	-363.008118	-369.498260	1.000000
0.000000	-54.295609	115.307205	1.000000
0.000000	4646.493164	2682.373779	1.000000
0.000000	231.016815	20.081621	1.000000
0.000000	-5555.620605	-1355.111938	1.000000
0.000000	-246353.109375	-73509.687500	1.000000
0.000000	-46922.214844	-6016.584473	1.000000
0.000000	282.948273	-61.941994	1.000000
0.000000	401.948914	207.615112	1.000000
0.172784	2.691894	2.049734	1.000000
0.000000	20.454971	74.329155	1.000000
0.665558	17.973709	0.117917	1.000000
0.000000	-470.528290	-493.738678	1.000000
0.000000	-4276.737305	3490.703125	1.000000
0.000000	-691.558472	233.207108	1.000000
0.000000	-58.284470	-24.873892	1.000000
0.000000	-19.866297	-33.781731	1.000000
0.000000	6802.128418	6305.526367	1.000000
0.000000	-737.635315	1894.894409	1.000000
0.000000	163.565918	1545.774658	1.000000
0.000000	-3256.865479	-11846.930664	1.000000
0.000000	76.704597	-132.227264	1.000000
0.000000	-22.118048	-26.988546	1.000000
0.000000	-111.032501	126.144897	1.000000
0.000000	29405522.000000	-21550876.000000	1.000000
0.000000	-359.804504	1519.246216	1.000000
0.000000	657.183105	338.571259	1.000000
0.000000	1837.489624	26450.158203	1.000000
0.000000	3171.571777	-1425.495361	1.000000
0.000000	36.790714	-44.709133	1.000000
0.000000	30.094681	-157.365356	1.000000
0.000000	5535.460449	-2709.435547	1.000000
0.000000	400944.375000	-1051564.750000	1.000000
0.000000	40415.992188	142703.937500	1.000000
0.000000	899154304.000000	-490293056.000000	1.000000
0.000000	5274.083008	-14685.933594	1.000000
0.000000	-11819835.000000	-661612.562500	1.000000
0.000000	10487.838867	-15326.047852	1.000000
1.032266	52.728958	-125.534309	1.000000
0.000000	-85.227814	-607.150696	1.000000
0.000000	-750.357910	930.616455	1.000000
0.000000	424640.812500	2552.280518	1.000000
0.000000	-9102.939453	10697.379883	1.000000
0.000000	66.008606	598.843201	1.000000
0.000000	54.288113	-38.164722	1.000000
0.000000	3397.597168	-13039.280273	1.000000
0.000000	-935690816.000000	516809408.000000	1.000000
0.000000	1333545.500000	80010.203125	1.000000
0.000000	370425.562500	-121693.093750	1.000000
0.000000	282781.375000	227317.687500	1.000000
0.000000	25126.466797	-23254.246094	1.000000
0.000000	2203343.750000	933976.312500	1.000000
0.000000	-22.596901	9.434514	1.000000
0.000000	331.924042	23.465921	1.000000
0.000000	-3323.876221	-565.357666	1.000000
0.000000	-1641.530396	1468.950562	1.000000
0.000000	-17.405415	55.146065	1.000000
0.000000	76.681183	196.864716	1.000000
0.000000	-969.477661	1166.986694	1.000000
0.000000	699.075256	-51.599258	1.000000
0.000000	178.134720	-430.330902	1.000000
0.000000	-4355021.000000	2416277.250000	1.000000
0.000000	886.992554	485.380615	1.000000
0.000000	125.202698	-88016.421875	1.000000
0.000000	1711789.125000	-2028472.500000	1.000000
0.000000	764.795654	-1760.947754	1.000000
0.000000	-472.068481	-5158.276855	1.000000
0.000000	691415.187500	-227200.187500	1.000000
0.000000	12310197.000000	-6573529.500000	1.000000
0.000000	-21885.458984	-21258.859375	1.000000
0.000000	170435.171875	-24377.007812	1.000000
0.000000	134.995712	-40.242840	1.000000
0.000000	43.880096	39.636497	1.000000
0.000000	869.783264	-1724.711182	1.000000
0.113012	17.672245	-49.636513	1.000000
0.000000	12.995145	-28.363569	1.000000
0.000000	-808.778687	822.694885	1.000000
0.000000	39.608627	-3175.466064	1.000000
0.000000	-53604.859375	119833.890625	1.000000
0.172784	1.954840	6.703098	1.000000
0.000000	-101.146042	-39.230160	1.000000
0.000000	-382.033905	-1147.731812	1.000000
0.000000	-64836.785156	15682.621094	1.000000
0.000000	2357.016846	536.548889	1.000000
0.000000	55579.472656	149420.546875	1.000000
0.000000	-12983.813477	6684.291992	1.000000
0.000000	-41576.800781	-29938.261719	1.000000
0.000000	-8670.399414	13663.443359	1.000000
0.000000	70.029274	228.962189	1.000000
0.000000	-115.576599	-6.684664	1.000000
0.000000	1364.374268	3361.068115	1.000000
0.000000	376.438263	-345.898468	1.000000
0.000000	2093.705811	323.715546	1.000000
0.000000	514.709717	-276.276611	1.000000
0.000000	14047.980469	-13979.601562	1.000000
0.000000	-73.722153	3.840790	1.000000
0.000000	-1065.880127	1770.130249	1.000000
0.000000	40.457615	69.496262	1.000000
0.000000	-13600.561523	-2924.278076	1.000000
0.000000	-28496.566406	-61303.625000	1.000000
0.000000	1552.524170	7828.639648	1.000000
0.000000	-2693.938965	2059.765137	1.000000
0.000000	-153.089508	-41.224022	1.000000
0.000000	244.884048	411.254395	1.000000
0.000000	-3994.532471	-16245.954102	1.000000
0.000000	503.462860	-103.521217	1.000000
0.000000	-8509.378906	12911.199219	1.000000
0.000000	-978.337891	-2917.286621	1.000000
0.000000	972.238464	298.457489	1.000000
0.000000	18.862274	-195.556641	1.000000
0.000000	-5917.963379	-20554.146484	1.000000
0.000000	-12.578875	-47.684795	1.000000
0.000000	22590.097656	-24328.501953	1.000000
0.000000	-114.953979	27.188929	1.000000
0.000000	-3300464.250000	1376390.750000	1.000000
0.000000	-17892.169922	-1002.581177	1.000000
0.000000	58.466881	327.293884	1.000000
0.024894	66.870567	-83.093033	1.000000
0.000000	6595.226074	2966.353516	1.000000
0.000000	-26394.287109	-23451.707031	1.000000
0.000000	-586712.625000	317288.593750	1.000000
0.000000	-108536.234375	249346.203125	1.000000
0.000000	38307.914062	-56191.003906	1.000000
0.000000	420.203339	-1509.766724	1.000000
0.621481	-11.484329	-76.550301	1.000000
0.000000	-156.494293	-695.606934	1.000000
0.000000	-311.696167	412.626312	1.000000
0.000000	4112436.000000	2116301.500000	1.000000
0.000000	-102.252930	156.046524	1.000000
0.000000	-45166.722656	75699.343750	1.000000
0.000000	453.350586	1572.874023	1.000000
0.000000	4562.195801	12634.651367	1.000000
0.000000	646.845642	1885.609375	1.000000
0.000000	-43902.050781	2162.192139	1.000000
0.000000	245987.828125	-842228.687500	1.000000
0.000000	26.425915	-22.451813	1.000000
0.000000	170.596954	-149.741501	1.000000
0.000000	-33090.652344	-139744.515625	1.000000
0.000000	-14244.629883	-13826.562500	1.000000
0.000000	-103.061081	-68.027260	1.000000
0.000000	-323248.906250	730136.875000	1.000000
0.000000	-31602.035156	-19813.242188	1.000000
0.000000	-171.092361	-959.069458	1.000000
0.024894	71.436905	-85.810699	1.000000
0.000000	-3896.518066	-12693.365234	1.000000
0.113012	13.833179	-49.788517	1.000000
0.000000	3117.983398	3264.118164	1.000000
0.000000	-104.121864	430.663727	1.000000
0.000000	799528.312500	-982912.687500	1.000000
0.000000	-104.360741	361.292358	1.000000
0.000000	-3548.695557	-2011.698608	1.000000
0.000000	32.040733	2624.027588	1.000000
0.000000	-118.515289	99.922775	1.000000
0.000000	19994.865234	10299.515625	1.000000
0.000000	-205.187683	633.303650	1.000000
0.000000	-3095.800293	-1825.053833	1.000000
0.000000	65012.371094	112396.476562	1.000000
0.000000	58.086792	22.529076	1.000000
0.000000	484892.843750	100544.453125	1.000000
0.000000	-37.256084	36.408939	1.000000
0.000000	80.279808	11.412921	1.000000
0.000000	271.090302	-163.778809	1.000000
0.621481	-7.763272	-77.284767	1.000000
0.000000	-52533.574219	-3268.169189	1.000000
0.000000	11247.512695	1136.646851	1.000000
0.000000	-154.795944	90.676620	1.000000
0.000000	-162.788315	1980.685547	1.000000
0.000000	-7858.949707	-92876.890625	1.000000
0.000000	-395.597076	1338.691650	1.000000
0.000000	142.322601	86.748100	1.000000
0.000000	52.197353	5.518648	1.000000
0.000000	42.190399	54.342579	1.000000
0.000000	-42672.878906	-77899.882812	1.000000
0.000000	526.887390	-910.505493	1.000000
0.000000	-164.804962	78.727051	1.000000
0.000000	41.873974	-448.906036	1.000000
0.000000	-432.743042	424.764526	1.000000
0.000000	191.483810	271.663116	1.000000
0.000000	147.882751	719.915161	1.000000
0.032803	-48.542984	-86.248558	1.000000
0.000000	8.874217	343.207397	1.000000
0.000000	-10708.436523	576.100525	1.000000
0.000000	28171368.000000	16549397.000000	1.000000
0.000000	109.413315	-420.682526	1.000000
0.000000	-32888.882812	266954.687500	1.000000
0.000000	59.443726	15.430508	1.000000
0.000000	1239.479980	2835.918457	1.000000
0.000000	4828.533691	10610.719727	1.000000
0.000000	-48822.953125	-126250.796875	1.000000
0.000000	312.529999	-374.417816	1.000000
0.000000	1929694.125000	165046.234375	1.000000
0.000000	-180386.796875	-177937.812500	1.000000
0.000000	-69980.507812	13904.409180	1.000000
0.000000	89.757439	112.689514	1.000000
0.000000	-131018.187500	14680.193359	1.000000
0.000000	-808.913635	101.378670	1.000000
0.000000	-1141.757935	1230.632935	1.000000
0.000000	-1110.314697	884.161011	1.000000
0.000000	49190.886719	57279.187500	1.000000
0.000000	84106.507812	3859.747803	1.000000
0.000000	776.243958	-492.477905	1.000000
0.000000	-91.759979	-138.656326	1.000000
0.000000	-1589278.625000	-1200867.375000	1.000000
0.000000	13.195207	57.777325	1.000000
0.000000	2590553.750000	19099.390625	1.000000
0.000000	35.484959	88.103310	1.000000
0.000000	-10274.640625	12950.556641	1.000000
0.000000	1826645.375000	135573.484375	1.000000
0.000000	-1598.981079	497.230957	1.000000
0.000000	-20.420376	-12.149565	1.000000
0.000000	102.196587	131.936554	1.000000
0.000000	687.389587	1141.886841	1.000000
0.000000	-10413.731445	7198.180176	1.000000
0.000000	-78.807274	101.460098	1.000000
0.000000	27322.220703	25592.941406	1.000000
0.000000	-144.827362	89.175468	1.000000
0.000000	259.486053	198.478546	1.000000
0.000000	246.611145	-9124.400391	1.000000
0.000000	-5302.395996	9767.539062	1.000000
0.000000	458964.968750	25806.097656	1.000000
0.000000	-734.010437	995.819336	1.000000
0.000000	1935.358398	-5439.318848	1.000000
0.000000	3481.206543	-1788.909424	1.000000
0.000000	-23.837820	-179.624084	1.000000
0.000000	-33.292019	23.292534	1.000000
0.000000	1095.685791	-468.069305	1.000000
0.000000	1173.114136	12030.317383	1.000000
0.000000	18334.820312	-23726.599609	1.000000
0.665558	18.991505	4.890504	1.000000
0.000000	-23.970430	88.893478	1.000000
0.000000	1397.452393	1006.699219	1.000000
0.000000	109.167747	-37.944553	1.000000
1.032266	57.251667	-125.203949	1.000000
0.000000	-1723.683594	40.404045	1.000000
0.000000	75029.796875	-7441.108398	1.000000
0.000000	1.103282	110.790756	1.000000
0.000000	-513.006592	-720.712036	1.000000
0.000000	1197.898682	-9902.302734	1.000000
0.000000	83.510201	51.887634	1.000000
0.000000	7.475918	24.282372	1.000000
0.000000	-4002.187744	-4875.446777	1.000000
0.000000	213.251526	182.840378	1.000000
0.000000	-1784.145874	-2786.776611	1.000000
0.000000	-117.751404	-0.264805	1.000000
0.000000	22196.046875	38781.757812	1.000000
0.000000	47.147568	-22.323307	1.000000
0.000000	579.021667	-555.053528	1.000000
0.000000	988.167236	546.402283	1.000000
0.000000	-307.040924	328.218323	1.000000
0.032803	-50.407070	-83.184418	1.000000
0.000000	9428.463867	5107.512207	1.000000
0.000000	-92822.265625	-330022.718750	1.000000
0.000000	7680.007324	16937.175781	1.000000
0.000000	10.485701	47.042297	1.000000
0.000000	3298.774170	-1203.159058	1.000000
0.000000	-423538.937500	-81709.421875	1.000000
0.000000	-44105600.000000	-10494824.000000	1.000000
0.000000	5885.270508	-4857.489746	1.000000
0.000000	-171.525665	-128.223221	1.000000
0.000000	756.731445	-1842.775024	1.000000
0.000000	6093.317383	547.591919	1.000000
0.000000	24.542761	14.414385	1.000000
0.000000	-176.204681	1031.658081	1.000000
0.000000	-18827.986328	373.871460	1.000000
0.000000	-320.390808	-148.438034	1.000000
0.000000	259.099365	-42.881851	1.000000
0.000000	14262.535156	-11159.377930	1.000000
