0.000000	31481.839844	455827.812500	1.000000
0.000000	215008.406250	175280.484375	1.000000
0.000000	1191.763672	-12813.489258	1.000000
0.000000	-485.381775	648.165100	1.000000
0.000000	16885.802734	27357.210938	1.000000
0.000000	-13658.872070	746.519592	1.000000
0.000000	-650.609192	-2470.638428	1.000000
0.000000	-595319.937500	1523932.125000	1.000000
0.000000	3592.182861	-2171.391602	1.000000
0.000000	9292453.000000	3386659.750000	1.000000
0.000000	78697400.000000	19959642.000000	1.000000
0.000000	-312.779236	-195.122742	1.000000
0.000000	-313.328918	130.716858	1.000000
0.000000	91.140755	-282.458832	1.000000
0.000000	-73337376.000000	-31090268.000000	1.000000
0.000000	768.818542	-4499.810059	1.000000
0.000000	383.723633	-446.532532	1.000000
0.000000	-6190.467285	7839.208984	1.000000
0.000000	-987.228210	177.913086	1.000000
0.000000	-316.767853	323.685516	1.000000
0.000000	930.178040	8047.448242	1.000000
0.000000	10281.074219	85056.242188	1.000000
0.000000	-55.207516	860.550415	1.000000
0.000000	259.426758	67.557449	1.000000
0.000000	-207093.765625	-53363.652344	1.000000
0.000000	453.879425	-55.830032	1.000000
0.000000	10387.008789	35337.042969	1.000000
0.000000	-3967.053955	11572.427734	1.000000
0.000000	443.757629	-199.530914	1.000000
0.000000	-61429.218750	-273296.843750	1.000000
0.000000	5149.128906	-8871.345703	1.000000
0.000000	4918.507812	916.390747	1.000000
0.000000	-301.490112	477.777679	1.000000
0.000000	-566.406311	-180.002274	1.000000
0.000000	-271.561859	-58.117580	1.000000
0.000000	4898.973633	2797.754639	1.000000
0.000000	-27.513483	-82.085258	1.000000
0.000000	-5770.093262	-1530.898071	1.000000
0.000000	-246266.234375	-73770.312500	1.000000
0.000000	-46705.027344	-6184.904785	1.000000
0.000000	497.251251	115.071411	1.000000
0.000000	562.580261	-19.264376	1.000000
0.000000	-2.201317	277.462524	1.000000
0.000000	-98.221504	-171.503067	1.000000
0.000000	52.688633	274.232391	1.000000
0.000000	-575.389099	-236.331070	1.000000
0.000000	-4048.690430	3331.884766	1.000000
0.000000	-849.358765	462.102386	1.000000
0.000000	-120.826706	-295.475586	1.000000
0.000000	-292.952393	-89.191872	1.000000
0.000000	7079.042480	6275.663086	1.000000
0.000000	-889.327209	1662.096558	1.000000
0.000000	5.564538	1317.049072	1.000000
0.000000	-3418.398682	-11618.883789	1.000000
0.153832	333.427582	-25.962523	1.000000
0.000000	-15.641973	-302.870972	1.000000
0.000000	166.806961	116.515686	1.000000
0.000000	29405522.000000	-21550876.000000	1.000000
0.000000	-583.779114	1683.494263	1.000000
0.000000	474.235504	547.812927	1.000000
0.000000	1694.281616	26211.251953	1.000000
0.000000	3277.450684	-1682.726807	1.000000
0.000000	-108.887016	-282.819946	1.000000
0.000000	180.089935	-391.386688	1.000000
0.000000	5364.425293	-2927.980469	1.000000
0.000000	401118.125000	-1051564.750000	1.000000
0.000000	40177.085938	142530.187500	1.000000
0.000000	899154304.000000	-490293056.000000	1.000000
0.000000	5094.903320	-14897.691406	1.000000
0.000000	-11819835.000000	-661265.062500	1.000000
0.000000	10629.010742	-15087.141602	1.000000
0.000000	-29.447048	-391.133087	1.000000
0.000000	-295.050110	-789.384583	1.000000
0.000000	-472.449951	921.114502	1.000000
0.000000	424293.312500	2483.052002	1.000000
0.000000	-9374.423828	10632.223633	1.000000
0.000000	-203.843384	531.990173	1.000000
0.000000	29.939358	-315.080780	1.000000
0.000000	3424.745605	-13316.194336	1.000000
0.000000	-935690816.000000	516809408.000000	1.000000
0.000000	1333545.500000	80270.828125	1.000000
0.000000	370773.062500	-121736.531250	1.000000
0.000000	282433.875000	227404.562500	1.000000
0.000000	24876.701172	-23123.933594	1.000000
0.000000	2203343.750000	933628.812500	1.000000
0.000000	-166.149460	242.548889	1.000000
0.000000	62.105545	-39.651859	1.000000
0.000000	-3150.126221	-348.170166	1.000000
0.000000	-1674.108521	1745.185913	1.000000
0.000000	110.783272	301.845703	1.000000
0.000000	5.260330	-71.810493	1.000000
0.000000	-1237.568481	1093.685913	1.000000
0.000000	933.909241	-200.471466	1.000000
0.000000	239.982254	-159.325302	1.000000
0.000000	-4355021.000000	2416277.250000	1.000000
0.000000	1127.449463	624.823303	1.000000
0.000000	-146.868057	-88059.859375	1.000000
0.000000	1711789.125000	-2028472.500000	1.000000
0.000000	816.717041	-1488.105957	1.000000
0.000000	-243.512573	-5315.737793	1.000000
0.000000	691415.187500	-227460.812500	1.000000
0.000000	12310197.000000	-6573529.500000	1.000000
0.000000	-21950.615234	-21530.343750	1.000000
0.000000	170695.796875	-24539.898438	1.000000
0.000000	15.322624	204.485336	1.000000
0.000000	310.243134	-39.915413	1.000000
0.000000	600.674377	-1793.939697	1.000000
0.000000	-162.659180	-257.619171	1.000000
0.000000	114.167328	-287.291962	1.000000
0.000000	-888.527222	1089.005981	1.000000
0.000000	-229.918228	-3107.594971	1.000000
0.000000	-53887.203125	119833.890625	1.000000
0.000000	95.937180	265.197815	1.000000
0.000000	-370.125031	31.232492	1.000000
0.000000	-114.664536	-1071.716187	1.000000
0.000000	-64597.878906	15530.589844	1.000000
0.000000	2439.819580	801.924866	1.000000
0.000000	55796.660156	149594.296875	1.000000
0.000000	-13249.868164	6597.416992	1.000000
0.000000	-41793.988281	-29775.371094	1.000000
0.000000	-8442.352539	13820.904297	1.000000
0.000000	321.162109	348.095215	1.000000
0.000000	-321.518799	180.583176	1.000000
0.000000	1564.593994	3168.314209	1.000000
0.000000	644.868408	-418.350861	1.000000
0.000000	1915.031738	110.654747	1.000000
0.000000	569.006592	-548.925720	1.000000
0.000000	13988.253906	-14251.085938	1.000000
0.000000	-310.771667	-141.349686	1.000000
0.000000	-1171.080322	1512.898804	1.000000
0.000000	239.150238	263.946930	1.000000
0.000000	-13329.077148	-2985.362061	1.000000
0.000000	-28670.316406	-61520.812500	1.000000
0.000000	1704.555420	8062.116211	1.000000
0.000000	-2524.261230	1839.862793	1.000000
0.000000	101.287018	-153.380997	1.000000
0.000000	65.276001	205.694916	1.000000
0.000000	-3818.067627	-16028.766602	1.000000
0.000000	770.530212	-25.936903	1.000000
0.000000	-8786.292969	12932.917969	1.000000
0.000000	-894.517090	-3181.983887	1.000000
0.000000	942.035828	574.823914	1.000000
0.000000	290.519867	-254.519653	1.000000
0.000000	-5643.764160	-20510.708984	1.000000
0.000000	2.045214	-325.288605	1.000000
0.000000	22514.082031	-24599.986328	1.000000
0.000000	-301.185089	-177.309799	1.000000
0.000000	-3300464.250000	1376390.750000	1.000000
0.000000	-17989.904297	-1261.848755	1.000000
0.000000	-58.403030	578.626465	1.000000
0.000000	158.779510	-344.371735	1.000000
0.000000	6684.815918	2703.013672	1.000000
0.000000	-26133.662109	-23364.832031	1.000000
0.000000	-586712.625000	317462.343750	1.000000
0.000000	-108536.234375	249085.578125	1.000000
0.000000	38025.570312	-56191.003906	1.000000
0.000000	600.061768	-1721.524536	1.000000
0.000000	121.240364	167.858078	1.000000
0.000000	-220.038605	-425.086121	1.000000
0.000000	-387.542114	680.038452	1.000000
0.000000	4112436.000000	2116301.500000	1.000000
0.000000	167.538712	210.818436	1.000000
0.000000	-45275.316406	75959.968750	1.000000
0.000000	704.094543	1693.005859	1.000000
0.000000	4830.965332	12564.065430	1.000000
0.000000	619.357849	1608.695312	1.000000
0.000000	-44097.519531	2365.805420	1.000000
0.000000	245727.203125	-842228.687500	1.000000
0.000000	-225.056732	-140.924667	1.000000
0.000000	443.431488	-130.227631	1.000000
0.000000	-32982.058594	-140005.140625	1.000000
0.000000	-14336.934570	-13565.937500	1.000000
0.000000	-380.696777	-82.110512	1.000000
0.000000	-323596.406250	730136.875000	1.000000
0.000000	-31363.128906	-19672.070312	1.000000
0.000000	-422.385101	-1077.843872	1.000000
0.000000	147.309006	-354.268707	1.000000
0.000000	-3630.463379	-12774.810547	1.000000
0.000000	91.653275	-317.298248	1.000000
0.000000	3200.786133	2999.420898	1.000000
0.000000	27.787233	189.664566	1.000000
0.000000	799180.812500	-982912.687500	1.000000
0.000000	-378.513031	407.614380	1.000000
0.000000	-3282.640869	-2090.428955	1.000000
0.000000	-26.381287	2895.511963	1.000000
0.000000	-314.660706	296.979767	1.000000
0.000000	19853.693359	10538.421875	1.000000
0.000000	68.820831	586.472595	1.000000
0.000000	-3360.497559	-1911.928833	1.000000
0.000000	65099.246094	112657.101562	1.000000
0.000000	264.154999	210.092987	1.000000
0.000000	484892.843750	100805.078125	1.000000
0.000000	-238.324188	228.396240	1.000000
0.000000	80.286888	287.288208	1.000000
0.000000	318.769745	110.090508	1.000000
0.000000	-284.307861	-95.505905	1.000000
0.000000	-52424.980469	-3015.688721	1.000000
0.000000	11394.114258	1372.838257	1.000000
0.000000	-80.291237	-178.162842	1.000000
0.000000	-0.460262	1754.674805	1.000000
0.000000	-7872.523926	-93137.515625	1.000000
0.000000	-562.101929	1116.074463	1.000000
0.000000	-38.013489	294.419312	1.000000
0.000000	320.565948	-73.663368	1.000000
0.000000	55.669689	332.041931	1.000000
0.000000	-42890.066406	-77726.132812	1.000000
0.000000	309.541840	-1084.033447	1.000000
0.000000	-20.100620	316.106201	1.000000
0.000000	-82.524452	-200.328156	1.000000
0.000000	-458.194702	701.678589	1.000000
0.000000	385.764801	72.800812	1.000000
0.000000	213.972229	990.042114	1.000000
0.000000	-175.239899	150.956161	1.000000
0.000000	232.727295	508.774323	1.000000
0.000000	-10985.350586	555.739197	1.000000
0.000000	28171368.000000	16549397.000000	1.000000
0.000000	296.845062	-625.992554	1.000000
0.000000	-32780.289062	266780.937500	1.000000
0.000000	-215.411255	5.613001	1.000000
0.000000	1470.920410	2682.529785	1.000000
0.000000	4557.049316	10675.875977	1.000000
0.000000	-48540.609375	-126250.796875	1.000000
0.000000	68.468231	-507.445160	1.000000
0.000000	1929694.125000	165219.984375	1.000000
0.000000	-180126.171875	-177937.812500	1.000000
0.000000	-70197.695312	13746.948242	1.000000
0.000000	254.781815	-105.835861	1.000000
0.000000	-131105.062500	14946.248047	1.000000
0.000000	-1056.937378	227.109863	1.000000
0.000000	-1316.186646	1014.139648	1.000000
0.000000	-1182.258057	1152.753784	1.000000
0.000000	49256.042969	57539.812500	1.000000
0.000000	83889.320312	3692.784912	1.000000
0.000000	1041.258423	-407.978394	1.000000
0.000000	-338.867157	-266.006134	1.000000
0.000000	-1589278.625000	-1200867.375000	1.000000
0.000000	-253.091324	138.466019	1.000000
0.000000	2590553.750000	19349.156250	1.000000
0.000000	128.933533	-165.676437	1.000000
0.000000	-10437.531250	13178.603516	1.000000
0.000000	1826645.375000	135399.734375	1.000000
0.000000	-1567.081665	773.466309	1.000000
0.000000	250.448029	45.161388	1.000000
0.153832	333.470367	-22.042292	1.000000
0.000000	465.451111	974.346008	1.000000
0.000000	-10603.770508	7401.793457	1.000000
0.000000	-351.309692	156.500061	1.000000
0.000000	27333.080078	25875.285156	1.000000
0.000000	58.104530	279.205841	1.000000
0.000000	272.042206	476.223419	1.000000
0.000000	-23.838108	-9059.244141	1.000000
0.000000	-5579.310059	9772.968750	1.000000
0.000000	459138.718750	25599.769531	1.000000
0.000000	-994.635437	1092.196289	1.000000
0.000000	2158.990723	-5273.713379	1.000000
0.000000	3486.636230	-2067.180908	1.000000
0.000000	128.227203	53.096863	1.000000
0.000000	204.433258	167.838989	1.000000
0.000000	976.096924	-718.882690	1.000000
0.000000	1205.013550	11753.403320	1.000000
0.000000	18063.335938	-23780.896484	1.000000
0.000000	296.536591	-15.004076	1.000000
0.000000	-14.619163	-185.274750	1.000000
0.000000	1166.690674	1161.483154	1.000000
0.000000	387.096985	-45.049809	1.000000
0.000000	102.945869	147.575638	1.000000
0.000000	-1458.986328	125.194588	1.000000
0.000000	75290.421875	-7411.245117	1.000000
0.000000	75.120766	378.755127	1.000000
0.000000	-235.068069	-720.712036	1.000000
0.000000	1180.252197	-9625.388672	1.000000
0.000000	251.587219	273.315918	1.000000
0.000000	217.624786	202.355667	1.000000
0.000000	-3874.590088	-4628.395996	1.000000
0.000000	487.463959	228.144333	1.000000
0.000000	-2007.441772	-2952.382080	1.000000
0.000000	-5.412705	247.431595	1.000000
0.000000	22239.484375	39064.101562	1.000000
0.000000	322.486908	-23.988718	1.000000
0.000000	856.953796	-550.302551	1.000000
0.000000	1228.430908	686.216736	1.000000
0.000000	-318.579010	605.923340	1.000000
0.000000	123.710686	-293.147614	1.000000
0.000000	9569.635742	4868.605957	1.000000
0.000000	-92691.953125	-330196.468750	1.000000
0.000000	7956.921387	16948.035156	1.000000
0.000000	192.322021	-163.272110	1.000000
0.000000	3389.721436	-940.390015	1.000000
0.000000	-423365.187500	-81926.609375	1.000000
0.000000	-44105600.000000	-10494824.000000	1.000000
0.000000	6010.153320	-4610.438965	1.000000
0.000000	-277.024994	128.929596	1.000000
0.000000	1000.388672	-1709.068970	1.000000
0.000000	5876.129883	374.859985	1.000000
0.000000	-233.872940	-88.547401	1.000000
0.000000	-453.821838	1018.083862	1.000000
0.000000	-18784.548828	99.376877	1.000000
0.000000	-598.322937	-156.158371	1.000000
0.000000	295.215485	-317.117645	1.000000
0.000000	14517.730469	-11050.784180	1.000000
