0.000000	31448.968750	455858.750000	1.000000
0.000000	215023.875000	175326.890625	1.000000
0.000000	1199.135498	-12862.795898	1.000000
0.000000	-435.893860	647.440002	1.000000
0.000000	16881.935547	27306.937500	1.000000
0.000000	-13610.532227	735.341003	1.000000
0.000000	-606.196960	-2492.391357	1.000000
0.000000	-595381.812500	1523932.125000	1.000000
0.000000	3617.561279	-2128.852539	1.000000
0.000000	9292453.000000	3386659.750000	1.000000
0.000000	78697400.000000	19959642.000000	1.000000
0.000000	-360.545044	-208.083862	1.000000
0.000000	-336.773743	174.313354	1.000000
0.000000	89.320457	-331.916534	1.000000
0.000000	-73337376.000000	-31090268.000000	1.000000
0.000000	811.901428	-4475.640137	1.000000
0.000000	395.325195	-494.660889	1.000000
0.000000	-6216.087402	7881.748047	1.000000
0.000000	-987.107361	128.410065	1.000000
0.000000	-333.747223	370.182404	1.000000
0.000000	940.812805	8095.788086	1.000000
0.000000	10325.546875	85079.445312	1.000000
0.000000	-64.784843	909.131958	1.000000
0.000000	296.850800	34.172592	1.000000
0.000000	-207062.828125	-53398.457031	1.000000
0.000000	503.216278	-51.955292	1.000000
0.000000	10386.041992	35286.769531	1.000000
0.000000	-4015.635498	11562.759766	1.000000
0.000000	487.021790	-223.579987	1.000000
0.000000	-61378.945312	-273296.843750	1.000000
0.000000	5119.641602	-8831.707031	1.000000
0.000000	4966.364258	928.596558	1.000000
0.000000	-347.141052	496.932343	1.000000
0.000000	-602.600769	-146.270126	1.000000
0.000000	-310.233734	-88.995377	1.000000
0.000000	4943.929688	2818.299072	1.000000
0.000000	-73.549629	-100.280678	1.000000
0.000000	-5808.281738	-1562.198120	1.000000
0.000000	-246250.765625	-73816.718750	1.000000
0.000000	-46666.355469	-6214.875488	1.000000
0.000000	535.428040	146.586044	1.000000
0.000000	591.161194	-59.662136	1.000000
0.000000	-2.645770	326.950439	1.000000
0.000000	-120.525810	-215.688705	1.000000
0.000000	58.840633	323.357758	1.000000
0.000000	-594.060364	-190.483749	1.000000
0.000000	-4008.084961	3303.605957	1.000000
0.000000	-877.456299	502.858917	1.000000
0.000000	-131.718277	-343.755005	1.000000
0.000000	-341.382874	-99.373451	1.000000
0.000000	7128.349121	6270.345703	1.000000
0.000000	-916.337097	1620.645142	1.000000
0.000000	-22.569374	1276.322754	1.000000
0.000000	-3447.160889	-11578.278320	1.000000
0.000000	380.936951	-11.397392	1.000000
0.000000	-14.418371	-352.358887	1.000000
0.000000	216.279770	114.801132	1.000000
0.000000	29405522.000000	-21550876.000000	1.000000
0.000000	-623.659485	1712.739868	1.000000
0.000000	441.636322	585.095032	1.000000
0.000000	1668.782349	26168.712891	1.000000
0.000000	3296.303223	-1728.528809	1.000000
0.000000	-134.930115	-324.905823	1.000000
0.000000	206.797699	-433.049591	1.000000
0.000000	5333.971191	-2966.894043	1.000000
0.000000	401149.062500	-1051564.750000	1.000000
0.000000	40134.546875	142499.250000	1.000000
0.000000	899154304.000000	-490293056.000000	1.000000
0.000000	5062.999023	-14935.396484	1.000000
0.000000	-11819835.000000	-661203.187500	1.000000
0.000000	10654.147461	-15044.602539	1.000000
0.000000	-44.069851	-438.415497	1.000000
0.000000	-332.422852	-821.832703	1.000000
0.000000	-422.992249	919.422607	1.000000
0.000000	424231.437500	2470.725342	1.000000
0.000000	-9422.763672	10620.622070	1.000000
0.000000	-251.896210	520.086487	1.000000
0.000000	25.603878	-364.387421	1.000000
0.000000	3429.579590	-13365.500977	1.000000
0.000000	-935690816.000000	516809408.000000	1.000000
0.000000	1333545.500000	80317.234375	1.000000
0.000000	370834.937500	-121744.265625	1.000000
0.000000	282372.000000	227420.031250	1.000000
0.000000	24832.228516	-23100.730469	1.000000
0.000000	2203343.750000	933566.937500	1.000000
0.000000	-192.222763	284.629944	1.000000
0.000000	13.796583	-50.445240	1.000000
0.000000	-3119.188721	-309.498291	1.000000
0.000000	-1679.909302	1794.371704	1.000000
0.000000	133.608734	345.774536	1.000000
0.000000	-7.457175	-119.651833	1.000000
0.000000	-1285.304077	1080.634155	1.000000
0.000000	975.723206	-226.982849	1.000000
0.000000	250.994675	-111.060989	1.000000
0.000000	-4355021.000000	2416277.250000	1.000000
0.000000	1170.230225	649.657898	1.000000
0.000000	-195.313644	-88067.593750	1.000000
0.000000	1711789.125000	-2028472.500000	1.000000
0.000000	825.962036	-1439.524414	1.000000
0.000000	-202.816467	-5343.774902	1.000000
0.000000	691415.187500	-227507.218750	1.000000
0.000000	12310197.000000	-6573529.500000	1.000000
0.000000	-21962.216797	-21578.683594	1.000000
0.000000	170742.203125	-24568.902344	1.000000
0.000000	-5.979295	249.169479	1.000000
0.000000	357.616180	-54.307846	1.000000
0.000000	552.757507	-1806.266357	1.000000
0.000000	-195.228149	-294.901276	1.000000
0.000000	132.183228	-333.396088	1.000000
0.000000	-902.727051	1136.379028	1.000000
0.000000	-277.903748	-3095.510010	1.000000
0.000000	-53937.476562	119833.890625	1.000000
0.000000	113.437714	311.513428	1.000000
0.000000	-418.011688	43.770756	1.000000
0.000000	-67.057343	-1058.181030	1.000000
0.000000	-64555.339844	15503.519531	1.000000
0.000000	2454.563232	849.177063	1.000000
0.000000	55835.332031	149625.234375	1.000000
0.000000	-13297.241211	6581.948242	1.000000
0.000000	-41832.660156	-29746.367188	1.000000
0.000000	-8401.747070	13848.941406	1.000000
0.000000	365.876465	369.304321	1.000000
0.000000	-357.985168	214.073624	1.000000
0.000000	1600.244629	3133.992920	1.000000
0.000000	692.664429	-431.251556	1.000000
0.000000	1883.248291	72.715523	1.000000
0.000000	578.674561	-597.446838	1.000000
0.000000	13977.619141	-14299.425781	1.000000
0.000000	-352.978394	-167.196396	1.000000
0.000000	-1189.812012	1467.096802	1.000000
0.000000	274.528961	298.570343	1.000000
0.000000	-13280.737305	-2996.238525	1.000000
0.000000	-28701.253906	-61559.484375	1.000000
0.000000	1731.625732	8103.688477	1.000000
0.000000	-2494.048828	1800.707520	1.000000
0.000000	146.579865	-173.351395	1.000000
0.000000	32.533310	168.563873	1.000000
0.000000	-3786.646729	-15990.094727	1.000000
0.000000	818.084534	-12.123905	1.000000
0.000000	-8835.599609	12936.785156	1.000000
0.000000	-879.592163	-3229.115234	1.000000
0.000000	936.658020	624.009705	1.000000
0.000000	338.889923	-265.031433	1.000000
0.000000	-5594.940918	-20502.974609	1.000000
0.000000	4.649146	-374.716095	1.000000
0.000000	22500.546875	-24648.326172	1.000000
0.000000	-334.569794	-213.866806	1.000000
0.000000	-3300464.250000	1376390.750000	1.000000
0.000000	-18007.306641	-1308.013306	1.000000
0.000000	-79.220390	623.522095	1.000000
0.000000	175.275482	-391.049896	1.000000
0.000000	6700.768066	2656.124023	1.000000
0.000000	-26087.255859	-23349.363281	1.000000
0.000000	-586712.625000	317493.281250	1.000000
0.000000	-108536.234375	249039.171875	1.000000
0.000000	37975.296875	-56191.003906	1.000000
0.000000	632.086914	-1759.229614	1.000000
0.000000	145.017532	211.273300	1.000000
0.000000	-231.353149	-376.897339	1.000000
0.000000	-401.047058	727.653198	1.000000
0.000000	4112436.000000	2116301.500000	1.000000
0.000000	216.059830	220.592148	1.000000
0.000000	-45294.652344	76006.375000	1.000000
0.000000	748.748474	1714.396240	1.000000
0.000000	4878.821777	12551.497070	1.000000
0.000000	614.463440	1559.388672	1.000000
0.000000	-44132.324219	2402.060303	1.000000
0.000000	245680.796875	-842228.687500	1.000000
0.000000	-269.831512	-162.012924	1.000000
0.000000	492.798553	-126.408913	1.000000
0.000000	-32962.722656	-140051.546875	1.000000
0.000000	-14353.370117	-13519.531250	1.000000
0.000000	-430.124268	-84.618141	1.000000
0.000000	-323658.281250	730136.875000	1.000000
0.000000	-31320.589844	-19646.933594	1.000000
0.000000	-467.129669	-1098.992554	1.000000
0.000000	160.677994	-401.913666	1.000000
0.000000	-3583.090332	-12789.312500	1.000000
0.000000	105.966400	-364.671295	1.000000
0.000000	3215.529785	2952.289551	1.000000
0.000000	51.213516	146.052963	1.000000
0.000000	799118.937500	-982912.687500	1.000000
0.000000	-427.336273	415.862366	1.000000
0.000000	-3235.267822	-2104.447510	1.000000
0.000000	-36.782925	2943.851807	1.000000
0.000000	-349.586243	332.056366	1.000000
0.000000	19828.556641	10580.960938	1.000000
0.000000	117.606308	578.133972	1.000000
0.000000	-3407.628906	-1927.397583	1.000000
0.000000	65114.714844	112703.507812	1.000000
0.000000	300.651581	243.523010	1.000000
0.000000	484892.843750	100851.484375	1.000000
0.000000	-274.125885	262.578674	1.000000
0.000000	79.659981	336.776123	1.000000
0.000000	327.259430	158.853333	1.000000
0.000000	-333.705139	-98.655548	1.000000
0.000000	-52405.644531	-2970.732666	1.000000
0.000000	11420.217773	1414.893921	1.000000
0.000000	-66.839165	-225.792694	1.000000
0.000000	28.443604	1714.431885	1.000000
0.000000	-7874.940918	-93183.921875	1.000000
0.000000	-591.770508	1076.435791	1.000000
0.000000	-70.715416	331.580566	1.000000
0.000000	367.878571	-88.218193	1.000000
0.000000	58.381252	381.469421	1.000000
0.000000	-42928.738281	-77695.195312	1.000000
0.000000	270.839752	-1114.970947	1.000000
0.000000	5.664332	358.373352	1.000000
0.000000	-104.677696	-156.066986	1.000000
0.000000	-462.726562	750.985229	1.000000
0.000000	420.358002	37.394714	1.000000
0.000000	225.739960	1038.140259	1.000000
0.000000	-198.397705	194.703720	1.000000
0.000000	272.598846	538.083679	1.000000
0.000000	-11034.657227	552.113708	1.000000
0.000000	28171368.000000	16549397.000000	1.000000
0.000000	330.229767	-662.549561	1.000000
0.000000	-32760.953125	266750.000000	1.000000
0.000000	-264.899170	4.355410	1.000000
0.000000	1512.130127	2655.217773	1.000000
0.000000	4508.709473	10687.477539	1.000000
0.000000	-48490.335938	-126250.796875	1.000000
0.000000	25.011082	-531.131714	1.000000
0.000000	1929694.125000	165250.921875	1.000000
0.000000	-180079.765625	-177937.812500	1.000000
0.000000	-70236.367188	13718.911133	1.000000
0.000000	284.541046	-145.388123	1.000000
0.000000	-131120.531250	14993.621094	1.000000
0.000000	-1101.047485	249.497253	1.000000
0.000000	-1347.244995	975.649048	1.000000
0.000000	-1195.068115	1200.610229	1.000000
0.000000	49267.644531	57586.218750	1.000000
0.000000	83850.648438	3663.055908	1.000000
0.000000	1088.389771	-392.932617	1.000000
0.000000	-382.856415	-288.695648	1.000000
0.000000	-1589278.625000	-1200867.375000	1.000000
0.000000	-300.857117	151.472458	1.000000
0.000000	2590553.750000	19393.628906	1.000000
0.000000	146.124390	-212.097794	1.000000
0.000000	-10466.535156	13219.208984	1.000000
0.000000	1826645.375000	135368.796875	1.000000
0.000000	-1561.401733	822.652100	1.000000
0.000000	297.709930	56.087448	1.000000
0.000000	372.850891	-45.102921	1.000000
0.000000	425.933289	944.556580	1.000000
0.000000	-10637.608398	7438.048340	1.000000
0.000000	-399.830811	166.303986	1.000000
0.000000	27335.013672	25925.558594	1.000000
0.000000	94.238564	313.043732	1.000000
0.000000	274.277924	525.672791	1.000000
0.000000	-71.992271	-9047.642578	1.000000
0.000000	-5628.616699	9773.935547	1.000000
0.000000	459169.656250	25563.031250	1.000000
0.000000	-1041.041748	1109.356934	1.000000
0.000000	2198.871094	-5244.226074	1.000000
0.000000	3487.603027	-2116.729248	1.000000
0.000000	155.297516	94.534164	1.000000
0.000000	246.760834	193.489319	1.000000
0.000000	954.766968	-763.536621	1.000000
0.000000	1210.693481	11704.096680	1.000000
0.000000	18014.996094	-23790.564453	1.000000
0.000000	345.903656	-18.602867	1.000000
0.000000	-11.846231	-234.702240	1.000000
0.000000	1125.601807	1189.036865	1.000000
0.000000	436.584900	-46.314953	1.000000
0.000000	110.884178	196.429092	1.000000
0.000000	-1411.854980	140.287079	1.000000
0.000000	75336.828125	-7405.927734	1.000000
0.000000	88.300926	426.460510	1.000000
0.000000	-185.565048	-720.712036	1.000000
0.000000	1177.110107	-9576.082031	1.000000
0.000000	281.525482	312.743103	1.000000
0.000000	255.375183	234.365707	1.000000
0.000000	-3851.870361	-4584.406738	1.000000
0.000000	536.287231	236.211044	1.000000
0.000000	-2047.201294	-2981.869385	1.000000
0.000000	15.449830	292.327209	1.000000
0.000000	22247.218750	39114.375000	1.000000
0.000000	371.974823	-23.826326	1.000000
0.000000	906.441711	-549.456604	1.000000
0.000000	1271.211670	711.111755	1.000000
0.000000	-320.633453	655.350830	1.000000
0.000000	154.935196	-331.547577	1.000000
0.000000	9594.772461	4826.066895	1.000000
0.000000	-92668.750000	-330227.406250	1.000000
0.000000	8006.228027	16949.968750	1.000000
0.000000	224.256531	-201.098038	1.000000
0.000000	3405.915283	-893.560791	1.000000
0.000000	-423334.250000	-81965.281250	1.000000
0.000000	-44105600.000000	-10494824.000000	1.000000
0.000000	6032.389648	-4566.449707	1.000000
0.000000	-295.817108	174.731598	1.000000
0.000000	1043.773682	-1685.261597	1.000000
0.000000	5837.458008	344.103760	1.000000
0.000000	-279.825989	-106.954308	1.000000
0.000000	-503.249329	1015.666870	1.000000
0.000000	-18776.814453	50.501808	1.000000
0.000000	-647.810852	-157.533035	1.000000
0.000000	300.865204	-366.303436	1.000000
0.000000	14563.169922	-11031.448242	1.000000
