0.000000	31483.167969	455826.562500	1.000000
0.000000	215007.781250	175278.609375	1.000000
0.000000	1191.465820	-12811.497070	1.000000
0.000000	-487.381287	648.194397	1.000000
0.000000	16885.958984	27359.242188	1.000000
0.000000	-13660.825195	746.971252	1.000000
0.000000	-652.403625	-2469.759521	1.000000
0.000000	-595317.437500	1523932.125000	1.000000
0.000000	3591.157471	-2173.110352	1.000000
0.000000	9292453.000000	3386659.750000	1.000000
0.000000	78697400.000000	19959642.000000	1.000000
0.000000	-310.849304	-194.599060	1.000000
0.000000	-312.381653	128.955383	1.000000
0.000000	91.214302	-280.460541	1.000000
0.000000	-73337376.000000	-31090268.000000	1.000000
0.000000	767.077820	-4500.786621	1.000000
0.000000	383.254883	-444.587952	1.000000
0.000000	-6189.432129	7837.490234	1.000000
0.000000	-987.233093	179.913208	1.000000
0.000000	-316.081818	321.806854	1.000000
0.000000	929.748352	8045.495117	1.000000
0.000000	10279.277344	85055.304688	1.000000
0.000000	-54.820553	858.587524	1.000000
0.000000	257.954590	68.911209	1.000000
0.000000	-207095.015625	-53362.246094	1.000000
0.000000	451.886017	-55.986588	1.000000
0.000000	10387.047852	35339.074219	1.000000
0.000000	-3965.091064	11572.818359	1.000000
0.000000	442.009583	-198.559235	1.000000
0.000000	-61431.250000	-273296.843750	1.000000
0.000000	5150.320312	-8872.947266	1.000000
0.000000	4916.574219	915.897583	1.000000
0.000000	-299.645630	477.003754	1.000000
0.000000	-564.943909	-181.365189	1.000000
0.000000	-269.999359	-56.869869	1.000000
0.000000	4897.157227	2796.924561	1.000000
0.000000	-25.653437	-81.350090	1.000000
0.000000	-5768.550293	-1529.633423	1.000000
0.000000	-246266.859375	-73768.437500	1.000000
0.000000	-46706.589844	-6183.693848	1.000000
0.000000	495.709503	113.797913	1.000000
0.000000	561.425476	-17.632143	1.000000
0.000000	-2.183360	275.463013	1.000000
0.000000	-97.320320	-169.717789	1.000000
0.000000	52.440067	272.247528	1.000000
0.000000	-574.634705	-238.183487	1.000000
0.000000	-4050.331055	3333.027344	1.000000
0.000000	-848.223511	460.455658	1.000000
0.000000	-120.386642	-293.524902	1.000000
0.000000	-290.995605	-88.780495	1.000000
0.000000	7077.050293	6275.877930	1.000000
0.000000	-888.235901	1663.771362	1.000000
0.000000	6.701261	1318.694580	1.000000
0.000000	-3417.236572	-11620.524414	1.000000
0.448826	331.587860	-26.401991	1.000000
0.000000	-15.691412	-300.871460	1.000000
0.000000	164.808060	116.584961	1.000000
0.000000	29405522.000000	-21550876.000000	1.000000
0.000000	-582.167786	1682.312622	1.000000
0.000000	475.552643	546.306580	1.000000
0.000000	1695.311890	26212.970703	1.000000
0.000000	3276.688965	-1680.876221	1.000000
0.000000	-107.834770	-281.119507	1.000000
0.000000	179.010834	-389.703339	1.000000
0.000000	5365.655762	-2926.408203	1.000000
0.000000	401116.875000	-1051564.750000	1.000000
0.000000	40178.804688	142531.437500	1.000000
0.000000	899154304.000000	-490293056.000000	1.000000
0.000000	5096.192383	-14896.167969	1.000000
0.000000	-11819835.000000	-661267.562500	1.000000
0.000000	10627.995117	-15088.860352	1.000000
0.000000	-28.856228	-389.222687	1.000000
0.000000	-293.540100	-788.073547	1.000000
0.000000	-474.448242	921.182861	1.000000
0.000000	424295.812500	2483.550049	1.000000
0.000000	-9372.470703	10632.692383	1.000000
0.000000	-201.901855	532.471130	1.000000
0.000000	30.114529	-313.088593	1.000000
0.000000	3424.550293	-13314.202148	1.000000
0.000000	-935690816.000000	516809408.000000	1.000000
0.000000	1333545.500000	80268.953125	1.000000
0.000000	370770.562500	-121736.218750	1.000000
0.000000	282436.375000	227403.937500	1.000000
0.000000	24878.498047	-23124.871094	1.000000
0.000000	2203343.750000	933631.312500	1.000000
0.000000	-165.095993	240.849060	1.000000
0.000000	64.057449	-39.215763	1.000000
0.000000	-3151.376221	-349.732666	1.000000
0.000000	-1673.874146	1743.198608	1.000000
0.000000	109.861031	300.070801	1.000000
0.000000	5.774170	-69.877510	1.000000
0.000000	-1235.639771	1094.213257	1.000000
0.000000	932.219788	-199.400299	1.000000
0.000000	239.537308	-161.275375	1.000000
0.000000	-4355021.000000	2416277.250000	1.000000
0.000000	1125.720947	623.819885	1.000000
0.000000	-144.910660	-88059.546875	1.000000
0.000000	1711789.125000	-2028472.500000	1.000000
0.000000	816.343506	-1490.068848	1.000000
0.000000	-245.156860	-5314.604980	1.000000
0.000000	691415.187500	-227458.937500	1.000000
0.000000	12310197.000000	-6573529.500000	1.000000
0.000000	-21950.146484	-21528.390625	1.000000
0.000000	170693.921875	-24538.726562	1.000000
0.000000	16.183296	202.679916	1.000000
0.000000	308.329071	-39.333900	1.000000
0.000000	602.610413	-1793.441650	1.000000
0.000000	-161.343262	-256.112823	1.000000
0.000000	113.439484	-285.429169	1.000000
0.000000	-887.953491	1087.091919	1.000000
0.000000	-227.979141	-3108.083252	1.000000
0.000000	-53885.171875	119833.890625	1.000000
0.000000	95.230087	263.326477	1.000000
0.000000	-368.190216	30.725824	1.000000
0.000000	-116.588058	-1072.263062	1.000000
0.000000	-64599.597656	15531.683594	1.000000
0.000000	2439.223877	800.015686	1.000000
0.000000	55795.097656	149593.046875	1.000000
0.000000	-13247.954102	6598.041992	1.000000
0.000000	-41792.425781	-29776.542969	1.000000
0.000000	-8443.993164	13819.771484	1.000000
0.000000	319.355469	347.238281	1.000000
0.000000	-320.045410	179.230026	1.000000
0.000000	1563.153564	3169.700928	1.000000
0.000000	642.937256	-417.829620	1.000000
0.000000	1916.315918	112.187645	1.000000
0.000000	568.615967	-546.965271	1.000000
0.000000	13988.683594	-14249.132812	1.000000
0.000000	-309.066345	-140.305374	1.000000
0.000000	-1170.323486	1514.749390	1.000000
0.000000	237.720795	262.548004	1.000000
0.000000	-13331.030273	-2984.922607	1.000000
0.000000	-28669.066406	-61519.250000	1.000000
0.000000	1703.461670	8060.436523	1.000000
0.000000	-2525.481934	1841.444824	1.000000
0.000000	99.456879	-152.574112	1.000000
0.000000	66.598938	207.195160	1.000000
0.000000	-3819.337158	-16030.329102	1.000000
0.000000	768.608826	-26.494993	1.000000
0.000000	-8784.300781	12932.761719	1.000000
0.000000	-895.120117	-3180.079590	1.000000
0.000000	942.253113	572.836609	1.000000
0.000000	288.565521	-254.095459	1.000000
0.000000	-5645.736816	-20511.021484	1.000000
0.000000	1.940005	-323.291534	1.000000
0.000000	22514.628906	-24598.033203	1.000000
0.000000	-299.836212	-175.832748	1.000000
0.000000	-3300464.250000	1376390.750000	1.000000
0.000000	-17989.201172	-1259.983521	1.000000
0.000000	-57.561813	576.812500	1.000000
0.000000	158.113007	-342.485748	1.000000
0.000000	6684.171387	2704.908203	1.000000
0.000000	-26135.537109	-23365.457031	1.000000
0.000000	-586712.625000	317461.093750	1.000000
0.000000	-108536.234375	249087.453125	1.000000
0.000000	38027.601562	-56191.003906	1.000000
0.000000	598.767822	-1720.001099	1.000000
0.000000	120.279671	166.103928	1.000000
0.000000	-219.581451	-427.033142	1.000000
0.000000	-386.996460	678.114624	1.000000
0.000000	4112436.000000	2116301.500000	1.000000
0.000000	165.578262	210.423538	1.000000
0.000000	-45274.535156	75958.093750	1.000000
0.000000	702.290344	1692.141602	1.000000
0.000000	4829.031738	12564.573242	1.000000
0.000000	619.555603	1610.687500	1.000000
0.000000	-44096.113281	2364.340576	1.000000
0.000000	245729.078125	-842228.687500	1.000000
0.000000	-223.247650	-140.072617	1.000000
0.000000	441.436859	-130.382050	1.000000
0.000000	-32982.839844	-140003.265625	1.000000
0.000000	-14336.270508	-13567.812500	1.000000
0.000000	-378.699707	-82.009193	1.000000
0.000000	-323593.906250	730136.875000	1.000000
0.000000	-31364.847656	-19673.085938	1.000000
0.000000	-420.577240	-1076.989380	1.000000
0.000000	146.768845	-352.343658	1.000000
0.000000	-3632.377441	-12774.224609	1.000000
0.000000	91.074966	-315.384186	1.000000
0.000000	3200.190430	3001.325195	1.000000
0.000000	26.840654	191.426651	1.000000
0.000000	799183.312500	-982912.687500	1.000000
0.000000	-376.540375	407.281128	1.000000
0.000000	-3284.554932	-2089.862549	1.000000
0.000000	-25.960983	2893.558838	1.000000
0.000000	-313.249573	295.562531	1.000000
0.000000	19854.708984	10536.703125	1.000000
0.000000	66.849701	586.809509	1.000000
0.000000	-3358.593262	-1911.303833	1.000000
0.000000	65098.621094	112655.226562	1.000000
0.000000	262.680389	208.742279	1.000000
0.000000	484892.843750	100803.203125	1.000000
0.000000	-236.877655	227.015015	1.000000
0.000000	80.312218	285.288696	1.000000
0.000000	318.426727	108.120293	1.000000
0.000000	-282.312012	-95.378647	1.000000
0.000000	-52425.761719	-3017.505127	1.000000
0.000000	11393.059570	1371.139038	1.000000
0.000000	-80.834755	-176.238403	1.000000
0.000000	-1.628103	1756.300781	1.000000
0.000000	-7872.426270	-93135.640625	1.000000
0.000000	-560.903198	1117.676025	1.000000
0.000000	-36.692230	292.917847	1.000000
0.000000	318.654327	-73.075294	1.000000
0.000000	55.560131	330.044861	1.000000
0.000000	-42888.503906	-77727.382812	1.000000
0.000000	311.105560	-1082.783447	1.000000
0.000000	-21.141651	314.398438	1.000000
0.000000	-81.629372	-202.116486	1.000000
0.000000	-458.011597	699.686401	1.000000
0.000000	384.367096	74.231476	1.000000
0.000000	213.496765	988.098755	1.000000
0.000000	-174.304230	149.188583	1.000000
0.000000	231.116577	507.589020	1.000000
0.000000	-10983.358398	555.885681	1.000000
0.000000	28171368.000000	16549397.000000	1.000000
0.000000	295.496185	-624.515503	1.000000
0.000000	-32781.070312	266782.187500	1.000000
0.000000	-213.411743	5.663813	1.000000
0.000000	1469.255371	2683.633301	1.000000
0.000000	4559.002441	10675.407227	1.000000
0.000000	-48542.640625	-126250.796875	1.000000
0.000000	70.224213	-506.488129	1.000000
0.000000	1929694.125000	165218.734375	1.000000
0.000000	-180128.046875	-177937.812500	1.000000
0.000000	-70196.132812	13748.081055	1.000000
0.000000	253.579422	-104.237656	1.000000
0.000000	-131104.437500	14944.333984	1.000000
0.000000	-1055.155151	226.205322	1.000000
0.000000	-1314.931763	1015.694824	1.000000
0.000000	-1181.740479	1150.820190	1.000000
0.000000	49255.574219	57537.937500	1.000000
0.000000	83890.882812	3693.986084	1.000000
0.000000	1039.354126	-408.586304	1.000000
0.000000	-337.089813	-265.089386	1.000000
0.000000	-1589278.625000	-1200867.375000	1.000000
0.000000	-251.161392	137.940506	1.000000
0.000000	2590553.750000	19347.359375	1.000000
0.000000	128.238953	-163.800827	1.000000
0.000000	-10436.359375	13176.962891	1.000000
0.000000	1826645.375000	135400.984375	1.000000
0.000000	-1567.311157	771.479004	1.000000
0.000000	248.498566	44.715069	1.000000
0.448826	331.799438	-21.259560	1.000000
0.000000	467.047791	975.549622	1.000000
0.000000	-10602.403320	7400.328613	1.000000
0.000000	-349.349243	156.103943	1.000000
0.000000	27333.001953	25873.253906	1.000000
0.000000	56.644569	277.838654	1.000000
0.000000	271.951874	474.225128	1.000000
0.000000	-21.892460	-9059.712891	1.000000
0.000000	-5577.317871	9772.929688	1.000000
0.000000	459137.468750	25601.253906	1.000000
0.000000	-992.760437	1091.502930	1.000000
0.000000	2157.379395	-5274.904785	1.000000
0.000000	3486.597168	-2065.178955	1.000000
0.000000	127.133209	51.422516	1.000000
0.000000	202.723053	166.802612	1.000000
0.000000	976.958740	-717.078491	1.000000
0.000000	1204.784058	11755.395508	1.000000
0.000000	18065.289062	-23780.505859	1.000000
0.000000	294.541962	-14.858698	1.000000
0.000000	-14.731200	-183.277679	1.000000
0.000000	1168.350830	1160.369873	1.000000
0.000000	385.097473	-44.998692	1.000000
0.000000	102.625130	145.601761	1.000000
0.000000	-1460.890625	124.584541	1.000000
0.000000	75288.546875	-7411.459961	1.000000
0.000000	74.588234	376.827637	1.000000
0.000000	-237.068192	-720.712036	1.000000
0.000000	1180.379150	-9627.380859	1.000000
0.000000	250.378113	271.722900	1.000000
0.000000	216.099518	201.062332	1.000000
0.000000	-3875.508057	-4630.173340	1.000000
0.000000	485.491302	227.818405	1.000000
0.000000	-2005.835327	-2951.190674	1.000000
0.000000	-6.255639	245.617630	1.000000
0.000000	22239.171875	39062.070312	1.000000
0.000000	320.487396	-23.995279	1.000000
0.000000	854.954285	-550.336731	1.000000
0.000000	1226.702393	685.210876	1.000000
0.000000	-318.496002	603.926270	1.000000
0.000000	122.449089	-291.596100	1.000000
0.000000	9568.620117	4870.324707	1.000000
0.000000	-92692.890625	-330195.218750	1.000000
0.000000	7954.929199	16947.957031	1.000000
0.000000	191.031738	-161.743790	1.000000
0.000000	3389.067139	-942.282104	1.000000
0.000000	-423366.437500	-81925.046875	1.000000
0.000000	-44105600.000000	-10494824.000000	1.000000
0.000000	6009.254883	-4612.216309	1.000000
0.000000	-276.265717	127.079163	1.000000
0.000000	998.635742	-1710.030884	1.000000
0.000000	5877.692383	376.102661	1.000000
0.000000	-232.016251	-87.803688	1.000000
0.000000	-451.824768	1018.181519	1.000000
0.000000	-18784.861328	101.351669	1.000000
0.000000	-596.323425	-156.102829	1.000000
0.000000	294.987213	-315.130341	1.000000
0.000000	14515.894531	-11051.565430	1.000000
