0.000000	31688.363281	455633.437500	1.000000
0.000000	214911.218750	174988.921875	1.000000
0.000000	1145.447754	-12503.704102	1.000000
0.000000	-796.305847	652.720764	1.000000
0.000000	16910.099609	27673.070312	1.000000
0.000000	-13962.583008	816.752747	1.000000
0.000000	-929.643616	-2333.968506	1.000000
0.000000	-594931.187500	1523932.125000	1.000000
0.000000	3432.734619	-2438.657227	1.000000
0.000000	9292453.000000	3386659.750000	1.000000
0.000000	78697400.000000	19959642.000000	1.000000
0.000000	-12.657390	-113.681900	1.000000
0.000000	-166.087097	-143.226257	1.000000
0.000000	102.577370	28.340126	1.000000
0.000000	-73337376.000000	-31090268.000000	1.000000
0.000000	498.136169	-4651.665527	1.000000
0.000000	310.833008	-144.185440	1.000000
0.000000	-6029.500488	7571.943359	1.000000
0.000000	-987.987488	488.860992	1.000000
0.000000	-210.048538	31.556217	1.000000
0.000000	863.361633	7743.737305	1.000000
0.000000	10001.660156	84910.460938	1.000000
0.000000	4.958565	555.320923	1.000000
0.000000	32.392262	275.628967	1.000000
0.000000	-207288.140625	-53144.980469	1.000000
0.000000	143.870117	-80.174362	1.000000
0.000000	10393.083008	35652.902344	1.000000
0.000000	-3661.824463	11633.169922	1.000000
0.000000	171.936325	-48.434731	1.000000
0.000000	-61745.078125	-273296.843750	1.000000
0.000000	5334.392578	-9120.388672	1.000000
0.000000	4617.833984	839.703735	1.000000
0.000000	-14.636065	357.492706	1.000000
0.000000	-338.858337	-391.996429	1.000000
0.000000	-28.504288	135.891922	1.000000
0.000000	4616.522461	2668.677490	1.000000
0.000000	261.704407	32.210663	1.000000
0.000000	-5530.161621	-1334.245239	1.000000
0.000000	-246363.421875	-73478.750000	1.000000
0.000000	-46947.996094	-5996.604004	1.000000
0.000000	257.509430	-82.954720	1.000000
0.000000	382.874817	234.544434	1.000000
0.647351	6.663177	-27.158585	1.000000
0.000000	35.321991	103.791283	1.000000
0.000000	13.853466	-32.599491	1.000000
0.000000	-458.080780	-524.301575	1.000000
0.000000	-4303.807617	3509.555664	1.000000
0.000000	-672.826782	206.036087	1.000000
0.000000	-51.020905	7.316967	1.000000
0.441413	9.763085	-25.083319	1.000000
0.000000	6769.257324	6309.071289	1.000000
0.000000	-719.628723	1922.528687	1.000000
0.000000	182.317749	1572.925537	1.000000
0.000000	-3237.690674	-11874.000977	1.000000
0.000000	46.150764	-144.992279	1.000000
0.000000	-22.933783	6.001261	1.000000
0.000000	-144.014374	127.287933	1.000000
0.000000	29405522.000000	-21550876.000000	1.000000
0.000000	-333.217590	1499.749146	1.000000
0.000000	678.895752	313.736664	1.000000
0.000000	1854.489136	26478.517578	1.000000
0.000000	3159.003418	-1394.960693	1.000000
0.000000	54.155293	-16.646847	1.000000
0.000000	12.288377	-129.580017	1.000000
0.000000	5555.763184	-2683.493164	1.000000
0.000000	400923.750000	-1051564.750000	1.000000
0.000000	40444.351562	142724.562500	1.000000
0.000000	899154304.000000	-490293056.000000	1.000000
0.000000	5295.352539	-14660.796875	1.000000
0.000000	-11819835.000000	-661653.812500	1.000000
0.000000	10471.081055	-15354.407227	1.000000
0.000000	63.658272	-96.540283	1.000000
0.000000	-60.322720	-585.518616	1.000000
0.000000	-783.349854	931.744385	1.000000
0.000000	424682.062500	2560.498291	1.000000
0.000000	-9070.712891	10705.114258	1.000000
0.000000	98.038788	606.778992	1.000000
0.463836	56.973164	-5.581448	1.000000
0.000000	3394.374512	-13006.409180	1.000000
0.000000	-935690816.000000	516809408.000000	1.000000
0.000000	1333545.500000	79979.265625	1.000000
0.000000	370384.312500	-121687.937500	1.000000
0.000000	282822.625000	227307.375000	1.000000
0.000000	25156.115234	-23269.714844	1.000000
0.000000	2203343.750000	934017.562500	1.000000
0.000000	-5.210496	-18.720072	1.000000
0.000000	364.130463	30.662767	1.000000
0.000000	-3344.501221	-591.138916	1.000000
0.000000	-1637.663208	1436.160034	1.000000
0.000000	-32.621185	25.862959	1.000000
0.000000	85.160797	228.758942	1.000000
0.000000	-937.653931	1175.687866	1.000000
0.000000	671.199280	-33.927521	1.000000
0.000000	170.793106	-462.497040	1.000000
0.000000	-4355021.000000	2416277.250000	1.000000
0.000000	858.431763	468.844360	1.000000
0.000000	157.499756	-88011.265625	1.000000
0.000000	1711789.125000	-2028472.500000	1.000000
0.000000	758.632324	-1793.335449	1.000000
0.000000	-499.199219	-5139.585449	1.000000
0.000000	691415.187500	-227169.250000	1.000000
0.000000	12310197.000000	-6573529.500000	1.000000
0.000000	-21877.724609	-21226.632812	1.000000
0.000000	170404.234375	-24357.671875	1.000000
0.000000	149.195541	-70.030258	1.000000
0.505108	13.045888	49.196941	1.000000
0.000000	901.727844	-1716.493408	1.000000
0.000000	36.752842	-24.580353	1.000000
0.000000	-0.031612	1.444299	1.000000
0.000000	-799.312134	791.072571	1.000000
0.000000	71.601639	-3183.522705	1.000000
0.000000	-53571.343750	119833.890625	1.000000
0.000000	-9.565174	-24.434328	1.000000
0.000000	-69.221603	-47.588924	1.000000
0.000000	-413.777069	-1156.755249	1.000000
0.000000	-64865.144531	15700.667969	1.000000
0.000000	2347.187744	505.042999	1.000000
0.000000	55553.691406	149399.921875	1.000000
0.000000	-12952.231445	6694.604492	1.000000
0.000000	-41551.019531	-29957.597656	1.000000
0.000000	-8697.469727	13644.751953	1.000000
0.000000	40.214672	214.812714	1.000000
0.000000	-91.275757	-29.010370	1.000000
0.000000	1340.607178	3383.948975	1.000000
0.000000	344.574249	-337.298004	1.000000
0.000000	2114.975342	349.013397	1.000000
0.000000	508.276093	-243.909058	1.000000
0.000000	14055.070312	-13947.375000	1.000000
0.000000	-45.740147	19.397207	1.000000
0.000000	-1053.392334	1800.664917	1.000000
0.505108	17.403402	45.397343	1.000000
0.000000	-13632.788086	-2917.027100	1.000000
0.000000	-28475.941406	-61277.843750	1.000000
0.000000	1534.477295	7800.924805	1.000000
0.000000	-2714.080566	2085.868652	1.000000
0.000000	-183.281769	-27.910810	1.000000
0.000000	266.712402	436.008423	1.000000
0.000000	-4015.479736	-16271.735352	1.000000
0.000000	471.780121	-112.730965	1.000000
0.000000	-8476.507812	12908.621094	1.000000
0.000000	-988.287842	-2885.865723	1.000000
0.000000	975.823669	265.646820	1.000000
0.000000	-13.386530	-188.557434	1.000000
0.000000	-5950.512207	-20559.302734	1.000000
0.000000	-14.314829	-14.730617	1.000000
0.000000	22599.121094	-24296.275391	1.000000
0.000000	-92.707581	51.562534	1.000000
0.000000	-3300464.250000	1376390.750000	1.000000
0.000000	-17880.568359	-971.804810	1.000000
0.000000	72.345451	297.363464	1.000000
0.028235	56.830677	-52.366951	1.000000
0.000000	6584.591309	2997.613281	1.000000
0.000000	-26425.224609	-23462.019531	1.000000
0.000000	-586712.625000	317267.968750	1.000000
0.000000	-108536.234375	249377.140625	1.000000
0.000000	38341.429688	-56191.003906	1.000000
0.000000	398.853241	-1484.630005	1.000000
0.000000	-27.042252	-105.515747	1.000000
0.000000	-148.951263	-727.712646	1.000000
0.000000	-302.692871	380.883148	1.000000
0.000000	4112436.000000	2116301.500000	1.000000
0.000000	-134.600342	149.530716	1.000000
0.000000	-45153.832031	75668.406250	1.000000
0.000000	423.601440	1558.613770	1.000000
0.000000	4530.291504	12643.030273	1.000000
0.000000	650.108582	1918.480469	1.000000
0.000000	-43878.847656	2138.022217	1.000000
0.000000	246018.765625	-842228.687500	1.000000
0.463836	55.741837	-9.684968	1.000000
0.000000	137.695648	-152.289413	1.000000
0.000000	-33103.542969	-139713.578125	1.000000
0.000000	-14233.672852	-13857.500000	1.000000
0.000000	-70.095657	-66.335449	1.000000
0.000000	-323207.656250	730136.875000	1.000000
0.000000	-31630.394531	-19830.000000	1.000000
0.000000	-141.262650	-944.970337	1.000000
0.028235	61.559345	-53.651871	1.000000
0.000000	-3928.100098	-12683.697266	1.000000
0.467938	6.796450	-22.801682	1.000000
0.000000	3108.154297	3295.539062	1.000000
0.000000	-119.741676	459.728058	1.000000
0.000000	799569.562500	-982912.687500	1.000000
0.000000	-71.821983	355.793701	1.000000
0.000000	-3580.277588	-2002.352905	1.000000
0.000000	38.974480	2591.801025	1.000000
0.000000	-95.236633	76.533340	1.000000
0.000000	20011.623047	10271.156250	1.000000
0.000000	-237.716370	638.862732	1.000000
0.000000	-3064.379395	-1814.741333	1.000000
0.000000	65002.058594	112365.539062	1.000000
0.000000	33.753220	0.239056	1.000000
0.000000	484892.843750	100513.515625	1.000000
0.000000	-13.388288	13.620218	1.000000
0.000000	80.697746	-21.584431	1.000000
0.000000	265.430511	-196.287354	1.000000
0.000000	24.875141	-75.163116	1.000000
0.000000	-52546.464844	-3298.139893	1.000000
0.000000	11230.110352	1108.609741	1.000000
0.000000	-163.769028	122.434891	1.000000
0.000000	-182.053757	2007.514160	1.000000
0.000000	-7857.338379	-92845.953125	1.000000
0.000000	-375.838165	1365.117432	1.000000
0.000000	164.125885	61.973930	1.000000
0.000000	20.655607	15.221865	1.000000
0.000000	40.382690	21.391325	1.000000
0.000000	-42647.097656	-77920.507812	1.000000
0.000000	552.668640	-889.920776	1.000000
0.000000	-181.985748	50.548954	1.000000
0.000000	56.640285	-478.413483	1.000000
0.000000	-429.721802	391.893433	1.000000
0.000000	168.421677	295.269073	1.000000
0.000000	140.037598	687.849731	1.000000
0.000000	-34.825203	-112.707657	1.000000
0.000000	-17.707520	323.649902	1.000000
0.000000	-10675.565430	578.517517	1.000000
0.000000	28171368.000000	16549397.000000	1.000000
0.000000	87.161880	-396.311188	1.000000
0.000000	-32901.773438	266975.312500	1.000000
0.000000	92.430984	16.268902	1.000000
0.000000	1212.006836	2854.126465	1.000000
0.000000	4860.760254	10602.985352	1.000000
0.000000	-48856.468750	-126250.796875	1.000000
0.000000	341.493622	-358.626801	1.000000
0.000000	1929694.125000	165025.609375	1.000000
0.000000	-180417.734375	-177937.812500	1.000000
0.000000	-69954.726562	13923.100586	1.000000
0.000000	69.917961	139.057800	1.000000
0.000000	-131007.875000	14648.611328	1.000000
0.000000	-779.466614	86.453743	1.000000
0.000000	-1121.052368	1256.333618	1.000000
0.000000	-1101.774658	852.296997	1.000000
0.000000	49183.152344	57248.250000	1.000000
0.000000	84132.289062	3879.567139	1.000000
0.000000	744.782776	-502.508423	1.000000
0.000000	-62.423874	-123.540047	1.000000
0.000000	-1589278.625000	-1200867.375000	1.000000
0.000000	43.762539	50.154335	1.000000
0.000000	2590553.750000	19069.742188	1.000000
0.000000	24.020994	119.045845	1.000000
0.000000	-10255.304688	12923.486328	1.000000
0.000000	1826645.375000	135594.109375	1.000000
0.000000	-1602.767700	464.440430	1.000000
0.000000	-52.588577	-19.513838	1.000000
0.000000	74.748619	150.255341	1.000000
0.000000	713.734802	1161.786743	1.000000
0.000000	-10391.172852	7174.010254	1.000000
0.000000	-46.459862	94.929184	1.000000
0.000000	27320.931641	25559.425781	1.000000
0.000000	-168.916718	66.621910	1.000000
0.000000	257.995575	165.516815	1.000000
0.000000	278.716858	-9132.134766	1.000000
0.000000	-5269.524902	9766.894531	1.000000
0.000000	458944.343750	25830.589844	1.000000
0.000000	-703.072937	984.378906	1.000000
0.000000	1908.852051	-5458.977051	1.000000
0.000000	3480.562012	-1755.877197	1.000000
0.000000	-41.887783	-207.248291	1.000000
0.000000	-61.354568	7.868278	1.000000
0.000000	1109.865479	-438.279877	1.000000
0.000000	1169.327515	12063.188477	1.000000
0.000000	18367.046875	-23720.154297	1.000000
0.344747	-14.427686	6.996138	1.000000
0.000000	-25.818422	121.840103	1.000000
0.000000	1424.844971	988.289795	1.000000
0.000000	76.180840	-37.101124	1.000000
0.000000	50.857071	-155.135101	1.000000
0.000000	-1755.104492	30.340797	1.000000
0.000000	74998.859375	-7444.653320	1.000000
0.000000	-7.682234	78.982132	1.000000
0.000000	-545.998535	-720.712036	1.000000
0.000000	1199.993408	-9935.173828	1.000000
0.000000	63.554913	25.605360	1.000000
0.344747	-17.190956	3.205334	1.000000
0.000000	-4017.334229	-4904.772949	1.000000
0.000000	180.692627	177.462570	1.000000
0.000000	-1757.639526	-2767.118408	1.000000
0.000000	-131.659180	-30.190502	1.000000
0.000000	22190.890625	38748.242188	1.000000
0.000000	14.890167	-20.844301	1.000000
0.000000	546.029724	-555.617493	1.000000
0.000000	959.646729	529.805603	1.000000
0.000000	-305.671295	295.246521	1.000000
0.000000	-69.508598	-60.304695	1.000000
0.000000	9411.706055	5135.871582	1.000000
0.000000	-92837.734375	-330002.093750	1.000000
0.000000	7647.136230	16935.886719	1.000000
0.000000	-10.805009	72.254547	1.000000
0.000000	3287.978271	-1234.338257	1.000000
0.000000	-423559.562500	-81683.640625	1.000000
0.000000	-44105600.000000	-10494824.000000	1.000000
0.000000	5870.446289	-4886.815918	1.000000
0.000000	-158.997589	-158.757889	1.000000
0.000000	727.808105	-1858.646606	1.000000
0.000000	6119.098633	568.096069	1.000000
0.000000	55.177830	26.684315	1.000000
0.000000	-143.242950	1033.269409	1.000000
0.000000	-18833.142578	406.460571	1.000000
0.000000	-287.398865	-147.521591	1.000000
0.000000	255.334656	-10.096473	1.000000
0.000000	14232.242188	-11172.268555	1.000000
