0.000000	31538.949219	455774.062500	1.000000
0.000000	214981.531250	175199.859375	1.000000
0.000000	1178.956055	-12727.825195	1.000000
0.000000	-571.360779	649.424866	1.000000
0.000000	16892.521484	27444.554688	1.000000
0.000000	-13742.856445	765.940979	1.000000
0.000000	-727.769836	-2432.845459	1.000000
0.000000	-595212.437500	1523932.125000	1.000000
0.000000	3548.091064	-2245.297852	1.000000
0.000000	9292453.000000	3386659.750000	1.000000
0.000000	78697400.000000	19959642.000000	1.000000
0.000000	-229.792175	-172.604431	1.000000
0.000000	-272.596497	54.961582	1.000000
0.000000	94.303291	-196.514145	1.000000
0.000000	-73337376.000000	-31090268.000000	1.000000
0.000000	693.967468	-4541.802246	1.000000
0.000000	363.567383	-362.915588	1.000000
0.000000	-6145.955566	7765.302734	1.000000
0.000000	-987.438171	263.915924	1.000000
0.000000	-287.268341	242.903061	1.000000
0.000000	911.701477	7963.463867	1.000000
0.000000	10203.808594	85015.929688	1.000000
0.000000	-38.568111	776.146118	1.000000
0.000000	196.123535	125.769119	1.000000
0.000000	-207147.515625	-53303.183594	1.000000
0.000000	368.162872	-62.561905	1.000000
0.000000	10388.688477	35424.386719	1.000000
0.000000	-3882.649658	11589.224609	1.000000
0.000000	368.591614	-157.748688	1.000000
0.000000	-61516.562500	-273296.843750	1.000000
0.000000	5200.359375	-8940.212891	1.000000
0.000000	4835.363281	895.184692	1.000000
0.000000	-222.177368	444.498871	1.000000
0.000000	-503.515930	-238.607620	1.000000
0.000000	-204.354202	-4.466299	1.000000
0.000000	4820.868164	2762.061279	1.000000
0.000000	52.467857	-50.473015	1.000000
0.000000	-5703.745605	-1476.518188	1.000000
0.000000	-246293.109375	-73689.687500	1.000000
0.000000	-46772.214844	-6132.834473	1.000000
0.000000	430.956085	60.310978	1.000000
0.000000	512.924500	50.922237	1.000000
0.000000	-1.429137	191.463821	1.000000
0.000000	-60.531994	-96.035172	1.000000
0.000000	42.000309	188.903900	1.000000
0.000000	-542.950134	-315.965240	1.000000
0.000000	-4119.237305	3381.015625	1.000000
0.000000	-800.542847	391.293060	1.000000
0.000000	-101.903976	-211.596191	1.000000
0.000000	-208.795837	-71.502663	1.000000
0.000000	6993.378418	6284.901367	1.000000
0.000000	-842.400940	1734.113159	1.000000
0.000000	54.444603	1387.805908	1.000000
0.000000	-3368.427979	-11689.430664	1.000000
0.000000	254.017761	-58.601463	1.000000
0.000000	-17.767828	-216.891968	1.000000
0.000000	80.854210	119.494507	1.000000
0.000000	29405522.000000	-21550876.000000	1.000000
0.000000	-514.492004	1632.683716	1.000000
0.000000	530.854980	483.063446	1.000000
0.000000	1738.583374	26285.158203	1.000000
0.000000	3244.696777	-1603.151611	1.000000
0.000000	-63.640385	-209.684418	1.000000
0.000000	133.688568	-319.002655	1.000000
0.000000	5417.335449	-2860.373047	1.000000
0.000000	401064.375000	-1051564.750000	1.000000
0.000000	40250.992188	142583.937500	1.000000
0.000000	899154304.000000	-490293056.000000	1.000000
0.000000	5150.333008	-14832.183594	1.000000
0.000000	-11819835.000000	-661372.562500	1.000000
0.000000	10585.338867	-15161.047852	1.000000
0.000000	-4.041646	-308.985870	1.000000
0.000000	-230.130157	-733.010071	1.000000
0.000000	-558.404785	924.053955	1.000000
0.000000	424400.812500	2504.468018	1.000000
0.000000	-9290.439453	10652.379883	1.000000
0.000000	-120.358864	552.671326	1.000000
0.000000	37.471706	-229.416702	1.000000
0.000000	3416.347168	-13230.530273	1.000000
0.000000	-935690816.000000	516809408.000000	1.000000
0.000000	1333545.500000	80190.203125	1.000000
0.000000	370665.562500	-121723.093750	1.000000
0.000000	282541.375000	227377.687500	1.000000
0.000000	24953.966797	-23164.246094	1.000000
0.000000	2203343.750000	933736.312500	1.000000
0.000000	-120.850395	169.456238	1.000000
0.000000	146.037430	-20.897781	1.000000
0.000000	-3203.876221	-415.357666	1.000000
0.000000	-1664.030396	1659.731812	1.000000
0.000000	71.126900	225.524918	1.000000
0.000000	27.355438	11.302378	1.000000
0.000000	-1154.633911	1116.361694	1.000000
0.000000	861.262756	-154.411285	1.000000
0.000000	220.849564	-243.178452	1.000000
0.000000	-4355021.000000	2416277.250000	1.000000
0.000000	1053.123291	581.676331	1.000000
0.000000	-62.700069	-88046.421875	1.000000
0.000000	1711789.125000	-2028472.500000	1.000000
0.000000	800.655029	-1572.510254	1.000000
0.000000	-314.216919	-5267.026855	1.000000
0.000000	691415.187500	-227380.187500	1.000000
0.000000	12310197.000000	-6573529.500000	1.000000
0.000000	-21930.458984	-21446.359375	1.000000
0.000000	170615.171875	-24489.507812	1.000000
0.000000	52.617214	130.662292	1.000000
0.000000	227.947403	-14.908136	1.000000
0.000000	683.923889	-1772.523682	1.000000
0.000000	-106.074715	-192.846237	1.000000
0.000000	82.870026	-207.191849	1.000000
0.000000	-863.856812	1006.679260	1.000000
0.000000	-146.537491	-3128.591064	1.000000
0.000000	-53799.859375	119833.890625	1.000000
0.000000	69.785393	187.726303	1.000000
0.000000	-286.928009	9.445765	1.000000
0.000000	-197.365021	-1095.231812	1.000000
0.000000	-64671.785156	15577.621094	1.000000
0.000000	2414.204346	719.830139	1.000000
0.000000	55729.472656	149540.546875	1.000000
0.000000	-13167.563477	6624.291992	1.000000
0.000000	-41726.800781	-29825.761719	1.000000
0.000000	-8512.899414	13772.193359	1.000000
0.000000	243.476562	311.247070	1.000000
0.000000	-258.163086	122.397758	1.000000
0.000000	1502.655518	3227.943115	1.000000
0.000000	561.828857	-395.937531	1.000000
0.000000	1970.251465	176.559692	1.000000
0.000000	552.209717	-464.596924	1.000000
0.000000	14006.730469	-14167.101562	1.000000
0.000000	-237.442795	-96.435066	1.000000
0.000000	-1138.536377	1592.473999	1.000000
0.000000	177.684174	203.793137	1.000000
0.000000	-13413.061523	-2966.465576	1.000000
0.000000	-28616.566406	-61453.625000	1.000000
0.000000	1657.524170	7989.889648	1.000000
0.000000	-2576.751465	1907.890137	1.000000
0.000000	22.594099	-118.684959	1.000000
0.000000	117.909058	267.230957	1.000000
0.000000	-3872.657471	-16095.954102	1.000000
0.000000	687.910583	-49.937233	1.000000
0.000000	-8700.628906	12926.199219	1.000000
0.000000	-920.447266	-3100.099121	1.000000
0.000000	951.379089	489.355927	1.000000
0.000000	206.482986	-236.279297	1.000000
0.000000	-5728.588379	-20524.146484	1.000000
0.000000	-2.478777	-239.414566	1.000000
0.000000	22537.597656	-24516.001953	1.000000
0.000000	-243.189194	-113.796608	1.000000
0.000000	-3300464.250000	1376390.750000	1.000000
0.000000	-17959.669922	-1181.643677	1.000000
0.000000	-22.230700	500.625977	1.000000
0.000000	130.119843	-263.274323	1.000000
0.000000	6657.101074	2784.478516	1.000000
0.000000	-26214.287109	-23391.707031	1.000000
0.000000	-586712.625000	317408.593750	1.000000
0.000000	-108536.234375	249166.203125	1.000000
0.000000	38112.914062	-56191.003906	1.000000
0.000000	544.422119	-1656.016724	1.000000
0.000000	79.930550	92.429619	1.000000
0.000000	-200.381012	-508.808044	1.000000
0.000000	-364.078979	597.313843	1.000000
0.000000	4112436.000000	2116301.500000	1.000000
0.000000	83.239395	193.837845	1.000000
0.000000	-45241.722656	75879.343750	1.000000
0.000000	626.513977	1655.842773	1.000000
0.000000	4747.820801	12585.901367	1.000000
0.000000	627.861267	1694.359375	1.000000
0.000000	-44037.050781	2302.817139	1.000000
0.000000	245807.828125	-842228.687500	1.000000
0.000000	-147.266205	-104.277985	1.000000
0.000000	357.662445	-136.867645	1.000000
0.000000	-33015.652344	-139924.515625	1.000000
0.000000	-14308.379883	-13646.562500	1.000000
0.000000	-294.822754	-77.753822	1.000000
0.000000	-323488.906250	730136.875000	1.000000
0.000000	-31437.035156	-19715.742188	1.000000
0.000000	-344.647064	-1041.100708	1.000000
0.000000	124.079865	-271.491608	1.000000
0.000000	-3712.768066	-12749.615234	1.000000
0.000000	66.786026	-234.986862	1.000000
0.000000	3175.170898	3081.305664	1.000000
0.000000	-13.198430	261.621613	1.000000
0.000000	799288.312500	-982912.687500	1.000000
0.000000	-293.688812	393.284546	1.000000
0.000000	-3364.945557	-2066.073486	1.000000
0.000000	-8.308243	2811.527588	1.000000
0.000000	-253.981995	236.030014	1.000000
0.000000	19897.365234	10464.515625	1.000000
0.000000	-15.943499	600.959900	1.000000
0.000000	-3278.612793	-1885.053833	1.000000
0.000000	65072.371094	112576.476562	1.000000
0.000000	200.746796	152.012543	1.000000
0.000000	484892.843750	100724.453125	1.000000
0.000000	-176.123260	169.003540	1.000000
0.000000	81.376060	201.292511	1.000000
0.000000	304.019989	25.368275	1.000000
0.000000	-198.486313	-90.033798	1.000000
0.000000	-52458.574219	-3093.794189	1.000000
0.000000	11348.762695	1299.771851	1.000000
0.000000	-102.603180	-94.098167	1.000000
0.000000	-50.678261	1824.591797	1.000000
0.000000	-7868.324707	-93056.890625	1.000000
0.000000	-510.558014	1184.941650	1.000000
0.000000	18.800690	229.856323	1.000000
0.000000	238.366257	-48.376198	1.000000
0.000000	50.958691	246.167908	1.000000
0.000000	-42822.878906	-77779.882812	1.000000
0.000000	376.781830	-1030.283447	1.000000
0.000000	-64.862541	242.672363	1.000000
0.000000	-44.039391	-277.226349	1.000000
0.000000	-450.321167	616.014526	1.000000
0.000000	325.663483	134.319366	1.000000
0.000000	193.527283	906.477661	1.000000
0.000000	-135.006134	74.950310	1.000000
0.000000	163.466431	457.806305	1.000000
0.000000	-10899.686523	562.038025	1.000000
0.000000	28171368.000000	16549397.000000	1.000000
0.000000	238.851120	-562.479370	1.000000
0.000000	-32813.882812	266834.687500	1.000000
0.000000	-129.432251	7.797907	1.000000
0.000000	1399.323730	2729.980957	1.000000
0.000000	4641.033691	10655.719727	1.000000
0.000000	-48627.953125	-126250.796875	1.000000
0.000000	143.975433	-466.292816	1.000000
0.000000	1929694.125000	165166.234375	1.000000
0.000000	-180206.796875	-177937.812500	1.000000
0.000000	-70130.507812	13795.659180	1.000000
0.000000	203.078934	-37.115585	1.000000
0.000000	-131078.187500	14863.943359	1.000000
0.000000	-980.241760	188.214600	1.000000
0.000000	-1262.226685	1081.101685	1.000000
0.000000	-1160.002197	1069.609253	1.000000
0.000000	49235.886719	57459.187500	1.000000
0.000000	83956.507812	3744.435303	1.000000
0.000000	959.290833	-434.118530	1.000000
0.000000	-262.441376	-226.605545	1.000000
0.000000	-1589278.625000	-1200867.375000	1.000000
0.000000	-170.104263	115.861923	1.000000
0.000000	2590553.750000	19271.890625	1.000000
0.000000	99.053879	-85.032181	1.000000
0.000000	-10387.140625	13108.056641	1.000000
0.000000	1826645.375000	135453.484375	1.000000
0.000000	-1576.949829	688.012207	1.000000
0.000000	166.621124	25.969646	1.000000
0.000000	261.918396	25.354523	1.000000
0.000000	534.108337	1026.105591	1.000000
0.000000	-10544.981445	7338.805176	1.000000
0.000000	-267.010376	139.466980	1.000000
0.000000	27329.720703	25787.941406	1.000000
0.000000	-4.672288	220.416794	1.000000
0.000000	268.157928	390.296906	1.000000
0.000000	59.824638	-9079.400391	1.000000
0.000000	-5493.645996	9771.289062	1.000000
0.000000	459084.968750	25663.597656	1.000000
0.000000	-914.010437	1062.381836	1.000000
0.000000	2089.703613	-5324.943848	1.000000
0.000000	3484.956543	-1981.096924	1.000000
0.000000	81.182892	-18.897915	1.000000
0.000000	130.894440	123.273384	1.000000
0.000000	1013.155029	-641.302124	1.000000
0.000000	1195.145386	11839.067383	1.000000
0.000000	18147.320312	-23764.099609	1.000000
0.000000	210.767532	-8.752817	1.000000
0.000000	-19.435612	-99.405090	1.000000
0.000000	1238.077393	1113.612061	1.000000
0.000000	301.117981	-42.851780	1.000000
0.000000	89.154060	62.688835	1.000000
0.000000	-1540.871094	98.962593	1.000000
0.000000	75209.796875	-7420.483398	1.000000
0.000000	52.221901	295.873047	1.000000
0.000000	-321.053467	-720.712036	1.000000
0.000000	1185.711182	-9711.052734	1.000000
0.000000	199.595642	204.816162	1.000000
0.000000	152.038239	146.742264	1.000000
0.000000	-3914.062744	-4704.821777	1.000000
0.000000	402.639740	214.129440	1.000000
0.000000	-1938.364624	-2901.151611	1.000000
0.000000	-41.657692	169.431107	1.000000
0.000000	22226.046875	38976.757812	1.000000
0.000000	236.501953	-24.270853	1.000000
0.000000	770.974792	-551.772278	1.000000
0.000000	1154.104736	642.964783	1.000000
0.000000	-315.009674	520.049316	1.000000
0.000000	69.462029	-226.420898	1.000000
0.000000	9525.963867	4942.512207	1.000000
0.000000	-92732.265625	-330142.718750	1.000000
0.000000	7871.257324	16944.675781	1.000000
0.000000	136.839844	-97.560410	1.000000
0.000000	3361.586670	-1021.749878	1.000000
0.000000	-423418.937500	-81859.421875	1.000000
0.000000	-44105600.000000	-10494824.000000	1.000000
0.000000	5971.520508	-4686.864746	1.000000
0.000000	-244.376068	49.367367	1.000000
0.000000	925.012695	-1750.431274	1.000000
0.000000	5943.317383	428.295044	1.000000
0.000000	-154.035294	-56.569248	1.000000
0.000000	-367.947815	1022.283081	1.000000
0.000000	-18797.986328	184.284256	1.000000
0.000000	-512.343933	-153.770065	1.000000
0.000000	285.399811	-231.671021	1.000000
0.000000	14438.785156	-11084.377930	1.000000
