0.000000	31396.507812	455908.125000	1.000000
0.000000	215048.562500	175400.953125	1.000000
0.000000	1210.900635	-12941.487305	1.000000
0.000000	-356.913147	646.282776	1.000000
0.000000	16875.763672	27226.703125	1.000000
0.000000	-13533.383789	717.500427	1.000000
0.000000	-535.316833	-2527.108154	1.000000
0.000000	-595480.562500	1523932.125000	1.000000
0.000000	3658.064209	-2060.961914	1.000000
0.000000	9292453.000000	3386659.750000	1.000000
0.000000	78697400.000000	19959642.000000	1.000000
0.000000	-436.777344	-228.769287	1.000000
0.000000	-374.190735	243.891602	1.000000
0.000000	86.415337	-410.849030	1.000000
0.000000	-73337376.000000	-31090268.000000	1.000000
0.000000	880.659973	-4437.065918	1.000000
0.000000	413.840820	-571.434448	1.000000
0.000000	-6256.976074	7949.638672	1.000000
0.000000	-986.914490	49.406357	1.000000
0.000000	-360.845612	444.389557	1.000000
0.000000	957.785461	8172.936523	1.000000
0.000000	10396.523438	85116.476562	1.000000
0.000000	-80.069878	986.666138	1.000000
0.000000	355.001434	-19.298208	1.000000
0.000000	-207013.453125	-53454.003906	1.000000
0.000000	581.998718	-45.771362	1.000000
0.000000	10384.499023	35206.535156	1.000000
0.000000	-4093.169678	11547.330078	1.000000
0.000000	556.069641	-261.961334	1.000000
0.000000	-61298.710938	-273296.843750	1.000000
0.000000	5072.581055	-8768.445312	1.000000
0.000000	5042.741211	948.076538	1.000000
0.000000	-419.998108	527.502380	1.000000
0.000000	-660.365662	-92.434982	1.000000
0.000000	-371.952484	-138.273941	1.000000
0.000000	5015.677734	2851.087158	1.000000
0.000000	-147.018341	-129.319290	1.000000
0.000000	-5869.229004	-1612.151733	1.000000
0.000000	-246226.078125	-73890.781250	1.000000
0.000000	-46604.636719	-6262.707520	1.000000
0.000000	596.375305	196.877182	1.000000
0.000000	636.775208	-124.140945	1.000000
0.000000	-3.355099	405.931152	1.000000
0.000000	-156.113052	-286.217529	1.000000
0.000000	68.661835	401.759857	1.000000
0.000000	-623.858948	-117.313278	1.000000
0.000000	-3943.280273	3258.474121	1.000000
0.000000	-922.298828	567.946106	1.000000
0.000000	-149.100784	-420.807007	1.000000
0.000000	-418.675964	-115.622841	1.000000
0.000000	7207.040527	6261.859375	1.000000
0.000000	-959.443787	1554.490356	1.000000
0.000000	-67.471542	1211.325195	1.000000
0.000000	-3493.064209	-11513.473633	1.000000
0.000000	453.890442	18.898741	1.000000
0.000000	-12.465551	-431.339600	1.000000
0.000000	295.224396	112.064774	1.000000
0.000000	29405522.000000	-21550876.000000	1.000000
0.000000	-687.306946	1759.414673	1.000000
0.000000	389.609344	644.595764	1.000000
0.000000	1628.086548	26100.822266	1.000000
0.000000	3326.391113	-1801.626953	1.000000
0.000000	-176.493835	-392.073181	1.000000
0.000000	249.422211	-499.541901	1.000000
0.000000	5285.367676	-3028.998535	1.000000
0.000000	401198.437500	-1051564.750000	1.000000
0.000000	40066.656250	142449.875000	1.000000
0.000000	899154304.000000	-490293056.000000	1.000000
0.000000	5012.081055	-14995.572266	1.000000
0.000000	-11819835.000000	-661104.437500	1.000000
0.000000	10694.264648	-14976.711914	1.000000
0.000000	-67.407257	-513.877502	1.000000
0.000000	-392.068237	-873.618591	1.000000
0.000000	-344.059753	916.722412	1.000000
0.000000	424132.687500	2451.052490	1.000000
0.000000	-9499.912109	10602.106445	1.000000
0.000000	-328.563751	501.088684	1.000000
0.000000	18.684628	-443.078827	1.000000
0.000000	3437.294434	-13444.192383	1.000000
0.000000	-935690816.000000	516809408.000000	1.000000
0.000000	1333545.500000	80391.296875	1.000000
0.000000	370933.687500	-121756.609375	1.000000
0.000000	282273.250000	227444.718750	1.000000
0.000000	24761.251953	-23063.699219	1.000000
0.000000	2203343.750000	933468.187500	1.000000
0.000000	-233.834702	351.797302	1.000000
0.000000	-63.302425	-67.671043	1.000000
0.000000	-3069.813721	-247.782761	1.000000
0.000000	-1689.167114	1872.870239	1.000000
0.000000	170.037262	415.883179	1.000000
0.000000	-27.753843	-196.004669	1.000000
0.000000	-1361.488159	1059.804077	1.000000
0.000000	1042.456543	-269.286377	1.000000
0.000000	268.552795	-34.035442	1.000000
0.000000	-4355021.000000	2416277.250000	1.000000
0.000000	1238.506592	689.292908	1.000000
0.000000	-272.625671	-88079.937500	1.000000
0.000000	1711789.125000	-2028472.500000	1.000000
0.000000	840.716675	-1361.990234	1.000000
0.000000	-137.867126	-5388.520996	1.000000
0.000000	691415.187500	-227581.281250	1.000000
0.000000	12310197.000000	-6573529.500000	1.000000
0.000000	-21980.732422	-21655.832031	1.000000
0.000000	170816.265625	-24615.191406	1.000000
0.000000	-39.976589	320.483551	1.000000
0.000000	433.221649	-77.281075	1.000000
0.000000	476.284119	-1825.939209	1.000000
0.000000	-247.206909	-354.402008	1.000000
0.000000	160.945129	-406.976410	1.000000
0.000000	-925.389404	1211.984497	1.000000
0.000000	-354.473572	-3076.222900	1.000000
0.000000	-54017.710938	119833.890625	1.000000
0.000000	141.362091	385.431274	1.000000
0.000000	-494.436859	63.781132	1.000000
0.000000	8.916373	-1036.579468	1.000000
0.000000	-64487.449219	15460.316406	1.000000
0.000000	2478.093506	924.589661	1.000000
0.000000	55897.050781	149674.609375	1.000000
0.000000	-13372.846680	6557.260742	1.000000
0.000000	-41894.378906	-29700.078125	1.000000
0.000000	-8336.942383	13893.687500	1.000000
0.000000	437.238770	403.153198	1.000000
0.000000	-416.184021	267.517822	1.000000
0.000000	1657.141602	3079.217529	1.000000
0.000000	768.944946	-451.840546	1.000000
0.000000	1832.523193	12.166150	1.000000
0.000000	594.104248	-674.884583	1.000000
0.000000	13960.646484	-14376.574219	1.000000
0.000000	-420.338623	-208.446701	1.000000
0.000000	-1219.707031	1393.998657	1.000000
0.000000	330.991974	353.827911	1.000000
0.000000	-13203.588867	-3013.596924	1.000000
0.000000	-28750.628906	-61621.203125	1.000000
0.000000	1774.828857	8170.036133	1.000000
0.000000	-2445.831055	1738.217285	1.000000
0.000000	218.858307	-205.223343	1.000000
0.000000	-19.719721	109.308037	1.000000
0.000000	-3736.500244	-15928.375977	1.000000
0.000000	893.979309	9.921727	1.000000
0.000000	-8914.291016	12942.957031	1.000000
0.000000	-855.772583	-3304.334961	1.000000
0.000000	928.075256	702.508240	1.000000
0.000000	416.086578	-281.811218	1.000000
0.000000	-5517.020996	-20490.630859	1.000000
0.000000	8.804914	-453.600372	1.000000
0.000000	22478.945312	-24725.474609	1.000000
0.000000	-387.850433	-272.210327	1.000000
0.000000	-3300464.250000	1376390.750000	1.000000
0.000000	-18035.080078	-1381.690063	1.000000
0.000000	-112.442436	695.173706	1.000000
0.000000	201.602386	-465.546356	1.000000
0.000000	6726.227051	2581.290039	1.000000
0.000000	-26013.193359	-23324.675781	1.000000
0.000000	-586712.625000	317542.656250	1.000000
0.000000	-108536.234375	248965.109375	1.000000
0.000000	37895.062500	-56191.003906	1.000000
0.000000	683.197754	-1819.405396	1.000000
0.000000	182.964920	280.562225	1.000000
0.000000	-249.410706	-299.989990	1.000000
0.000000	-422.600403	803.644409	1.000000
0.000000	4112436.000000	2116301.500000	1.000000
0.000000	293.497589	236.190598	1.000000
0.000000	-45325.511719	76080.437500	1.000000
0.000000	820.014343	1748.534424	1.000000
0.000000	4955.198730	12531.438477	1.000000
0.000000	606.652161	1480.697266	1.000000
0.000000	-44187.871094	2459.921631	1.000000
0.000000	245606.734375	-842228.687500	1.000000
0.000000	-341.290253	-195.668930	1.000000
0.000000	571.586365	-120.321419	1.000000
0.000000	-32931.863281	-140125.609375	1.000000
0.000000	-14379.600586	-13445.468750	1.000000
0.000000	-509.008545	-88.620216	1.000000
0.000000	-323757.031250	730136.875000	1.000000
0.000000	-31252.699219	-19606.816406	1.000000
0.000000	-538.558105	-1132.744995	1.000000
0.000000	182.014359	-477.953094	1.000000
0.000000	-3507.484863	-12812.457031	1.000000
0.000000	128.809998	-440.276764	1.000000
0.000000	3239.060059	2877.069824	1.000000
0.000000	88.604340	76.459541	1.000000
0.000000	799020.187500	-982912.687500	1.000000
0.000000	-505.256195	429.025818	1.000000
0.000000	-3159.662354	-2126.820557	1.000000
0.000000	-53.381893	3021.000244	1.000000
0.000000	-405.325989	388.037201	1.000000
0.000000	19788.439453	10648.851562	1.000000
0.000000	195.476410	564.825867	1.000000
0.000000	-3482.848633	-1952.085083	1.000000
0.000000	65139.402344	112777.570312	1.000000
0.000000	358.898651	296.894440	1.000000
0.000000	484892.843750	100925.546875	1.000000
0.000000	-331.263947	317.112976	1.000000
0.000000	78.659462	415.756836	1.000000
0.000000	340.808624	236.676819	1.000000
0.000000	-412.541199	-103.682251	1.000000
0.000000	-52374.785156	-2898.984619	1.000000
0.000000	11461.877930	1482.013062	1.000000
0.000000	-45.370201	-301.822540	1.000000
0.000000	74.575722	1650.205811	1.000000
0.000000	-7878.798340	-93257.984375	1.000000
0.000000	-639.120361	1013.174072	1.000000
0.000000	-122.911156	390.888428	1.000000
0.000000	443.387604	-111.447105	1.000000
0.000000	62.708797	460.353699	1.000000
0.000000	-42990.457031	-77645.820312	1.000000
0.000000	209.091110	-1164.345947	1.000000
0.000000	46.783630	425.830017	1.000000
0.000000	-140.029282	-85.420677	1.000000
0.000000	-469.959229	829.676636	1.000000
0.000000	475.567352	-19.111341	1.000000
0.000000	244.520782	1114.902954	1.000000
0.000000	-235.356628	264.523041	1.000000
0.000000	336.246307	584.854919	1.000000
0.000000	-11113.348633	546.327576	1.000000
0.000000	28171368.000000	16549397.000000	1.000000
0.000000	383.510406	-720.893066	1.000000
0.000000	-32730.093750	266700.625000	1.000000
0.000000	-343.879883	2.348035	1.000000
0.000000	1577.899170	2611.628906	1.000000
0.000000	4431.561035	10705.993164	1.000000
0.000000	-48410.101562	-126250.796875	1.000000
0.000000	-44.344723	-568.934448	1.000000
0.000000	1929694.125000	165300.296875	1.000000
0.000000	-180005.703125	-177937.812500	1.000000
0.000000	-70298.085938	13674.165039	1.000000
0.000000	332.035553	-208.505188	1.000000
0.000000	-131145.218750	15069.226562	1.000000
0.000000	-1171.445435	285.226624	1.000000
0.000000	-1396.812866	914.219604	1.000000
0.000000	-1215.512451	1276.987183	1.000000
0.000000	49286.160156	57660.281250	1.000000
0.000000	83788.929688	3615.609619	1.000000
0.000000	1163.609497	-368.920166	1.000000
0.000000	-453.061493	-324.907196	1.000000
0.000000	-1589278.625000	-1200867.375000	1.000000
0.000000	-377.089417	172.230209	1.000000
0.000000	2590553.750000	19464.605469	1.000000
0.000000	173.560303	-286.174591	1.000000
0.000000	-10512.824219	13284.013672	1.000000
0.000000	1826645.375000	135319.421875	1.000000
0.000000	-1552.336792	901.150635	1.000000
0.000000	374.713715	73.713753	1.000000
0.000000	438.571716	-88.956985	1.000000
0.000000	362.864441	897.013855	1.000000
0.000000	-10691.612305	7495.909668	1.000000
0.000000	-477.268555	181.950653	1.000000
0.000000	27338.099609	26005.792969	1.000000
0.000000	151.907013	367.047638	1.000000
0.000000	277.846039	604.557068	1.000000
0.000000	-148.842621	-9029.126953	1.000000
0.000000	-5707.308105	9775.478516	1.000000
0.000000	459219.031250	25504.398438	1.000000
0.000000	-1115.104248	1136.744629	1.000000
0.000000	2262.518555	-5197.165527	1.000000
0.000000	3489.145996	-2195.806396	1.000000
0.000000	198.500641	160.664841	1.000000
0.000000	314.313934	234.426208	1.000000
0.000000	920.725220	-834.802490	1.000000
0.000000	1219.758423	11625.405273	1.000000
0.000000	17937.847656	-23805.994141	1.000000
0.000000	424.691498	-24.346809	1.000000
0.000000	-7.420842	-313.586517	1.000000
0.000000	1060.025635	1233.011475	1.000000
0.000000	515.565613	-48.334072	1.000000
0.000000	123.553398	274.397247	1.000000
0.000000	-1336.635254	164.371857	1.000000
0.000000	75410.890625	-7397.441406	1.000000
0.000000	109.335930	502.596375	1.000000
0.000000	-106.560226	-720.712036	1.000000
0.000000	1172.095459	-9497.390625	1.000000
0.000000	329.309296	375.667297	1.000000
0.000000	315.647156	285.466339	1.000000
0.000000	-3815.610596	-4514.201660	1.000000
0.000000	614.207153	249.085190	1.000000
0.000000	-2110.465332	-3028.929932	1.000000
0.000000	48.744228	363.978821	1.000000
0.000000	22259.562500	39194.609375	1.000000
0.000000	450.955536	-23.567156	1.000000
0.000000	985.422424	-548.106506	1.000000
0.000000	1339.488037	750.843201	1.000000
0.000000	-323.912262	734.235107	1.000000
0.000000	204.768265	-392.832367	1.000000
0.000000	9634.889648	4758.176270	1.000000
0.000000	-92631.718750	-330276.781250	1.000000
0.000000	8084.919434	16953.054688	1.000000
0.000000	275.222717	-261.466675	1.000000
0.000000	3431.760010	-818.823242	1.000000
0.000000	-423284.875000	-82027.000000	1.000000
0.000000	-44105600.000000	-10494824.000000	1.000000
0.000000	6067.877930	-4496.244629	1.000000
0.000000	-325.808563	247.829742	1.000000
0.000000	1113.014404	-1647.265991	1.000000
0.000000	5775.739258	295.018066	1.000000
0.000000	-353.165222	-136.327560	1.000000
0.000000	-582.133606	1011.809448	1.000000
0.000000	-18764.470703	-27.496933	1.000000
0.000000	-726.791565	-159.726944	1.000000
0.000000	309.881927	-444.801971	1.000000
0.000000	14635.689453	-11000.588867	1.000000
