0.000000	31411.117188	455894.375000	1.000000
0.000000	215041.687500	175380.328125	1.000000
0.000000	1207.624268	-12919.573242	1.000000
0.000000	-378.907776	646.605042	1.000000
0.000000	16877.482422	27249.046875	1.000000
0.000000	-13554.868164	722.468689	1.000000
0.000000	-555.055603	-2517.440186	1.000000
0.000000	-595453.062500	1523932.125000	1.000000
0.000000	3646.784912	-2079.868164	1.000000
0.000000	9292453.000000	3386659.750000	1.000000
0.000000	78697400.000000	19959642.000000	1.000000
0.000000	-415.548096	-223.008789	1.000000
0.000000	-363.770813	224.515381	1.000000
0.000000	87.224358	-388.867828	1.000000
0.000000	-73337376.000000	-31090268.000000	1.000000
0.000000	861.512024	-4447.808105	1.000000
0.000000	408.684570	-550.057495	1.000000
0.000000	-6245.589355	7930.732422	1.000000
0.000000	-986.968201	71.406586	1.000000
0.000000	-353.299225	423.724274	1.000000
0.000000	953.058899	8151.452148	1.000000
0.000000	10376.757812	85106.164062	1.000000
0.000000	-75.813286	965.074341	1.000000
0.000000	338.807587	-4.407638	1.000000
0.000000	-207027.203125	-53438.535156	1.000000
0.000000	560.057800	-47.493469	1.000000
0.000000	10384.928711	35228.878906	1.000000
0.000000	-4071.577881	11551.626953	1.000000
0.000000	536.841125	-251.272858	1.000000
0.000000	-61321.054688	-273296.843750	1.000000
0.000000	5085.686523	-8786.062500	1.000000
0.000000	5021.471680	942.651733	1.000000
0.000000	-399.708801	518.989197	1.000000
0.000000	-644.279236	-107.427048	1.000000
0.000000	-354.764984	-124.550797	1.000000
0.000000	4995.697266	2841.956299	1.000000
0.000000	-126.560951	-121.232979	1.000000
0.000000	-5852.256348	-1598.240601	1.000000
0.000000	-246232.953125	-73870.156250	1.000000
0.000000	-46621.824219	-6249.387207	1.000000
0.000000	579.402649	182.872055	1.000000
0.000000	624.072571	-106.184708	1.000000
0.000000	-3.157564	383.936523	1.000000
0.000000	-146.203384	-266.572754	1.000000
0.000000	65.925934	379.926361	1.000000
0.000000	-615.560608	-137.689865	1.000000
0.000000	-3961.327148	3271.042480	1.000000
0.000000	-909.811035	549.818665	1.000000
0.000000	-144.260086	-399.349487	1.000000
0.000000	-397.151306	-111.097694	1.000000
0.000000	7185.126465	6264.222656	1.000000
0.000000	-947.439392	1572.913208	1.000000
0.000000	-54.966965	1229.425781	1.000000
0.000000	-3480.281006	-11531.520508	1.000000
0.000000	433.574280	10.461927	1.000000
0.000000	-13.009375	-409.344971	1.000000
0.000000	273.243195	112.826797	1.000000
0.000000	29405522.000000	-21550876.000000	1.000000
0.000000	-669.582336	1746.416626	1.000000
0.000000	404.097870	628.025940	1.000000
0.000000	1639.419556	26119.728516	1.000000
0.000000	3318.012207	-1781.270508	1.000000
0.000000	-164.919128	-373.368347	1.000000
0.000000	237.552094	-481.025055	1.000000
0.000000	5298.902832	-3011.703613	1.000000
0.000000	401184.687500	-1051564.750000	1.000000
0.000000	40085.562500	142463.625000	1.000000
0.000000	899154304.000000	-490293056.000000	1.000000
0.000000	5026.260742	-14978.814453	1.000000
0.000000	-11819835.000000	-661131.937500	1.000000
0.000000	10683.092773	-14995.618164	1.000000
0.000000	-60.908230	-492.861908	1.000000
0.000000	-375.458130	-859.197205	1.000000
0.000000	-366.040955	917.474365	1.000000
0.000000	424160.187500	2456.531006	1.000000
0.000000	-9478.427734	10607.262695	1.000000
0.000000	-307.213654	506.379211	1.000000
0.000000	20.611507	-421.164764	1.000000
0.000000	3435.145996	-13422.278320	1.000000
0.000000	-935690816.000000	516809408.000000	1.000000
0.000000	1333545.500000	80370.671875	1.000000
0.000000	370906.187500	-121753.171875	1.000000
0.000000	282300.750000	227437.843750	1.000000
0.000000	24781.017578	-23074.011719	1.000000
0.000000	2203343.750000	933495.687500	1.000000
0.000000	-222.246567	333.092468	1.000000
0.000000	-41.831478	-62.873981	1.000000
0.000000	-3083.563721	-264.967041	1.000000
0.000000	-1686.588989	1851.009888	1.000000
0.000000	159.892609	396.359253	1.000000
0.000000	-22.101606	-174.741852	1.000000
0.000000	-1340.272339	1065.604858	1.000000
0.000000	1023.872620	-257.510254	1.000000
0.000000	263.665100	-55.484570	1.000000
0.000000	-4355021.000000	2416277.250000	1.000000
0.000000	1219.492920	678.255310	1.000000
0.000000	-251.099472	-88076.500000	1.000000
0.000000	1711789.125000	-2028472.500000	1.000000
0.000000	836.607788	-1383.582031	1.000000
0.000000	-155.954285	-5376.060059	1.000000
0.000000	691415.187500	-227560.656250	1.000000
0.000000	12310197.000000	-6573529.500000	1.000000
0.000000	-21975.576172	-21634.347656	1.000000
0.000000	170795.640625	-24602.300781	1.000000
0.000000	-30.508492	300.623932	1.000000
0.000000	412.166962	-70.882759	1.000000
0.000000	497.580505	-1820.460693	1.000000
0.000000	-232.731812	-337.832184	1.000000
0.000000	152.935486	-386.485687	1.000000
0.000000	-919.078369	1190.929810	1.000000
0.000000	-333.150330	-3081.593994	1.000000
0.000000	-53995.367188	119833.890625	1.000000
0.000000	133.587433	364.846558	1.000000
0.000000	-473.153900	58.208622	1.000000
0.000000	-12.240972	-1042.595093	1.000000
0.000000	-64506.355469	15472.347656	1.000000
0.000000	2471.540771	903.588684	1.000000
0.000000	55879.863281	149660.859375	1.000000
0.000000	-13351.791992	6564.135742	1.000000
0.000000	-41877.191406	-29712.968750	1.000000
0.000000	-8354.989258	13881.226562	1.000000
0.000000	417.365723	393.726929	1.000000
0.000000	-399.976746	252.638382	1.000000
0.000000	1641.296875	3094.471436	1.000000
0.000000	747.702271	-446.106903	1.000000
0.000000	1846.649170	29.027931	1.000000
0.000000	589.807373	-653.319641	1.000000
0.000000	13965.373047	-14355.089844	1.000000
0.000000	-401.580078	-196.959274	1.000000
0.000000	-1211.381836	1414.355103	1.000000
0.000000	315.268097	338.439728	1.000000
0.000000	-13225.073242	-3008.762939	1.000000
0.000000	-28736.878906	-61604.015625	1.000000
0.000000	1762.797607	8151.559570	1.000000
0.000000	-2459.258789	1755.619629	1.000000
0.000000	198.730133	-196.347610	1.000000
0.000000	-5.168252	125.807365	1.000000
0.000000	-3750.465088	-15945.563477	1.000000
0.000000	872.844055	3.782455	1.000000
0.000000	-8892.376953	12941.238281	1.000000
0.000000	-862.405884	-3283.387695	1.000000
0.000000	930.465393	680.647888	1.000000
0.000000	394.588776	-277.138367	1.000000
0.000000	-5538.720215	-20494.068359	1.000000
0.000000	7.647612	-431.632599	1.000000
0.000000	22484.960938	-24703.990234	1.000000
0.000000	-373.012787	-255.962753	1.000000
0.000000	-3300464.250000	1376390.750000	1.000000
0.000000	-18027.345703	-1361.172485	1.000000
0.000000	-103.190727	675.220093	1.000000
0.000000	194.270844	-444.800507	1.000000
0.000000	6719.137207	2602.129883	1.000000
0.000000	-26033.818359	-23331.550781	1.000000
0.000000	-586712.625000	317528.906250	1.000000
0.000000	-108536.234375	248985.734375	1.000000
0.000000	37917.406250	-56191.003906	1.000000
0.000000	668.964355	-1802.647583	1.000000
0.000000	172.397293	261.266571	1.000000
0.000000	-244.382019	-321.407227	1.000000
0.000000	-416.598206	782.482300	1.000000
0.000000	4112436.000000	2116301.500000	1.000000
0.000000	271.932648	231.846725	1.000000
0.000000	-45316.917969	76059.812500	1.000000
0.000000	800.168152	1739.027588	1.000000
0.000000	4933.929199	12537.024414	1.000000
0.000000	608.827454	1502.611328	1.000000
0.000000	-44172.402344	2443.808350	1.000000
0.000000	245627.359375	-842228.687500	1.000000
0.000000	-321.390350	-186.296371	1.000000
0.000000	549.645447	-122.016670	1.000000
0.000000	-32940.457031	-140104.984375	1.000000
0.000000	-14372.295898	-13466.093750	1.000000
0.000000	-487.040771	-87.505714	1.000000
0.000000	-323729.531250	730136.875000	1.000000
0.000000	-31271.605469	-19617.988281	1.000000
0.000000	-518.658203	-1123.345581	1.000000
0.000000	176.072586	-456.777557	1.000000
0.000000	-3528.539551	-12806.011719	1.000000
0.000000	122.448181	-419.222076	1.000000
0.000000	3232.507324	2898.017090	1.000000
0.000000	78.191132	95.839119	1.000000
0.000000	799047.687500	-982912.687500	1.000000
0.000000	-483.556976	425.360046	1.000000
0.000000	-3180.717041	-2120.590088	1.000000
0.000000	-48.759396	2999.515869	1.000000
0.000000	-389.803528	372.447601	1.000000
0.000000	19799.611328	10629.945312	1.000000
0.000000	173.790619	568.531921	1.000000
0.000000	-3461.901367	-1945.210083	1.000000
0.000000	65132.527344	112756.945312	1.000000
0.000000	342.677948	282.029938	1.000000
0.000000	484892.843750	100904.921875	1.000000
0.000000	-315.352081	301.926208	1.000000
0.000000	78.938087	393.762207	1.000000
0.000000	337.035431	215.004456	1.000000
0.000000	-390.586853	-102.282410	1.000000
0.000000	-52383.378906	-2918.965088	1.000000
0.000000	11450.276367	1463.321655	1.000000
0.000000	-51.348900	-280.647003	1.000000
0.000000	61.728741	1668.091553	1.000000
0.000000	-7877.724121	-93237.359375	1.000000
0.000000	-625.934326	1030.791260	1.000000
0.000000	-108.375633	374.372314	1.000000
0.000000	422.359772	-104.978294	1.000000
0.000000	61.503658	438.385925	1.000000
0.000000	-42973.269531	-77659.570312	1.000000
0.000000	226.285324	-1150.595947	1.000000
0.000000	35.333130	407.044617	1.000000
0.000000	-130.186752	-105.095665	1.000000
0.000000	-467.945068	807.762573	1.000000
0.000000	460.192596	-3.375379	1.000000
0.000000	239.290680	1093.526001	1.000000
0.000000	-225.064270	245.079697	1.000000
0.000000	318.521698	571.830017	1.000000
0.000000	-11091.434570	547.938904	1.000000
0.000000	28171368.000000	16549397.000000	1.000000
0.000000	368.672760	-704.645508	1.000000
0.000000	-32738.687500	266714.375000	1.000000
0.000000	-321.885254	2.907069	1.000000
0.000000	1559.583740	2623.767578	1.000000
0.000000	4453.045410	10700.836914	1.000000
0.000000	-48432.445312	-126250.796875	1.000000
0.000000	-25.030603	-558.407104	1.000000
0.000000	1929694.125000	165286.546875	1.000000
0.000000	-180026.328125	-177937.812500	1.000000
0.000000	-70280.898438	13686.625977	1.000000
0.000000	318.809235	-190.928284	1.000000
0.000000	-131138.343750	15048.171875	1.000000
0.000000	-1151.840942	275.276672	1.000000
0.000000	-1383.009155	931.326538	1.000000
0.000000	-1209.819092	1255.717651	1.000000
0.000000	49281.003906	57639.656250	1.000000
0.000000	83806.117188	3628.822510	1.000000
0.000000	1142.662231	-375.607178	1.000000
0.000000	-433.510712	-314.822968	1.000000
0.000000	-1589278.625000	-1200867.375000	1.000000
0.000000	-355.860168	166.449570	1.000000
0.000000	2590553.750000	19444.839844	1.000000
0.000000	165.919922	-265.549591	1.000000
0.000000	-10499.933594	13265.966797	1.000000
0.000000	1826645.375000	135333.171875	1.000000
0.000000	-1554.861206	879.290283	1.000000
0.000000	353.269623	68.805916	1.000000
0.000000	420.269714	-76.744461	1.000000
0.000000	380.427917	910.253601	1.000000
0.000000	-10676.573242	7479.796387	1.000000
0.000000	-455.703613	177.593353	1.000000
0.000000	27337.240234	25983.449219	1.000000
0.000000	135.847443	352.008575	1.000000
0.000000	276.852386	582.589294	1.000000
0.000000	-127.438896	-9034.283203	1.000000
0.000000	-5685.394043	9775.048828	1.000000
0.000000	459205.281250	25520.726562	1.000000
0.000000	-1094.479248	1129.117676	1.000000
0.000000	2244.793945	-5210.270996	1.000000
0.000000	3488.716309	-2173.784912	1.000000
0.000000	186.469391	142.248703	1.000000
0.000000	295.501678	223.026062	1.000000
0.000000	930.205200	-814.956299	1.000000
0.000000	1217.234009	11647.319336	1.000000
0.000000	17959.332031	-23801.697266	1.000000
0.000000	402.750580	-22.747231	1.000000
0.000000	-8.653157	-291.618744	1.000000
0.000000	1078.287354	1220.765381	1.000000
0.000000	493.570984	-47.771786	1.000000
0.000000	120.025261	252.684586	1.000000
0.000000	-1357.582520	157.664703	1.000000
0.000000	75390.265625	-7399.804688	1.000000
0.000000	103.478081	481.393982	1.000000
0.000000	-128.561569	-720.712036	1.000000
0.000000	1173.491943	-9519.304688	1.000000
0.000000	316.002411	358.144104	1.000000
0.000000	298.862488	271.232941	1.000000
0.000000	-3825.708252	-4533.752441	1.000000
0.000000	592.507935	245.499985	1.000000
0.000000	-2092.848145	-3015.824463	1.000000
0.000000	39.472378	344.025208	1.000000
0.000000	22256.125000	39172.265625	1.000000
0.000000	428.960907	-23.639330	1.000000
0.000000	963.427795	-548.482483	1.000000
0.000000	1320.474365	739.778748	1.000000
0.000000	-322.999176	712.267334	1.000000
0.000000	190.890701	-375.765717	1.000000
0.000000	9623.717773	4777.082520	1.000000
0.000000	-92642.031250	-330263.031250	1.000000
0.000000	8063.005371	16952.195312	1.000000
0.000000	261.029602	-244.655167	1.000000
0.000000	3424.562744	-839.636230	1.000000
0.000000	-423298.625000	-82009.812500	1.000000
0.000000	-44105600.000000	-10494824.000000	1.000000
0.000000	6057.995117	-4515.795410	1.000000
0.000000	-317.456512	227.473297	1.000000
0.000000	1093.732178	-1657.847046	1.000000
0.000000	5792.926758	308.687500	1.000000
0.000000	-332.741638	-128.150070	1.000000
0.000000	-560.165833	1012.883667	1.000000
0.000000	-18767.908203	-5.775719	1.000000
0.000000	-704.796936	-159.115982	1.000000
0.000000	307.370941	-422.941620	1.000000
0.000000	14615.494141	-11009.182617	1.000000
