0.000000	31365.628906	455937.187500	1.000000
0.000000	215063.093750	175444.546875	1.000000
0.000000	1217.825684	-12987.805664	1.000000
0.000000	-310.424500	645.601624	1.000000
0.000000	16872.130859	27179.476562	1.000000
0.000000	-13487.973633	706.999329	1.000000
0.000000	-493.583710	-2547.542725	1.000000
0.000000	-595538.687500	1523932.125000	1.000000
0.000000	3681.904541	-2021.000977	1.000000
0.000000	9292453.000000	3386659.750000	1.000000
0.000000	78697400.000000	19959642.000000	1.000000
0.000000	-481.648254	-240.944885	1.000000
0.000000	-396.214661	284.845886	1.000000
0.000000	84.705360	-457.309296	1.000000
0.000000	-73337376.000000	-31090268.000000	1.000000
0.000000	921.131775	-4414.360840	1.000000
0.000000	424.739258	-616.617554	1.000000
0.000000	-6281.043457	7989.599609	1.000000
0.000000	-986.800964	2.906865	1.000000
0.481574	-376.943420	487.964722	1.000000
0.000000	967.775696	8218.346680	1.000000
0.000000	10438.300781	85138.273438	1.000000
0.000000	-89.066765	1032.303345	1.000000
0.000000	389.229340	-50.772408	1.000000
0.000000	-206984.390625	-53486.699219	1.000000
0.000000	628.373840	-42.131454	1.000000
0.000000	10383.590820	35159.308594	1.000000
0.000000	-4138.593750	11538.248047	1.000000
0.000000	596.711731	-284.552887	1.000000
0.000000	-61251.484375	-273296.843750	1.000000
0.000000	5044.880859	-8731.208984	1.000000
0.000000	5087.697266	959.542603	1.000000
0.000000	-462.882324	545.496155	1.000000
0.000000	-694.366516	-60.746841	1.000000
0.000000	-408.280609	-167.279678	1.000000
0.000000	5057.909180	2870.386475	1.000000
0.000000	-190.257324	-146.404861	1.000000
0.000000	-5905.103027	-1641.554810	1.000000
0.000000	-246211.546875	-73934.375000	1.000000
0.000000	-46568.308594	-6290.861816	1.000000
0.000000	632.249329	226.478928	1.000000
0.000000	663.623962	-162.087524	1.000000
0.000000	-3.772615	452.419800	1.000000
0.000000	-177.058487	-327.739441	1.000000
0.000000	74.444534	447.907928	1.000000
0.000000	-641.398621	-74.244583	1.000000
0.000000	-3905.135742	3231.909180	1.000000
0.000000	-948.693481	606.260925	1.000000
0.000000	-159.332260	-466.160400	1.000000
0.000000	-464.171265	-125.187355	1.000000
0.000000	7253.358887	6256.864258	1.000000
0.000000	-984.816711	1515.551147	1.000000
0.000000	-93.901672	1173.067139	1.000000
0.000000	-3520.083252	-11475.329102	1.000000
0.000000	496.831421	36.731567	1.000000
0.000000	-11.316107	-477.828247	1.000000
0.000000	341.684662	110.454132	1.000000
0.000000	29405522.000000	-21550876.000000	1.000000
0.000000	-724.770325	1786.887817	1.000000
0.000000	358.985870	679.618347	1.000000
0.000000	1604.132690	26060.861328	1.000000
0.000000	3344.101074	-1844.653076	1.000000
0.000000	-200.958557	-431.608398	1.000000
0.000000	274.511322	-538.699097	1.000000
0.000000	5256.759277	-3065.553711	1.000000
0.000000	401227.500000	-1051564.750000	1.000000
0.000000	40026.695312	142420.812500	1.000000
0.000000	899154304.000000	-490293056.000000	1.000000
0.000000	4982.110352	-15030.992188	1.000000
0.000000	-11819835.000000	-661046.312500	1.000000
0.000000	10717.877930	-14936.750977	1.000000
0.000000	-81.143829	-558.322693	1.000000
0.000000	-427.175964	-904.100159	1.000000
0.000000	-297.599487	915.133057	1.000000
0.000000	424074.562500	2439.472900	1.000000
0.000000	-9545.322266	10591.208008	1.000000
0.481574	-373.543549	490.010315	1.000000
0.000000	14.612206	-489.397186	1.000000
0.000000	3441.835449	-13490.510742	1.000000
0.000000	-935690816.000000	516809408.000000	1.000000
0.000000	1333545.500000	80434.890625	1.000000
0.000000	370991.812500	-121763.875000	1.000000
0.000000	282215.125000	227459.250000	1.000000
0.000000	24719.474609	-23041.902344	1.000000
0.000000	2203343.750000	933410.062500	1.000000
0.000000	-258.327789	391.332520	1.000000
0.000000	-108.684196	-77.810280	1.000000
0.000000	-3040.751221	-211.468826	1.000000
0.000000	-1694.616333	1919.075073	1.000000
0.000000	191.479370	457.149658	1.000000
0.000000	-39.699474	-240.946533	1.000000
0.000000	-1406.330688	1047.543335	1.000000
0.000000	1081.736328	-294.176819	1.000000
0.000000	278.883606	11.300599	1.000000
0.000000	-4355021.000000	2416277.250000	1.000000
0.000000	1278.694580	712.622375	1.000000
0.000000	-318.120972	-88087.203125	1.000000
0.000000	1711789.125000	-2028472.500000	1.000000
0.000000	849.401367	-1316.353027	1.000000
0.000000	-99.632187	-5414.858887	1.000000
0.000000	691415.187500	-227624.875000	1.000000
0.000000	12310197.000000	-6573529.500000	1.000000
0.000000	-21991.630859	-21701.242188	1.000000
0.000000	170859.859375	-24642.437500	1.000000
0.000000	-59.988987	362.459564	1.000000
0.000000	477.723602	-90.804787	1.000000
0.000000	431.271301	-1837.518799	1.000000
0.000000	-277.802002	-389.424591	1.000000
0.000000	177.874603	-450.286346	1.000000
0.000000	-938.728638	1256.486450	1.000000
0.000000	-399.543152	-3064.870361	1.000000
0.000000	-54064.937500	119833.890625	1.000000
0.000000	157.794891	428.939880	1.000000
0.000000	-539.403992	75.559395	1.000000
0.000000	53.634876	-1023.864014	1.000000
0.000000	-64447.488281	15434.886719	1.000000
0.000000	2491.943604	968.978088	1.000000
0.000000	55933.378906	149703.671875	1.000000
0.000000	-13417.348633	6542.729492	1.000000
0.000000	-41930.707031	-29672.832031	1.000000
0.000000	-8298.797852	13920.025391	1.000000
0.000000	479.243164	423.076904	1.000000
0.000000	-450.440308	298.964355	1.000000
0.000000	1690.631592	3046.976318	1.000000
0.000000	813.844238	-463.959381	1.000000
0.000000	1802.666016	-23.473038	1.000000
0.000000	603.186279	-720.465027	1.000000
0.000000	13950.656250	-14421.984375	1.000000
0.000000	-459.987366	-232.726944	1.000000
0.000000	-1237.303467	1350.972534	1.000000
0.000000	364.226532	386.352936	1.000000
0.000000	-13158.178711	-3023.814209	1.000000
0.000000	-28779.691406	-61657.531250	1.000000
0.000000	1800.258545	8209.088867	1.000000
0.000000	-2417.449707	1701.435059	1.000000
0.000000	261.401947	-223.983414	1.000000
0.000000	-50.477299	74.434456	1.000000
0.000000	-3706.983643	-15892.047852	1.000000
0.000000	938.651550	22.897739	1.000000
0.000000	-8960.609375	12946.589844	1.000000
0.000000	-841.752197	-3348.609863	1.000000
0.000000	923.023376	748.713074	1.000000
0.000000	461.525116	-291.687927	1.000000
0.000000	-5471.156738	-20483.365234	1.000000
0.000000	11.251032	-500.032257	1.000000
0.000000	22466.230469	-24770.884766	1.000000
0.000000	-419.211823	-306.551758	1.000000
0.000000	-3300464.250000	1376390.750000	1.000000
0.000000	-18051.427734	-1425.056763	1.000000
0.000000	-131.997192	737.348389	1.000000
0.000000	217.098602	-509.395538	1.000000
0.000000	6741.212402	2537.242188	1.000000
0.000000	-25969.599609	-23310.144531	1.000000
0.000000	-586712.625000	317571.718750	1.000000
0.000000	-108536.234375	248921.515625	1.000000
0.000000	37847.835938	-56191.003906	1.000000
0.000000	713.281982	-1854.825317	1.000000
0.000000	205.301041	321.346222	1.000000
0.000000	-260.044922	-254.721741	1.000000
0.000000	-435.286865	848.373413	1.000000
0.000000	4112436.000000	2116301.500000	1.000000
0.000000	339.078033	245.371964	1.000000
0.000000	-45343.675781	76124.031250	1.000000
0.000000	861.961975	1768.628418	1.000000
0.000000	5000.154785	12519.631836	1.000000
0.000000	602.054382	1434.378906	1.000000
0.000000	-44220.566406	2493.979248	1.000000
0.000000	245563.140625	-842228.687500	1.000000
0.000000	-383.351410	-215.479111	1.000000
0.000000	617.961487	-116.738274	1.000000
0.000000	-32913.699219	-140169.203125	1.000000
0.000000	-14395.040039	-13401.875000	1.000000
0.000000	-555.440430	-90.975868	1.000000
0.000000	-323815.156250	730136.875000	1.000000
0.000000	-31212.738281	-19583.203125	1.000000
0.000000	-580.619263	-1152.611938	1.000000
0.000000	194.573105	-522.717285	1.000000
0.000000	-3462.982910	-12826.080078	1.000000
0.000000	142.262756	-484.778717	1.000000
0.000000	3252.910156	2832.794922	1.000000
0.000000	110.614075	35.498161	1.000000
0.000000	798962.062500	-982912.687500	1.000000
0.000000	-551.120422	436.773926	1.000000
0.000000	-3115.160400	-2139.989502	1.000000
0.000000	-63.152172	3066.410400	1.000000
0.000000	-438.134827	420.987946	1.000000
0.000000	19764.826172	10688.812500	1.000000
0.000000	241.312286	556.992615	1.000000
0.000000	-3527.123535	-1966.616333	1.000000
0.000000	65153.933594	112821.164062	1.000000
0.000000	393.183319	328.312592	1.000000
0.000000	484892.843750	100969.140625	1.000000
0.000000	-364.895844	349.212280	1.000000
0.000000	78.070549	462.245483	1.000000
0.000000	348.783783	282.484314	1.000000
0.000000	-458.944702	-106.641006	1.000000
0.000000	-52356.621094	-2856.753174	1.000000
0.000000	11486.399414	1521.519897	1.000000
0.000000	-32.733406	-346.579926	1.000000
0.000000	101.729576	1612.401855	1.000000
0.000000	-7881.068848	-93301.578125	1.000000
0.000000	-666.990845	975.937744	1.000000
0.000000	-153.633957	425.797485	1.000000
0.000000	487.832794	-125.119820	1.000000
0.000000	65.256027	506.785583	1.000000
0.000000	-43026.785156	-77616.757812	1.000000
0.000000	172.748795	-1193.408447	1.000000
0.000000	70.985825	465.535522	1.000000
0.000000	-160.832809	-43.834908	1.000000
0.000000	-474.216431	875.994995	1.000000
0.000000	508.063995	-52.370735	1.000000
0.000000	255.575317	1160.086060	1.000000
0.000000	-257.111664	305.619232	1.000000
0.000000	373.709686	612.384827	1.000000
0.000000	-11159.666992	542.921814	1.000000
0.000000	28171368.000000	16549397.000000	1.000000
0.000000	414.871796	-755.234497	1.000000
0.000000	-32711.929688	266671.562500	1.000000
0.000000	-390.368530	1.166518	1.000000
0.000000	1616.611328	2585.972168	1.000000
0.000000	4386.150879	10716.891602	1.000000
0.000000	-48362.875000	-126250.796875	1.000000
0.000000	-85.169586	-591.185425	1.000000
0.000000	1929694.125000	165329.359375	1.000000
0.000000	-179962.109375	-177937.812500	1.000000
0.000000	-70334.414062	13647.827148	1.000000
0.000000	359.991180	-245.656372	1.000000
0.000000	-131159.750000	15113.728516	1.000000
0.000000	-1212.882202	306.257202	1.000000
0.000000	-1425.988892	878.061768	1.000000
0.000000	-1227.546143	1321.943237	1.000000
0.000000	49297.058594	57703.875000	1.000000
0.000000	83752.601562	3587.682373	1.000000
0.000000	1207.884399	-354.786255	1.000000
0.000000	-494.384735	-346.221588	1.000000
0.000000	-1589278.625000	-1200867.375000	1.000000
0.000000	-421.960327	184.448380	1.000000
0.000000	2590553.750000	19506.382812	1.000000
0.000000	189.709290	-329.768341	1.000000
0.000000	-10540.070312	13322.158203	1.000000
0.000000	1826645.375000	135290.359375	1.000000
0.000000	-1547.001099	947.355469	1.000000
0.000000	420.038727	84.087135	1.000000
0.000000	477.255493	-114.769821	1.000000
0.000000	325.741638	869.029846	1.000000
0.000000	-10723.399414	7529.967285	1.000000
0.000000	-522.848999	191.160400	1.000000
0.000000	27339.916016	26053.019531	1.000000
0.000000	185.851105	398.834747	1.000000
0.000000	279.946259	650.988953	1.000000
0.000000	-194.082489	-9018.228516	1.000000
0.000000	-5753.626465	9776.386719	1.000000
0.000000	459248.093750	25469.886719	1.000000
0.000000	-1158.697998	1152.865234	1.000000
0.000000	2299.981934	-5169.465332	1.000000
0.000000	3490.054199	-2242.351807	1.000000
0.000000	223.930328	199.589859	1.000000
0.000000	354.076202	258.521973	1.000000
0.000000	900.687988	-876.750122	1.000000
0.000000	1225.094116	11579.086914	1.000000
0.000000	17892.437500	-23815.076172	1.000000
0.000000	471.066620	-27.727737	1.000000
0.000000	-4.816410	-360.018402	1.000000
0.000000	1021.427002	1258.895264	1.000000
0.000000	562.054260	-49.522541	1.000000
0.000000	131.007736	320.289886	1.000000
0.000000	-1292.360352	178.548340	1.000000
0.000000	75454.484375	-7392.446289	1.000000
0.000000	121.717293	547.432922	1.000000
0.000000	-60.057690	-720.712036	1.000000
0.000000	1169.143799	-9451.072266	1.000000
0.000000	357.435211	412.704956	1.000000
0.000000	351.123840	315.550568	1.000000
0.000000	-3794.267822	-4472.878418	1.000000
0.000000	660.071411	256.663025	1.000000
0.000000	-2147.701660	-3056.630127	1.000000
0.000000	68.341553	406.153503	1.000000
0.000000	22266.828125	39241.835938	1.000000
0.000000	497.444183	-23.414606	1.000000
0.000000	1031.920776	-547.311829	1.000000
0.000000	1379.676025	774.229431	1.000000
0.000000	-325.842194	780.666992	1.000000
0.000000	234.100388	-428.905060	1.000000
0.000000	9658.502930	4718.215332	1.000000
0.000000	-92609.921875	-330305.843750	1.000000
0.000000	8131.237793	16954.871094	1.000000
0.000000	305.221802	-297.000122	1.000000
0.000000	3446.972412	-774.832153	1.000000
0.000000	-423255.812500	-82063.328125	1.000000
0.000000	-44105600.000000	-10494824.000000	1.000000
0.000000	6088.766602	-4454.921387	1.000000
0.000000	-343.461761	290.855865	1.000000
0.000000	1153.770020	-1624.901489	1.000000
0.000000	5739.411133	266.125854	1.000000
0.000000	-396.333252	-153.611801	1.000000
0.000000	-628.565491	1009.538940	1.000000
0.000000	-18757.205078	-73.408035	1.000000
0.000000	-773.280212	-161.018295	1.000000
0.000000	315.189240	-491.006805	1.000000
0.000000	14678.375000	-10982.424805	1.000000
