0.000000	31534.632812	455778.125000	1.000000
0.000000	214983.562500	175205.953125	1.000000
0.000000	1179.924072	-12734.299805	1.000000
0.000000	-564.862366	649.329651	1.000000
0.000000	16892.013672	27437.953125	1.000000
0.000000	-13736.508789	764.473083	1.000000
0.000000	-721.937927	-2435.701904	1.000000
0.000000	-595220.562500	1523932.125000	1.000000
0.000000	3551.423584	-2239.711914	1.000000
0.000000	9292453.000000	3386659.750000	1.000000
0.000000	78697400.000000	19959642.000000	1.000000
0.000000	-236.064453	-174.306396	1.000000
0.000000	-275.675110	60.686871	1.000000
0.000000	94.064262	-203.010574	1.000000
0.000000	-73337376.000000	-31090268.000000	1.000000
0.000000	699.624817	-4538.628418	1.000000
0.000000	365.090820	-369.235474	1.000000
0.000000	-6149.319824	7770.888672	1.000000
0.000000	-987.422302	257.417511	1.000000
0.000000	-289.497955	249.008713	1.000000
0.000000	913.097961	7969.811523	1.000000
0.000000	10209.648438	85018.976562	1.000000
0.000000	-39.825741	782.525513	1.000000
0.000000	200.908081	121.369400	1.000000
0.000000	-207143.453125	-53307.753906	1.000000
0.000000	374.641449	-62.053101	1.000000
0.000000	10388.561523	35417.785156	1.000000
0.000000	-3889.029053	11587.955078	1.000000
0.000000	374.272766	-160.906647	1.000000
0.000000	-61509.960938	-273296.843750	1.000000
0.000000	5196.487305	-8935.007812	1.000000
0.000000	4841.647461	896.787476	1.000000
0.000000	-228.171936	447.014130	1.000000
0.000000	-508.272705	-234.178146	1.000000
0.000000	-209.434311	-8.521291	1.000000
0.000000	4826.771484	2764.759033	1.000000
0.000000	46.422707	-52.862312	1.000000
0.000000	-5708.760254	-1480.628296	1.000000
0.000000	-246291.078125	-73695.781250	1.000000
0.000000	-46767.136719	-6136.770020	1.000000
0.000000	435.966766	64.449844	1.000000
0.000000	516.677551	45.617481	1.000000
0.000000	-1.487499	197.964218	1.000000
0.000000	-63.460346	-101.838318	1.000000
0.000000	42.808147	195.352722	1.000000
0.000000	-545.401917	-309.946869	1.000000
0.000000	-4113.905273	3377.302246	1.000000
0.000000	-804.232422	396.644928	1.000000
0.000000	-103.334183	-217.935913	1.000000
0.000000	-215.157379	-72.839638	1.000000
0.000000	6999.853027	6284.203125	1.000000
0.000000	-845.947693	1728.670044	1.000000
0.000000	50.750069	1382.458008	1.000000
0.000000	-3372.204834	-11684.098633	1.000000
0.000000	260.020264	-56.108521	1.000000
0.000000	-17.607153	-223.390381	1.000000
0.000000	87.350639	119.269363	1.000000
0.000000	29405522.000000	-21550876.000000	1.000000
0.000000	-519.728821	1636.524048	1.000000
0.000000	526.578247	487.955109	1.000000
0.000000	1735.234985	26279.572266	1.000000
0.000000	3247.172363	-1609.166016	1.000000
0.000000	-67.060234	-215.212830	1.000000
0.000000	137.195648	-324.473541	1.000000
0.000000	5413.336426	-2865.482910	1.000000
0.000000	401068.437500	-1051564.750000	1.000000
0.000000	40245.406250	142579.875000	1.000000
0.000000	899154304.000000	-490293056.000000	1.000000
0.000000	5146.143555	-14837.134766	1.000000
0.000000	-11819835.000000	-661364.437500	1.000000
0.000000	10588.639648	-15155.461914	1.000000
0.000000	-5.961874	-315.194672	1.000000
0.000000	-235.035706	-737.270935	1.000000
0.000000	-551.906372	923.831787	1.000000
0.000000	424392.687500	2502.849365	1.000000
0.000000	-9296.787109	10650.856445	1.000000
0.000000	-126.667839	551.108215	1.000000
0.000000	36.902401	-235.891312	1.000000
0.000000	3416.981934	-13237.004883	1.000000
0.000000	-935690816.000000	516809408.000000	1.000000
0.000000	1333545.500000	80196.296875	1.000000
0.000000	370673.687500	-121724.109375	1.000000
0.000000	282533.250000	227379.718750	1.000000
0.000000	24948.126953	-23161.199219	1.000000
0.000000	2203343.750000	933728.187500	1.000000
0.000000	-124.274162	174.980682	1.000000
0.000000	139.693741	-22.315342	1.000000
0.000000	-3199.813721	-410.279541	1.000000
0.000000	-1664.792114	1666.190552	1.000000
0.000000	74.124184	231.293350	1.000000
0.000000	25.685459	5.020554	1.000000
0.000000	-1160.902222	1114.647827	1.000000
0.000000	866.753479	-157.892578	1.000000
0.000000	222.295639	-236.840714	1.000000
0.000000	-4355021.000000	2416277.250000	1.000000
0.000000	1058.740967	584.937439	1.000000
0.000000	-69.061508	-88047.437500	1.000000
0.000000	1711789.125000	-2028472.500000	1.000000
0.000000	801.869019	-1566.130859	1.000000
0.000000	-308.872986	-5270.708496	1.000000
0.000000	691415.187500	-227386.281250	1.000000
0.000000	12310197.000000	-6573529.500000	1.000000
0.000000	-21931.982422	-21452.707031	1.000000
0.000000	170621.265625	-24493.316406	1.000000
0.000000	49.819782	136.529907	1.000000
0.000000	234.166122	-16.798300	1.000000
0.000000	677.631775	-1774.142334	1.000000
0.000000	-110.351448	-197.741867	1.000000
0.000000	85.235519	-213.245926	1.000000
0.000000	-865.721436	1012.907898	1.000000
0.000000	-152.839523	-3127.004150	1.000000
0.000000	-53806.460938	119833.890625	1.000000
0.000000	72.083443	193.806168	1.000000
0.000000	-293.216156	11.092437	1.000000
0.000000	-191.114563	-1093.454468	1.000000
0.000000	-64666.199219	15574.066406	1.000000
0.000000	2416.140381	726.034973	1.000000
0.000000	55734.550781	149544.609375	1.000000
0.000000	-13173.784180	6622.260742	1.000000
0.000000	-41731.878906	-29821.953125	1.000000
0.000000	-8507.567383	13775.875000	1.000000
0.000000	249.348145	314.032104	1.000000
0.000000	-262.951599	126.795494	1.000000
0.000000	1507.336914	3223.436279	1.000000
0.000000	568.105103	-397.631561	1.000000
0.000000	1966.077881	171.578766	1.000000
0.000000	553.479248	-470.972351	1.000000
0.000000	14005.333984	-14173.449219	1.000000
0.000000	-242.985092	-99.830070	1.000000
0.000000	-1140.996094	1586.459595	1.000000
0.000000	182.329865	208.339645	1.000000
0.000000	-13406.713867	-2967.893799	1.000000
0.000000	-28620.628906	-61458.703125	1.000000
0.000000	1661.078857	7995.348633	1.000000
0.000000	-2572.784180	1902.748535	1.000000
0.000000	28.541803	-121.307335	1.000000
0.000000	113.609512	262.355164	1.000000
0.000000	-3868.531494	-16090.875977	1.000000
0.000000	694.155090	-48.123192	1.000000
0.000000	-8707.103516	12926.707031	1.000000
0.000000	-918.487427	-3106.288086	1.000000
0.000000	950.672913	495.818634	1.000000
0.000000	212.834610	-237.657928	1.000000
0.000000	-5722.177246	-20523.130859	1.000000
0.000000	-2.136847	-245.905045	1.000000
0.000000	22535.820312	-24522.349609	1.000000
0.000000	-247.571060	-118.597023	1.000000
0.000000	-3300464.250000	1376390.750000	1.000000
0.000000	-17961.955078	-1187.705688	1.000000
0.000000	-24.964655	506.521362	1.000000
0.000000	132.285980	-269.403778	1.000000
0.000000	6659.195801	2778.321289	1.000000
0.000000	-26208.193359	-23389.675781	1.000000
0.000000	-586712.625000	317412.656250	1.000000
0.000000	-108536.234375	249160.109375	1.000000
0.000000	38106.312500	-56191.003906	1.000000
0.000000	548.627441	-1660.967896	1.000000
0.000000	83.052803	98.130608	1.000000
0.000000	-201.866760	-502.480225	1.000000
0.000000	-365.852356	603.566284	1.000000
0.000000	4112436.000000	2116301.500000	1.000000
0.000000	89.610855	195.121262	1.000000
0.000000	-45244.261719	75885.437500	1.000000
0.000000	632.377625	1658.651611	1.000000
0.000000	4754.104980	12584.250977	1.000000
0.000000	627.218567	1687.884766	1.000000
0.000000	-44041.621094	2307.577881	1.000000
0.000000	245801.734375	-842228.687500	1.000000
0.000000	-153.145721	-107.048141	1.000000
0.000000	364.144989	-136.365784	1.000000
0.000000	-33013.113281	-139930.609375	1.000000
0.000000	-14310.538086	-13640.468750	1.000000
0.000000	-301.313232	-78.083107	1.000000
0.000000	-323497.031250	730136.875000	1.000000
0.000000	-31431.449219	-19712.441406	1.000000
0.000000	-350.522614	-1043.877808	1.000000
0.000000	125.836380	-277.748016	1.000000
0.000000	-3706.547363	-12751.519531	1.000000
0.000000	68.665527	-241.209549	1.000000
0.000000	3177.106934	3075.116699	1.000000
0.000000	-10.122172	255.896774	1.000000
0.000000	799280.187500	-982912.687500	1.000000
0.000000	-300.099945	394.367615	1.000000
0.000000	-3358.724854	-2067.914307	1.000000
0.000000	-9.674229	2817.875244	1.000000
0.000000	-258.568176	240.638016	1.000000
0.000000	19894.064453	10470.101562	1.000000
0.000000	-9.536953	599.864929	1.000000
0.000000	-3284.801758	-1887.085083	1.000000
0.000000	65074.402344	112582.570312	1.000000
0.000000	205.539276	156.402344	1.000000
0.000000	484892.843750	100730.546875	1.000000
0.000000	-180.824493	173.492523	1.000000
0.000000	81.293739	207.792908	1.000000
0.000000	305.134796	31.771969	1.000000
0.000000	-204.972824	-90.447388	1.000000
0.000000	-52456.035156	-3087.890869	1.000000
0.000000	11352.190430	1305.294312	1.000000
0.000000	-100.836746	-100.353584	1.000000
0.000000	-46.882561	1819.307373	1.000000
0.000000	-7868.642090	-93062.984375	1.000000
0.000000	-514.452393	1179.736572	1.000000
0.000000	14.506599	234.736084	1.000000
0.000000	244.579025	-50.287437	1.000000
0.000000	51.314754	252.658386	1.000000
0.000000	-42827.957031	-77775.820312	1.000000
0.000000	371.699738	-1034.345947	1.000000
0.000000	-61.479439	248.222595	1.000000
0.000000	-46.947906	-271.414276	1.000000
0.000000	-450.916260	622.489136	1.000000
0.000000	330.206024	129.669708	1.000000
0.000000	195.072540	912.793579	1.000000
0.000000	-138.047058	80.694939	1.000000
0.000000	168.701263	461.658539	1.000000
0.000000	-10906.161133	561.561951	1.000000
0.000000	28171368.000000	16549397.000000	1.000000
0.000000	243.232986	-567.279785	1.000000
0.000000	-32811.343750	266830.625000	1.000000
0.000000	-135.930664	7.632769	1.000000
0.000000	1404.735107	2726.394531	1.000000
0.000000	4634.686035	10657.243164	1.000000
0.000000	-48621.351562	-126250.796875	1.000000
0.000000	138.268494	-469.403168	1.000000
0.000000	1929694.125000	165170.296875	1.000000
0.000000	-180200.703125	-177937.812500	1.000000
0.000000	-70135.585938	13791.977539	1.000000
0.000000	206.986710	-42.309258	1.000000
0.000000	-131080.218750	14870.164062	1.000000
0.000000	-986.041931	191.154358	1.000000
0.000000	-1266.305054	1076.039429	1.000000
0.000000	-1161.684326	1075.893433	1.000000
0.000000	49237.410156	57465.281250	1.000000
0.000000	83951.429688	3740.531494	1.000000
0.000000	965.487732	-432.142822	1.000000
0.000000	-268.217743	-229.582993	1.000000
0.000000	-1589278.625000	-1200867.375000	1.000000
0.000000	-176.376541	117.570831	1.000000
0.000000	2590553.750000	19277.730469	1.000000
0.000000	101.312256	-91.126923	1.000000
0.000000	-10390.949219	13113.388672	1.000000
0.000000	1826645.375000	135449.421875	1.000000
0.000000	-1576.203979	694.470947	1.000000
0.000000	172.956879	27.420185	1.000000
0.000000	267.325806	21.746277	1.000000
0.000000	528.919128	1022.189636	1.000000
0.000000	-10549.424805	7343.565918	1.000000
0.000000	-273.381836	140.754364	1.000000
0.000000	27329.974609	25794.542969	1.000000
0.000000	0.072419	224.860153	1.000000
0.000000	268.451508	396.791351	1.000000
0.000000	53.501282	-9077.876953	1.000000
0.000000	-5500.120605	9771.416016	1.000000
0.000000	459089.031250	25658.773438	1.000000
0.000000	-920.104187	1064.635254	1.000000
0.000000	2094.940430	-5321.071777	1.000000
0.000000	3485.083496	-1987.603271	1.000000
0.000000	84.738571	-13.456535	1.000000
0.000000	136.452606	126.642601	1.000000
0.000000	1010.354126	-647.165771	1.000000
0.000000	1195.891235	11832.592773	1.000000
0.000000	18140.972656	-23765.369141	1.000000
0.000000	217.250076	-9.225296	1.000000
0.000000	-19.071613	-105.894577	1.000000
0.000000	1232.681885	1117.230225	1.000000
0.000000	307.616394	-43.017910	1.000000
0.000000	90.196465	69.104927	1.000000
0.000000	-1534.682129	100.945244	1.000000
0.000000	75215.890625	-7419.785156	1.000000
0.000000	53.952629	302.137390	1.000000
0.000000	-314.555054	-720.712036	1.000000
0.000000	1185.298584	-9704.578125	1.000000
0.000000	203.525238	209.993469	1.000000
0.000000	156.995361	150.945602	1.000000
0.000000	-3911.079346	-4699.045410	1.000000
0.000000	409.050873	215.188705	1.000000
0.000000	-1943.585571	-2905.023682	1.000000
0.000000	-38.918282	175.326492	1.000000
0.000000	22227.062500	38983.359375	1.000000
0.000000	243.002350	-24.249529	1.000000
0.000000	777.473206	-551.661194	1.000000
0.000000	1159.722412	646.233826	1.000000
0.000000	-315.279449	526.539795	1.000000
0.000000	73.562218	-231.465302	1.000000
0.000000	9529.264648	4936.926270	1.000000
0.000000	-92729.218750	-330146.781250	1.000000
0.000000	7877.731934	16944.929688	1.000000
0.000000	141.033264	-102.526459	1.000000
0.000000	3363.713135	-1015.600586	1.000000
0.000000	-423414.875000	-81864.500000	1.000000
0.000000	-44105600.000000	-10494824.000000	1.000000
0.000000	5974.440430	-4681.088379	1.000000
0.000000	-246.843719	55.380779	1.000000
0.000000	930.709717	-1747.305054	1.000000
0.000000	5938.239258	424.256348	1.000000
0.000000	-160.069534	-58.985821	1.000000
0.000000	-374.438293	1021.965698	1.000000
0.000000	-18796.970703	177.867172	1.000000
0.000000	-518.842346	-153.950577	1.000000
0.000000	286.141693	-238.127777	1.000000
0.000000	14444.751953	-11081.838867	1.000000
