0.000000	31682.386719	455639.062500	1.000000
0.000000	214914.031250	174997.359375	1.000000
0.000000	1146.788086	-12512.668945	1.000000
0.000000	-787.308044	652.588928	1.000000
0.000000	16909.396484	27663.929688	1.000000
0.000000	-13953.793945	814.720276	1.000000
0.000000	-921.568665	-2337.923584	1.000000
0.000000	-594942.437500	1523932.125000	1.000000
0.000000	3437.348877	-2430.922852	1.000000
0.000000	9292453.000000	3386659.750000	1.000000
0.000000	78697400.000000	19959642.000000	1.000000
0.000000	-21.343113	-116.039841	1.000000
0.000000	-170.347046	-135.299622	1.000000
0.000000	102.246407	19.346100	1.000000
0.000000	-73337376.000000	-31090268.000000	1.000000
0.000000	505.969421	-4647.270996	1.000000
0.000000	312.942383	-152.933304	1.000000
0.000000	-6034.158691	7579.677734	1.000000
0.000000	-987.965515	479.863190	1.000000
0.000000	-213.138443	40.009510	1.000000
0.000000	865.295227	7752.526367	1.000000
0.000000	10009.746094	84914.679688	1.000000
0.000000	3.217489	564.153931	1.000000
0.000000	39.017704	269.537048	1.000000
0.000000	-207282.515625	-53151.308594	1.000000
0.000000	152.843201	-79.469864	1.000000
0.000000	10392.907227	35643.761719	1.000000
0.000000	-3670.657471	11631.412109	1.000000
0.000000	179.802536	-52.807289	1.000000
0.000000	-61735.937500	-273296.843750	1.000000
0.000000	5329.031250	-9113.181641	1.000000
0.000000	4626.535156	841.922974	1.000000
0.000000	-22.935520	360.975372	1.000000
0.000000	-345.444641	-385.860565	1.000000
0.000000	-35.538284	130.277908	1.000000
0.000000	4624.696289	2672.412842	1.000000
0.000000	253.333710	28.902727	1.000000
0.000000	-5537.104980	-1339.936157	1.000000
0.000000	-246360.609375	-73487.187500	1.000000
0.000000	-46940.964844	-6002.053223	1.000000
0.000000	264.447296	-77.223976	1.000000
0.000000	388.076843	227.200073	1.000000
0.000000	3.772547	-20.649258	1.000000
0.000000	31.267349	95.756157	1.000000
0.000000	14.993413	-23.667322	1.000000
0.000000	-461.475555	-515.962952	1.000000
0.000000	-4296.424805	3504.414062	1.000000
0.000000	-677.935425	213.446365	1.000000
0.000000	-53.001877	-1.462312	1.000000
0.000000	3.620556	-28.845207	1.000000
0.000000	6778.222168	6308.104492	1.000000
0.000000	-724.539612	1914.992065	1.000000
0.000000	177.203613	1565.520752	1.000000
0.000000	-3242.920166	-11866.618164	1.000000
0.480033	54.472828	-141.504547	1.000000
0.000000	-22.711309	-2.995994	1.000000
0.000000	-135.019318	126.976196	1.000000
0.000000	29405522.000000	-21550876.000000	1.000000
0.000000	-340.468567	1505.066528	1.000000
0.000000	672.974121	320.509735	1.000000
0.000000	1849.852905	26470.783203	1.000000
0.000000	3162.431152	-1403.288330	1.000000
0.000000	49.419498	-24.300198	1.000000
0.000000	17.144547	-137.157837	1.000000
0.000000	5550.226074	-2690.568359	1.000000
0.000000	400929.375000	-1051564.750000	1.000000
0.000000	40436.617188	142718.937500	1.000000
0.000000	899154304.000000	-490293056.000000	1.000000
0.000000	5289.551758	-14667.652344	1.000000
0.000000	-11819835.000000	-661642.562500	1.000000
0.000000	10475.651367	-15346.672852	1.000000
0.000000	60.999580	-105.138458	1.000000
0.000000	-67.115021	-591.418274	1.000000
0.000000	-774.352051	931.436768	1.000000
0.000000	424670.812500	2558.257080	1.000000
0.000000	-9079.501953	10703.004883	1.000000
0.000000	89.303284	604.614685	1.000000
0.000000	56.390163	-14.256677	1.000000
0.000000	3395.253418	-13015.374023	1.000000
0.000000	-935690816.000000	516809408.000000	1.000000
0.000000	1333545.500000	79987.703125	1.000000
0.000000	370395.562500	-121689.343750	1.000000
0.000000	282811.375000	227310.187500	1.000000
0.000000	25148.029297	-23265.496094	1.000000
0.000000	2203343.750000	934006.312500	1.000000
0.000000	-9.956215	-10.966926	1.000000
0.000000	355.346893	28.699991	1.000000
0.000000	-3338.876221	-584.107666	1.000000
0.000000	-1638.717896	1445.102905	1.000000
0.000000	-28.471394	33.849068	1.000000
0.000000	82.848175	220.060516	1.000000
0.000000	-946.333130	1173.314819	1.000000
0.000000	678.801819	-38.747086	1.000000
0.000000	172.795364	-453.724457	1.000000
0.000000	-4355021.000000	2416277.250000	1.000000
0.000000	866.221069	473.354248	1.000000
0.000000	148.691467	-88012.671875	1.000000
0.000000	1711789.125000	-2028472.500000	1.000000
0.000000	760.313232	-1784.502441	1.000000
0.000000	-491.799927	-5144.683105	1.000000
0.000000	691415.187500	-227177.687500	1.000000
0.000000	12310197.000000	-6573529.500000	1.000000
0.000000	-21879.833984	-21235.421875	1.000000
0.000000	170412.671875	-24362.945312	1.000000
0.000000	145.322861	-61.906048	1.000000
0.000000	20.916842	46.614647	1.000000
0.000000	893.015686	-1718.734619	1.000000
0.000000	30.831829	-31.358231	1.000000
0.000000	3.243934	-6.938463	1.000000
0.000000	-801.893921	799.696838	1.000000
0.000000	62.875839	-3181.325439	1.000000
0.000000	-53580.484375	119833.890625	1.000000
0.000000	-6.378045	-16.118015	1.000000
0.000000	-77.928268	-45.309261	1.000000
0.000000	-405.119843	-1154.294312	1.000000
0.000000	-64857.410156	15695.746094	1.000000
0.000000	2349.868408	513.638733	1.000000
0.000000	55560.722656	149405.546875	1.000000
0.000000	-12960.844727	6691.791992	1.000000
0.000000	-41558.050781	-29952.324219	1.000000
0.000000	-8690.086914	13649.849609	1.000000
0.000000	48.345928	218.671661	1.000000
0.000000	-97.903259	-22.921541	1.000000
0.000000	1347.089111	3377.708740	1.000000
0.000000	353.264435	-339.643585	1.000000
0.000000	2109.174561	342.113983	1.000000
0.000000	510.028412	-252.736572	1.000000
0.000000	14053.136719	-13956.164062	1.000000
0.631178	-53.094135	15.400339	1.000000
0.000000	-1056.798096	1792.337280	1.000000
0.000000	24.575958	51.657234	1.000000
0.000000	-13623.999023	-2919.004639	1.000000
0.000000	-28481.566406	-61284.875000	1.000000
0.000000	1539.399170	7808.483398	1.000000
0.000000	-2708.587402	2078.749512	1.000000
0.000000	-175.047516	-31.541449	1.000000
0.000000	260.757812	429.257324	1.000000
0.000000	-4009.766846	-16264.704102	1.000000
0.000000	480.420868	-110.219215	1.000000
0.000000	-8485.472656	12909.324219	1.000000
0.000000	-985.574219	-2894.435059	1.000000
0.000000	974.845886	274.595184	1.000000
0.000000	-4.591426	-190.466309	1.000000
0.000000	-5941.635254	-20557.896484	1.000000
0.000000	-13.841387	-23.718121	1.000000
0.000000	22596.660156	-24305.064453	1.000000
0.000000	-98.774780	44.915119	1.000000
0.000000	-3300464.250000	1376390.750000	1.000000
0.000000	-17883.732422	-980.198364	1.000000
0.000000	68.560661	305.526306	1.000000
0.021043	59.491287	-60.748325	1.000000
0.000000	6587.491699	2989.087891	1.000000
0.000000	-26416.787109	-23459.207031	1.000000
0.000000	-586712.625000	317273.593750	1.000000
0.000000	-108536.234375	249368.703125	1.000000
0.000000	38332.289062	-56191.003906	1.000000
0.000000	404.675995	-1491.485474	1.000000
0.000000	-22.718788	-97.622070	1.000000
0.000000	-151.008453	-718.956543	1.000000
0.000000	-305.148315	389.540375	1.000000
0.000000	4112436.000000	2116301.500000	1.000000
0.000000	-125.778320	151.307755	1.000000
0.000000	-45157.347656	75676.843750	1.000000
0.000000	431.714844	1562.502930	1.000000
0.000000	4538.992676	12640.745117	1.000000
0.000000	649.218689	1909.515625	1.000000
0.000000	-43885.175781	2144.614014	1.000000
0.000000	246010.328125	-842228.687500	1.000000
0.000000	47.394939	-13.810728	1.000000
0.000000	146.668732	-151.594528	1.000000
0.000000	-33100.027344	-139722.015625	1.000000
0.000000	-14236.661133	-13849.062500	1.000000
0.000000	-79.092575	-66.811440	1.000000
0.000000	-323218.906250	730136.875000	1.000000
0.000000	-31622.660156	-19825.429688	1.000000
0.000000	-149.398026	-948.815552	1.000000
0.021043	64.330757	-62.420940	1.000000
0.000000	-3919.486816	-12686.333984	1.000000
0.000000	9.522969	-27.018167	1.000000
0.000000	3110.834961	3286.969727	1.000000
0.000000	-115.481728	451.801422	1.000000
0.000000	799558.312500	-982912.687500	1.000000
0.000000	-80.696190	357.293335	1.000000
0.000000	-3571.664307	-2004.901733	1.000000
0.000000	37.083458	2600.590088	1.000000
0.000000	-101.585358	82.912277	1.000000
0.000000	20007.052734	10278.890625	1.000000
0.000000	-228.844910	637.346619	1.000000
0.000000	-3072.948730	-1817.553833	1.000000
0.000000	65004.871094	112373.976562	1.000000
0.000000	40.389648	6.318106	1.000000
0.000000	484892.843750	100521.953125	1.000000
0.000000	-19.897688	19.835390	1.000000
0.000000	80.583763	-12.585189	1.000000
0.000000	266.974091	-187.421387	1.000000
0.000000	15.893472	-75.735779	1.000000
0.000000	-52542.949219	-3289.966064	1.000000
0.000000	11234.856445	1116.256226	1.000000
0.000000	-161.321823	113.773544	1.000000
0.000000	-176.799545	2000.197266	1.000000
0.000000	-7857.777832	-92854.390625	1.000000
0.000000	-381.226959	1357.910400	1.000000
0.000000	158.179535	68.730522	1.000000
0.000000	29.257902	12.575533	1.000000
0.000000	40.875702	30.377798	1.000000
0.000000	-42654.128906	-77914.882812	1.000000
0.000000	545.637390	-895.534790	1.000000
0.000000	-177.300079	58.233891	1.000000
0.000000	52.613110	-470.365997	1.000000
0.000000	-430.545776	400.858276	1.000000
0.000000	174.711349	288.831085	1.000000
0.000000	142.177185	696.594849	1.000000
0.000000	-39.036400	-104.753555	1.000000
0.000000	-10.457916	328.983765	1.000000
0.000000	-10684.530273	577.858337	1.000000
0.000000	28171368.000000	16549397.000000	1.000000
0.000000	93.230453	-402.957916	1.000000
0.000000	-32898.257812	266969.687500	1.000000
0.000000	83.434555	16.040249	1.000000
0.000000	1219.499512	2849.160645	1.000000
0.000000	4851.971191	10605.094727	1.000000
0.000000	-48847.328125	-126250.796875	1.000000
0.000000	333.594452	-362.933441	1.000000
0.000000	1929694.125000	165031.234375	1.000000
0.000000	-180409.296875	-177937.812500	1.000000
0.000000	-69961.757812	13918.002930	1.000000
0.000000	75.328728	131.867249	1.000000
0.000000	-131010.687500	14657.224609	1.000000
0.000000	-787.497620	90.524178	1.000000
0.000000	-1126.699341	1249.324341	1.000000
0.000000	-1104.103760	860.987183	1.000000
0.000000	49185.261719	57256.687500	1.000000
0.000000	84125.257812	3874.161865	1.000000
0.000000	753.363098	-499.772827	1.000000
0.000000	-70.424530	-127.662666	1.000000
0.000000	-1589278.625000	-1200867.375000	1.000000
0.000000	35.079220	52.520515	1.000000
0.000000	2590553.750000	19077.828125	1.000000
0.000000	27.147635	110.606972	1.000000
0.000000	-10260.578125	12930.869141	1.000000
0.000000	1826645.375000	135588.484375	1.000000
0.000000	-1601.734985	473.383301	1.000000
0.000000	-43.815308	-17.505400	1.000000
0.000000	82.234428	145.259308	1.000000
0.000000	706.549744	1156.359497	1.000000
0.000000	-10397.325195	7180.602051	1.000000
0.000000	-55.281883	96.710342	1.000000
0.000000	27321.283203	25568.566406	1.000000
0.000000	-162.346893	72.772881	1.000000
0.000000	258.402069	174.506378	1.000000
0.000000	269.960754	-9130.025391	1.000000
0.000000	-5278.489746	9767.070312	1.000000
0.000000	458949.968750	25823.910156	1.000000
0.000000	-711.510437	987.499023	1.000000
0.000000	1916.081055	-5453.615723	1.000000
0.000000	3480.737793	-1764.885986	1.000000
0.000000	-36.965221	-199.714417	1.000000
0.631178	-53.978611	11.829104	1.000000
0.000000	1105.998291	-446.404266	1.000000
0.000000	1170.360229	12054.223633	1.000000
0.000000	18358.257812	-23721.912109	1.000000
0.000000	-4.948361	6.606499	1.000000
0.000000	-25.314425	112.854660	1.000000
0.000000	1417.374268	993.310547	1.000000
0.000000	85.177269	-37.331150	1.000000
0.480033	52.289539	-146.287888	1.000000
0.000000	-1746.535156	33.085320	1.000000
0.000000	75007.296875	-7443.686523	1.000000
0.000000	-5.286185	87.657211	1.000000
0.000000	-537.000732	-720.712036	1.000000
0.000000	1199.422119	-9926.208984	1.000000
0.000000	68.997261	32.773254	1.000000
0.000000	-10.829556	8.761224	1.000000
0.000000	-4013.203369	-4896.774902	1.000000
0.000000	189.572327	178.929245	1.000000
0.000000	-1764.868530	-2772.479736	1.000000
0.000000	-127.866150	-22.029034	1.000000
0.000000	22192.296875	38757.382812	1.000000
0.000000	23.890051	-20.814775	1.000000
0.000000	555.027527	-555.463684	1.000000
0.000000	967.425049	534.331970	1.000000
0.000000	-306.044830	304.238831	1.000000
0.000000	-63.822784	-67.268234	1.000000
0.000000	9416.276367	5128.137207	1.000000
0.000000	-92833.515625	-330007.718750	1.000000
0.000000	7656.101074	16936.238281	1.000000
0.000000	-4.998436	65.378479	1.000000
0.000000	3290.922607	-1225.834839	1.000000
0.000000	-423553.937500	-81690.671875	1.000000
0.000000	-44105600.000000	-10494824.000000	1.000000
0.000000	5874.489258	-4878.817871	1.000000
0.000000	-162.414337	-150.430252	1.000000
0.000000	735.696289	-1854.317993	1.000000
0.000000	6112.067383	562.504028	1.000000
0.000000	46.822727	23.337948	1.000000
0.000000	-152.232513	1032.829956	1.000000
0.000000	-18831.736328	397.572632	1.000000
0.000000	-296.396667	-147.771530	1.000000
0.000000	256.360107	-19.037857	1.000000
0.000000	14240.503906	-11168.752930	1.000000
