0.000000	31604.359375	455712.500000	1.000000
0.000000	214950.750000	175107.515625	1.000000
0.000000	1164.286865	-12629.709961	1.000000
0.000000	-669.836731	650.867737	1.000000
0.000000	16900.216797	27544.593750	1.000000
0.000000	-13839.047852	788.185242	1.000000
0.000000	-816.145691	-2389.559326	1.000000
0.000000	-595089.312500	1523932.125000	1.000000
0.000000	3497.590576	-2329.946289	1.000000
0.000000	9292453.000000	3386659.750000	1.000000
0.000000	78697400.000000	19959642.000000	1.000000
0.000000	-134.743042	-146.813110	1.000000
0.000000	-225.963043	-31.799110	1.000000
0.000000	97.925499	-98.072815	1.000000
0.000000	-73337376.000000	-31090268.000000	1.000000
0.000000	608.236877	-4589.897949	1.000000
0.000000	340.481445	-267.145020	1.000000
0.000000	-6094.974121	7680.654297	1.000000
0.000000	-987.678650	362.391876	1.000000
0.000000	-253.478867	150.378952	1.000000
0.000000	890.539368	7867.272461	1.000000
0.000000	10115.312500	84969.757812	1.000000
0.000000	-19.512651	679.473755	1.000000
0.000000	125.510162	190.003662	1.000000
0.000000	-207209.078125	-53233.925781	1.000000
0.000000	269.987518	-70.272247	1.000000
0.000000	10390.612305	35524.425781	1.000000
0.000000	-3785.977295	11608.462891	1.000000
0.000000	282.500305	-109.893471	1.000000
0.000000	-61616.601562	-273296.843750	1.000000
0.000000	5259.036133	-9019.089844	1.000000
0.000000	4740.133789	870.896362	1.000000
0.000000	-131.336609	406.383026	1.000000
0.000000	-431.432495	-305.753448	1.000000
0.000000	-127.371017	56.982983	1.000000
0.000000	4731.410156	2721.179932	1.000000
0.000000	144.073914	-14.283939	1.000000
0.000000	-5627.754395	-1414.234253	1.000000
0.000000	-246323.890625	-73597.343750	1.000000
0.000000	-46849.167969	-6073.195801	1.000000
0.000000	355.024994	-2.407304	1.000000
0.000000	455.992188	131.315369	1.000000
0.000000	-0.544660	92.963150	1.000000
0.144482	-18.535933	-5.404347	1.000000
0.000000	29.757761	91.173775	1.000000
0.000000	-505.796234	-407.166718	1.000000
0.000000	-4200.038086	3437.287598	1.000000
0.000000	-744.631592	310.191681	1.000000
0.000000	-80.230850	-115.523079	1.000000
0.000000	-112.396439	-51.242344	1.000000
0.000000	6895.263184	6295.482422	1.000000
0.000000	-788.653992	1816.597290	1.000000
0.000000	110.431007	1468.847168	1.000000
0.000000	-3311.194092	-11770.231445	1.000000
0.000000	163.056763	-96.372696	1.000000
0.000000	-19.608007	-120.109489	1.000000
0.000000	-17.586855	122.906296	1.000000
0.000000	29405522.000000	-21550876.000000	1.000000
0.000000	-435.134094	1574.487915	1.000000
0.000000	595.663940	408.935944	1.000000
0.000000	1789.324341	26369.806641	1.000000
0.000000	3207.182129	-1512.010254	1.000000
0.000000	-12.405936	-124.218948	1.000000
0.000000	80.542816	-236.090485	1.000000
0.000000	5477.936035	-2782.938965	1.000000
0.000000	401002.812500	-1051564.750000	1.000000
0.000000	40335.640625	142645.500000	1.000000
0.000000	899154304.000000	-490293056.000000	1.000000
0.000000	5213.819336	-14757.154297	1.000000
0.000000	-11819835.000000	-661495.687500	1.000000
0.000000	10535.319336	-15245.696289	1.000000
0.000000	25.056545	-214.885529	1.000000
0.000000	-155.792236	-668.441589	1.000000
0.000000	-656.880737	927.420654	1.000000
0.000000	424523.937500	2528.996826	1.000000
0.000000	-9194.248047	10675.465820	1.000000
0.000000	-24.750544	576.358459	1.000000
0.000000	46.098873	-131.301468	1.000000
0.000000	3406.728027	-13132.415039	1.000000
0.000000	-935690816.000000	516809408.000000	1.000000
0.000000	1333545.500000	80097.859375	1.000000
0.000000	370542.437500	-121707.703125	1.000000
0.000000	282664.500000	227346.906250	1.000000
0.000000	25042.462891	-23210.417969	1.000000
0.000000	2203343.750000	933859.437500	1.000000
0.457207	-73.480957	83.765533	1.000000
0.000000	240.672516	3.075794	1.000000
0.000000	-3265.438721	-492.310791	1.000000
0.000000	-1652.487427	1561.857056	1.000000
0.000000	25.707041	138.110977	1.000000
0.000000	52.658978	106.497742	1.000000
0.000000	-1059.644897	1142.333374	1.000000
0.000000	778.057190	-101.663818	1.000000
0.000000	198.935959	-339.193512	1.000000
0.000000	-4355021.000000	2416277.250000	1.000000
0.000000	967.914795	532.257996	1.000000
0.000000	33.696732	-88031.031250	1.000000
0.000000	1711789.125000	-2028472.500000	1.000000
0.000000	782.258423	-1669.182617	1.000000
0.000000	-395.198059	-5211.235840	1.000000
0.000000	691415.187500	-227287.843750	1.000000
0.000000	12310197.000000	-6573529.500000	1.000000
0.000000	-21907.373047	-21350.167969	1.000000
0.000000	170522.828125	-24431.792969	1.000000
0.000000	95.003571	41.747246	1.000000
0.000000	133.094955	14.857012	1.000000
0.000000	779.273621	-1747.994873	1.000000
0.000000	-41.268394	-118.660515	1.000000
0.000000	47.023697	-115.449295	1.000000
0.000000	-835.600586	912.291443	1.000000
0.000000	-51.038483	-3152.638916	1.000000
0.000000	-53699.820312	119833.890625	1.000000
0.000000	34.961098	95.592972	1.000000
0.000000	-191.598618	-15.544514	1.000000
0.000000	-292.094940	-1122.165405	1.000000
0.000000	-64756.433594	15631.488281	1.000000
0.000000	2384.865967	625.803040	1.000000
0.000000	55652.519531	149478.984375	1.000000
0.000000	-13073.295898	6655.073242	1.000000
0.000000	-41649.847656	-29883.476562	1.000000
0.000000	-8593.700195	13716.402344	1.000000
0.000000	154.499512	269.043091	1.000000
0.000000	-185.627853	55.755150	1.000000
0.000000	1431.714355	3296.239014	1.000000
0.000000	466.719635	-370.266449	1.000000
0.000000	2033.497314	252.039886	1.000000
0.000000	532.971436	-367.984680	1.000000
0.000000	14027.892578	-14070.910156	1.000000
0.000000	-153.455673	-44.990471	1.000000
0.000000	-1101.262207	1683.615356	1.000000
0.000000	107.284088	134.896042	1.000000
0.000000	-13509.252930	-2944.822510	1.000000
0.000000	-28555.003906	-61376.671875	1.000000
0.000000	1603.656982	7907.165039	1.000000
0.000000	-2636.871094	1985.805176	1.000000
0.000000	-67.534683	-78.945885	1.000000
0.000000	183.051010	341.117981	1.000000
0.000000	-3935.181885	-16172.907227	1.000000
0.000000	593.282288	-77.426933	1.000000
0.000000	-8602.513672	12918.503906	1.000000
0.000000	-950.146362	-3006.312500	1.000000
0.000000	962.080383	391.421051	1.000000
0.000000	110.231461	-215.387726	1.000000
0.000000	-5825.741699	-20539.537109	1.000000
0.000000	-7.660337	-141.058853	1.000000
0.000000	22564.531250	-24419.810547	1.000000
0.000000	-176.787064	-41.049484	1.000000
0.000000	-3300464.250000	1376390.750000	1.000000
0.000000	-17925.041016	-1089.780884	1.000000
0.000000	19.199234	411.288208	1.000000
0.000000	97.280464	-170.417206	1.000000
0.000000	6625.357910	2877.784180	1.000000
0.000000	-26306.630859	-23422.488281	1.000000
0.000000	-586712.625000	317347.031250	1.000000
0.000000	-108536.234375	249258.546875	1.000000
0.000000	38212.953125	-56191.003906	1.000000
0.000000	480.695282	-1580.987427	1.000000
0.000000	32.611420	6.037935	1.000000
0.000000	-177.866211	-604.640747	1.000000
0.000000	-337.205505	502.565277	1.000000
0.000000	4112436.000000	2116301.500000	1.000000
0.000000	-10.597771	174.507980	1.000000
0.000000	-45203.246094	75787.000000	1.000000
0.000000	537.657166	1613.278076	1.000000
0.000000	4652.591309	12610.911133	1.000000
0.000000	637.600647	1792.474609	1.000000
0.000000	-43967.792969	2230.673584	1.000000
0.000000	245900.171875	-842228.687500	1.000000
0.000000	-58.157631	-62.299454	1.000000
0.000000	263.819702	-142.522415	1.000000
0.000000	-33054.128906	-139832.171875	1.000000
0.000000	-14275.674805	-13738.906250	1.000000
0.000000	-196.448837	-72.763893	1.000000
0.000000	-323365.781250	730136.875000	1.000000
0.000000	-31521.683594	-19765.761719	1.000000
0.000000	-255.609879	-999.016968	1.000000
0.000000	97.461899	-176.657791	1.000000
0.000000	-3807.035645	-12720.757812	1.000000
0.000000	38.297569	-140.689224	1.000000
0.000000	3145.832520	3175.092285	1.000000
0.000000	-59.815090	348.374237	1.000000
0.000000	799411.437500	-982912.687500	1.000000
0.000000	-196.553894	376.871887	1.000000
0.000000	-3459.213135	-2038.178101	1.000000
0.000000	12.391558	2715.336182	1.000000
0.000000	-184.483704	166.201065	1.000000
0.000000	19947.384766	10379.867188	1.000000
0.000000	-113.025391	617.552917	1.000000
0.000000	-3184.826172	-1854.272583	1.000000
0.000000	65041.589844	112484.132812	1.000000
0.000000	126.229477	87.917740	1.000000
0.000000	484892.843750	100632.109375	1.000000
0.000000	-104.881508	100.978188	1.000000
0.000000	79.902733	102.672249	1.000000
0.000000	287.126373	-71.671265	1.000000
0.000000	-100.190712	-83.766327	1.000000
0.000000	-52497.050781	-3183.252197	1.000000
0.000000	11296.819336	1216.085327	1.000000
0.000000	-129.372208	0.695143	1.000000
0.000000	-108.197716	1904.671143	1.000000
0.000000	-7863.515137	-92964.546875	1.000000
0.000000	-451.580658	1263.818604	1.000000
0.000000	80.546631	156.941574	1.000000
0.072476	142.445847	-20.269522	1.000000
0.000000	48.890648	146.780914	1.000000
0.000000	-42745.925781	-77841.445312	1.000000
0.000000	453.795074	-968.828857	1.000000
0.000000	-116.129555	158.565002	1.000000
0.000000	0.035953	-365.301605	1.000000
0.000000	-441.303223	517.899292	1.000000
0.000000	256.826508	204.779572	1.000000
0.000000	170.110687	810.767212	1.000000
0.000000	-88.911697	-12.101602	1.000000
0.000000	84.130264	399.430145	1.000000
0.000000	-10801.571289	569.252380	1.000000
0.000000	28171368.000000	16549397.000000	1.000000
0.000000	172.448990	-489.734650	1.000000
0.000000	-32852.359375	266896.250000	1.000000
0.000000	-30.968588	10.300386	1.000000
0.000000	1317.320557	2784.329102	1.000000
0.000000	4737.225098	10632.633789	1.000000
0.000000	-48727.992188	-126250.796875	1.000000
0.000000	230.457520	-419.159027	1.000000
0.000000	1929694.125000	165104.671875	1.000000
0.000000	-180299.140625	-177937.812500	1.000000
0.000000	-70053.554688	13851.450195	1.000000
0.000000	145.969299	37.975891	1.000000
0.000000	-131047.406250	14769.675781	1.000000
0.000000	-892.346863	143.665955	1.000000
0.000000	-1200.423706	1157.814331	1.000000
0.000000	-1134.511475	974.442383	1.000000
0.000000	49212.800781	57366.843750	1.000000
0.000000	84033.460938	3803.593018	1.000000
0.000000	865.383972	-464.058105	1.000000
0.000000	-174.879333	-181.485764	1.000000
0.000000	-1589278.625000	-1200867.375000	1.000000
0.656670	-75.306557	87.541992	1.000000
0.000000	2590553.750000	19183.394531	1.000000
0.672320	66.658508	6.036591	1.000000
0.000000	-10329.425781	13027.255859	1.000000
0.000000	1826645.375000	135515.046875	1.000000
0.000000	-1588.252319	590.137451	1.000000
0.672320	70.449623	4.030928	1.000000
0.000000	179.975357	80.033325	1.000000
0.000000	612.744812	1085.503784	1.000000
0.000000	-10477.647461	7266.661621	1.000000
0.000000	-170.458267	119.964355	1.000000
0.000000	27325.873047	25687.902344	1.000000
0.000000	-76.574188	153.082809	1.000000
0.000000	263.709076	291.881073	1.000000
0.000000	155.644958	-9102.486328	1.000000
0.000000	-5395.530762	9769.365234	1.000000
0.000000	459023.406250	25736.703125	1.000000
0.000000	-821.666687	1028.233887	1.000000
0.000000	2010.459717	-5383.620605	1.000000
0.000000	3483.032715	-1882.500732	1.000000
0.000000	27.305466	-101.355499	1.000000
0.000000	46.652325	72.216789	1.000000
0.000000	1055.510010	-552.445312	1.000000
0.000000	1183.842896	11937.182617	1.000000
0.000000	18243.511719	-23744.861328	1.000000
0.000000	112.532059	-1.592787	1.000000
0.144482	-22.572031	-3.752039	1.000000
0.000000	1319.840088	1058.782959	1.000000
0.000000	202.642044	-40.334270	1.000000
0.000000	72.294632	-32.899124	1.000000
0.000000	-1634.657715	68.917809	1.000000
0.000000	75117.453125	-7431.064453	1.000000
0.000000	25.995575	200.926727	1.000000
0.000000	-419.529419	-720.712036	1.000000
0.000000	1191.963623	-9809.167969	1.000000
0.000000	140.047150	126.360046	1.000000
0.000000	76.908546	83.045509	1.000000
0.000000	-3959.272705	-4792.355957	1.000000
0.000000	305.486420	198.077499	1.000000
0.000000	-1859.247192	-2842.474854	1.000000
0.714891	-78.414619	84.491371	1.000000
0.000000	22210.656250	38876.718750	1.000000
0.072476	139.770203	-23.721334	1.000000
0.000000	672.498840	-553.455627	1.000000
0.000000	1068.975342	593.426208	1.000000
0.000000	-310.921539	421.638428	1.000000
0.000000	7.329628	-149.978790	1.000000
0.000000	9475.944336	5027.160645	1.000000
0.000000	-92778.437500	-330081.156250	1.000000
0.000000	7773.142090	16940.828125	1.000000
0.000000	72.690002	-22.690741	1.000000
0.000000	3329.362549	-1114.817993	1.000000
0.000000	-423480.500000	-81782.468750	1.000000
0.000000	-44105600.000000	-10494824.000000	1.000000
0.000000	5927.272461	-4774.398926	1.000000
0.000000	-207.021881	-41.722565	1.000000
0.000000	838.680908	-1797.805542	1.000000
0.000000	6020.270508	489.496826	1.000000
0.000000	-62.593349	-19.947643	1.000000
0.000000	-269.592102	1027.092651	1.000000
0.000000	-18813.376953	281.535645	1.000000
0.000000	-413.867981	-151.034622	1.000000
0.000000	269.771057	-135.772888	1.000000
0.000000	14348.365234	-11122.854492	1.000000
