0.000000	31460.589844	455847.812500	1.000000
0.000000	215018.406250	175310.484375	1.000000
0.000000	1196.529297	-12845.364258	1.000000
0.000000	-453.389587	647.696350	1.000000
0.000000	16883.302734	27324.710938	1.000000
0.000000	-13627.622070	739.293030	1.000000
0.000000	-621.898254	-2484.700928	1.000000
0.000000	-595359.937500	1523932.125000	1.000000
0.000000	3608.589111	-2143.891602	1.000000
0.000000	9292453.000000	3386659.750000	1.000000
0.000000	78697400.000000	19959642.000000	1.000000
0.000000	-343.658142	-203.501648	1.000000
0.000000	-328.485168	158.900452	1.000000
0.000000	89.963997	-314.431488	1.000000
0.000000	-73337376.000000	-31090268.000000	1.000000
0.000000	796.670105	-4484.185059	1.000000
0.000000	391.223633	-477.645813	1.000000
0.000000	-6207.029785	7866.708984	1.000000
0.000000	-987.150085	145.911133	1.000000
0.000000	-327.744415	353.744110	1.000000
0.000000	937.053040	8078.698242	1.000000
0.000000	10309.824219	85071.242188	1.000000
0.000000	-61.398922	891.956665	1.000000
0.000000	283.969330	46.017990	1.000000
0.000000	-207073.765625	-53386.152344	1.000000
0.000000	485.773956	-53.325150	1.000000
0.000000	10386.383789	35304.542969	1.000000
0.000000	-3998.460205	11566.177734	1.000000
0.000000	471.726379	-215.077789	1.000000
0.000000	-61396.718750	-273296.843750	1.000000
0.000000	5130.066406	-8845.720703	1.000000
0.000000	4949.445312	924.281372	1.000000
0.000000	-331.001831	490.160492	1.000000
0.000000	-589.804749	-158.195633	1.000000
0.000000	-296.561859	-78.079239	1.000000
0.000000	4928.036133	2811.035889	1.000000
0.000000	-57.274223	-93.847954	1.000000
0.000000	-5794.780762	-1551.132446	1.000000
0.000000	-246256.234375	-73800.312500	1.000000
0.000000	-46680.027344	-6204.279785	1.000000
0.000000	521.927063	135.445602	1.000000
0.000000	581.056824	-45.380100	1.000000
0.000000	-2.488640	309.454712	1.000000
0.000000	-112.640450	-200.067520	1.000000
0.000000	56.665684	305.990204	1.000000
0.000000	-587.459412	-206.692398	1.000000
0.000000	-4022.440430	3313.603516	1.000000
0.000000	-867.522827	488.450043	1.000000
0.000000	-127.867722	-326.686523	1.000000
0.000000	-324.260986	-95.773903	1.000000
0.000000	7110.917480	6272.225586	1.000000
0.000000	-906.788147	1635.299683	1.000000
0.000000	-12.623105	1290.720947	1.000000
0.000000	-3436.992432	-11592.633789	1.000000
0.000000	364.776367	-18.108494	1.000000
0.000000	-14.850958	-334.863159	1.000000
0.000000	198.789383	115.407288	1.000000
0.000000	29405522.000000	-21550876.000000	1.000000
0.000000	-609.560364	1702.400513	1.000000
0.000000	453.161285	571.914490	1.000000
0.000000	1677.797241	26183.751953	1.000000
0.000000	3289.638184	-1712.336182	1.000000
0.000000	-125.722954	-310.026978	1.000000
0.000000	197.355560	-418.320282	1.000000
0.000000	5344.737793	-2953.136719	1.000000
0.000000	401138.125000	-1051564.750000	1.000000
0.000000	40149.585938	142510.187500	1.000000
0.000000	899154304.000000	-490293056.000000	1.000000
0.000000	5074.278320	-14922.066406	1.000000
0.000000	-11819835.000000	-661225.062500	1.000000
0.000000	10645.260742	-15059.641602	1.000000
0.000000	-38.900173	-421.699493	1.000000
0.000000	-319.210266	-810.361145	1.000000
0.000000	-440.477295	920.020752	1.000000
0.000000	424253.312500	2475.083252	1.000000
0.000000	-9405.673828	10624.723633	1.000000
0.000000	-234.907837	524.294861	1.000000
0.000000	27.136623	-346.955780	1.000000
0.000000	3427.870605	-13348.069336	1.000000
0.000000	-935690816.000000	516809408.000000	1.000000
0.000000	1333545.500000	80300.828125	1.000000
0.000000	370813.062500	-121741.531250	1.000000
0.000000	282393.875000	227414.562500	1.000000
0.000000	24847.951172	-23108.933594	1.000000
0.000000	2203343.750000	933588.812500	1.000000
0.000000	-183.004929	269.751099	1.000000
0.000000	30.875122	-46.629398	1.000000
0.000000	-3130.126221	-323.170166	1.000000
0.000000	-1677.858521	1776.982788	1.000000
0.000000	125.539131	330.244141	1.000000
0.000000	-2.961077	-102.738228	1.000000
0.000000	-1268.427856	1085.248413	1.000000
0.000000	960.940491	-217.610138	1.000000
0.000000	247.101395	-128.124130	1.000000
0.000000	-4355021.000000	2416277.250000	1.000000
0.000000	1155.105713	640.877991	1.000000
0.000000	-178.186417	-88064.859375	1.000000
0.000000	1711789.125000	-2028472.500000	1.000000
0.000000	822.693604	-1456.699707	1.000000
0.000000	-217.203979	-5333.862793	1.000000
0.000000	691415.187500	-227490.812500	1.000000
0.000000	12310197.000000	-6573529.500000	1.000000
0.000000	-21958.115234	-21561.593750	1.000000
0.000000	170725.796875	-24558.648438	1.000000
0.000000	1.551732	233.372055	1.000000
0.000000	340.868134	-49.219612	1.000000
0.000000	569.697815	-1801.908447	1.000000
0.000000	-183.713867	-281.720734	1.000000
0.000000	125.812836	-317.096649	1.000000
0.000000	-897.706909	1119.630981	1.000000
0.000000	-260.942078	-3099.782471	1.000000
0.000000	-53919.703125	119833.890625	1.000000
0.000000	107.250656	295.139221	1.000000
0.000000	-401.082062	39.338078	1.000000
0.000000	-83.888168	-1062.966187	1.000000
0.000000	-64570.378906	15513.089844	1.000000
0.000000	2449.350830	832.471741	1.000000
0.000000	55821.660156	149614.296875	1.000000
0.000000	-13280.493164	6587.416992	1.000000
0.000000	-41818.988281	-29756.621094	1.000000
0.000000	-8416.102539	13839.029297	1.000000
0.000000	350.068359	361.806152	1.000000
0.000000	-345.093018	202.233566	1.000000
0.000000	1587.640869	3146.126709	1.000000
0.000000	675.766846	-426.690704	1.000000
0.000000	1894.484863	86.128380	1.000000
0.000000	575.256592	-580.292908	1.000000
0.000000	13981.378906	-14282.335938	1.000000
0.000000	-338.056824	-158.058670	1.000000
0.000000	-1183.189697	1483.289429	1.000000
0.000000	262.021332	286.329742	1.000000
0.000000	-13297.827148	-2992.393311	1.000000
0.000000	-28690.316406	-61545.812500	1.000000
0.000000	1722.055420	8088.991211	1.000000
0.000000	-2504.729980	1814.550293	1.000000
0.000000	130.568817	-166.291153	1.000000
0.000000	44.109009	181.691010	1.000000
0.000000	-3797.755127	-16003.766602	1.000000
0.000000	801.272400	-17.007460	1.000000
0.000000	-8818.167969	12935.417969	1.000000
0.000000	-884.868652	-3212.452637	1.000000
0.000000	938.559265	606.620789	1.000000
0.000000	321.789398	-261.314392	1.000000
0.000000	-5612.201660	-20505.708984	1.000000
0.000000	3.728564	-357.241730	1.000000
0.000000	22505.332031	-24631.236328	1.000000
0.000000	-322.767120	-200.942612	1.000000
0.000000	-3300464.250000	1376390.750000	1.000000
0.000000	-18001.154297	-1291.692505	1.000000
0.000000	-71.861076	607.649902	1.000000
0.000000	169.443573	-374.547516	1.000000
0.000000	6695.128418	2672.701172	1.000000
0.000000	-26103.662109	-23354.832031	1.000000
0.000000	-586712.625000	317482.343750	1.000000
0.000000	-108536.234375	249055.578125	1.000000
0.000000	37993.070312	-56191.003906	1.000000
0.000000	620.764893	-1745.899536	1.000000
0.000000	136.611465	195.924484	1.000000
0.000000	-227.353058	-393.933777	1.000000
0.000000	-396.272583	710.819702	1.000000
0.000000	4112436.000000	2116301.500000	1.000000
0.000000	198.905899	217.136795	1.000000
0.000000	-45287.816406	75989.968750	1.000000
0.000000	732.961731	1706.833984	1.000000
0.000000	4861.902832	12555.940430	1.000000
0.000000	616.193787	1576.820312	1.000000
0.000000	-44120.019531	2389.242920	1.000000
0.000000	245697.203125	-842228.687500	1.000000
0.000000	-254.002045	-154.557480	1.000000
0.000000	475.345551	-127.757408	1.000000
0.000000	-32969.558594	-140035.140625	1.000000
0.000000	-14347.559570	-13535.937500	1.000000
0.000000	-412.649902	-83.731606	1.000000
0.000000	-323636.406250	730136.875000	1.000000
0.000000	-31335.628906	-19655.820312	1.000000
0.000000	-451.310883	-1091.515747	1.000000
0.000000	155.951584	-385.069489	1.000000
0.000000	-3599.838379	-12784.185547	1.000000
0.000000	100.906204	-347.923248	1.000000
0.000000	3210.317383	2968.952148	1.000000
0.000000	42.931618	161.471207	1.000000
0.000000	799140.812500	-982912.687500	1.000000
0.000000	-410.075531	412.946411	1.000000
0.000000	-3252.015869	-2099.491455	1.000000
0.000000	-33.105938	2926.761963	1.000000
0.000000	-337.238831	319.655548	1.000000
0.000000	19837.443359	10565.921875	1.000000
0.000000	100.358917	581.081970	1.000000
0.000000	-3390.966309	-1921.928833	1.000000
0.000000	65109.246094	112687.101562	1.000000
0.000000	287.748749	231.704315	1.000000
0.000000	484892.843750	100835.078125	1.000000
0.000000	-261.468719	250.495850	1.000000
0.000000	79.881615	319.280396	1.000000
0.000000	324.258026	141.613953	1.000000
0.000000	-316.241455	-97.542038	1.000000
0.000000	-52412.480469	-2986.626221	1.000000
0.000000	11410.989258	1400.025757	1.000000
0.000000	-71.594948	-208.953857	1.000000
0.000000	18.225079	1728.659180	1.000000
0.000000	-7874.086426	-93167.515625	1.000000
0.000000	-581.281616	1090.449463	1.000000
0.000000	-59.153625	318.442749	1.000000
0.000000	351.151886	-83.072548	1.000000
0.000000	57.422619	363.995056	1.000000
0.000000	-42915.066406	-77706.132812	1.000000
0.000000	284.522308	-1104.033447	1.000000
0.000000	-3.444503	343.430420	1.000000
0.000000	-96.845741	-171.714874	1.000000
0.000000	-461.124390	733.553589	1.000000
0.000000	408.128082	49.911690	1.000000
0.000000	221.579651	1021.135864	1.000000
0.000000	-190.210602	179.237411	1.000000
0.000000	258.499725	527.722961	1.000000
0.000000	-11017.225586	553.395447	1.000000
0.000000	28171368.000000	16549397.000000	1.000000
0.000000	318.427094	-649.625366	1.000000
0.000000	-32767.789062	266760.937500	1.000000
0.000000	-247.403442	4.800013	1.000000
0.000000	1497.561035	2664.873535	1.000000
0.000000	4525.799316	10683.375977	1.000000
0.000000	-48508.109375	-126250.796875	1.000000
0.000000	40.374584	-522.757690	1.000000
0.000000	1929694.125000	165239.984375	1.000000
0.000000	-180096.171875	-177937.812500	1.000000
0.000000	-70222.695312	13728.823242	1.000000
0.000000	274.020111	-131.406494	1.000000
0.000000	-131115.062500	14976.873047	1.000000
0.000000	-1085.453003	241.582520	1.000000
0.000000	-1336.264771	989.256836	1.000000
0.000000	-1190.539307	1183.691284	1.000000
0.000000	49263.542969	57569.812500	1.000000
0.000000	83864.320312	3673.566162	1.000000
0.000000	1071.727173	-398.251831	1.000000
0.000000	-367.304657	-280.674103	1.000000
0.000000	-1589278.625000	-1200867.375000	1.000000
0.000000	-283.970215	146.874222	1.000000
0.000000	2590553.750000	19377.906250	1.000000
0.000000	140.046814	-195.686203	1.000000
0.000000	-10456.281250	13204.853516	1.000000
0.000000	1826645.375000	135379.734375	1.000000
0.000000	-1563.409790	805.263184	1.000000
0.000000	280.652130	52.182152	1.000000
0.000000	358.292480	-35.388412	1.000000
0.000000	439.904236	955.088196	1.000000
0.000000	-10625.645508	7425.230957	1.000000
0.000000	-382.676880	162.837952	1.000000
0.000000	27334.330078	25907.785156	1.000000
0.000000	81.463905	301.080841	1.000000
0.000000	273.487518	508.196075	1.000000
0.000000	-54.968479	-9051.744141	1.000000
0.000000	-5611.185059	9773.593750	1.000000
0.000000	459158.718750	25576.019531	1.000000
0.000000	-1024.635498	1103.290039	1.000000
0.000000	2184.771973	-5254.650879	1.000000
0.000000	3487.261230	-2099.212158	1.000000
0.000000	145.727203	79.884964	1.000000
0.000000	231.796539	184.421021	1.000000
0.000000	962.307861	-747.749878	1.000000
0.000000	1208.685425	11721.528320	1.000000
0.000000	18032.085938	-23787.146484	1.000000
0.000000	328.450653	-17.330475	1.000000
0.000000	-12.826560	-217.227875	1.000000
0.000000	1140.128174	1179.295654	1.000000
0.000000	419.089172	-45.867680	1.000000
0.000000	108.077705	179.157669	1.000000
0.000000	-1428.517578	134.951843	1.000000
0.000000	75320.421875	-7407.807617	1.000000
0.000000	83.641273	409.594971	1.000000
0.000000	-203.066116	-720.712036	1.000000
0.000000	1178.220947	-9593.513672	1.000000
0.000000	270.940460	298.804199	1.000000
0.000000	242.029083	223.049026	1.000000
0.000000	-3859.902588	-4599.958496	1.000000
0.000000	519.026489	233.359177	1.000000
0.000000	-2033.144897	-2971.444580	1.000000
0.000000	8.074161	276.455017	1.000000
0.000000	22244.484375	39096.601562	1.000000
0.000000	354.479095	-23.883738	1.000000
0.000000	888.945984	-549.755676	1.000000
0.000000	1256.087158	702.310486	1.000000
0.000000	-319.907135	637.876465	1.000000
0.000000	143.896225	-317.971832	1.000000
0.000000	9585.885742	4841.105957	1.000000
0.000000	-92676.953125	-330216.468750	1.000000
0.000000	7988.796387	16949.285156	1.000000
0.000000	212.966553	-187.725235	1.000000
0.000000	3400.190186	-910.116577	1.000000
0.000000	-423345.187500	-81951.609375	1.000000
0.000000	-44105600.000000	-10494824.000000	1.000000
0.000000	6024.528320	-4582.001465	1.000000
0.000000	-289.173431	158.538971	1.000000
0.000000	1028.435547	-1693.678345	1.000000
0.000000	5851.129883	354.977173	1.000000
0.000000	-263.579956	-100.446815	1.000000
0.000000	-485.774963	1016.521362	1.000000
0.000000	-18779.548828	67.780197	1.000000
0.000000	-630.315125	-157.047043	1.000000
0.000000	298.867828	-348.914520	1.000000
0.000000	14547.105469	-11038.284180	1.000000
