0.000000	31387.542969	455916.562500	1.000000
0.000000	215052.781250	175413.609375	1.000000
0.000000	1212.911133	-12954.934570	1.000000
0.000000	-343.416443	646.085022	1.000000
0.000000	16874.708984	27212.992188	1.000000
0.000000	-13520.200195	714.451721	1.000000
0.000000	-523.204407	-2533.040771	1.000000
0.000000	-595497.437500	1523932.125000	1.000000
0.000000	3664.985596	-2049.360352	1.000000
0.000000	9292453.000000	3386659.750000	1.000000
0.000000	78697400.000000	19959642.000000	1.000000
0.000000	-449.804382	-232.304138	1.000000
0.000000	-380.584778	255.781555	1.000000
0.000000	85.918892	-424.337494	1.000000
0.000000	-73337376.000000	-31090268.000000	1.000000
0.000000	892.409851	-4430.474121	1.000000
0.000000	417.004883	-584.552124	1.000000
0.000000	-6263.963379	7961.240234	1.000000
0.000000	-986.881531	35.906563	1.000000
0.000000	-365.476349	457.070526	1.000000
0.000000	960.685852	8186.120117	1.000000
0.000000	10408.652344	85122.804688	1.000000
0.000000	-82.681877	999.915649	1.000000
0.000000	364.938568	-28.435572	1.000000
0.000000	-207005.015625	-53463.496094	1.000000
0.000000	595.462463	-44.714615	1.000000
0.000000	10384.235352	35192.824219	1.000000
0.000000	-4106.367188	11544.693359	1.000000
0.000000	567.868958	-268.520172	1.000000
0.000000	-61285.000000	-273296.843750	1.000000
0.000000	5064.539062	-8757.634766	1.000000
0.000000	5055.792969	951.405396	1.000000
0.000000	-432.448364	532.726379	1.000000
0.000000	-670.236877	-83.235306	1.000000
0.000000	-382.499359	-146.694962	1.000000
0.000000	5027.938477	2856.690186	1.000000
0.000000	-159.571594	-134.279617	1.000000
0.000000	-5879.644043	-1620.688110	1.000000
0.000000	-246221.859375	-73903.437500	1.000000
0.000000	-46594.089844	-6270.881348	1.000000
0.000000	606.790344	205.471237	1.000000
0.000000	644.570007	-135.158203	1.000000
0.000000	-3.476313	419.427856	1.000000
0.000000	-162.193985	-298.272278	1.000000
0.000000	70.340683	415.157684	1.000000
0.000000	-628.951111	-104.809464	1.000000
0.000000	-3932.206055	3250.761719	1.000000
0.000000	-929.961792	579.069763	1.000000
0.000000	-152.071213	-433.974121	1.000000
0.000000	-431.884277	-118.399635	1.000000
0.000000	7220.487793	6260.409180	1.000000
0.000000	-966.810120	1543.185425	1.000000
0.000000	-75.144806	1200.218018	1.000000
0.000000	-3500.908447	-11502.399414	1.000000
0.000000	466.357178	24.075876	1.000000
0.000000	-12.131842	-444.836304	1.000000
0.000000	308.712860	111.597168	1.000000
0.000000	29405522.000000	-21550876.000000	1.000000
0.000000	-698.183411	1767.390747	1.000000
0.000000	380.718658	654.763611	1.000000
0.000000	1621.132202	26089.220703	1.000000
0.000000	3331.532715	-1814.118408	1.000000
0.000000	-183.596497	-403.551147	1.000000
0.000000	256.706146	-510.904510	1.000000
0.000000	5277.062012	-3039.611328	1.000000
0.000000	401206.875000	-1051564.750000	1.000000
0.000000	40055.054688	142441.437500	1.000000
0.000000	899154304.000000	-490293056.000000	1.000000
0.000000	5003.379883	-15005.855469	1.000000
0.000000	-11819835.000000	-661087.562500	1.000000
0.000000	10701.120117	-14965.110352	1.000000
0.000000	-71.395294	-526.780945	1.000000
0.000000	-402.260803	-882.468079	1.000000
0.000000	-330.571289	916.260986	1.000000
0.000000	424115.812500	2447.690674	1.000000
0.000000	-9513.095703	10598.942383	1.000000
0.000000	-341.664948	497.842224	1.000000
0.000000	17.502224	-456.526093	1.000000
0.000000	3438.612793	-13457.639648	1.000000
0.000000	-935690816.000000	516809408.000000	1.000000
0.000000	1333545.500000	80403.953125	1.000000
0.000000	370950.562500	-121758.718750	1.000000
0.000000	282256.375000	227448.937500	1.000000
0.000000	24749.123047	-23057.371094	1.000000
0.000000	2203343.750000	933451.312500	1.000000
0.000000	-240.945602	363.275269	1.000000
0.000000	-76.477776	-70.614693	1.000000
0.000000	-3061.376221	-237.240005	1.000000
0.000000	-1690.749146	1886.284546	1.000000
0.000000	176.262390	427.863770	1.000000
0.000000	-31.222261	-209.052307	1.000000
0.000000	-1374.506958	1056.244507	1.000000
0.000000	1053.860352	-276.512634	1.000000
0.000000	271.552063	-20.873478	1.000000
0.000000	-4355021.000000	2416277.250000	1.000000
0.000000	1250.174072	696.065979	1.000000
0.000000	-285.833984	-88082.046875	1.000000
0.000000	1711789.125000	-2028472.500000	1.000000
0.000000	843.238037	-1348.740723	1.000000
0.000000	-126.767960	-5396.167480	1.000000
0.000000	691415.187500	-227593.937500	1.000000
0.000000	12310197.000000	-6573529.500000	1.000000
0.000000	-21983.896484	-21669.015625	1.000000
0.000000	170828.921875	-24623.101562	1.000000
0.000000	-45.786640	332.670135	1.000000
0.000000	446.141571	-81.207314	1.000000
0.000000	463.215881	-1829.301025	1.000000
0.000000	-256.089355	-364.569855	1.000000
0.000000	165.860138	-419.550262	1.000000
0.000000	-929.262085	1224.904419	1.000000
0.000000	-367.558289	-3072.927002	1.000000
0.000000	-54031.421875	119833.890625	1.000000
0.000000	146.132904	398.062805	1.000000
0.000000	-507.496857	67.200630	1.000000
0.000000	21.899263	-1032.888062	1.000000
0.000000	-64475.847656	15452.933594	1.000000
0.000000	2482.114502	937.476624	1.000000
0.000000	55907.597656	149683.046875	1.000000
0.000000	-13385.766602	6553.041992	1.000000
0.000000	-41904.925781	-29692.167969	1.000000
0.000000	-8325.868164	13901.333984	1.000000
0.000000	449.433594	408.937500	1.000000
0.000000	-426.129395	276.647461	1.000000
0.000000	1666.864502	3069.857178	1.000000
0.000000	781.980225	-455.358917	1.000000
0.000000	1823.854980	1.819346	1.000000
0.000000	596.740967	-688.117615	1.000000
0.000000	13957.746094	-14389.757812	1.000000
0.000000	-431.849548	-215.495804	1.000000
0.000000	-1224.815674	1381.507202	1.000000
0.000000	340.640717	363.270660	1.000000
0.000000	-13190.405273	-3016.563232	1.000000
0.000000	-28759.066406	-61631.750000	1.000000
0.000000	1782.211670	8181.374023	1.000000
0.000000	-2437.591309	1727.538574	1.000000
0.000000	231.209686	-210.669815	1.000000
0.000000	-28.649031	99.183449	1.000000
0.000000	-3727.930908	-15917.829102	1.000000
0.000000	906.948669	13.689094	1.000000
0.000000	-8927.738281	12944.011719	1.000000
0.000000	-851.702148	-3317.188965	1.000000
0.000000	926.608582	715.922546	1.000000
0.000000	429.278412	-284.678650	1.000000
0.000000	-5503.705566	-20488.521484	1.000000
0.000000	9.515078	-467.080597	1.000000
0.000000	22475.253906	-24738.658203	1.000000
0.000000	-396.955353	-282.180420	1.000000
0.000000	-3300464.250000	1376390.750000	1.000000
0.000000	-18039.826172	-1394.280396	1.000000
0.000000	-118.119621	707.417969	1.000000
0.000000	206.101288	-478.276764	1.000000
0.000000	6730.577637	2568.501953	1.000000
0.000000	-26000.537109	-23320.457031	1.000000
0.000000	-586712.625000	317551.093750	1.000000
0.000000	-108536.234375	248952.453125	1.000000
0.000000	37881.351562	-56191.003906	1.000000
0.000000	691.931885	-1829.688599	1.000000
0.000000	189.449600	292.402740	1.000000
0.000000	-252.496490	-286.847595	1.000000
0.000000	-426.283569	816.630249	1.000000
0.000000	4112436.000000	2116301.500000	1.000000
0.000000	306.730621	238.856155	1.000000
0.000000	-45330.785156	76093.093750	1.000000
0.000000	832.192688	1754.368164	1.000000
0.000000	4968.250488	12528.010742	1.000000
0.000000	605.317322	1467.250000	1.000000
0.000000	-44197.363281	2469.809326	1.000000
0.000000	245594.078125	-842228.687500	1.000000
0.000000	-353.501556	-201.420273	1.000000
0.000000	585.050110	-119.281151	1.000000
0.000000	-32926.589844	-140138.265625	1.000000
0.000000	-14384.083008	-13432.812500	1.000000
0.000000	-522.488770	-89.304115	1.000000
0.000000	-323773.906250	730136.875000	1.000000
0.000000	-31241.097656	-19599.960938	1.000000
0.000000	-550.769409	-1138.512817	1.000000
0.000000	185.660446	-490.947174	1.000000
0.000000	-3494.564941	-12816.412109	1.000000
0.000000	132.715637	-453.196686	1.000000
0.000000	3243.081055	2864.215820	1.000000
0.000000	94.994263	64.567528	1.000000
0.000000	799003.312500	-982912.687500	1.000000
0.000000	-518.571594	431.275269	1.000000
0.000000	-3146.742432	-2130.643799	1.000000
0.000000	-56.218426	3034.183838	1.000000
0.000000	-414.851135	397.603546	1.000000
0.000000	19781.583984	10660.453125	1.000000
0.000000	208.783600	562.551697	1.000000
0.000000	-3495.702637	-1956.303833	1.000000
0.000000	65143.621094	112790.226562	1.000000
0.000000	368.852264	306.015839	1.000000
0.000000	484892.843750	100938.203125	1.000000
0.000000	-341.028046	326.432129	1.000000
0.000000	78.488487	429.253540	1.000000
0.000000	343.123993	249.975769	1.000000
0.000000	-426.013184	-104.541245	1.000000
0.000000	-52369.511719	-2886.723877	1.000000
0.000000	11468.997070	1493.482788	1.000000
0.000000	-41.701454	-314.816620	1.000000
0.000000	82.459099	1639.230469	1.000000
0.000000	-7879.457520	-93270.640625	1.000000
0.000000	-647.211792	1002.363525	1.000000
0.000000	-131.830673	401.023315	1.000000
0.000000	456.291046	-115.416603	1.000000
0.000000	63.448315	473.833923	1.000000
0.000000	-43001.003906	-77637.382812	1.000000
0.000000	198.540115	-1172.783447	1.000000
0.000000	53.810074	437.357422	1.000000
0.000000	-146.069016	-73.347389	1.000000
0.000000	-471.195190	843.123901	1.000000
0.000000	485.001862	-28.767294	1.000000
0.000000	247.730164	1128.020630	1.000000
0.000000	-241.672394	276.454193	1.000000
0.000000	347.122772	592.847473	1.000000
0.000000	-11126.795898	545.338806	1.000000
0.000000	28171368.000000	16549397.000000	1.000000
0.000000	392.615326	-730.863159	1.000000
0.000000	-32724.820312	266692.187500	1.000000
0.000000	-357.376587	2.004991	1.000000
0.000000	1589.138184	2604.180176	1.000000
0.000000	4418.377441	10709.157227	1.000000
0.000000	-48396.390625	-126250.796875	1.000000
0.000000	-56.196568	-575.394409	1.000000
0.000000	1929694.125000	165308.734375	1.000000
0.000000	-179993.046875	-177937.812500	1.000000
0.000000	-70308.632812	13666.518555	1.000000
0.000000	340.151703	-219.291016	1.000000
0.000000	-131149.437500	15082.146484	1.000000
0.000000	-1183.475464	291.332275	1.000000
0.000000	-1405.283325	903.722168	1.000000
0.000000	-1219.006104	1290.038940	1.000000
0.000000	49289.324219	57672.937500	1.000000
0.000000	83778.382812	3607.501709	1.000000
0.000000	1176.463501	-364.816772	1.000000
0.000000	-465.058563	-331.095245	1.000000
0.000000	-1589278.625000	-1200867.375000	1.000000
0.000000	-390.116455	175.777420	1.000000
0.000000	2590553.750000	19476.734375	1.000000
0.000000	178.248718	-298.830841	1.000000
0.000000	-10520.734375	13295.087891	1.000000
0.000000	1826645.375000	135310.984375	1.000000
0.000000	-1550.787720	914.564941	1.000000
0.000000	387.872589	76.725380	1.000000
0.000000	449.802490	-96.451035	1.000000
0.000000	352.086853	888.889465	1.000000
0.000000	-10700.840820	7505.797363	1.000000
0.000000	-490.501587	184.624451	1.000000
0.000000	27338.626953	26019.503906	1.000000
0.000000	161.761749	376.276154	1.000000
0.000000	278.455780	618.037292	1.000000
0.000000	-161.976776	-9025.962891	1.000000
0.000000	-5720.755371	9775.742188	1.000000
0.000000	459227.468750	25494.378906	1.000000
0.000000	-1127.760498	1141.424805	1.000000
0.000000	2273.395020	-5189.123535	1.000000
0.000000	3489.409668	-2209.319580	1.000000
0.000000	205.883453	171.965652	1.000000
0.000000	325.857819	241.421753	1.000000
0.000000	914.907959	-846.980835	1.000000
0.000000	1221.307495	11611.958008	1.000000
0.000000	17924.664062	-23808.630859	1.000000
0.000000	438.155243	-25.328369	1.000000
0.000000	-6.664716	-327.066742	1.000000
0.000000	1048.819580	1240.526123	1.000000
0.000000	529.062317	-48.679111	1.000000
0.000000	125.718391	287.720917	1.000000
0.000000	-1323.781250	168.487610	1.000000
0.000000	75423.546875	-7395.991211	1.000000
0.000000	112.930519	515.609192	1.000000
0.000000	-93.059402	-720.712036	1.000000
0.000000	1171.238525	-9483.943359	1.000000
0.000000	337.474884	386.420166	1.000000
0.000000	325.946838	294.200470	1.000000
0.000000	-3809.414307	-4502.204590	1.000000
0.000000	627.522583	251.285202	1.000000
0.000000	-2121.275879	-3036.971924	1.000000
0.000000	54.433773	376.223083	1.000000
0.000000	22261.671875	39208.320312	1.000000
0.000000	464.452240	-23.522867	1.000000
0.000000	998.919128	-547.875793	1.000000
0.000000	1351.155518	757.632751	1.000000
0.000000	-324.472565	747.715332	1.000000
0.000000	213.284042	-403.305084	1.000000
0.000000	9641.745117	4746.574707	1.000000
0.000000	-92625.390625	-330285.218750	1.000000
0.000000	8098.366699	16953.582031	1.000000
0.000000	283.932129	-271.782837	1.000000
0.000000	3436.176514	-806.051636	1.000000
0.000000	-423276.437500	-82037.546875	1.000000
0.000000	-44105600.000000	-10494824.000000	1.000000
0.000000	6073.942383	-4484.247559	1.000000
0.000000	-330.933685	260.321198	1.000000
0.000000	1124.846680	-1640.773071	1.000000
0.000000	5765.192383	286.630005	1.000000
0.000000	-365.697876	-141.345566	1.000000
0.000000	-595.613831	1011.150269	1.000000
0.000000	-18762.361328	-40.825752	1.000000
0.000000	-740.288269	-160.101852	1.000000
0.000000	311.422760	-458.216278	1.000000
0.000000	14648.082031	-10995.315430	1.000000
