0.000000	31617.308594	455700.312500	1.000000
0.000000	214944.656250	175089.234375	1.000000
0.000000	1161.382812	-12610.286133	1.000000
0.000000	-689.331970	651.153381	1.000000
0.000000	16901.740234	27564.398438	1.000000
0.000000	-13858.090820	792.588928	1.000000
0.000000	-833.641418	-2380.989990	1.000000
0.000000	-595064.937500	1523932.125000	1.000000
0.000000	3487.593018	-2346.704102	1.000000
0.000000	9292453.000000	3386659.750000	1.000000
0.000000	78697400.000000	19959642.000000	1.000000
0.000000	-115.924294	-141.707214	1.000000
0.000000	-216.733154	-48.974976	1.000000
0.000000	98.642586	-78.586502	1.000000
0.000000	-73337376.000000	-31090268.000000	1.000000
0.000000	591.264832	-4599.419434	1.000000
0.000000	335.911133	-248.187820	1.000000
0.000000	-6084.881348	7663.896484	1.000000
0.000000	-987.726257	381.887115	1.000000
0.000000	-246.784073	132.061996	1.000000
0.000000	886.349915	7848.229492	1.000000
0.000000	10097.792969	84960.617188	1.000000
0.000000	-15.740506	660.335571	1.000000
0.000000	111.156525	203.202820	1.000000
0.000000	-207221.265625	-53220.214844	1.000000
0.000000	250.550110	-71.798660	1.000000
0.000000	10390.993164	35544.230469	1.000000
0.000000	-3766.839111	11612.271484	1.000000
0.000000	265.456848	-100.419594	1.000000
0.000000	-61636.406250	-273296.843750	1.000000
0.000000	5270.652344	-9034.705078	1.000000
0.000000	4721.281250	866.088013	1.000000
0.000000	-113.355331	398.837250	1.000000
0.000000	-417.162170	-319.047821	1.000000
0.000000	-112.130692	69.147537	1.000000
0.000000	4713.700195	2713.086670	1.000000
0.000000	162.206390	-7.116791	1.000000
0.000000	-5612.710449	-1401.903931	1.000000
0.000000	-246329.984375	-73579.062500	1.000000
0.000000	-46864.402344	-6061.389160	1.000000
0.000000	339.992950	-14.823543	1.000000
0.000000	444.721130	147.228149	1.000000
0.000000	-0.369558	73.464935	1.000000
0.528382	-9.959911	12.073017	1.000000
0.118945	27.421455	72.084854	1.000000
0.000000	-498.440887	-425.221832	1.000000
0.000000	-4216.034180	3448.427734	1.000000
0.000000	-733.562866	294.136078	1.000000
0.000000	-75.940231	-96.500938	1.000000
0.000000	-93.314789	-47.231419	1.000000
0.000000	6875.839355	6297.577148	1.000000
0.000000	-778.013733	1832.926636	1.000000
0.000000	121.514610	1484.890869	1.000000
0.000000	-3299.863525	-11786.227539	1.000000
0.000000	145.049255	-103.850037	1.000000
0.000000	-20.090033	-100.614250	1.000000
0.000000	-37.075207	123.581726	1.000000
0.000000	29405522.000000	-21550876.000000	1.000000
0.000000	-419.423645	1562.966919	1.000000
0.000000	608.494141	394.260956	1.000000
0.000000	1799.369507	26386.564453	1.000000
0.000000	3199.755371	-1493.967041	1.000000
0.000000	-2.145704	-107.636688	1.000000
0.000000	70.021576	-219.671875	1.000000
0.000000	5489.933105	-2767.609375	1.000000
0.000000	400990.625000	-1051564.750000	1.000000
0.000000	40352.398438	142657.687500	1.000000
0.000000	899154304.000000	-490293056.000000	1.000000
0.000000	5226.387695	-14742.300781	1.000000
0.000000	-11819835.000000	-661520.062500	1.000000
0.000000	10525.416992	-15262.454102	1.000000
0.000000	30.817043	-196.253174	1.000000
0.000000	-141.075592	-655.658997	1.000000
0.000000	-676.375977	928.087158	1.000000
0.000000	424548.312500	2533.852783	1.000000
0.000000	-9175.205078	10680.036133	1.000000
0.000000	-5.822130	581.047791	1.000000
0.000000	47.806789	-111.877640	1.000000
0.000000	3404.823730	-13112.991211	1.000000
0.000000	-935690816.000000	516809408.000000	1.000000
0.000000	1333545.500000	80079.578125	1.000000
0.000000	370518.062500	-121704.656250	1.000000
0.000000	282688.875000	227340.812500	1.000000
0.000000	25059.982422	-23219.558594	1.000000
0.000000	2203343.750000	933883.812500	1.000000
0.365309	-61.570496	72.339066	1.000000
0.000000	259.703583	7.328269	1.000000
0.000000	-3277.626221	-507.545166	1.000000
0.000000	-1650.202271	1542.480835	1.000000
0.000000	16.715933	120.806923	1.000000
0.000000	57.668171	125.344330	1.000000
0.000000	-1040.839966	1147.474976	1.000000
0.000000	761.585022	-91.222916	1.000000
0.000000	194.597733	-358.200775	1.000000
0.000000	-4355021.000000	2416277.250000	1.000000
0.000000	951.037964	522.474670	1.000000
0.000000	52.779869	-88027.984375	1.000000
0.000000	1711789.125000	-2028472.500000	1.000000
0.000000	778.616455	-1688.320801	1.000000
0.000000	-411.229858	-5200.190918	1.000000
0.000000	691415.187500	-227269.562500	1.000000
0.000000	12310197.000000	-6573529.500000	1.000000
0.000000	-21902.802734	-21331.125000	1.000000
0.000000	170504.546875	-24420.367188	1.000000
0.000000	103.394379	24.145557	1.000000
0.000000	114.438789	20.527502	1.000000
0.000000	798.149963	-1743.138916	1.000000
0.000000	-28.439474	-103.976601	1.000000
0.000000	39.927216	-97.287064	1.000000
0.000000	-830.006714	893.605530	1.000000
0.000000	-32.133873	-3157.399658	1.000000
0.000000	-53680.015625	119833.890625	1.000000
0.118945	27.979517	77.092499	1.000000
0.000000	-172.734177	-20.484528	1.000000
0.000000	-310.852264	-1127.497437	1.000000
0.000000	-64773.191406	15642.152344	1.000000
0.000000	2379.057861	607.188538	1.000000
0.000000	55637.285156	149466.796875	1.000000
0.000000	-13054.633789	6661.166992	1.000000
0.000000	-41634.613281	-29894.902344	1.000000
0.000000	-8609.696289	13705.357422	1.000000
0.000000	136.884766	260.687988	1.000000
0.000000	-171.268265	42.561943	1.000000
0.000000	1417.670166	3309.759521	1.000000
0.000000	447.890900	-365.184357	1.000000
0.000000	2046.018066	266.987030	1.000000
0.000000	529.162842	-348.858398	1.000000
0.000000	14032.082031	-14051.867188	1.000000
0.000000	-136.828781	-34.806946	1.000000
0.000000	-1093.883057	1701.658569	1.000000
0.000000	93.347015	121.256516	1.000000
0.000000	-13528.295898	-2940.537842	1.000000
0.000000	-28542.816406	-61361.437500	1.000000
0.000000	1592.992920	7890.788086	1.000000
0.000000	-2648.772949	2001.229980	1.000000
0.000000	-85.378540	-71.078758	1.000000
0.000000	195.946671	355.745361	1.000000
0.000000	-3947.559814	-16188.141602	1.000000
0.000000	574.548767	-82.869057	1.000000
0.000000	-8583.089844	12916.980469	1.000000
0.000000	-956.025879	-2987.745605	1.000000
0.000000	964.198914	372.032928	1.000000
0.000000	91.176590	-211.251831	1.000000
0.000000	-5844.975098	-20542.583984	1.000000
0.000000	-8.686129	-121.586441	1.000000
0.000000	22569.863281	-24400.767578	1.000000
0.000000	-163.641464	-26.647026	1.000000
0.000000	-3300464.250000	1376390.750000	1.000000
0.000000	-17918.185547	-1071.594849	1.000000
0.000000	27.401100	393.602051	1.000000
0.000000	90.779076	-152.034790	1.000000
0.000000	6619.073730	2896.255859	1.000000
0.000000	-26324.912109	-23428.582031	1.000000
0.000000	-586712.625000	317334.843750	1.000000
0.000000	-108536.234375	249276.828125	1.000000
0.000000	38232.757812	-56191.003906	1.000000
0.000000	468.079315	-1566.133911	1.000000
0.000000	23.243866	-11.064660	1.000000
0.000000	-173.408966	-623.612305	1.000000
0.000000	-331.885376	483.807953	1.000000
0.000000	4112436.000000	2116301.500000	1.000000
0.000000	-29.713638	170.657730	1.000000
0.000000	-45195.628906	75768.718750	1.000000
0.000000	520.066223	1604.851562	1.000000
0.000000	4633.738770	12615.862305	1.000000
0.000000	639.528748	1811.898438	1.000000
0.000000	-43954.082031	2216.391357	1.000000
0.000000	245918.453125	-842228.687500	1.000000
0.000000	-40.517593	-53.988983	1.000000
0.000000	244.375641	-144.028000	1.000000
0.000000	-33061.746094	-139813.890625	1.000000
0.000000	-14269.200195	-13757.187500	1.000000
0.000000	-176.971451	-71.776039	1.000000
0.000000	-323341.406250	730136.875000	1.000000
0.000000	-31538.441406	-19775.664062	1.000000
0.000000	-237.983231	-990.685669	1.000000
0.000000	92.192352	-157.882614	1.000000
0.000000	-3825.697754	-12715.044922	1.000000
0.000000	32.657578	-122.021164	1.000000
0.000000	3140.024414	3193.659180	1.000000
0.000000	-69.044304	365.548615	1.000000
0.000000	799435.812500	-982912.687500	1.000000
0.000000	-177.326447	373.622681	1.000000
0.000000	-3477.875244	-2032.655640	1.000000
0.000000	16.489515	2696.293213	1.000000
0.000000	-170.725159	152.377060	1.000000
0.000000	19957.287109	10363.109375	1.000000
0.000000	-132.244568	620.837830	1.000000
0.000000	-3166.259277	-1848.178833	1.000000
0.000000	65035.496094	112465.851562	1.000000
0.000000	111.849060	74.745361	1.000000
0.000000	484892.843750	100613.828125	1.000000
0.000000	-90.777809	87.511238	1.000000
0.000000	80.149696	83.174034	1.000000
0.000000	283.781952	-90.880859	1.000000
0.000000	-80.731178	-82.525558	1.000000
0.000000	-52504.667969	-3200.962158	1.000000
0.000000	11286.536133	1199.517944	1.000000
0.000000	-134.674484	19.461105	1.000000
0.000000	-119.584816	1920.524414	1.000000
0.000000	-7862.562988	-92946.265625	1.000000
0.000000	-439.904938	1279.433838	1.000000
0.000000	93.430389	142.302292	1.000000
0.000000	122.927330	-16.240208	1.000000
0.000000	47.822456	127.309479	1.000000
0.000000	-42730.691406	-77853.632812	1.000000
0.000000	469.041351	-956.665161	1.000000
0.000000	-126.278862	141.914307	1.000000
0.000000	8.761639	-382.737823	1.000000
0.000000	-439.517944	498.475464	1.000000
0.000000	243.198898	218.728546	1.000000
0.000000	165.474915	791.819458	1.000000
0.000000	-79.785950	-29.334829	1.000000
0.000000	68.422791	387.873444	1.000000
0.000000	-10782.147461	570.680603	1.000000
0.000000	28171368.000000	16549397.000000	1.000000
0.000000	159.303391	-475.333405	1.000000
0.000000	-32859.976562	266908.437500	1.000000
0.837942	-15.103134	11.434424	1.000000
0.000000	1301.086426	2795.088379	1.000000
0.000000	4756.268066	10628.063477	1.000000
0.000000	-48747.796875	-126250.796875	1.000000
0.000000	247.578339	-409.827972	1.000000
0.000000	1929694.125000	165092.484375	1.000000
0.000000	-180317.421875	-177937.812500	1.000000
0.000000	-70038.320312	13862.495117	1.000000
0.000000	134.245972	53.556908	1.000000
0.000000	-131041.312500	14751.013672	1.000000
0.000000	-874.946350	134.846680	1.000000
0.000000	-1188.188599	1173.001099	1.000000
0.000000	-1129.465088	955.613647	1.000000
0.000000	49208.230469	57348.562500	1.000000
0.000000	84048.695312	3815.304443	1.000000
0.000000	846.793274	-469.985229	1.000000
0.000000	-157.544281	-172.553421	1.000000
0.000000	-1589278.625000	-1200867.375000	1.000000
0.365309	-58.201107	77.232994	1.000000
0.000000	2590553.750000	19165.875000	1.000000
0.000000	59.611916	19.637417	1.000000
0.000000	-10318.000000	13011.259766	1.000000
0.000000	1826645.375000	135527.234375	1.000000
0.000000	-1590.489868	570.761230	1.000000
0.000000	51.713848	4.364131	1.000000
0.000000	163.753128	90.858063	1.000000
0.000000	628.312439	1097.262817	1.000000
0.000000	-10464.317383	7252.379395	1.000000
0.000000	-151.343887	116.105179	1.000000
0.000000	27325.111328	25668.097656	1.000000
0.000000	-90.808807	139.752731	1.000000
0.000000	262.828339	272.397736	1.000000
0.000000	174.616516	-9107.056641	1.000000
0.000000	-5376.106934	9768.984375	1.000000
0.000000	459011.218750	25751.175781	1.000000
0.000000	-803.385437	1021.473633	1.000000
0.000000	1994.796875	-5395.236816	1.000000
0.000000	3482.651855	-1862.981689	1.000000
0.000000	16.639172	-117.678894	1.000000
0.000000	29.974941	62.109413	1.000000
0.000000	1063.888916	-534.854370	1.000000
0.000000	1181.605347	11956.606445	1.000000
0.000000	18262.554688	-23741.052734	1.000000
0.000000	93.084427	-0.175260	1.000000
0.728532	-19.826839	15.010368	1.000000
0.000000	1336.026611	1047.928467	1.000000
0.000000	183.146805	-39.835880	1.000000
0.000000	69.167419	-52.147400	1.000000
0.000000	-1653.224609	62.970116	1.000000
0.000000	75099.171875	-7433.159180	1.000000
0.000000	20.804134	182.127747	1.000000
0.000000	-439.024658	-720.712036	1.000000
0.000000	1193.201416	-9828.591797	1.000000
0.000000	128.258362	110.828125	1.000000
0.000000	62.034397	70.435493	1.000000
0.000000	-3968.222900	-4809.685059	1.000000
0.000000	286.253021	194.899704	1.000000
0.000000	-1843.584351	-2830.858643	1.000000
0.000000	-86.564270	66.840927	1.000000
0.000000	22207.609375	38856.914062	1.000000
0.000000	121.150795	-22.080540	1.000000
0.000000	653.003601	-553.788879	1.000000
0.000000	1052.122314	583.619080	1.000000
0.000000	-310.112213	402.155090	1.000000
0.000000	-4.970510	-134.845581	1.000000
0.000000	9466.041992	5043.918457	1.000000
0.000000	-92787.578125	-330068.968750	1.000000
0.000000	7753.718262	16940.066406	1.000000
0.000000	60.109741	-7.791852	1.000000
0.000000	3322.983154	-1133.242065	1.000000
0.000000	-423492.687500	-81767.234375	1.000000
0.000000	-44105600.000000	-10494824.000000	1.000000
0.000000	5918.512695	-4791.728027	1.000000
0.000000	-199.618927	-59.762802	1.000000
0.000000	821.589844	-1807.184204	1.000000
0.000000	6035.504883	501.612915	1.000000
0.000000	-44.490627	-12.697351	1.000000
0.000000	-250.118866	1028.044800	1.000000
0.000000	-18816.423828	300.792847	1.000000
0.000000	-394.372742	-150.493088	1.000000
0.000000	267.545410	-116.400833	1.000000
0.000000	14330.464844	-11130.471680	1.000000
