0.000000	31627.933594	455690.312500	1.000000
0.000000	214939.656250	175074.234375	1.000000
0.000000	1159.000000	-12594.348633	1.000000
0.000000	-705.328064	651.387756	1.000000
0.000000	16902.990234	27580.648438	1.000000
0.000000	-13873.715820	796.202209	1.000000
0.000000	-847.996887	-2373.958740	1.000000
0.000000	-595044.937500	1523932.125000	1.000000
0.000000	3479.389893	-2360.454102	1.000000
0.000000	9292453.000000	3386659.750000	1.000000
0.000000	78697400.000000	19959642.000000	1.000000
0.000000	-100.482399	-137.517761	1.000000
0.000000	-209.159912	-63.067993	1.000000
0.000000	99.230965	-62.597729	1.000000
0.000000	-73337376.000000	-31090268.000000	1.000000
0.000000	577.339050	-4607.231934	1.000000
0.000000	332.161133	-232.636063	1.000000
0.000000	-6076.600098	7650.146484	1.000000
0.000000	-987.765320	397.883209	1.000000
0.000000	-241.290909	117.032707	1.000000
0.000000	882.912415	7832.604492	1.000000
0.000000	10083.417969	84953.117188	1.000000
0.000000	-12.645413	644.632446	1.000000
0.000000	99.379181	214.032898	1.000000
0.000000	-207231.265625	-53208.964844	1.000000
0.000000	234.597961	-73.051102	1.000000
0.000000	10391.305664	35560.480469	1.000000
0.000000	-3751.135986	11615.396484	1.000000
0.000000	251.472458	-92.646156	1.000000
0.000000	-61652.656250	-273296.843750	1.000000
0.000000	5280.183594	-9047.517578	1.000000
0.000000	4705.812500	862.142700	1.000000
0.000000	-98.601913	392.645844	1.000000
0.000000	-405.453186	-329.956024	1.000000
0.000000	-99.625809	79.128006	1.000000
0.000000	4699.168945	2706.446045	1.000000
0.000000	177.084320	-1.236053	1.000000
0.000000	-5600.366699	-1391.786743	1.000000
0.000000	-246334.984375	-73564.062500	1.000000
0.000000	-46876.902344	-6051.701660	1.000000
0.000000	327.658966	-25.010956	1.000000
0.000000	435.473083	160.284790	1.000000
0.000000	-0.225886	57.465900	1.000000
0.000000	-3.322643	24.241508	1.000000
0.102768	25.274754	56.894142	1.000000
0.000000	-492.405731	-440.036285	1.000000
0.000000	-4229.159180	3457.568359	1.000000
0.000000	-724.480835	280.962250	1.000000
0.000000	-72.357407	-80.843719	1.000000
0.616212	-77.643150	-43.938076	1.000000
0.000000	6859.901855	6299.295898	1.000000
0.000000	-769.283264	1846.325073	1.000000
0.000000	130.608154	1498.054932	1.000000
0.000000	-3290.566650	-11799.352539	1.000000
0.000000	130.273865	-109.985291	1.000000
0.000000	-20.487389	-84.623787	1.000000
0.000000	-53.065197	124.135925	1.000000
0.000000	29405522.000000	-21550876.000000	1.000000
0.000000	-406.533020	1553.513794	1.000000
0.000000	619.021484	382.219940	1.000000
0.000000	1807.611694	26400.314453	1.000000
0.000000	3193.661621	-1479.162354	1.000000
0.000000	6.272986	-94.030731	1.000000
0.000000	61.388760	-206.200195	1.000000
0.000000	5499.776855	-2755.031250	1.000000
0.000000	400980.625000	-1051564.750000	1.000000
0.000000	40366.148438	142667.687500	1.000000
0.000000	899154304.000000	-490293056.000000	1.000000
0.000000	5236.700195	-14730.113281	1.000000
0.000000	-11819835.000000	-661540.062500	1.000000
0.000000	10517.291992	-15276.204102	1.000000
0.000000	35.543606	-180.965088	1.000000
0.000000	-129.000397	-645.170715	1.000000
0.000000	-692.372070	928.634033	1.000000
0.000000	424568.312500	2537.837158	1.000000
0.000000	-9159.580078	10683.786133	1.000000
0.000000	9.708866	584.895447	1.000000
0.000000	49.208157	-95.940140	1.000000
0.000000	3403.261230	-13097.053711	1.000000
0.000000	-935690816.000000	516809408.000000	1.000000
0.000000	1333545.500000	80064.578125	1.000000
0.000000	370498.062500	-121702.156250	1.000000
0.000000	282708.875000	227335.812500	1.000000
0.000000	25074.357422	-23227.058594	1.000000
0.000000	2203343.750000	933903.812500	1.000000
0.000000	-53.143696	58.738407	1.000000
0.000000	275.318817	10.817373	1.000000
0.000000	-3287.626221	-520.045166	1.000000
0.000000	-1648.327271	1526.582397	1.000000
0.000000	9.338339	106.610146	1.000000
0.000000	61.778278	140.808197	1.000000
0.000000	-1025.410278	1151.693726	1.000000
0.000000	748.069397	-82.656021	1.000000
0.000000	191.038162	-373.796478	1.000000
0.000000	-4355021.000000	2416277.250000	1.000000
0.000000	937.190308	514.447327	1.000000
0.000000	68.438171	-88025.484375	1.000000
0.000000	1711789.125000	-2028472.500000	1.000000
0.000000	775.628174	-1704.023926	1.000000
0.000000	-424.384155	-5191.128418	1.000000
0.000000	691415.187500	-227254.562500	1.000000
0.000000	12310197.000000	-6573529.500000	1.000000
0.000000	-21899.052734	-21315.500000	1.000000
0.000000	170489.546875	-24410.992188	1.000000
0.000000	110.038437	12.111643	1.000000
0.000000	99.371811	22.771425	1.000000
0.000000	813.638245	-1739.154541	1.000000
0.000000	-17.910902	-91.922630	1.000000
0.000000	34.104462	-82.384720	1.000000
0.000000	-825.416870	878.273499	1.000000
0.000000	-16.621792	-3161.305908	1.000000
0.000000	-53663.765625	119833.890625	1.000000
0.102768	22.481022	61.440449	1.000000
0.000000	-157.255661	-24.537872	1.000000
0.000000	-326.242889	-1131.872437	1.000000
0.000000	-64786.941406	15650.902344	1.000000
0.000000	2374.292236	591.915100	1.000000
0.000000	55624.785156	149456.796875	1.000000
0.000000	-13039.321289	6666.166992	1.000000
0.000000	-41622.113281	-29904.277344	1.000000
0.000000	-8622.821289	13696.294922	1.000000
0.000000	122.430702	253.830963	1.000000
0.000000	-159.486038	31.736761	1.000000
0.000000	1406.146729	3320.853271	1.000000
0.000000	432.441681	-361.014435	1.000000
0.000000	2056.322998	279.252655	1.000000
0.000000	526.037842	-333.165039	1.000000
0.000000	14035.519531	-14036.242188	1.000000
0.000000	-123.185349	-26.450829	1.000000
0.000000	-1087.828369	1716.463257	1.000000
0.000000	81.911469	110.065109	1.000000
0.000000	-13543.920898	-2937.022217	1.000000
0.000000	-28532.816406	-61348.937500	1.000000
0.000000	1584.242920	7877.350586	1.000000
0.000000	-2658.538574	2013.886230	1.000000
0.000000	-100.019653	-64.623680	1.000000
0.000000	206.527725	367.747314	1.000000
0.000000	-3957.716064	-16200.641602	1.000000
0.000000	559.177673	-87.334389	1.000000
0.000000	-8567.152344	12915.730469	1.000000
0.000000	-960.850098	-2972.511230	1.000000
0.000000	965.937195	356.124725	1.000000
0.000000	75.541824	-207.858276	1.000000
0.000000	-5860.756348	-20545.083984	1.000000
0.000000	-9.527803	-105.607437	1.000000
0.000000	22574.238281	-24385.142578	1.000000
0.000000	-152.855331	-14.830009	1.000000
0.000000	-3300464.250000	1376390.750000	1.000000
0.000000	-17912.560547	-1056.672974	1.000000
0.000000	34.130836	379.090332	1.000000
0.033814	85.473824	-137.024796	1.000000
0.000000	6613.917480	2911.412109	1.000000
0.000000	-26339.912109	-23433.582031	1.000000
0.000000	-586712.625000	317324.843750	1.000000
0.000000	-108536.234375	249291.828125	1.000000
0.000000	38249.007812	-56191.003906	1.000000
0.000000	457.727753	-1553.946411	1.000000
0.000000	15.557709	-25.097755	1.000000
0.000000	-169.751740	-639.178711	1.000000
0.000000	-327.520142	468.417328	1.000000
0.000000	4112436.000000	2116301.500000	1.000000
0.000000	-45.398453	167.498550	1.000000
0.000000	-45189.378906	75753.718750	1.000000
0.000000	505.636963	1597.937500	1.000000
0.000000	4618.270020	12619.924805	1.000000
0.000000	641.110779	1827.835938	1.000000
0.000000	-43942.832031	2204.672607	1.000000
0.000000	245933.453125	-842228.687500	1.000000
0.000000	-26.043467	-47.170135	1.000000
0.000000	228.423492	-145.263351	1.000000
0.000000	-33067.996094	-139798.890625	1.000000
0.000000	-14263.887695	-13772.187500	1.000000
0.000000	-160.990005	-70.965492	1.000000
0.000000	-323321.406250	730136.875000	1.000000
0.000000	-31552.191406	-19783.789062	1.000000
0.000000	-223.520340	-983.849731	1.000000
0.033814	87.839989	-142.403687	1.000000
0.000000	-3841.010254	-12710.357422	1.000000
0.000000	28.030415	-106.703781	1.000000
0.000000	3135.258789	3208.893555	1.000000
0.000000	-76.617546	379.640411	1.000000
0.000000	799455.812500	-982912.687500	1.000000
0.000000	-161.550079	370.956665	1.000000
0.000000	-3493.187744	-2028.124390	1.000000
0.000000	19.851942	2680.668213	1.000000
0.000000	-159.436096	141.034286	1.000000
0.000000	19965.412109	10349.359375	1.000000
0.000000	-148.016052	623.533142	1.000000
0.000000	-3151.024902	-1843.178833	1.000000
0.000000	65030.496094	112450.851562	1.000000
0.000000	100.049744	63.937263	1.000000
0.000000	484892.843750	100598.828125	1.000000
0.000000	-79.205544	76.461433	1.000000
0.000000	80.352333	67.175499	1.000000
0.000000	281.037811	-106.642578	1.000000
0.000000	-64.826118	-81.557228	1.000000
0.000000	-52510.917969	-3215.493408	1.000000
0.000000	11278.098633	1185.924194	1.000000
0.000000	-139.025070	34.859055	1.000000
0.000000	-128.927841	1933.532227	1.000000
0.000000	-7861.781738	-92931.265625	1.000000
0.000000	-430.324860	1292.246338	1.000000
0.000000	104.001678	130.290573	1.000000
0.000000	107.634361	-11.535618	1.000000
0.000000	46.945992	111.332916	1.000000
0.000000	-42718.191406	-77863.632812	1.000000
0.000000	481.551117	-946.684692	1.000000
0.000000	-134.608429	128.252197	1.000000
0.000000	15.921062	-397.044464	1.000000
0.000000	-438.053101	482.537964	1.000000
0.000000	232.017258	230.173859	1.000000
0.000000	161.671204	776.272583	1.000000
0.616212	-72.313049	-43.477623	1.000000
0.000000	55.534607	378.391022	1.000000
0.000000	-10766.209961	571.852478	1.000000
0.000000	28171368.000000	16549397.000000	1.000000
0.000000	148.517258	-463.516998	1.000000
0.000000	-32866.226562	266918.437500	1.000000
0.000000	1.462322	13.956966	1.000000
0.000000	1287.766113	2803.916504	1.000000
0.000000	4771.893066	10624.313477	1.000000
0.000000	-48764.046875	-126250.796875	1.000000
0.000000	261.624237	-402.171722	1.000000
0.000000	1929694.125000	165082.484375	1.000000
0.000000	-180332.421875	-177937.812500	1.000000
0.000000	-70025.820312	13871.557617	1.000000
0.000000	124.626823	66.341553	1.000000
0.000000	-131036.312500	14735.701172	1.000000
0.000000	-860.669006	127.610359	1.000000
0.000000	-1178.149536	1185.462036	1.000000
0.000000	-1125.324463	940.164429	1.000000
0.000000	49204.480469	57333.562500	1.000000
0.000000	84061.195312	3824.913818	1.000000
0.000000	831.539368	-474.848511	1.000000
0.000000	-143.320648	-165.224319	1.000000
0.000000	-1589278.625000	-1200867.375000	1.000000
0.000000	-42.764381	73.026039	1.000000
0.000000	2590553.750000	19151.500000	1.000000
0.000000	54.054054	34.641079	1.000000
0.000000	-10308.625000	12998.134766	1.000000
0.000000	1826645.375000	135537.234375	1.000000
0.000000	-1592.325806	554.862793	1.000000
0.000000	36.116924	0.793630	1.000000
0.000000	150.442581	99.739899	1.000000
0.000000	641.085876	1106.911255	1.000000
0.000000	-10453.379883	7240.660645	1.000000
0.000000	-135.660294	112.938675	1.000000
0.000000	27324.486328	25651.847656	1.000000
0.000000	-102.488495	128.815231	1.000000
0.000000	262.105682	256.411407	1.000000
0.000000	190.182922	-9110.806641	1.000000
0.000000	-5360.169434	9768.671875	1.000000
0.000000	459001.218750	25763.050781	1.000000
0.000000	-788.385437	1015.926758	1.000000
0.000000	1981.945312	-5404.768066	1.000000
0.000000	3482.339355	-1846.966064	1.000000
0.000000	7.887343	-131.072449	1.000000
0.000000	16.291470	53.817177	1.000000
0.000000	1070.763916	-520.420776	1.000000
0.000000	1179.769409	11972.543945	1.000000
0.000000	18278.179688	-23737.927734	1.000000
0.000000	77.127396	0.987838	1.000000
0.000000	-20.722445	30.984804	1.000000
0.000000	1349.307861	1039.022217	1.000000
0.000000	167.150711	-39.426945	1.000000
0.000000	66.601501	-67.940857	1.000000
0.000000	-1668.458984	58.090965	1.000000
0.000000	75084.171875	-7434.877930	1.000000
0.000000	16.544491	166.702942	1.000000
0.000000	-455.020752	-720.712036	1.000000
0.000000	1194.217041	-9844.529297	1.000000
0.000000	118.583138	98.083984	1.000000
0.000000	49.831028	60.088352	1.000000
0.000000	-3975.566650	-4823.903809	1.000000
0.000000	270.471771	192.292282	1.000000
0.000000	-1830.732788	-2821.327393	1.000000
0.000000	-93.307434	52.331646	1.000000
0.000000	22205.109375	38840.664062	1.000000
0.000000	105.149818	-22.133030	1.000000
0.000000	637.007507	-554.062317	1.000000
0.000000	1038.294189	575.572205	1.000000
0.000000	-309.448151	386.168762	1.000000
0.000000	-15.062979	-122.429680	1.000000
0.000000	9457.916992	5057.668457	1.000000
0.000000	-92795.078125	-330058.968750	1.000000
0.000000	7737.780762	16939.441406	1.000000
0.000000	49.787476	4.432731	1.000000
0.000000	3317.748779	-1148.359253	1.000000
0.000000	-423502.687500	-81754.734375	1.000000
0.000000	-44105600.000000	-10494824.000000	1.000000
0.000000	5911.325195	-4805.946777	1.000000
0.000000	-193.544708	-74.565048	1.000000
0.000000	807.566406	-1814.879517	1.000000
0.000000	6048.004883	511.554321	1.000000
0.000000	-29.637209	-6.748527	1.000000
0.000000	-234.137421	1028.826050	1.000000
0.000000	-18818.923828	316.593628	1.000000
0.000000	-378.376648	-150.048752	1.000000
0.000000	265.719238	-100.504837	1.000000
0.000000	14315.777344	-11136.721680	1.000000
