0.000000	31642.875000	455676.250000	1.000000
0.000000	214932.625000	175053.140625	1.000000
0.000000	1155.649170	-12571.936523	1.000000
0.000000	-727.822571	651.717346	1.000000
0.000000	16904.748047	27603.500000	1.000000
0.000000	-13895.688477	801.283386	1.000000
0.000000	-868.184265	-2364.071045	1.000000
0.000000	-595016.812500	1523932.125000	1.000000
0.000000	3467.854248	-2379.790039	1.000000
0.000000	9292453.000000	3386659.750000	1.000000
0.000000	78697400.000000	19959642.000000	1.000000
0.000000	-78.767235	-131.626343	1.000000
0.000000	-198.510040	-82.887932	1.000000
0.000000	100.058372	-40.113522	1.000000
0.000000	-73337376.000000	-31090268.000000	1.000000
0.000000	557.755920	-4618.218262	1.000000
0.000000	326.887695	-210.766403	1.000000
0.000000	-6064.954590	7630.810547	1.000000
0.000000	-987.820251	420.377716	1.000000
0.000000	-233.566147	95.897758	1.000000
0.000000	878.078430	7810.631836	1.000000
0.000000	10063.203125	84942.570312	1.000000
0.000000	-8.292939	622.549927	1.000000
0.000000	82.817291	229.262695	1.000000
0.000000	-207245.328125	-53193.144531	1.000000
0.000000	212.165253	-74.812347	1.000000
0.000000	10391.745117	35583.332031	1.000000
0.000000	-3729.053467	11619.791016	1.000000
0.000000	231.806931	-81.714760	1.000000
0.000000	-61675.507812	-273296.843750	1.000000
0.000000	5293.586914	-9065.535156	1.000000
0.000000	4684.059570	856.594604	1.000000
0.000000	-77.803192	383.999664	1.000000
0.000000	-388.987427	-345.295685	1.000000
0.000000	-82.040817	93.163040	1.000000
0.000000	4678.734375	2697.107666	1.000000
0.000000	198.006409	7.033735	1.000000
0.000000	-5583.008301	-1377.559448	1.000000
0.000000	-246342.015625	-73542.968750	1.000000
0.000000	-46894.480469	-6038.078613	1.000000
0.000000	310.314301	-39.337395	1.000000
0.000000	422.468018	178.645691	1.000000
0.000000	2.309337	37.125523	1.000000
0.000000	4.461662	42.635048	1.000000
0.000000	22.436420	34.627316	1.000000
0.000000	-483.918793	-460.869110	1.000000
0.000000	-4247.616211	3470.422363	1.000000
0.000000	-711.709229	262.436554	1.000000
0.648607	-66.567429	-59.051800	1.000000
0.000000	-54.804211	-41.431591	1.000000
0.000000	6837.489746	6301.712891	1.000000
0.000000	-757.006042	1865.166626	1.000000
0.000000	143.393494	1516.566895	1.000000
0.000000	-3277.492920	-11817.809570	1.000000
0.000000	109.492912	-118.612991	1.000000
0.000000	-21.043571	-62.129421	1.000000
0.000000	-75.552002	124.915268	1.000000
0.000000	29405522.000000	-21550876.000000	1.000000
0.000000	-388.405579	1540.220337	1.000000
0.000000	633.825562	365.287262	1.000000
0.000000	1819.202271	26419.650391	1.000000
0.000000	3185.092285	-1458.343262	1.000000
0.000000	18.111645	-74.897354	1.000000
0.000000	49.248867	-187.255646	1.000000
0.000000	5513.619629	-2737.343262	1.000000
0.000000	400966.562500	-1051564.750000	1.000000
0.000000	40385.484375	142681.750000	1.000000
0.000000	899154304.000000	-490293056.000000	1.000000
0.000000	5251.202148	-14712.974609	1.000000
0.000000	-11819835.000000	-661568.187500	1.000000
0.000000	10505.866211	-15295.540039	1.000000
0.000000	42.190334	-159.466217	1.000000
0.000000	-112.019653	-630.421570	1.000000
0.000000	-714.866577	929.403076	1.000000
0.000000	424596.437500	2543.440186	1.000000
0.000000	-9137.607422	10689.059570	1.000000
0.000000	31.549343	590.306213	1.000000
0.000000	51.178829	-73.528030	1.000000
0.000000	3401.063965	-13074.641602	1.000000
0.000000	-935690816.000000	516809408.000000	1.000000
0.000000	1333545.500000	80043.484375	1.000000
0.000000	370469.937500	-121698.640625	1.000000
0.000000	282737.000000	227328.781250	1.000000
0.000000	25094.572266	-23237.605469	1.000000
0.000000	2203343.750000	933931.937500	1.000000
0.000000	-41.293911	39.611897	1.000000
0.000000	297.277740	15.723885	1.000000
0.000000	-3301.688721	-537.623291	1.000000
0.000000	-1645.690552	1504.225220	1.000000
0.000000	-1.036398	86.645927	1.000000
0.000000	67.559174	162.554260	1.000000
0.000000	-1003.712280	1157.626343	1.000000
0.000000	729.063049	-70.608826	1.000000
0.000000	186.032516	-395.727936	1.000000
0.000000	-4355021.000000	2416277.250000	1.000000
0.000000	917.717041	503.169617	1.000000
0.000000	90.458893	-88021.968750	1.000000
0.000000	1711789.125000	-2028472.500000	1.000000
0.000000	771.425903	-1726.106445	1.000000
0.000000	-442.882385	-5178.384277	1.000000
0.000000	691415.187500	-227233.468750	1.000000
0.000000	12310197.000000	-6573529.500000	1.000000
0.000000	-21893.779297	-21293.527344	1.000000
0.000000	170468.453125	-24397.808594	1.000000
0.000000	119.720139	-8.198338	1.000000
0.000000	77.845474	29.314299	1.000000
0.000000	835.418640	-1733.551514	1.000000
0.000000	-3.107749	-74.979652	1.000000
0.000000	25.915577	-61.428295	1.000000
0.000000	-818.962402	856.712830	1.000000
0.000000	5.191699	-3166.799072	1.000000
0.000000	-53640.914062	119833.890625	1.000000
0.000000	14.568224	40.333817	1.000000
0.000000	-135.488998	-30.237888	1.000000
0.000000	-347.885956	-1138.024780	1.000000
0.000000	-64806.277344	15663.207031	1.000000
0.000000	2367.590576	570.436829	1.000000
0.000000	55607.207031	149442.734375	1.000000
0.000000	-13017.788086	6673.198242	1.000000
0.000000	-41604.535156	-29917.460938	1.000000
0.000000	-8641.278320	13683.550781	1.000000
0.000000	102.102562	244.183594	1.000000
0.000000	-142.917282	16.514688	1.000000
0.000000	1389.941895	3336.453857	1.000000
0.000000	410.716217	-355.150482	1.000000
0.000000	2070.824951	296.501190	1.000000
0.000000	521.643311	-311.096252	1.000000
0.000000	14040.353516	-14014.269531	1.000000
0.000000	-103.997040	-14.699749	1.000000
0.000000	-1079.313965	1737.282349	1.000000
0.000000	65.830231	94.327194	1.000000
0.000000	-13565.893555	-2932.078369	1.000000
0.000000	-28518.753906	-61331.359375	1.000000
0.000000	1571.938232	7858.454102	1.000000
0.000000	-2672.271484	2031.684082	1.000000
0.000000	-120.608719	-55.546227	1.000000
0.000000	221.407333	384.625061	1.000000
0.000000	-3971.998291	-16218.219727	1.000000
0.000000	537.562073	-93.613762	1.000000
0.000000	-8544.740234	12913.972656	1.000000
0.000000	-967.634155	-2951.087891	1.000000
0.000000	968.381653	333.753815	1.000000
0.000000	53.554619	-203.086090	1.000000
0.000000	-5882.948730	-20548.599609	1.000000
0.000000	-10.711409	-83.136963	1.000000
0.000000	22580.390625	-24363.169922	1.000000
0.000000	-137.687332	1.787683	1.000000
0.000000	-3300464.250000	1376390.750000	1.000000
0.000000	-17904.650391	-1035.689087	1.000000
0.000000	43.535278	359.491760	1.000000
0.031388	78.138626	-116.082275	1.000000
0.000000	6606.666504	2932.725586	1.000000
0.000000	-26361.005859	-23440.613281	1.000000
0.000000	-586712.625000	317310.781250	1.000000
0.000000	-108536.234375	249312.921875	1.000000
0.000000	38271.859375	-56191.003906	1.000000
0.000000	443.170868	-1536.807739	1.000000
0.000000	4.749050	-44.831947	1.000000
0.000000	-164.608765	-661.068970	1.000000
0.000000	-321.381531	446.774261	1.000000
0.000000	4112436.000000	2116301.500000	1.000000
0.000000	-67.454956	163.055954	1.000000
0.000000	-45180.589844	75732.625000	1.000000
0.000000	485.353455	1588.214600	1.000000
0.000000	4596.517090	12625.637695	1.000000
0.000000	643.335510	1850.248047	1.000000
0.000000	-43927.011719	2188.193115	1.000000
0.000000	245954.546875	-842228.687500	1.000000
0.000000	-5.688936	-37.581131	1.000000
0.000000	205.990784	-147.000565	1.000000
0.000000	-33076.785156	-139777.796875	1.000000
0.000000	-14256.416992	-13793.281250	1.000000
0.000000	-138.516098	-69.825661	1.000000
0.000000	-323293.281250	730136.875000	1.000000
0.000000	-31571.527344	-19795.214844	1.000000
0.000000	-203.181900	-974.236694	1.000000
0.031388	81.595146	-120.470055	1.000000
0.000000	-3862.543457	-12703.765625	1.000000
0.000000	21.523590	-85.163712	1.000000
0.000000	3128.557129	3230.316895	1.000000
0.000000	-87.318733	399.397552	1.000000
0.000000	799483.937500	-982912.687500	1.000000
0.000000	-139.364563	367.207581	1.000000
0.000000	-3514.720947	-2021.752319	1.000000
0.000000	24.580355	2658.695557	1.000000
0.000000	-143.560852	125.084137	1.000000
0.000000	19976.837891	10330.023438	1.000000
0.000000	-170.194702	627.323425	1.000000
0.000000	-3129.601562	-1836.147583	1.000000
0.000000	65023.464844	112429.757812	1.000000
0.424756	83.393089	48.673634	1.000000
0.000000	484892.843750	100577.734375	1.000000
0.000000	-62.932049	60.922985	1.000000
0.424756	80.701561	44.743893	1.000000
0.000000	277.178864	-128.807495	1.000000
0.000000	-42.371159	-80.125572	1.000000
0.000000	-52519.707031	-3235.927979	1.000000
0.000000	11266.233398	1166.807983	1.000000
0.000000	-145.143082	56.512421	1.000000
0.000000	-142.063370	1951.824463	1.000000
0.000000	-7860.683105	-92910.171875	1.000000
0.000000	-416.852875	1310.263916	1.000000
0.000000	118.867554	113.399101	1.000000
0.000000	86.128624	-4.919788	1.000000
0.000000	45.713463	88.865875	1.000000
0.000000	-42700.613281	-77877.695312	1.000000
0.000000	499.142975	-932.649658	1.000000
0.000000	-146.322601	109.039856	1.000000
0.000000	25.989002	-417.163177	1.000000
0.000000	-435.993164	460.125854	1.000000
0.000000	216.293076	246.268829	1.000000
0.000000	156.322235	754.409790	1.000000
0.648607	-63.443382	-61.084366	1.000000
0.000000	37.469872	364.246521	1.000000
0.000000	-10743.797852	573.500427	1.000000
0.000000	28171368.000000	16549397.000000	1.000000
0.000000	133.349258	-446.900177	1.000000
0.000000	-32875.015625	266932.500000	1.000000
0.000000	23.955101	14.528599	1.000000
0.000000	1269.034424	2816.331055	1.000000
0.000000	4793.865723	10619.040039	1.000000
0.000000	-48786.898438	-126250.796875	1.000000
0.000000	281.372162	-391.405121	1.000000
0.000000	1929694.125000	165068.421875	1.000000
0.000000	-180353.515625	-177937.812500	1.000000
0.000000	-70008.242188	13884.301758	1.000000
0.000000	111.099907	84.321365	1.000000
0.000000	-131029.281250	14714.167969	1.000000
0.000000	-840.591492	117.434273	1.000000
0.000000	-1164.032104	1202.985229	1.000000
0.000000	-1119.501709	918.438965	1.000000
0.000000	49199.207031	57312.468750	1.000000
0.000000	84078.773438	3838.427002	1.000000
0.000000	810.088562	-481.687500	1.000000
0.000000	-123.318665	-154.917770	1.000000
0.000000	-1589278.625000	-1200867.375000	1.000000
0.000000	-21.056082	67.110588	1.000000
0.000000	2590553.750000	19131.285156	1.000000
0.000000	46.238312	55.739979	1.000000
0.000000	-10295.441406	12979.677734	1.000000
0.000000	1826645.375000	135551.296875	1.000000
0.000000	-1594.907593	532.505615	1.000000
0.000000	14.184411	-4.227392	1.000000
0.000000	131.724625	112.229980	1.000000
0.000000	659.048523	1120.479370	1.000000
0.000000	-10437.999023	7224.181152	1.000000
0.000000	-113.605247	108.485779	1.000000
0.000000	27323.607422	25628.996094	1.000000
0.000000	-118.913055	113.437630	1.000000
0.000000	261.089447	233.937378	1.000000
0.000000	212.073181	-9116.080078	1.000000
0.000000	-5337.757324	9768.232422	1.000000
0.000000	458987.156250	25779.750000	1.000000
0.000000	-767.291687	1008.126465	1.000000
0.000000	1963.872803	-5418.171387	1.000000
0.000000	3481.899902	-1824.444092	1.000000
0.000000	-4.419757	-149.907135	1.000000
0.000000	-2.931753	41.690933	1.000000
0.000000	1080.431885	-500.115509	1.000000
0.000000	1177.187622	11994.956055	1.000000
0.000000	18300.152344	-23733.533203	1.000000
0.000000	54.687111	2.623449	1.000000
0.000000	-21.982439	53.450089	1.000000
0.000000	1367.984619	1026.497803	1.000000
0.000000	144.656204	-38.851879	1.000000
0.000000	62.993656	-90.150406	1.000000
0.000000	-1689.882324	51.229660	1.000000
0.000000	75063.078125	-7437.294922	1.000000
0.000000	10.554367	145.011810	1.000000
0.000000	-477.515259	-720.712036	1.000000
0.000000	1195.645264	-9866.941406	1.000000
0.000000	104.977257	80.162537	1.000000
0.000000	32.670040	45.536617	1.000000
0.000000	-3985.893799	-4843.898926	1.000000
0.000000	248.277008	188.625595	1.000000
0.000000	-1812.660278	-2807.924072	1.000000
0.000000	-102.790009	31.927975	1.000000
0.000000	22201.593750	38817.812500	1.000000
0.000000	82.648445	-22.206844	1.000000
0.000000	614.513000	-554.446838	1.000000
0.000000	1018.848389	564.256287	1.000000
0.000000	-308.514313	363.687988	1.000000
0.000000	-29.255112	-104.971718	1.000000
0.000000	9446.491211	5077.004395	1.000000
0.000000	-92805.625000	-330044.906250	1.000000
0.000000	7715.368652	16938.562500	1.000000
0.000000	35.271790	21.623714	1.000000
0.000000	3310.387939	-1169.617798	1.000000
0.000000	-423516.750000	-81737.156250	1.000000
0.000000	-44105600.000000	-10494824.000000	1.000000
0.000000	5901.217773	-4825.941895	1.000000
0.000000	-185.002838	-95.380707	1.000000
0.000000	787.845947	-1825.701050	1.000000
0.000000	6065.583008	525.534424	1.000000
0.000000	-8.750310	1.617104	1.000000
0.000000	-211.663513	1029.924683	1.000000
0.000000	-18822.439453	338.813477	1.000000
0.000000	-355.882141	-149.423904	1.000000
0.000000	263.151184	-78.151093	1.000000
0.000000	14295.123047	-11145.510742	1.000000
