0.000000	31645.531250	455673.750000	1.000000
0.000000	214931.375000	175049.390625	1.000000
0.000000	1155.053467	-12567.952148	1.000000
0.000000	-731.821594	651.775940	1.000000
0.000000	16905.060547	27607.562500	1.000000
0.000000	-13899.594727	802.186707	1.000000
0.000000	-871.773132	-2362.313232	1.000000
0.000000	-595011.812500	1523932.125000	1.000000
0.000000	3465.803467	-2383.227539	1.000000
0.000000	9292453.000000	3386659.750000	1.000000
0.000000	78697400.000000	19959642.000000	1.000000
0.000000	-74.906761	-130.578979	1.000000
0.000000	-196.616730	-86.411491	1.000000
0.000000	100.205467	-36.116329	1.000000
0.000000	-73337376.000000	-31090268.000000	1.000000
0.000000	554.274475	-4620.171387	1.000000
0.000000	325.950195	-206.878464	1.000000
0.000000	-6062.884277	7627.373047	1.000000
0.000000	-987.830017	424.376740	1.000000
0.000000	-232.192856	92.140434	1.000000
0.000000	877.219055	7806.725586	1.000000
0.000000	10059.609375	84940.695312	1.000000
0.000000	-7.519142	618.624146	1.000000
0.000000	79.872955	231.970215	1.000000
0.000000	-207247.828125	-53190.332031	1.000000
0.000000	208.177216	-75.125458	1.000000
0.000000	10391.823242	35587.394531	1.000000
0.000000	-3725.127686	11620.572266	1.000000
0.000000	228.310837	-79.771400	1.000000
0.000000	-61679.570312	-273296.843750	1.000000
0.000000	5295.969727	-9068.738281	1.000000
0.000000	4680.192383	855.608276	1.000000
0.000000	-74.114838	382.451813	1.000000
0.000000	-386.060181	-348.022736	1.000000
0.000000	-78.914597	95.658157	1.000000
0.000000	4675.101562	2695.447510	1.000000
0.000000	201.725891	8.503920	1.000000
0.000000	-5579.922363	-1375.030151	1.000000
0.000000	-246343.265625	-73539.218750	1.000000
0.000000	-46897.605469	-6035.656738	1.000000
0.000000	307.230804	-41.884392	1.000000
0.000000	420.156006	181.909851	1.000000
0.000000	2.345253	33.125584	1.000000
0.000000	6.263725	46.206215	1.000000
0.000000	21.939137	30.658253	1.000000
0.000000	-482.410004	-464.572723	1.000000
0.000000	-4250.897461	3472.707520	1.000000
0.000000	-709.438721	259.143097	1.000000
0.000000	-65.217453	-55.601963	1.000000
0.000000	-50.889721	-40.608837	1.000000
0.000000	6833.505371	6302.142578	1.000000
0.000000	-754.823425	1868.516235	1.000000
0.000000	145.666443	1519.857910	1.000000
0.000000	-3275.168701	-11821.090820	1.000000
0.000000	105.798454	-120.146805	1.000000
0.000000	-21.142448	-58.130703	1.000000
0.000000	-79.549805	125.053818	1.000000
0.000000	29405522.000000	-21550876.000000	1.000000
0.000000	-385.182922	1537.857056	1.000000
0.000000	636.457397	362.277008	1.000000
0.000000	1821.262817	26423.087891	1.000000
0.000000	3183.568848	-1454.642090	1.000000
0.000000	20.216290	-71.495865	1.000000
0.000000	47.090664	-183.887726	1.000000
0.000000	5516.080566	-2734.198730	1.000000
0.000000	400964.062500	-1051564.750000	1.000000
0.000000	40388.921875	142684.250000	1.000000
0.000000	899154304.000000	-490293056.000000	1.000000
0.000000	5253.780273	-14709.927734	1.000000
0.000000	-11819835.000000	-661573.187500	1.000000
0.000000	10503.834961	-15298.977539	1.000000
0.000000	43.371975	-155.644196	1.000000
0.000000	-109.000854	-627.799500	1.000000
0.000000	-718.865601	929.539795	1.000000
0.000000	424601.437500	2544.436279	1.000000
0.000000	-9133.701172	10689.997070	1.000000
0.000000	35.432095	591.268127	1.000000
0.000000	51.529171	-69.543655	1.000000
0.000000	3400.673340	-13070.657227	1.000000
0.000000	-935690816.000000	516809408.000000	1.000000
0.000000	1333545.500000	80039.734375	1.000000
0.000000	370464.937500	-121698.015625	1.000000
0.000000	282742.000000	227327.531250	1.000000
0.000000	25098.166016	-23239.480469	1.000000
0.000000	2203343.750000	933936.937500	1.000000
0.000000	-39.187283	36.211628	1.000000
0.000000	301.181549	16.596205	1.000000
0.000000	-3304.188721	-540.748291	1.000000
0.000000	-1645.221802	1500.250610	1.000000
0.000000	-2.880785	83.096733	1.000000
0.000000	68.587006	166.420227	1.000000
0.000000	-999.854858	1158.681030	1.000000
0.000000	725.684143	-68.467102	1.000000
0.000000	185.142624	-399.626862	1.000000
0.000000	-4355021.000000	2416277.250000	1.000000
0.000000	914.255127	501.165222	1.000000
0.000000	94.373688	-88021.343750	1.000000
0.000000	1711789.125000	-2028472.500000	1.000000
0.000000	770.678833	-1730.032227	1.000000
0.000000	-446.170959	-5176.118652	1.000000
0.000000	691415.187500	-227229.718750	1.000000
0.000000	12310197.000000	-6573529.500000	1.000000
0.000000	-21892.841797	-21289.621094	1.000000
0.000000	170464.703125	-24395.464844	1.000000
0.000000	121.441330	-11.809025	1.000000
0.000000	74.018570	30.477476	1.000000
0.000000	839.290710	-1732.555420	1.000000
0.000000	-0.476090	-71.967567	1.000000
0.000000	24.459736	-57.702709	1.000000
0.000000	-817.814941	852.879822	1.000000
0.000000	9.069644	-3167.775635	1.000000
0.000000	-53636.851562	119833.890625	1.000000
0.000000	13.154192	36.592056	1.000000
0.000000	-131.619370	-31.251225	1.000000
0.000000	-351.733612	-1139.118530	1.000000
0.000000	-64809.714844	15665.394531	1.000000
0.000000	2366.399170	566.618469	1.000000
0.000000	55604.082031	149440.234375	1.000000
0.000000	-13013.959961	6674.448242	1.000000
0.000000	-41601.410156	-29919.804688	1.000000
0.000000	-8644.559570	13681.285156	1.000000
0.000000	98.488670	242.468506	1.000000
0.000000	-139.971725	13.808542	1.000000
0.000000	1387.061035	3339.227295	1.000000
0.000000	406.853912	-354.108002	1.000000
0.000000	2073.403076	299.567596	1.000000
0.000000	520.862061	-307.172913	1.000000
0.000000	14041.212891	-14010.363281	1.000000
0.000000	-100.585785	-12.610668	1.000000
0.000000	-1077.800293	1740.983521	1.000000
0.000000	62.971348	91.529343	1.000000
0.000000	-13569.799805	-2931.199463	1.000000
0.000000	-28516.253906	-61328.234375	1.000000
0.000000	1569.750732	7855.094727	1.000000
0.000000	-2674.712891	2034.848145	1.000000
0.000000	-124.268997	-53.932457	1.000000
0.000000	224.052597	387.625549	1.000000
0.000000	-3974.537354	-16221.344727	1.000000
0.000000	533.719299	-94.730095	1.000000
0.000000	-8540.755859	12913.660156	1.000000
0.000000	-968.840210	-2947.279297	1.000000
0.000000	968.816223	329.776764	1.000000
0.000000	49.645622	-202.237701	1.000000
0.000000	-5886.894043	-20549.224609	1.000000
0.000000	-10.921827	-79.142212	1.000000
0.000000	22581.484375	-24359.263672	1.000000
0.000000	-134.990799	4.741938	1.000000
0.000000	-3300464.250000	1376390.750000	1.000000
0.000000	-17903.244141	-1031.958618	1.000000
0.000000	45.217712	355.863831	1.000000
0.030801	76.849335	-112.364662	1.000000
0.000000	6605.377441	2936.514648	1.000000
0.000000	-26364.755859	-23441.863281	1.000000
0.000000	-586712.625000	317308.281250	1.000000
0.000000	-108536.234375	249316.671875	1.000000
0.000000	38275.921875	-56191.003906	1.000000
0.000000	440.582977	-1533.760864	1.000000
0.000000	2.827499	-48.340248	1.000000
0.000000	-163.694458	-664.960571	1.000000
0.000000	-320.290222	442.926605	1.000000
0.000000	4112436.000000	2116301.500000	1.000000
0.000000	-71.375854	162.266159	1.000000
0.000000	-45179.027344	75728.875000	1.000000
0.000000	481.747498	1586.486084	1.000000
0.000000	4592.649902	12626.653320	1.000000
0.000000	643.731018	1854.232422	1.000000
0.000000	-43924.199219	2185.263428	1.000000
0.000000	245958.296875	-842228.687500	1.000000
0.000000	-2.070380	-35.876419	1.000000
0.000000	202.002747	-147.309402	1.000000
0.000000	-33078.347656	-139774.046875	1.000000
0.000000	-14255.088867	-13797.031250	1.000000
0.000000	-134.520737	-69.623024	1.000000
0.000000	-323288.281250	730136.875000	1.000000
0.000000	-31574.964844	-19797.246094	1.000000
0.000000	-199.566177	-972.527710	1.000000
0.030801	80.470200	-116.565277	1.000000
0.000000	-3866.371582	-12702.593750	1.000000
0.000000	20.366821	-81.334366	1.000000
0.000000	3127.365723	3234.125488	1.000000
0.000000	-89.212044	402.920502	1.000000
0.000000	799488.937500	-982912.687500	1.000000
0.000000	-135.420471	366.541077	1.000000
0.000000	-3518.549072	-2020.619507	1.000000
0.000000	25.420961	2654.789307	1.000000
0.000000	-140.738586	122.249054	1.000000
0.000000	19978.869141	10326.585938	1.000000
0.000000	-174.137573	627.997253	1.000000
0.000000	-3125.792969	-1834.897583	1.000000
0.000000	65022.214844	112426.007812	1.000000
0.344399	80.350693	45.393093	1.000000
0.000000	484892.843750	100573.984375	1.000000
0.000000	-60.038982	58.160839	1.000000
0.344399	80.845261	41.322941	1.000000
0.000000	276.492828	-132.747925	1.000000
0.000000	-38.379154	-79.871056	1.000000
0.000000	-52521.269531	-3239.560791	1.000000
0.000000	11264.124023	1163.409546	1.000000
0.000000	-146.230728	60.361908	1.000000
0.000000	-144.398575	1955.076416	1.000000
0.000000	-7860.487793	-92906.421875	1.000000
0.000000	-414.457855	1313.467041	1.000000
0.000000	121.510376	110.396172	1.000000
0.000000	82.305382	-3.743637	1.000000
0.000000	45.494347	84.871735	1.000000
0.000000	-42697.488281	-77880.195312	1.000000
0.000000	502.270416	-930.154541	1.000000
0.000000	-148.405121	105.624329	1.000000
0.000000	27.778858	-420.739838	1.000000
0.000000	-435.626953	456.141479	1.000000
0.000000	213.497665	249.130157	1.000000
0.000000	155.371307	750.523071	1.000000
0.000000	-62.041386	-64.167374	1.000000
0.000000	34.247826	361.875916	1.000000
0.000000	-10739.813477	573.793396	1.000000
0.000000	28171368.000000	16549397.000000	1.000000
0.000000	130.652725	-443.946075	1.000000
0.000000	-32876.578125	266935.000000	1.000000
0.000000	27.953819	14.630222	1.000000
0.000000	1265.704346	2818.538086	1.000000
0.000000	4797.771973	10618.102539	1.000000
0.000000	-48790.960938	-126250.796875	1.000000
0.000000	284.882904	-389.491058	1.000000
0.000000	1929694.125000	165065.921875	1.000000
0.000000	-180357.265625	-177937.812500	1.000000
0.000000	-70005.117188	13886.567383	1.000000
0.000000	108.695122	87.517776	1.000000
0.000000	-131028.031250	14710.339844	1.000000
0.000000	-837.022156	115.625191	1.000000
0.000000	-1161.522339	1206.100464	1.000000
0.000000	-1118.466553	914.576660	1.000000
0.000000	49198.269531	57308.718750	1.000000
0.000000	84081.898438	3840.829346	1.000000
0.000000	806.275085	-482.903320	1.000000
0.000000	-119.762756	-153.085495	1.000000
0.000000	-1589278.625000	-1200867.375000	1.000000
0.000000	-17.196829	66.058952	1.000000
0.000000	2590553.750000	19127.691406	1.000000
0.000000	44.848846	59.490894	1.000000
0.000000	-10293.097656	12976.396484	1.000000
0.000000	1826645.375000	135553.796875	1.000000
0.000000	-1595.366577	528.531006	1.000000
0.000000	10.285256	-5.120031	1.000000
0.000000	128.396988	114.450439	1.000000
0.000000	662.241882	1122.891479	1.000000
0.000000	-10435.264648	7221.251465	1.000000
0.000000	-109.684349	107.694153	1.000000
0.000000	27323.451172	25624.933594	1.000000
0.000000	-121.832977	110.703865	1.000000
0.000000	260.908783	229.942017	1.000000
0.000000	215.964783	-9117.017578	1.000000
0.000000	-5333.772949	9768.154297	1.000000
0.000000	458984.656250	25782.718750	1.000000
0.000000	-763.541687	1006.739746	1.000000
0.000000	1960.659912	-5420.554199	1.000000
0.000000	3481.821777	-1820.440186	1.000000
0.000000	-6.607677	-153.255524	1.000000
0.000000	-6.352627	39.617874	1.000000
0.000000	1082.150635	-496.504669	1.000000
0.000000	1176.728638	11998.940430	1.000000
0.000000	18304.058594	-23732.751953	1.000000
0.000000	50.697548	2.914224	1.000000
0.000000	-22.206438	57.443924	1.000000
0.000000	1371.304932	1024.271240	1.000000
0.000000	140.657181	-38.749645	1.000000
0.000000	62.352482	-94.098770	1.000000
0.000000	-1693.690918	50.009872	1.000000
0.000000	75059.328125	-7437.724609	1.000000
0.000000	9.489456	141.155609	1.000000
0.000000	-481.514282	-720.712036	1.000000
0.000000	1195.899170	-9870.925781	1.000000
0.000000	102.558434	76.976501	1.000000
0.000000	29.619196	42.949642	1.000000
0.000000	-3987.729736	-4847.453613	1.000000
0.000000	244.330475	187.973740	1.000000
0.000000	-1809.447388	-2805.541260	1.000000
0.000000	-104.475800	28.300655	1.000000
0.000000	22200.968750	38813.750000	1.000000
0.000000	78.648201	-22.219967	1.000000
0.000000	610.513977	-554.515198	1.000000
0.000000	1015.391357	562.244568	1.000000
0.000000	-308.348297	359.691406	1.000000
0.000000	-31.778152	-101.868080	1.000000
0.000000	9444.459961	5080.441895	1.000000
0.000000	-92807.500000	-330042.406250	1.000000
0.000000	7711.384277	16938.406250	1.000000
0.000000	32.691223	24.679897	1.000000
0.000000	3309.079346	-1173.397095	1.000000
0.000000	-423519.250000	-81734.031250	1.000000
0.000000	-44105600.000000	-10494824.000000	1.000000
0.000000	5899.420898	-4829.496582	1.000000
0.000000	-183.484283	-99.081268	1.000000
0.000000	784.340088	-1827.624878	1.000000
0.000000	6068.708008	528.019775	1.000000
0.000000	-5.037084	3.104321	1.000000
0.000000	-207.668152	1030.119995	1.000000
0.000000	-18823.064453	342.763672	1.000000
0.000000	-351.883118	-149.312820	1.000000
0.000000	262.694641	-74.177094	1.000000
0.000000	14291.451172	-11147.073242	1.000000
