0.000000	31548.578125	455765.000000	1.000000
0.000000	214977.000000	175186.265625	1.000000
0.000000	1176.796631	-12713.381836	1.000000
0.000000	-585.857239	649.637268	1.000000
0.000000	16893.654297	27459.281250	1.000000
0.000000	-13757.016602	769.215515	1.000000
0.000000	-740.779480	-2426.473389	1.000000
0.000000	-595194.312500	1523932.125000	1.000000
0.000000	3540.656982	-2257.758789	1.000000
0.000000	9292453.000000	3386659.750000	1.000000
0.000000	78697400.000000	19959642.000000	1.000000
0.000000	-215.800171	-168.807739	1.000000
0.000000	-265.728821	42.189785	1.000000
0.000000	94.836510	-182.022110	1.000000
0.000000	-73337376.000000	-31090268.000000	1.000000
0.000000	681.347229	-4548.882324	1.000000
0.000000	360.168945	-348.817383	1.000000
0.000000	-6138.450684	7752.841797	1.000000
0.000000	-987.473572	278.412384	1.000000
0.000000	-282.294586	229.282761	1.000000
0.000000	908.586243	7949.303711	1.000000
0.000000	10190.781250	85009.132812	1.000000
0.000000	-35.762630	761.915161	1.000000
0.000000	185.450317	135.583878	1.000000
0.000000	-207156.578125	-53292.988281	1.000000
0.000000	353.710663	-63.696930	1.000000
0.000000	10388.971680	35439.113281	1.000000
0.000000	-3868.418701	11592.056641	1.000000
0.000000	355.918274	-150.704010	1.000000
0.000000	-61531.289062	-273296.843750	1.000000
0.000000	5208.997070	-8951.824219	1.000000
0.000000	4821.344727	891.609253	1.000000
0.000000	-208.804871	438.887909	1.000000
0.000000	-492.904663	-248.488754	1.000000
0.000000	-193.021652	4.579411	1.000000
0.000000	4807.699219	2756.043213	1.000000
0.000000	65.953194	-45.143044	1.000000
0.000000	-5692.559082	-1467.349487	1.000000
0.000000	-246297.640625	-73676.093750	1.000000
0.000000	-46783.542969	-6124.055176	1.000000
0.000000	419.778412	51.078114	1.000000
0.000000	504.544434	62.755924	1.000000
0.000000	-1.298944	176.962936	1.000000
0.000000	-53.999516	-83.089691	1.000000
0.000000	40.198208	174.518066	1.000000
0.000000	-537.480774	-329.390839	1.000000
0.000000	-4131.131836	3389.299316	1.000000
0.000000	-792.312256	379.354279	1.000000
0.000000	-98.713516	-197.453735	1.000000
0.000000	-194.604706	-68.520180	1.000000
0.000000	6978.935059	6286.458984	1.000000
0.000000	-834.488953	1746.255493	1.000000
0.000000	62.686256	1399.735840	1.000000
0.000000	-3360.002686	-11701.325195	1.000000
0.000000	240.627563	-64.162613	1.000000
0.000000	-18.126257	-202.395508	1.000000
0.000000	66.362175	119.996750	1.000000
0.000000	29405522.000000	-21550876.000000	1.000000
0.000000	-502.809875	1624.116821	1.000000
0.000000	540.395386	472.151276	1.000000
0.000000	1746.052856	26297.619141	1.000000
0.000000	3239.174316	-1589.734863	1.000000
0.000000	-56.010494	-197.351807	1.000000
0.000000	125.865082	-306.798370	1.000000
0.000000	5426.256348	-2848.974121	1.000000
0.000000	401055.312500	-1051564.750000	1.000000
0.000000	40263.453125	142593.000000	1.000000
0.000000	899154304.000000	-490293056.000000	1.000000
0.000000	5159.678711	-14821.138672	1.000000
0.000000	-11819835.000000	-661390.687500	1.000000
0.000000	10577.975586	-15173.508789	1.000000
0.000000	0.241888	-295.135468	1.000000
0.000000	-219.187012	-723.505066	1.000000
0.000000	-572.901245	924.549561	1.000000
0.000000	424418.937500	2508.078857	1.000000
0.000000	-9276.279297	10655.778320	1.000000
0.000000	-106.284996	556.158264	1.000000
0.000000	38.741695	-214.973343	1.000000
0.000000	3414.931152	-13216.086914	1.000000
0.000000	-935690816.000000	516809408.000000	1.000000
0.000000	1333545.500000	80176.609375	1.000000
0.000000	370647.437500	-121720.828125	1.000000
0.000000	282559.500000	227373.156250	1.000000
0.000000	24966.994141	-23171.042969	1.000000
0.000000	2203343.750000	933754.437500	1.000000
0.000000	-113.212761	157.132477	1.000000
0.000000	160.188736	-17.735531	1.000000
0.000000	-3212.938721	-426.685791	1.000000
0.000000	-1662.331177	1645.323853	1.000000
0.000000	64.440651	212.656876	1.000000
0.000000	31.080776	25.315495	1.000000
0.000000	-1140.650757	1120.184937	1.000000
0.000000	849.014221	-146.645325	1.000000
0.000000	217.623703	-257.316071	1.000000
0.000000	-4355021.000000	2416277.250000	1.000000
0.000000	1040.591553	574.401550	1.000000
0.000000	-48.510044	-88044.156250	1.000000
0.000000	1711789.125000	-2028472.500000	1.000000
0.000000	797.946899	-1586.741211	1.000000
0.000000	-326.138000	-5258.813965	1.000000
0.000000	691415.187500	-227366.593750	1.000000
0.000000	12310197.000000	-6573529.500000	1.000000
0.000000	-21927.060547	-21432.199219	1.000000
0.000000	170601.578125	-24481.011719	1.000000
0.000000	58.857639	117.572998	1.000000
0.000000	214.074875	-10.691618	1.000000
0.000000	697.960144	-1768.912842	1.000000
0.000000	-96.534309	-181.925217	1.000000
0.000000	77.593155	-193.686600	1.000000
0.000000	-859.697266	992.784607	1.000000
0.000000	-132.479111	-3132.131104	1.000000
0.000000	-53785.132812	119833.890625	1.000000
0.000000	64.658974	174.163528	1.000000
0.000000	-272.900604	5.772422	1.000000
0.000000	-211.308350	-1099.196655	1.000000
0.000000	-64684.246094	15585.550781	1.000000
0.000000	2409.885498	705.988586	1.000000
0.000000	55718.144531	149531.484375	1.000000
0.000000	-13153.686523	6628.823242	1.000000
0.000000	-41715.472656	-29834.257812	1.000000
0.000000	-8524.793945	13763.980469	1.000000
0.000000	230.378418	305.034302	1.000000
0.000000	-247.484543	112.587425	1.000000
0.000000	1492.212402	3237.996826	1.000000
0.000000	547.828003	-392.158539	1.000000
0.000000	1979.561768	187.670990	1.000000
0.000000	549.377686	-450.374817	1.000000
0.000000	14009.845703	-14152.941406	1.000000
0.000000	-225.079208	-88.861595	1.000000
0.000000	-1133.049316	1605.890747	1.000000
0.000000	167.320709	193.650925	1.000000
0.000000	-13427.221680	-2963.279541	1.000000
0.000000	-28607.503906	-61442.296875	1.000000
0.000000	1649.594482	7977.711914	1.000000
0.000000	-2585.601562	1919.359863	1.000000
0.000000	9.326282	-112.835045	1.000000
0.000000	127.500351	278.107727	1.000000
0.000000	-3881.861572	-16107.282227	1.000000
0.000000	673.980530	-53.983940	1.000000
0.000000	-8686.185547	12925.066406	1.000000
0.000000	-924.819214	-3086.292969	1.000000
0.000000	952.954407	474.939117	1.000000
0.000000	192.313980	-233.203888	1.000000
0.000000	-5742.890137	-20526.412109	1.000000
0.000000	-3.241545	-224.935806	1.000000
0.000000	22541.562500	-24501.841797	1.000000
0.000000	-233.414261	-103.087990	1.000000
0.000000	-3300464.250000	1376390.750000	1.000000
0.000000	-17954.572266	-1168.120728	1.000000
0.000000	-16.131876	487.474731	1.000000
0.000000	125.286446	-249.602997	1.000000
0.000000	6652.428223	2798.213867	1.000000
0.000000	-26227.880859	-23396.238281	1.000000
0.000000	-586712.625000	317399.531250	1.000000
0.000000	-108536.234375	249179.796875	1.000000
0.000000	38127.640625	-56191.003906	1.000000
0.000000	535.041016	-1644.971802	1.000000
0.000000	72.965523	79.712029	1.000000
0.000000	-197.066650	-522.917114	1.000000
0.000000	-360.122986	583.366089	1.000000
0.000000	4112436.000000	2116301.500000	1.000000
0.000000	71.746864	191.093674	1.000000
0.000000	-45236.058594	75865.750000	1.000000
0.000000	613.433533	1649.576904	1.000000
0.000000	4733.802246	12589.583008	1.000000
0.000000	629.294983	1708.802734	1.000000
0.000000	-44026.855469	2292.197021	1.000000
0.000000	245821.421875	-842228.687500	1.000000
0.000000	-134.150360	-98.098404	1.000000
0.000000	343.201385	-137.987183	1.000000
0.000000	-33021.316406	-139910.921875	1.000000
0.000000	-14303.565430	-13660.156250	1.000000
0.000000	-280.343994	-77.019264	1.000000
0.000000	-323470.781250	730136.875000	1.000000
0.000000	-31449.496094	-19723.105469	1.000000
0.000000	-331.540070	-1034.905640	1.000000
0.000000	120.161484	-257.535004	1.000000
0.000000	-3726.645020	-12745.367188	1.000000
0.000000	62.592918	-221.105484	1.000000
0.000000	3170.852051	3095.111816	1.000000
0.000000	-20.061014	274.392303	1.000000
0.000000	799306.437500	-982912.687500	1.000000
0.000000	-279.387054	390.868469	1.000000
0.000000	-3378.822510	-2061.967041	1.000000
0.000000	-5.261044	2797.367432	1.000000
0.000000	-243.751282	225.750626	1.000000
0.000000	19904.728516	10452.054688	1.000000
0.000000	-30.235298	603.402527	1.000000
0.000000	-3264.806641	-1880.522583	1.000000
0.000000	65067.839844	112562.882812	1.000000
0.000000	190.055878	142.219910	1.000000
0.000000	484892.843750	100710.859375	1.000000
0.000000	-165.635895	158.989655	1.000000
0.000000	78.838890	186.673508	1.000000
0.000000	301.533112	11.083205	1.000000
0.000000	-184.016403	-89.111176	1.000000
0.000000	-52464.238281	-3106.963135	1.000000
0.000000	11341.116211	1287.452515	1.000000
0.000000	-106.543686	-80.143776	1.000000
0.000000	-59.145592	1836.380127	1.000000
0.000000	-7867.616699	-93043.296875	1.000000
0.000000	-501.876068	1196.552979	1.000000
0.000000	28.379814	218.970703	1.000000
0.000000	224.507004	-44.112663	1.000000
0.000000	50.164394	231.689148	1.000000
0.000000	-42811.550781	-77788.945312	1.000000
0.000000	388.118805	-1021.226318	1.000000
0.000000	-72.409462	230.291077	1.000000
0.000000	-37.551163	-290.191742	1.000000
0.000000	-448.993652	601.571167	1.000000
0.000000	315.530121	144.691681	1.000000
0.000000	190.080170	892.388306	1.000000
0.000000	-128.222534	62.135368	1.000000
0.000000	151.788727	449.212860	1.000000
0.000000	-10885.243164	563.100037	1.000000
0.000000	28171368.000000	16549397.000000	1.000000
0.000000	229.076187	-551.770752	1.000000
0.000000	-32819.546875	266843.750000	1.000000
0.000000	-114.937782	8.166292	1.000000
0.000000	1387.252197	2737.981445	1.000000
0.000000	4655.193848	10652.321289	1.000000
0.000000	-48642.679688	-126250.796875	1.000000
0.000000	156.706299	-459.354340	1.000000
0.000000	1929694.125000	165157.171875	1.000000
0.000000	-180220.390625	-177937.812500	1.000000
0.000000	-70119.179688	13803.872070	1.000000
0.000000	194.361588	-25.529392	1.000000
0.000000	-131073.656250	14850.066406	1.000000
0.000000	-967.302917	181.656677	1.000000
0.000000	-1253.128784	1092.394409	1.000000
0.000000	-1156.249756	1055.590698	1.000000
0.000000	49232.488281	57445.593750	1.000000
0.000000	83967.835938	3753.143799	1.000000
0.000000	945.466980	-438.525879	1.000000
0.000000	-249.553406	-219.963547	1.000000
0.000000	-1589278.625000	-1200867.375000	1.000000
0.000000	-156.112259	112.049744	1.000000
0.000000	2590553.750000	19258.863281	1.000000
0.000000	94.015961	-71.436218	1.000000
0.000000	-10378.644531	13096.162109	1.000000
0.000000	1826645.375000	135462.546875	1.000000
0.000000	-1578.613647	673.604248	1.000000
0.000000	152.487518	22.733829	1.000000
0.000000	249.855728	33.403687	1.000000
0.000000	545.684265	1034.849487	1.000000
0.000000	-10535.069336	7328.185059	1.000000
0.000000	-252.797134	136.595123	1.000000
0.000000	27329.154297	25773.214844	1.000000
0.000000	-15.256684	210.504684	1.000000
0.000000	267.503021	375.809296	1.000000
0.000000	73.929810	-9082.798828	1.000000
0.000000	-5479.202637	9771.005859	1.000000
0.000000	459075.906250	25674.359375	1.000000
0.000000	-900.416687	1057.354980	1.000000
0.000000	2078.021484	-5333.581543	1.000000
0.000000	3484.673340	-1966.582764	1.000000
0.000000	73.250992	-31.036377	1.000000
0.000000	118.493752	115.757439	1.000000
0.000000	1019.403198	-628.221680	1.000000
0.000000	1193.481567	11853.510742	1.000000
0.000000	18161.480469	-23761.267578	1.000000
0.000000	196.306473	-7.698825	1.000000
0.000000	-20.247608	-84.928543	1.000000
0.000000	1250.113525	1105.540771	1.000000
0.000000	286.621521	-42.481182	1.000000
0.000000	86.828697	48.376015	1.000000
0.000000	-1554.677246	94.539757	1.000000
0.000000	75196.203125	-7422.041016	1.000000
0.000000	48.361046	281.898743	1.000000
0.000000	-335.549927	-720.712036	1.000000
0.000000	1186.631592	-9725.496094	1.000000
0.000000	190.829620	193.266785	1.000000
0.000000	140.980042	137.365585	1.000000
0.000000	-3920.718018	-4717.707520	1.000000
0.000000	388.337982	211.766464	1.000000
0.000000	-1926.717896	-2892.513916	1.000000
0.000000	-47.768684	156.279861	1.000000
0.000000	22223.781250	38962.031250	1.000000
0.000000	222.001068	-24.318422	1.000000
0.000000	756.478333	-552.020081	1.000000
0.000000	1141.572998	635.672302	1.000000
0.000000	-314.407867	505.566650	1.000000
0.000000	60.315456	-215.167999	1.000000
0.000000	9518.600586	4954.973145	1.000000
0.000000	-92739.062500	-330133.656250	1.000000
0.000000	7856.813965	16944.109375	1.000000
0.000000	127.485291	-86.482300	1.000000
0.000000	3356.843018	-1035.452759	1.000000
0.000000	-423428.000000	-81848.093750	1.000000
0.000000	-44105600.000000	-10494824.000000	1.000000
0.000000	5965.006836	-4699.750488	1.000000
0.000000	-238.871307	35.952831	1.000000
0.000000	912.303955	-1757.405151	1.000000
0.000000	5954.645508	437.304443	1.000000
0.000000	-140.574295	-51.178432	1.000000
0.000000	-353.469055	1022.991089	1.000000
0.000000	-18800.251953	198.599289	1.000000
0.000000	-497.847473	-153.367386	1.000000
0.000000	283.744843	-217.267487	1.000000
0.000000	14425.474609	-11090.041992	1.000000
