0.000000	31621.292969	455696.562500	1.000000
0.000000	214942.781250	175083.609375	1.000000
0.000000	1160.489258	-12604.309570	1.000000
0.000000	-695.330505	651.241272	1.000000
0.000000	16902.208984	27570.492188	1.000000
0.000000	-13863.950195	793.943909	1.000000
0.000000	-839.024719	-2378.353271	1.000000
0.000000	-595057.437500	1523932.125000	1.000000
0.000000	3484.516846	-2351.860352	1.000000
0.000000	9292453.000000	3386659.750000	1.000000
0.000000	78697400.000000	19959642.000000	1.000000
0.000000	-110.133583	-140.136169	1.000000
0.000000	-213.893188	-54.259857	1.000000
0.000000	98.863228	-72.590714	1.000000
0.000000	-73337376.000000	-31090268.000000	1.000000
0.000000	586.042664	-4602.349121	1.000000
0.000000	334.504883	-242.355911	1.000000
0.000000	-6081.775879	7658.740234	1.000000
0.000000	-987.740906	387.885651	1.000000
0.000000	-244.724136	126.426018	1.000000
0.000000	885.060852	7842.370117	1.000000
0.000000	10092.402344	84957.804688	1.000000
0.000000	-14.579846	654.446899	1.000000
0.000000	106.740021	207.264099	1.000000
0.000000	-207225.015625	-53215.996094	1.000000
0.000000	244.568054	-72.268326	1.000000
0.000000	10391.110352	35550.324219	1.000000
0.000000	-3760.950439	11613.443359	1.000000
0.000000	260.212708	-97.504555	1.000000
0.000000	-61642.500000	-273296.843750	1.000000
0.000000	5274.226562	-9039.509766	1.000000
0.000000	4715.480469	864.608521	1.000000
0.000000	-107.822800	396.515472	1.000000
0.000000	-412.771301	-323.138397	1.000000
0.000000	-107.441360	72.890213	1.000000
0.000000	4708.250977	2710.596436	1.000000
0.000000	167.785614	-4.911514	1.000000
0.000000	-5608.081543	-1398.109985	1.000000
0.000000	-246331.859375	-73573.437500	1.000000
0.000000	-46869.089844	-6057.756348	1.000000
0.000000	335.367706	-18.643845	1.000000
0.000000	441.253113	152.124390	1.000000
0.000000	-0.315682	67.465485	1.000000
0.320105	-7.881956	16.434063	1.000000
0.107896	26.665573	66.409286	1.000000
0.000000	-496.177704	-430.777252	1.000000
0.000000	-4220.956055	3451.855469	1.000000
0.000000	-730.157104	289.195892	1.000000
0.000000	-74.620041	-90.647972	1.000000
0.000000	-87.443512	-45.997288	1.000000
0.000000	6869.862793	6298.221680	1.000000
0.000000	-774.739807	1837.951050	1.000000
0.000000	124.924950	1489.827393	1.000000
0.000000	-3296.377197	-11791.149414	1.000000
0.000000	139.508484	-106.150757	1.000000
0.000000	-20.238348	-94.615715	1.000000
0.000000	-43.071453	123.789551	1.000000
0.000000	29405522.000000	-21550876.000000	1.000000
0.000000	-414.589661	1559.421997	1.000000
0.000000	612.441895	389.745575	1.000000
0.000000	1802.460327	26391.720703	1.000000
0.000000	3197.470215	-1488.415283	1.000000
0.000000	1.011302	-102.534454	1.000000
0.000000	66.784271	-214.619995	1.000000
0.000000	5493.624512	-2762.892578	1.000000
0.000000	400986.875000	-1051564.750000	1.000000
0.000000	40357.554688	142661.437500	1.000000
0.000000	899154304.000000	-490293056.000000	1.000000
0.000000	5230.254883	-14737.730469	1.000000
0.000000	-11819835.000000	-661527.562500	1.000000
0.000000	10522.370117	-15267.610352	1.000000
0.000000	32.589504	-190.520142	1.000000
0.000000	-136.547394	-651.725891	1.000000
0.000000	-682.374512	928.292236	1.000000
0.000000	424555.812500	2535.346924	1.000000
0.000000	-9169.345703	10681.442383	1.000000
0.000000	0.001992	582.490662	1.000000
0.000000	48.332302	-105.901077	1.000000
0.000000	3404.237793	-13107.014648	1.000000
0.000000	-935690816.000000	516809408.000000	1.000000
0.000000	1333545.500000	80073.953125	1.000000
0.000000	370510.562500	-121703.718750	1.000000
0.000000	282696.375000	227338.937500	1.000000
0.000000	25065.373047	-23222.371094	1.000000
0.000000	2203343.750000	933891.312500	1.000000
0.000000	-58.410267	67.239075	1.000000
0.000000	265.559296	8.636702	1.000000
0.000000	-3281.376221	-512.232666	1.000000
0.000000	-1649.499146	1536.518921	1.000000
0.000000	13.949354	115.483131	1.000000
0.000000	59.209461	131.143280	1.000000
0.000000	-1035.053833	1149.057007	1.000000
0.000000	756.516663	-88.010330	1.000000
0.000000	193.262894	-364.049164	1.000000
0.000000	-4355021.000000	2416277.250000	1.000000
0.000000	945.845093	519.464417	1.000000
0.000000	58.651604	-88027.046875	1.000000
0.000000	1711789.125000	-2028472.500000	1.000000
0.000000	777.495850	-1694.209473	1.000000
0.000000	-416.162720	-5196.792480	1.000000
0.000000	691415.187500	-227263.937500	1.000000
0.000000	12310197.000000	-6573529.500000	1.000000
0.000000	-21901.396484	-21325.265625	1.000000
0.000000	170498.921875	-24416.851562	1.000000
0.906923	106.134430	18.859854	1.000000
0.906923	108.540154	22.141958	1.000000
0.000000	803.958069	-1741.644775	1.000000
0.000000	-24.491949	-99.458473	1.000000
0.000000	37.743683	-91.698685	1.000000
0.000000	-828.285522	887.856018	1.000000
0.000000	-26.316845	-3158.864502	1.000000
0.000000	-53673.921875	119833.890625	1.000000
0.107896	25.868452	71.202049	1.000000
0.000000	-166.929733	-22.004532	1.000000
0.000000	-316.623749	-1129.138062	1.000000
0.000000	-64778.347656	15645.433594	1.000000
0.000000	2377.270752	601.460999	1.000000
0.000000	55632.597656	149463.046875	1.000000
0.000000	-13048.891602	6663.041992	1.000000
0.000000	-41629.925781	-29898.417969	1.000000
0.000000	-8614.618164	13701.958984	1.000000
0.000000	131.464844	258.117188	1.000000
0.000000	-166.849930	38.502495	1.000000
0.000000	1413.348877	3313.919678	1.000000
0.000000	442.097443	-363.620636	1.000000
0.000000	2049.877686	271.586639	1.000000
0.000000	527.990967	-342.973389	1.000000
0.000000	14033.371094	-14046.007812	1.000000
0.000000	-131.712814	-31.673531	1.000000
0.000000	-1091.612549	1707.210327	1.000000
0.000000	89.058685	117.059738	1.000000
0.000000	-13534.155273	-2939.219482	1.000000
0.000000	-28539.066406	-61356.750000	1.000000
0.000000	1589.711670	7885.749023	1.000000
0.000000	-2652.435059	2005.976074	1.000000
0.000000	-90.868958	-68.658104	1.000000
0.000000	199.914566	360.246094	1.000000
0.000000	-3951.368408	-16192.829102	1.000000
0.000000	568.784607	-84.543556	1.000000
0.000000	-8577.113281	12916.511719	1.000000
0.000000	-957.834961	-2982.032715	1.000000
0.000000	964.850769	366.067352	1.000000
0.000000	85.313553	-209.979248	1.000000
0.000000	-5850.893066	-20543.521484	1.000000
0.000000	-9.001757	-115.594315	1.000000
0.000000	22571.503906	-24394.908203	1.000000
0.000000	-159.596664	-22.215645	1.000000
0.000000	-3300464.250000	1376390.750000	1.000000
0.000000	-17916.076172	-1065.999146	1.000000
0.000000	29.924751	388.160156	1.000000
0.000000	88.778648	-146.378662	1.000000
0.000000	6617.140137	2901.939453	1.000000
0.000000	-26330.537109	-23430.457031	1.000000
0.000000	-586712.625000	317331.093750	1.000000
0.000000	-108536.234375	249282.453125	1.000000
0.000000	38238.851562	-56191.003906	1.000000
0.000000	464.197479	-1561.563599	1.000000
0.000000	20.361557	-16.327003	1.000000
0.000000	-172.037506	-629.449707	1.000000
0.000000	-330.248413	478.036469	1.000000
0.000000	4112436.000000	2116301.500000	1.000000
0.000000	-35.595444	169.473038	1.000000
0.000000	-45193.285156	75763.093750	1.000000
0.000000	514.653625	1602.258789	1.000000
0.000000	4627.937988	12617.385742	1.000000
0.000000	640.122009	1817.875000	1.000000
0.000000	-43949.863281	2211.996826	1.000000
0.000000	245924.078125	-842228.687500	1.000000
0.000000	-35.089890	-51.431915	1.000000
0.000000	238.393585	-144.491257	1.000000
0.000000	-33064.089844	-139808.265625	1.000000
0.000000	-14267.208008	-13762.812500	1.000000
0.000000	-170.978409	-71.472084	1.000000
0.000000	-323333.906250	730136.875000	1.000000
0.000000	-31543.597656	-19778.710938	1.000000
0.000000	-232.559647	-988.122192	1.000000
0.000000	90.570953	-152.105637	1.000000
0.000000	-3831.439941	-12713.287109	1.000000
0.000000	30.922337	-116.277145	1.000000
0.000000	3138.237305	3199.372070	1.000000
0.000000	-71.884270	370.833038	1.000000
0.000000	799443.312500	-982912.687500	1.000000
0.000000	-171.410309	372.622925	1.000000
0.000000	-3483.617432	-2030.956421	1.000000
0.000000	17.750425	2690.433838	1.000000
0.000000	-166.491760	148.123520	1.000000
0.000000	19960.333984	10357.953125	1.000000
0.000000	-138.158875	621.848572	1.000000
0.000000	-3160.546387	-1846.303833	1.000000
0.000000	65033.621094	112460.226562	1.000000
0.000000	107.424316	70.692322	1.000000
0.000000	484892.843750	100608.203125	1.000000
0.000000	-86.438210	83.367561	1.000000
0.000000	80.225685	77.174583	1.000000
0.000000	282.752899	-96.791504	1.000000
0.000000	-74.743629	-82.143784	1.000000
0.000000	-52507.011719	-3206.411377	1.000000
0.000000	11283.372070	1194.420288	1.000000
0.000000	-136.305954	25.235336	1.000000
0.000000	-123.088539	1925.402344	1.000000
0.000000	-7862.270020	-92940.640625	1.000000
0.000000	-436.312408	1284.238525	1.000000
0.000000	97.394623	137.797897	1.000000
0.000000	117.192467	-14.475986	1.000000
0.000000	47.493782	121.318268	1.000000
0.000000	-42726.003906	-77857.382812	1.000000
0.000000	473.732513	-952.922485	1.000000
0.000000	-129.402130	136.791016	1.000000
0.000000	11.446423	-388.102814	1.000000
0.000000	-438.968628	492.498901	1.000000
0.000000	239.005783	223.020538	1.000000
0.000000	164.048523	785.989380	1.000000
0.000000	-76.978027	-34.637447	1.000000
0.000000	63.589722	384.317535	1.000000
0.000000	-10776.170898	571.120056	1.000000
0.000000	28171368.000000	16549397.000000	1.000000
0.000000	155.258591	-470.902252	1.000000
0.000000	-32862.320312	266912.187500	1.000000
0.320105	-8.480308	12.582735	1.000000
0.000000	1296.091309	2798.398926	1.000000
0.000000	4762.127441	10626.657227	1.000000
0.000000	-48753.890625	-126250.796875	1.000000
0.000000	252.846283	-406.956879	1.000000
0.000000	1929694.125000	165088.734375	1.000000
0.000000	-180323.046875	-177937.812500	1.000000
0.000000	-70033.632812	13865.893555	1.000000
0.000000	130.638794	58.351067	1.000000
0.000000	-131039.437500	14745.271484	1.000000
0.000000	-869.592346	132.133057	1.000000
0.000000	-1184.423950	1177.673950	1.000000
0.000000	-1127.912354	949.820190	1.000000
0.000000	49206.824219	57342.937500	1.000000
0.000000	84053.382812	3818.907959	1.000000
0.000000	841.073059	-471.808960	1.000000
0.000000	-152.210419	-169.805008	1.000000
0.000000	-1589278.625000	-1200867.375000	1.000000
0.000000	-52.412514	75.655128	1.000000
0.000000	2590553.750000	19160.484375	1.000000
0.000000	57.527718	25.263790	1.000000
0.000000	-10314.484375	13006.337891	1.000000
0.000000	1826645.375000	135530.984375	1.000000
0.000000	-1591.178345	564.799316	1.000000
0.000000	45.865002	3.025193	1.000000
0.000000	158.761673	94.188751	1.000000
0.000000	633.102478	1100.880981	1.000000
0.000000	-10460.215820	7247.984863	1.000000
0.000000	-145.462540	114.917740	1.000000
0.000000	27324.876953	25662.003906	1.000000
0.000000	-95.188690	135.651169	1.000000
0.000000	262.557343	266.402863	1.000000
0.000000	180.453918	-9108.462891	1.000000
0.000000	-5370.130371	9768.867188	1.000000
0.000000	459007.468750	25755.628906	1.000000
0.000000	-797.760437	1019.393555	1.000000
0.000000	1989.977539	-5398.811035	1.000000
0.000000	3482.534668	-1856.975830	1.000000
0.000000	13.357235	-122.701477	1.000000
0.000000	24.843639	58.999825	1.000000
0.000000	1066.467041	-529.441772	1.000000
0.000000	1180.916870	11962.583008	1.000000
0.000000	18268.414062	-23739.880859	1.000000
0.000000	87.100540	0.260901	1.000000
0.000000	-20.162447	21.000597	1.000000
0.000000	1341.007080	1044.588623	1.000000
0.000000	177.148270	-39.682529	1.000000
0.000000	68.205200	-58.069946	1.000000
0.000000	-1658.937500	61.140434	1.000000
0.000000	75093.546875	-7433.803711	1.000000
0.000000	19.206768	176.343445	1.000000
0.000000	-445.023193	-720.712036	1.000000
0.000000	1193.582275	-9834.568359	1.000000
0.000000	124.630196	106.049072	1.000000
0.000000	57.458134	66.555489	1.000000
0.000000	-3970.976807	-4815.017090	1.000000
0.000000	280.335052	193.921921	1.000000
0.000000	-1838.765015	-2827.284424	1.000000
0.000000	-89.092957	61.399944	1.000000
0.000000	22206.671875	38850.820312	1.000000
0.000000	115.150429	-22.100224	1.000000
0.000000	647.005066	-553.891418	1.000000
0.000000	1046.936768	580.601501	1.000000
0.000000	-309.863190	396.160217	1.000000
0.000000	-8.755186	-130.189209	1.000000
0.000000	9462.995117	5049.074707	1.000000
0.000000	-92790.390625	-330065.218750	1.000000
0.000000	7747.741699	16939.832031	1.000000
0.000000	56.238892	-3.207634	1.000000
0.000000	3321.020264	-1138.911011	1.000000
0.000000	-423496.437500	-81762.546875	1.000000
0.000000	-44105600.000000	-10494824.000000	1.000000
0.000000	5915.817383	-4797.060059	1.000000
0.000000	-197.341095	-65.313644	1.000000
0.000000	816.331055	-1810.069946	1.000000
0.000000	6040.192383	505.340942	1.000000
0.000000	-38.920559	-10.466554	1.000000
0.000000	-244.125824	1028.337769	1.000000
0.000000	-18817.361328	306.718140	1.000000
0.000000	-388.374207	-150.326462	1.000000
0.000000	266.860596	-110.439835	1.000000
0.000000	14324.957031	-11132.815430	1.000000
