0.000000	31384.886719	455919.062500	1.000000
0.000000	215054.031250	175417.359375	1.000000
0.000000	1213.506836	-12958.918945	1.000000
0.000000	-339.417419	646.026428	1.000000
0.000000	16874.396484	27208.929688	1.000000
0.000000	-13516.293945	713.548401	1.000000
0.000000	-519.615540	-2534.798584	1.000000
0.000000	-595502.437500	1523932.125000	1.000000
0.000000	3667.036377	-2045.922852	1.000000
0.000000	9292453.000000	3386659.750000	1.000000
0.000000	78697400.000000	19959642.000000	1.000000
0.000000	-453.664246	-233.351501	1.000000
0.000000	-382.479309	259.304504	1.000000
0.000000	85.771797	-428.334076	1.000000
0.000000	-73337376.000000	-31090268.000000	1.000000
0.000000	895.891296	-4428.520996	1.000000
0.000000	417.942383	-588.438843	1.000000
0.000000	-6266.033691	7964.677734	1.000000
0.000000	-986.871765	31.906624	1.000000
0.000000	-366.848419	460.827850	1.000000
0.000000	961.545227	8190.026367	1.000000
0.000000	10412.246094	85124.679688	1.000000
0.000000	-83.455803	1003.841431	1.000000
0.000000	367.882904	-31.142939	1.000000
0.000000	-207002.515625	-53466.308594	1.000000
0.000000	599.451721	-44.401505	1.000000
0.000000	10384.157227	35188.761719	1.000000
0.000000	-4110.273438	11543.912109	1.000000
0.000000	571.365051	-270.463531	1.000000
0.000000	-61280.937500	-273296.843750	1.000000
0.000000	5062.156250	-8754.431641	1.000000
0.000000	5059.660156	952.391724	1.000000
0.000000	-436.137329	534.274231	1.000000
0.000000	-673.161682	-80.509476	1.000000
0.000000	-385.624359	-149.190079	1.000000
0.000000	5031.571289	2858.350342	1.000000
0.000000	-163.291077	-135.749344	1.000000
0.000000	-5882.729980	-1623.217407	1.000000
0.000000	-246220.609375	-73907.187500	1.000000
0.000000	-46590.964844	-6273.303223	1.000000
0.000000	609.876282	208.017624	1.000000
0.000000	646.879578	-138.422363	1.000000
0.000000	-3.512228	423.426880	1.000000
0.000000	-163.995743	-301.844055	1.000000
0.000000	70.838120	419.127411	1.000000
0.000000	-630.459900	-101.104630	1.000000
0.000000	-3928.924805	3248.476562	1.000000
0.000000	-932.232300	582.365662	1.000000
0.000000	-152.951340	-437.875488	1.000000
0.000000	-435.797852	-119.222389	1.000000
0.000000	7224.472168	6259.979492	1.000000
0.000000	-968.992737	1539.835815	1.000000
0.000000	-77.418365	1196.927002	1.000000
0.000000	-3503.232666	-11499.118164	1.000000
0.000000	470.051025	25.609842	1.000000
0.000000	-12.032965	-448.835327	1.000000
0.000000	312.709442	111.458618	1.000000
0.000000	29405522.000000	-21550876.000000	1.000000
0.000000	-701.406067	1769.754028	1.000000
0.000000	378.084381	657.776306	1.000000
0.000000	1619.071655	26085.783203	1.000000
0.000000	3333.056152	-1817.819580	1.000000
0.000000	-185.700989	-406.952026	1.000000
0.000000	258.864349	-514.272827	1.000000
0.000000	5274.601074	-3042.755859	1.000000
0.000000	401209.375000	-1051564.750000	1.000000
0.000000	40051.617188	142438.937500	1.000000
0.000000	899154304.000000	-490293056.000000	1.000000
0.000000	5000.801758	-15008.902344	1.000000
0.000000	-11819835.000000	-661082.562500	1.000000
0.000000	10703.151367	-14961.672852	1.000000
0.000000	-72.576935	-530.604187	1.000000
0.000000	-405.280823	-885.090149	1.000000
0.000000	-326.574707	916.124268	1.000000
0.000000	424110.812500	2446.694580	1.000000
0.000000	-9517.001953	10598.004883	1.000000
0.000000	-345.546783	496.880310	1.000000
0.000000	17.151882	-460.510468	1.000000
0.000000	3439.003418	-13461.624023	1.000000
0.000000	-935690816.000000	516809408.000000	1.000000
0.000000	1333545.500000	80407.703125	1.000000
0.000000	370955.562500	-121759.343750	1.000000
0.000000	282251.375000	227450.187500	1.000000
0.000000	24745.529297	-23055.496094	1.000000
0.000000	2203343.750000	933446.312500	1.000000
0.000000	-243.052536	366.676147	1.000000
0.000000	-80.381584	-71.486885	1.000000
0.000000	-3058.876221	-234.116226	1.000000
0.000000	-1691.217896	1890.259155	1.000000
0.000000	178.106873	431.413574	1.000000
0.000000	-32.249905	-212.918274	1.000000
0.000000	-1378.364380	1055.189819	1.000000
0.000000	1057.239258	-278.653748	1.000000
0.000000	272.440735	-16.973637	1.000000
0.000000	-4355021.000000	2416277.250000	1.000000
0.000000	1253.631104	698.072815	1.000000
0.000000	-289.747559	-88082.671875	1.000000
0.000000	1711789.125000	-2028472.500000	1.000000
0.000000	843.985107	-1344.814941	1.000000
0.000000	-123.478775	-5398.433105	1.000000
0.000000	691415.187500	-227597.687500	1.000000
0.000000	12310197.000000	-6573529.500000	1.000000
0.000000	-21984.833984	-21672.921875	1.000000
0.000000	170832.671875	-24625.445312	1.000000
0.000000	-47.508137	336.280975	1.000000
0.000000	449.969696	-82.370644	1.000000
0.000000	459.343811	-1830.297119	1.000000
0.000000	-258.721191	-367.582550	1.000000
0.000000	167.316437	-423.275848	1.000000
0.000000	-930.409546	1228.732544	1.000000
0.000000	-371.435242	-3071.950439	1.000000
0.000000	-54035.484375	119833.890625	1.000000
0.000000	147.546478	401.805481	1.000000
0.000000	-511.366486	68.213814	1.000000
0.000000	25.746004	-1031.794312	1.000000
0.000000	-64472.410156	15450.746094	1.000000
0.000000	2483.305908	941.294983	1.000000
0.000000	55910.722656	149685.546875	1.000000
0.000000	-13389.594727	6551.791992	1.000000
0.000000	-41908.050781	-29689.824219	1.000000
0.000000	-8322.586914	13903.599609	1.000000
0.000000	453.046875	410.651367	1.000000
0.000000	-429.076172	279.352539	1.000000
0.000000	1669.745361	3067.083740	1.000000
0.000000	785.842529	-456.401398	1.000000
0.000000	1821.286621	-1.246381	1.000000
0.000000	597.522217	-692.038513	1.000000
0.000000	13956.886719	-14393.664062	1.000000
0.000000	-435.260193	-217.584427	1.000000
0.000000	-1226.329346	1377.806030	1.000000
0.000000	343.499603	366.068512	1.000000
0.000000	-13186.499023	-3017.442139	1.000000
0.000000	-28761.566406	-61634.875000	1.000000
0.000000	1784.399170	8184.733398	1.000000
0.000000	-2435.149902	1724.374512	1.000000
0.000000	234.869354	-212.283585	1.000000
0.000000	-31.294752	96.183571	1.000000
0.000000	-3725.391846	-15914.704102	1.000000
0.000000	910.791443	14.805350	1.000000
0.000000	-8931.722656	12944.324219	1.000000
0.000000	-850.496094	-3320.997559	1.000000
0.000000	926.174011	719.897156	1.000000
0.000000	433.187103	-285.528259	1.000000
0.000000	-5499.760254	-20487.896484	1.000000
0.000000	9.725496	-471.074738	1.000000
0.000000	22474.160156	-24742.564453	1.000000
0.000000	-399.653107	-285.134521	1.000000
0.000000	-3300464.250000	1376390.750000	1.000000
0.000000	-18041.232422	-1398.010864	1.000000
0.000000	-119.801750	711.045898	1.000000
0.000000	207.434296	-482.048737	1.000000
0.000000	6731.866699	2564.712891	1.000000
0.000000	-25996.787109	-23319.207031	1.000000
0.000000	-586712.625000	317553.593750	1.000000
0.000000	-108536.234375	248948.703125	1.000000
0.000000	37877.289062	-56191.003906	1.000000
0.000000	694.519775	-1832.735474	1.000000
0.000000	191.370987	295.911041	1.000000
0.000000	-253.410797	-282.953552	1.000000
0.000000	-427.374878	820.477905	1.000000
0.000000	4112436.000000	2116301.500000	1.000000
0.000000	310.651520	239.645950	1.000000
0.000000	-45332.347656	76096.843750	1.000000
0.000000	835.801086	1756.096680	1.000000
0.000000	4972.117676	12526.995117	1.000000
0.000000	604.921814	1463.265625	1.000000
0.000000	-44200.175781	2472.739014	1.000000
0.000000	245590.328125	-842228.687500	1.000000
0.000000	-357.119720	-203.124374	1.000000
0.000000	589.039368	-118.972923	1.000000
0.000000	-32925.027344	-140142.015625	1.000000
0.000000	-14385.411133	-13429.062500	1.000000
0.000000	-526.482910	-89.506752	1.000000
0.000000	-323778.906250	730136.875000	1.000000
0.000000	-31237.660156	-19597.929688	1.000000
0.000000	-554.387573	-1140.221802	1.000000
0.000000	186.740768	-494.797272	1.000000
0.000000	-3490.736816	-12817.583984	1.000000
0.000000	133.872864	-457.024811	1.000000
0.000000	3244.272461	2860.407227	1.000000
0.000000	96.887573	61.043968	1.000000
0.000000	798998.312500	-982912.687500	1.000000
0.000000	-522.516907	431.941772	1.000000
0.000000	-3142.914307	-2131.776611	1.000000
0.000000	-57.058880	3038.090088	1.000000
0.000000	-417.673401	400.438019	1.000000
0.000000	19779.552734	10663.890625	1.000000
0.000000	212.726471	561.877869	1.000000
0.000000	-3499.511230	-1957.553833	1.000000
0.000000	65144.871094	112793.976562	1.000000
0.000000	371.801483	308.718475	1.000000
0.000000	484892.843750	100941.953125	1.000000
0.000000	-343.921112	329.193359	1.000000
0.000000	78.437828	433.252563	1.000000
0.000000	343.810028	253.916199	1.000000
0.000000	-430.004883	-104.795761	1.000000
0.000000	-52367.949219	-2883.091064	1.000000
0.000000	11471.106445	1496.881226	1.000000
0.000000	-40.614418	-318.666718	1.000000
0.000000	84.794914	1635.978516	1.000000
0.000000	-7879.652832	-93274.390625	1.000000
0.000000	-649.609253	999.160400	1.000000
0.000000	-134.473495	404.026245	1.000000
0.000000	460.114288	-116.592751	1.000000
0.000000	63.667431	477.828064	1.000000
0.000000	-43004.128906	-77634.882812	1.000000
0.000000	195.413895	-1175.283447	1.000000
0.000000	55.891983	440.772949	1.000000
0.000000	-147.858566	-69.770119	1.000000
0.000000	-471.561401	847.108276	1.000000
0.000000	487.797272	-31.628317	1.000000
0.000000	248.681091	1131.907349	1.000000
0.000000	-243.543732	279.989349	1.000000
0.000000	350.345428	595.215637	1.000000
0.000000	-11130.780273	545.045837	1.000000
0.000000	28171368.000000	16549397.000000	1.000000
0.000000	395.313080	-733.817261	1.000000
0.000000	-32723.257812	266689.687500	1.000000
0.000000	-361.375610	1.903357	1.000000
0.000000	1592.468262	2601.973145	1.000000
0.000000	4414.471191	10710.094727	1.000000
0.000000	-48392.328125	-126250.796875	1.000000
0.000000	-59.708225	-577.308472	1.000000
0.000000	1929694.125000	165311.234375	1.000000
0.000000	-179989.296875	-177937.812500	1.000000
0.000000	-70311.757812	13664.252930	1.000000
0.000000	342.556488	-222.486816	1.000000
0.000000	-131150.687500	15085.974609	1.000000
0.000000	-1187.039917	293.141357	1.000000
0.000000	-1407.793091	900.611816	1.000000
0.000000	-1220.041260	1293.906128	1.000000
0.000000	49290.261719	57676.687500	1.000000
0.000000	83775.257812	3605.099365	1.000000
0.000000	1180.272095	-363.600952	1.000000
0.000000	-468.613251	-332.928741	1.000000
0.000000	-1589278.625000	-1200867.375000	1.000000
0.000000	-393.976318	176.828445	1.000000
0.000000	2590553.750000	19480.328125	1.000000
0.000000	179.637878	-302.580841	1.000000
0.000000	-10523.078125	13298.369141	1.000000
0.000000	1826645.375000	135308.484375	1.000000
0.000000	-1550.328735	918.539551	1.000000
0.000000	391.771515	77.617714	1.000000
0.000000	453.130127	-98.671494	1.000000
0.000000	348.893494	886.482239	1.000000
0.000000	-10703.575195	7508.727051	1.000000
0.000000	-494.422485	185.416687	1.000000
0.000000	27338.783203	26023.566406	1.000000
0.000000	164.681671	379.010529	1.000000
0.000000	278.636444	622.031433	1.000000
0.000000	-165.868378	-9025.025391	1.000000
0.000000	-5724.739746	9775.820312	1.000000
0.000000	459229.968750	25491.410156	1.000000
0.000000	-1131.510498	1142.811523	1.000000
0.000000	2276.617676	-5186.740723	1.000000
0.000000	3489.487793	-2213.323486	1.000000
0.000000	208.070953	175.314041	1.000000
0.000000	329.278229	243.494507	1.000000
0.000000	913.184326	-850.589233	1.000000
0.000000	1221.766479	11607.973633	1.000000
0.000000	17920.757812	-23809.412109	1.000000
0.000000	442.144501	-25.619202	1.000000
0.000000	-6.440679	-331.060883	1.000000
0.000000	1045.499268	1242.752686	1.000000
0.000000	533.061340	-48.781345	1.000000
0.000000	126.359871	291.668671	1.000000
0.000000	-1319.972656	169.707092	1.000000
0.000000	75427.296875	-7395.561523	1.000000
0.000000	113.995583	519.466614	1.000000
0.000000	-89.059158	-720.712036	1.000000
0.000000	1170.984619	-9479.958984	1.000000
0.000000	339.894318	389.606201	1.000000
0.000000	328.998596	296.788361	1.000000
0.000000	-3807.578369	-4498.649902	1.000000
0.000000	631.467896	251.937057	1.000000
0.000000	-2124.479004	-3039.354736	1.000000
0.000000	56.119564	379.851013	1.000000
0.000000	22262.296875	39212.382812	1.000000
0.000000	468.451263	-23.509745	1.000000
0.000000	1002.918152	-547.807434	1.000000
0.000000	1354.612549	759.644470	1.000000
0.000000	-324.638580	751.709473	1.000000
0.000000	215.807236	-406.408112	1.000000
0.000000	9643.776367	4743.137207	1.000000
0.000000	-92623.515625	-330287.718750	1.000000
0.000000	8102.351074	16953.738281	1.000000
0.000000	286.512695	-274.839478	1.000000
0.000000	3437.485107	-802.267456	1.000000
0.000000	-423273.937500	-82040.671875	1.000000
0.000000	-44105600.000000	-10494824.000000	1.000000
0.000000	6075.739258	-4480.692871	1.000000
0.000000	-332.452240	264.022369	1.000000
0.000000	1128.352539	-1638.849243	1.000000
0.000000	5762.067383	284.144653	1.000000
0.000000	-369.411255	-142.832382	1.000000
0.000000	-599.607971	1010.954956	1.000000
0.000000	-18761.736328	-44.775032	1.000000
0.000000	-744.287292	-160.212936	1.000000
0.000000	311.879303	-462.190887	1.000000
0.000000	14651.753906	-10993.752930	1.000000
