0.000000	31530.316406	455782.187500	1.000000
0.000000	214985.593750	175212.046875	1.000000
0.000000	1180.892090	-12740.774414	1.000000
0.000000	-558.363953	649.234436	1.000000
0.000000	16891.505859	27431.351562	1.000000
0.000000	-13730.161133	763.005188	1.000000
0.000000	-716.106018	-2438.558350	1.000000
0.000000	-595228.687500	1523932.125000	1.000000
0.000000	3554.756104	-2234.125977	1.000000
0.000000	9292453.000000	3386659.750000	1.000000
0.000000	78697400.000000	19959642.000000	1.000000
0.000000	-242.336731	-176.008362	1.000000
0.000000	-278.753723	66.412369	1.000000
0.000000	93.825233	-209.507004	1.000000
0.000000	-73337376.000000	-31090268.000000	1.000000
0.000000	705.282166	-4535.454590	1.000000
0.000000	366.614258	-375.555359	1.000000
0.000000	-6152.684082	7776.474609	1.000000
0.000000	-987.406433	250.917542	1.000000
0.000000	-291.727570	255.114365	1.000000
0.000000	914.494446	7976.159180	1.000000
0.000000	10215.488281	85022.023438	1.000000
0.000000	-41.083370	788.904907	1.000000
0.000000	205.692627	116.969681	1.000000
0.000000	-207139.390625	-53312.324219	1.000000
0.000000	381.120026	-61.544296	1.000000
0.000000	10388.434570	35411.183594	1.000000
0.000000	-3895.408447	11586.685547	1.000000
0.000000	379.953918	-164.064606	1.000000
0.000000	-61503.359375	-273296.843750	1.000000
0.000000	5192.615234	-8929.802734	1.000000
0.000000	4847.931641	898.390259	1.000000
0.000000	-234.166504	449.529388	1.000000
0.000000	-513.028625	-229.748672	1.000000
0.000000	-214.514420	-12.576228	1.000000
0.000000	4832.674805	2767.456787	1.000000
0.000000	40.377556	-55.251610	1.000000
0.000000	-5713.774902	-1484.738403	1.000000
0.000000	-246289.046875	-73701.875000	1.000000
0.000000	-46762.058594	-6140.705566	1.000000
0.000000	440.977448	68.588715	1.000000
0.000000	520.430603	40.312725	1.000000
0.000000	-1.545862	204.464615	1.000000
0.000000	-66.389107	-107.641464	1.000000
0.000000	43.615986	201.801544	1.000000
0.000000	-547.853699	-303.928497	1.000000
0.000000	-4108.573242	3373.588867	1.000000
0.000000	-807.921997	401.996796	1.000000
0.000000	-104.764389	-224.275635	1.000000
0.000000	-221.518921	-74.176613	1.000000
0.000000	7006.327637	6283.504883	1.000000
0.000000	-849.494446	1723.226929	1.000000
0.000000	47.055534	1377.110107	1.000000
0.000000	-3375.981689	-11678.766602	1.000000
0.000000	266.022766	-53.615578	1.000000
0.000000	-17.446478	-229.888794	1.000000
0.000000	93.847069	119.044220	1.000000
0.000000	29405522.000000	-21550876.000000	1.000000
0.000000	-524.965637	1640.364380	1.000000
0.000000	522.301514	492.846771	1.000000
0.000000	1731.886597	26273.986328	1.000000
0.000000	3249.647949	-1615.180420	1.000000
0.000000	-70.480034	-220.741241	1.000000
0.000000	140.702728	-329.944427	1.000000
0.000000	5409.337402	-2870.592773	1.000000
0.000000	401072.500000	-1051564.750000	1.000000
0.000000	40239.820312	142575.812500	1.000000
0.000000	899154304.000000	-490293056.000000	1.000000
0.000000	5141.954102	-14842.085938	1.000000
0.000000	-11819835.000000	-661356.312500	1.000000
0.000000	10591.940430	-15149.875977	1.000000
0.000000	-7.882102	-321.403473	1.000000
0.000000	-239.941254	-741.531799	1.000000
0.000000	-545.407959	923.609619	1.000000
0.000000	424384.562500	2501.230713	1.000000
0.000000	-9303.134766	10649.333008	1.000000
0.000000	-132.977600	549.545105	1.000000
0.000000	36.333096	-242.365921	1.000000
0.000000	3417.616699	-13243.479492	1.000000
0.000000	-935690816.000000	516809408.000000	1.000000
0.000000	1333545.500000	80202.390625	1.000000
0.000000	370681.812500	-121725.125000	1.000000
0.000000	282525.125000	227381.750000	1.000000
0.000000	24942.287109	-23158.152344	1.000000
0.000000	2203343.750000	933720.062500	1.000000
0.000000	-127.697929	180.505127	1.000000
0.000000	133.350052	-23.732903	1.000000
0.000000	-3195.751221	-405.201416	1.000000
0.000000	-1665.553833	1672.649292	1.000000
0.000000	77.121468	237.061783	1.000000
0.000000	24.015480	-1.261265	1.000000
0.000000	-1167.170532	1112.933960	1.000000
0.000000	872.244202	-161.373871	1.000000
0.000000	223.741714	-230.502975	1.000000
0.000000	-4355021.000000	2416277.250000	1.000000
0.000000	1064.358643	588.198547	1.000000
0.000000	-75.423050	-88048.453125	1.000000
0.000000	1711789.125000	-2028472.500000	1.000000
0.000000	803.083008	-1559.751465	1.000000
0.000000	-303.529053	-5274.390137	1.000000
0.000000	691415.187500	-227392.375000	1.000000
0.000000	12310197.000000	-6573529.500000	1.000000
0.000000	-21933.505859	-21459.054688	1.000000
0.000000	170627.359375	-24497.125000	1.000000
0.000000	47.022350	142.397522	1.000000
0.000000	240.384842	-18.688463	1.000000
0.000000	671.339661	-1775.760986	1.000000
0.000000	-114.628181	-202.637497	1.000000
0.000000	87.601013	-219.300003	1.000000
0.000000	-867.586060	1019.136536	1.000000
0.000000	-159.141556	-3125.417236	1.000000
0.000000	-53813.062500	119833.890625	1.000000
0.000000	74.381493	199.886032	1.000000
0.000000	-299.504303	12.739108	1.000000
0.000000	-184.864105	-1091.677124	1.000000
0.000000	-64660.613281	15570.511719	1.000000
0.000000	2418.076416	732.239807	1.000000
0.000000	55739.628906	149548.671875	1.000000
0.000000	-13180.004883	6620.229492	1.000000
0.000000	-41736.957031	-29818.144531	1.000000
0.000000	-8502.235352	13779.556641	1.000000
0.000000	255.219727	316.817139	1.000000
0.000000	-267.740112	131.193222	1.000000
0.000000	1512.018311	3218.929443	1.000000
0.000000	574.381348	-399.325592	1.000000
0.000000	1961.904297	166.597839	1.000000
0.000000	554.748779	-477.347778	1.000000
0.000000	14003.937500	-14179.796875	1.000000
0.000000	-248.527390	-103.225075	1.000000
0.000000	-1143.455811	1580.445190	1.000000
0.000000	186.975555	212.886154	1.000000
0.000000	-13400.366211	-2969.322021	1.000000
0.000000	-28624.691406	-61463.781250	1.000000
0.000000	1664.633545	8000.807617	1.000000
0.000000	-2568.816895	1897.606934	1.000000
0.000000	34.489403	-123.929710	1.000000
0.000000	109.309967	257.479370	1.000000
0.000000	-3864.405518	-16085.797852	1.000000
0.000000	700.399597	-46.309151	1.000000
0.000000	-8713.578125	12927.214844	1.000000
0.000000	-916.527588	-3112.477051	1.000000
0.000000	949.966736	502.281342	1.000000
0.000000	219.186234	-239.036560	1.000000
0.000000	-5715.766113	-20522.115234	1.000000
0.000000	-1.794916	-252.395523	1.000000
0.000000	22534.042969	-24528.697266	1.000000
0.000000	-251.952927	-123.397438	1.000000
0.000000	-3300464.250000	1376390.750000	1.000000
0.000000	-17964.240234	-1193.767700	1.000000
0.000000	-27.698610	512.416748	1.000000
0.000000	134.452118	-275.533234	1.000000
0.000000	6661.290527	2772.164062	1.000000
0.000000	-26202.099609	-23387.644531	1.000000
0.000000	-586712.625000	317416.718750	1.000000
0.000000	-108536.234375	249154.015625	1.000000
0.000000	38099.710938	-56191.003906	1.000000
0.000000	552.832764	-1665.919067	1.000000
0.000000	86.175056	103.831596	1.000000
0.000000	-203.352509	-496.152405	1.000000
0.000000	-367.625732	609.818726	1.000000
0.000000	4112436.000000	2116301.500000	1.000000
0.000000	95.982315	196.404678	1.000000
0.000000	-45246.800781	75891.531250	1.000000
0.000000	638.241272	1661.460449	1.000000
0.000000	4760.389160	12582.600586	1.000000
0.000000	626.575867	1681.410156	1.000000
0.000000	-44046.191406	2312.338623	1.000000
0.000000	245795.640625	-842228.687500	1.000000
0.000000	-159.025238	-109.818298	1.000000
0.000000	370.627533	-135.863922	1.000000
0.000000	-33010.574219	-139936.703125	1.000000
0.000000	-14312.696289	-13634.375000	1.000000
0.000000	-307.803711	-78.412392	1.000000
0.000000	-323505.156250	730136.875000	1.000000
0.000000	-31425.863281	-19709.140625	1.000000
0.000000	-356.398163	-1046.654907	1.000000
0.000000	127.592896	-284.004425	1.000000
0.000000	-3700.326660	-12753.423828	1.000000
0.000000	70.545029	-247.432236	1.000000
0.000000	3179.042969	3068.927734	1.000000
0.000000	-7.045895	250.169998	1.000000
0.000000	799272.062500	-982912.687500	1.000000
0.000000	-306.511078	395.450684	1.000000
0.000000	-3352.504150	-2069.755127	1.000000
0.000000	-11.040215	2824.222900	1.000000
0.000000	-263.154358	245.246017	1.000000
0.000000	19890.763672	10475.687500	1.000000
0.000000	-3.130360	598.769958	1.000000
0.000000	-3290.990723	-1889.116333	1.000000
0.000000	65076.433594	112588.664062	1.000000
0.000000	210.331757	160.792145	1.000000
0.000000	484892.843750	100736.640625	1.000000
0.000000	-185.525726	177.981506	1.000000
0.000000	81.211418	214.293304	1.000000
0.000000	306.249603	38.175663	1.000000
0.000000	-211.459335	-90.860977	1.000000
0.000000	-52453.496094	-3081.987549	1.000000
0.000000	11355.618164	1310.816772	1.000000
0.000000	-99.070312	-106.609001	1.000000
0.000000	-43.086861	1814.022949	1.000000
0.000000	-7868.959473	-93069.078125	1.000000
0.000000	-518.348267	1174.531494	1.000000
0.000000	10.212509	239.615845	1.000000
0.000000	250.791794	-52.198677	1.000000
0.000000	51.670818	259.148865	1.000000
0.000000	-42833.035156	-77771.757812	1.000000
0.000000	366.617645	-1038.408447	1.000000
0.000000	-58.096336	253.772827	1.000000
0.000000	-49.856422	-265.602203	1.000000
0.000000	-451.511353	628.963745	1.000000
0.000000	334.748566	125.020050	1.000000
0.000000	196.617798	919.109497	1.000000
0.000000	-141.087982	86.439568	1.000000
0.000000	173.936096	465.510773	1.000000
0.000000	-10912.635742	561.085876	1.000000
0.000000	28171368.000000	16549397.000000	1.000000
0.000000	247.614853	-572.080200	1.000000
0.000000	-32808.804688	266826.562500	1.000000
0.000000	-142.429077	7.467630	1.000000
0.000000	1410.146484	2722.808105	1.000000
0.000000	4628.338379	10658.766602	1.000000
0.000000	-48614.750000	-126250.796875	1.000000
0.000000	132.561554	-472.513519	1.000000
0.000000	1929694.125000	165174.359375	1.000000
0.000000	-180194.609375	-177937.812500	1.000000
0.000000	-70140.664062	13788.295898	1.000000
0.000000	210.894485	-47.502930	1.000000
0.000000	-131082.250000	14876.384766	1.000000
0.000000	-991.842102	194.094116	1.000000
0.000000	-1270.383423	1070.977173	1.000000
0.000000	-1163.366455	1082.177612	1.000000
0.000000	49238.933594	57471.375000	1.000000
0.000000	83946.351562	3736.627686	1.000000
0.000000	971.684631	-430.167114	1.000000
0.000000	-273.994110	-232.560440	1.000000
0.000000	-1589278.625000	-1200867.375000	1.000000
0.000000	-182.648819	119.279739	1.000000
0.000000	2590553.750000	19283.570312	1.000000
0.000000	103.570633	-97.221664	1.000000
0.000000	-10394.757812	13118.720703	1.000000
0.000000	1826645.375000	135445.359375	1.000000
0.000000	-1575.458130	700.929688	1.000000
0.000000	179.292633	28.870724	1.000000
0.000000	272.733215	18.138031	1.000000
0.000000	523.729919	1018.277893	1.000000
0.000000	-10553.868164	7348.326660	1.000000
0.000000	-279.753296	142.041748	1.000000
0.000000	27330.228516	25801.144531	1.000000
0.000000	4.817126	229.303513	1.000000
0.000000	268.745087	403.285797	1.000000
0.000000	47.177925	-9076.353516	1.000000
0.000000	-5506.595215	9771.542969	1.000000
0.000000	459093.093750	25653.949219	1.000000
0.000000	-926.197937	1066.888672	1.000000
0.000000	2100.177246	-5317.199707	1.000000
0.000000	3485.210449	-1994.109619	1.000000
0.000000	88.294250	-8.015156	1.000000
0.000000	142.010773	130.011230	1.000000
0.000000	1007.553223	-653.029419	1.000000
0.000000	1196.637085	11826.118164	1.000000
0.000000	18134.625000	-23766.638672	1.000000
0.000000	223.732620	-9.697775	1.000000
0.000000	-18.707615	-112.384064	1.000000
0.000000	1227.286377	1120.848389	1.000000
0.000000	314.114807	-43.184040	1.000000
0.000000	91.238869	75.521019	1.000000
0.000000	-1528.493164	102.927895	1.000000
0.000000	75221.984375	-7419.086914	1.000000
0.000000	55.683357	308.401733	1.000000
0.000000	-308.056641	-720.712036	1.000000
0.000000	1184.885986	-9698.103516	1.000000
0.000000	207.454834	215.170776	1.000000
0.000000	161.952484	155.148941	1.000000
0.000000	-3908.095947	-4693.269043	1.000000
0.000000	415.462006	216.247971	1.000000
0.000000	-1948.806519	-2908.895752	1.000000
0.000000	-36.178871	181.221878	1.000000
0.000000	22228.078125	38989.960938	1.000000
0.000000	249.502747	-24.228205	1.000000
0.000000	783.971619	-551.550110	1.000000
0.000000	1165.340088	649.502869	1.000000
0.000000	-315.549225	533.030273	1.000000
0.000000	77.662407	-236.509705	1.000000
0.000000	9532.565430	4931.340332	1.000000
0.000000	-92726.171875	-330150.843750	1.000000
0.000000	7884.206543	16945.183594	1.000000
0.000000	145.226685	-107.492508	1.000000
0.000000	3365.839600	-1009.451294	1.000000
0.000000	-423410.812500	-81869.578125	1.000000
0.000000	-44105600.000000	-10494824.000000	1.000000
0.000000	5977.360352	-4675.312012	1.000000
0.000000	-249.311371	61.394192	1.000000
0.000000	936.406738	-1744.178833	1.000000
0.000000	5933.161133	420.217651	1.000000
0.000000	-166.103775	-61.402393	1.000000
0.000000	-380.928772	1021.648315	1.000000
0.000000	-18795.955078	171.450089	1.000000
0.000000	-525.340759	-154.131088	1.000000
0.000000	286.883575	-244.584534	1.000000
0.000000	14450.718750	-11079.299805	1.000000
