0.000000	31421.410156	455884.687500	1.000000
0.000000	215036.843750	175365.796875	1.000000
0.000000	1205.315918	-12904.133789	1.000000
0.000000	-394.403992	646.832092	1.000000
0.000000	16878.693359	27264.789062	1.000000
0.000000	-13570.004883	725.969055	1.000000
0.000000	-568.962463	-2510.628662	1.000000
0.000000	-595433.687500	1523932.125000	1.000000
0.000000	3638.838135	-2093.188477	1.000000
0.000000	9292453.000000	3386659.750000	1.000000
0.000000	78697400.000000	19959642.000000	1.000000
0.000000	-400.591125	-218.950256	1.000000
0.000000	-356.429504	210.863953	1.000000
0.000000	87.794350	-373.381073	1.000000
0.000000	-73337376.000000	-31090268.000000	1.000000
0.000000	848.021423	-4455.376465	1.000000
0.000000	405.051758	-534.996460	1.000000
0.000000	-6237.566895	7917.412109	1.000000
0.000000	-987.006042	86.907532	1.000000
0.000000	-347.982452	409.164642	1.000000
0.000000	949.728821	8136.315430	1.000000
0.000000	10362.832031	85098.898438	1.000000
0.000000	-72.814323	949.861938	1.000000
0.000000	327.398285	6.083511	1.000000
0.000000	-207036.890625	-53427.636719	1.000000
0.000000	544.599426	-48.706772	1.000000
0.000000	10385.231445	35244.621094	1.000000
0.000000	-4056.365479	11554.654297	1.000000
0.000000	523.293762	-243.742340	1.000000
0.000000	-61336.796875	-273296.843750	1.000000
0.000000	5094.919922	-8798.474609	1.000000
0.000000	5006.486328	938.829712	1.000000
0.000000	-385.414062	512.991272	1.000000
0.000000	-632.945618	-117.989639	1.000000
0.000000	-342.655609	-114.882217	1.000000
0.000000	4981.620117	2835.523193	1.000000
0.000000	-112.145592	-115.535423	1.000000
0.000000	-5840.298340	-1588.439575	1.000000
0.000000	-246237.796875	-73855.625000	1.000000
0.000000	-46633.933594	-6240.002441	1.000000
0.000000	567.444641	173.004807	1.000000
0.000000	615.122986	-93.533722	1.000000
0.000000	-3.018392	368.440308	1.000000
0.000000	-139.221573	-252.733231	1.000000
0.000000	63.998371	364.543671	1.000000
0.000000	-609.714050	-152.046097	1.000000
0.000000	-3974.041992	3279.897461	1.000000
0.000000	-901.012817	537.047058	1.000000
0.000000	-140.849594	-384.231689	1.000000
0.000000	-381.986206	-107.909523	1.000000
0.000000	7169.687012	6265.887695	1.000000
0.000000	-938.981750	1585.892944	1.000000
0.000000	-46.156921	1242.178467	1.000000
0.000000	-3471.274658	-11544.235352	1.000000
0.000000	419.260620	4.517722	1.000000
0.000000	-13.392523	-393.848755	1.000000
0.000000	257.756439	113.363678	1.000000
0.000000	29405522.000000	-21550876.000000	1.000000
0.000000	-657.094543	1737.258911	1.000000
0.000000	414.305695	616.351746	1.000000
0.000000	1647.404175	26133.048828	1.000000
0.000000	3312.108887	-1766.928467	1.000000
0.000000	-156.764221	-360.189941	1.000000
0.000000	229.189056	-467.979095	1.000000
0.000000	5308.438965	-2999.518555	1.000000
0.000000	401175.000000	-1051564.750000	1.000000
0.000000	40098.882812	142473.312500	1.000000
0.000000	899154304.000000	-490293056.000000	1.000000
0.000000	5036.250977	-14967.007812	1.000000
0.000000	-11819835.000000	-661151.312500	1.000000
0.000000	10675.221680	-15008.938477	1.000000
0.000000	-56.329372	-478.056305	1.000000
0.000000	-363.755554	-849.036682	1.000000
0.000000	-381.527710	918.004150	1.000000
0.000000	424179.562500	2460.390869	1.000000
0.000000	-9463.291016	10610.895508	1.000000
0.000000	-292.171539	510.106628	1.000000
0.000000	21.969082	-405.725311	1.000000
0.000000	3433.632324	-13406.838867	1.000000
0.000000	-935690816.000000	516809408.000000	1.000000
0.000000	1333545.500000	80356.140625	1.000000
0.000000	370886.812500	-121750.750000	1.000000
0.000000	282320.125000	227433.000000	1.000000
0.000000	24794.943359	-23081.277344	1.000000
0.000000	2203343.750000	933515.062500	1.000000
0.000000	-214.082199	319.914062	1.000000
0.000000	-26.704428	-59.494236	1.000000
0.000000	-3093.251221	-277.076416	1.000000
0.000000	-1684.772583	1835.608276	1.000000
0.000000	152.745239	382.603760	1.000000
0.000000	-18.119349	-159.761230	1.000000
0.000000	-1325.324829	1069.691772	1.000000
0.000000	1010.779358	-249.209564	1.000000
0.000000	260.221497	-70.596970	1.000000
0.000000	-4355021.000000	2416277.250000	1.000000
0.000000	1206.096924	670.478821	1.000000
0.000000	-235.929642	-88074.078125	1.000000
0.000000	1711789.125000	-2028472.500000	1.000000
0.000000	833.712891	-1398.794434	1.000000
0.000000	-168.697510	-5367.280762	1.000000
0.000000	691415.187500	-227546.125000	1.000000
0.000000	12310197.000000	-6573529.500000	1.000000
0.000000	-21971.943359	-21619.210938	1.000000
0.000000	170781.109375	-24593.218750	1.000000
0.000000	-23.838284	286.631927	1.000000
0.000000	397.332977	-66.374855	1.000000
0.000000	512.584778	-1816.600830	1.000000
0.000000	-222.533447	-326.157990	1.000000
0.000000	147.292328	-372.049042	1.000000
0.000000	-914.631958	1176.095825	1.000000
0.000000	-318.127136	-3085.378174	1.000000
0.000000	-53979.625000	119833.890625	1.000000
0.000000	128.109833	350.343689	1.000000
0.000000	-458.159088	54.282536	1.000000
0.000000	-27.147167	-1046.833374	1.000000
0.000000	-64519.675781	15480.824219	1.000000
0.000000	2466.924072	888.792542	1.000000
0.000000	55867.753906	149651.171875	1.000000
0.000000	-13336.958008	6568.979492	1.000000
0.000000	-41865.082031	-29722.050781	1.000000
0.000000	-8367.704102	13872.447266	1.000000
0.000000	403.364258	387.085693	1.000000
0.000000	-388.557983	242.151474	1.000000
0.000000	1630.133545	3105.218506	1.000000
0.000000	732.735840	-442.067291	1.000000
0.000000	1856.601562	40.907890	1.000000
0.000000	586.780029	-638.126160	1.000000
0.000000	13968.703125	-14339.953125	1.000000
0.000000	-388.363831	-188.865860	1.000000
0.000000	-1205.516357	1428.697144	1.000000
0.000000	304.189911	327.598053	1.000000
0.000000	-13240.209961	-3005.357178	1.000000
0.000000	-28727.191406	-61591.906250	1.000000
0.000000	1754.321045	8138.541992	1.000000
0.000000	-2468.719238	1767.880371	1.000000
0.000000	184.548920	-190.094254	1.000000
0.000000	5.083920	137.433807	1.000000
0.000000	-3760.303955	-15957.672852	1.000000
0.000000	857.953308	-0.542948	1.000000
0.000000	-8876.937500	12940.027344	1.000000
0.000000	-867.079346	-3268.629395	1.000000
0.000000	932.149353	665.246277	1.000000
0.000000	379.442596	-273.846130	1.000000
0.000000	-5554.008301	-20496.490234	1.000000
0.000000	6.832240	-416.155304	1.000000
0.000000	22489.199219	-24688.853516	1.000000
0.000000	-362.558990	-244.515610	1.000000
0.000000	-3300464.250000	1376390.750000	1.000000
0.000000	-18021.896484	-1346.716919	1.000000
0.000000	-96.672478	661.161865	1.000000
0.000000	189.105438	-430.184113	1.000000
0.000000	6714.142090	2616.812500	1.000000
0.000000	-26048.349609	-23336.394531	1.000000
0.000000	-586712.625000	317519.218750	1.000000
0.000000	-108536.234375	249000.265625	1.000000
0.000000	37933.148438	-56191.003906	1.000000
0.000000	658.936279	-1790.840942	1.000000
0.000000	164.951920	247.671921	1.000000
0.000000	-240.839081	-336.496643	1.000000
0.000000	-412.369385	767.572632	1.000000
0.000000	4112436.000000	2116301.500000	1.000000
0.000000	256.739166	228.786270	1.000000
0.000000	-45310.863281	76045.281250	1.000000
0.000000	786.185608	1732.329590	1.000000
0.000000	4918.943848	12540.959961	1.000000
0.000000	610.360046	1518.050781	1.000000
0.000000	-44161.503906	2432.455811	1.000000
0.000000	245641.890625	-842228.687500	1.000000
0.000000	-307.369965	-179.692978	1.000000
0.000000	534.187073	-123.211052	1.000000
0.000000	-32946.511719	-140090.453125	1.000000
0.000000	-14367.149414	-13480.625000	1.000000
0.000000	-471.563477	-86.720497	1.000000
0.000000	-323710.156250	730136.875000	1.000000
0.000000	-31284.925781	-19625.859375	1.000000
0.000000	-504.642792	-1116.723267	1.000000
0.000000	171.886337	-441.858429	1.000000
0.000000	-3543.373535	-12801.470703	1.000000
0.000000	117.966293	-404.388092	1.000000
0.000000	3227.890625	2912.775391	1.000000
0.000000	70.854553	109.492912	1.000000
0.000000	799067.062500	-982912.687500	1.000000
0.000000	-468.268890	422.777344	1.000000
0.000000	-3195.551025	-2116.200439	1.000000
0.000000	-45.502636	2984.379150	1.000000
0.000000	-378.867249	361.464020	1.000000
0.000000	19807.482422	10616.625000	1.000000
0.000000	158.511993	571.143005	1.000000
0.000000	-3447.143066	-1940.366333	1.000000
0.000000	65127.683594	112742.414062	1.000000
0.000000	331.249725	271.557220	1.000000
0.000000	484892.843750	100890.390625	1.000000
0.000000	-304.141449	291.226440	1.000000
0.000000	79.134392	378.265991	1.000000
0.000000	334.377045	199.735291	1.000000
0.000000	-375.119019	-101.296158	1.000000
0.000000	-52389.433594	-2933.042236	1.000000
0.000000	11442.102539	1450.152710	1.000000
0.000000	-55.561165	-265.727875	1.000000
0.000000	52.677456	1680.692871	1.000000
0.000000	-7876.967285	-93222.828125	1.000000
0.000000	-616.644165	1043.203369	1.000000
0.000000	-98.134697	362.735962	1.000000
0.000000	407.544708	-100.420723	1.000000
0.000000	60.654583	422.908630	1.000000
0.000000	-42961.160156	-77669.257812	1.000000
0.000000	238.399429	-1140.908447	1.000000
0.000000	27.265387	393.809448	1.000000
0.000000	-123.250618	-118.957588	1.000000
0.000000	-466.526001	792.323120	1.000000
0.000000	449.360382	7.711380	1.000000
0.000000	235.605835	1078.464966	1.000000
0.000000	-217.812836	231.380966	1.000000
0.000000	306.033905	562.653381	1.000000
0.000000	-11075.995117	549.074158	1.000000
0.000000	28171368.000000	16549397.000000	1.000000
0.000000	358.218964	-693.198364	1.000000
0.000000	-32744.742188	266724.062500	1.000000
0.000000	-306.389038	3.300934	1.000000
0.000000	1546.679688	2632.319824	1.000000
0.000000	4468.182129	10697.204102	1.000000
0.000000	-48448.187500	-126250.796875	1.000000
0.000000	-11.422830	-550.990112	1.000000
0.000000	1929694.125000	165276.859375	1.000000
0.000000	-180040.859375	-177937.812500	1.000000
0.000000	-70268.789062	13695.405273	1.000000
0.000000	309.490692	-178.544556	1.000000
0.000000	-131133.500000	15033.337891	1.000000
0.000000	-1138.028687	268.266479	1.000000
0.000000	-1373.283813	943.379150	1.000000
0.000000	-1205.807861	1240.732300	1.000000
0.000000	49277.371094	57625.125000	1.000000
0.000000	83818.226562	3638.131592	1.000000
0.000000	1127.903931	-380.318481	1.000000
0.000000	-419.736298	-307.718170	1.000000
0.000000	-1589278.625000	-1200867.375000	1.000000
0.000000	-340.903198	162.376846	1.000000
0.000000	2590553.750000	19430.914062	1.000000
0.000000	160.536926	-251.016708	1.000000
0.000000	-10490.851562	13253.251953	1.000000
0.000000	1826645.375000	135342.859375	1.000000
0.000000	-1556.639771	863.888672	1.000000
0.000000	338.161285	65.348122	1.000000
0.000000	407.375122	-68.140182	1.000000
0.000000	392.802185	919.581604	1.000000
0.000000	-10665.977539	7468.443848	1.000000
0.000000	-440.510132	174.523438	1.000000
0.000000	27336.634766	25967.707031	1.000000
0.000000	124.532753	341.412872	1.000000
0.000000	276.152313	567.112000	1.000000
0.000000	-112.361305	-9037.916016	1.000000
0.000000	-5669.954590	9774.746094	1.000000
0.000000	459195.593750	25532.230469	1.000000
0.000000	-1079.947998	1123.744141	1.000000
0.000000	2232.306152	-5219.504395	1.000000
0.000000	3488.413574	-2158.269775	1.000000
0.000000	177.992828	129.273697	1.000000
0.000000	282.247589	214.994141	1.000000
0.000000	936.884277	-800.973755	1.000000
0.000000	1215.455444	11662.758789	1.000000
0.000000	17974.468750	-23798.669922	1.000000
0.000000	387.292206	-21.620255	1.000000
0.000000	-9.521449	-276.141449	1.000000
0.000000	1091.153564	1212.137451	1.000000
0.000000	478.074768	-47.375629	1.000000
0.000000	117.539528	237.387039	1.000000
0.000000	-1372.340820	152.939209	1.000000
0.000000	75375.734375	-7401.469727	1.000000
0.000000	99.350960	466.455933	1.000000
0.000000	-144.062515	-720.712036	1.000000
0.000000	1174.475830	-9534.744141	1.000000
0.000000	306.627106	345.798218	1.000000
0.000000	287.036926	261.204865	1.000000
0.000000	-3832.822510	-4547.526855	1.000000
0.000000	577.219849	242.974045	1.000000
0.000000	-2080.436035	-3006.591064	1.000000
0.000000	32.939938	329.966980	1.000000
0.000000	22253.703125	39156.523438	1.000000
0.000000	413.464691	-23.690180	1.000000
0.000000	947.931580	-548.747375	1.000000
0.000000	1307.078369	731.983337	1.000000
0.000000	-322.355865	696.790039	1.000000
0.000000	181.113327	-363.741486	1.000000
0.000000	9615.846680	4790.402832	1.000000
0.000000	-92649.296875	-330253.343750	1.000000
0.000000	8047.565918	16951.589844	1.000000
0.000000	251.029907	-232.810684	1.000000
0.000000	3419.491943	-854.299927	1.000000
0.000000	-423308.312500	-81997.703125	1.000000
0.000000	-44105600.000000	-10494824.000000	1.000000
0.000000	6051.032227	-4529.569824	1.000000
0.000000	-311.572113	213.131256	1.000000
0.000000	1080.146973	-1665.301880	1.000000
0.000000	5805.036133	318.318237	1.000000
0.000000	-318.352295	-122.386360	1.000000
0.000000	-544.688538	1013.640503	1.000000
0.000000	-18770.330078	9.527905	1.000000
0.000000	-689.300720	-158.685532	1.000000
0.000000	305.601837	-407.540009	1.000000
0.000000	14601.265625	-11015.237305	1.000000
