0.000000	31511.722656	455799.687500	1.000000
0.000000	214994.343750	175238.296875	1.000000
0.000000	1185.062012	-12768.665039	1.000000
0.000000	-530.370789	648.824280	1.000000
0.000000	16889.318359	27402.914062	1.000000
0.000000	-13702.817383	756.681946	1.000000
0.000000	-690.983948	-2450.863037	1.000000
0.000000	-595263.687500	1523932.125000	1.000000
0.000000	3569.111572	-2210.063477	1.000000
0.000000	9292453.000000	3386659.750000	1.000000
0.000000	78697400.000000	19959642.000000	1.000000
0.000000	-269.355774	-183.339905	1.000000
0.000000	-292.015442	91.077286	1.000000
0.000000	92.795570	-237.491623	1.000000
0.000000	-73337376.000000	-31090268.000000	1.000000
0.000000	729.652283	-4521.782715	1.000000
0.000000	373.176758	-402.779480	1.000000
0.000000	-6167.176270	7800.537109	1.000000
0.000000	-987.338074	222.915833	1.000000
0.000000	-301.332062	281.415619	1.000000
0.000000	920.510071	8003.502930	1.000000
0.000000	10240.644531	85035.148438	1.000000
0.000000	-46.500851	816.385376	1.000000
0.000000	226.302979	98.017044	1.000000
0.000000	-207121.890625	-53332.011719	1.000000
0.000000	409.027740	-59.352524	1.000000
0.000000	10387.887695	35382.746094	1.000000
0.000000	-3922.888916	11581.216797	1.000000
0.000000	404.426575	-177.668121	1.000000
0.000000	-61474.921875	-273296.843750	1.000000
0.000000	5175.935547	-8907.380859	1.000000
0.000000	4875.001953	905.294556	1.000000
0.000000	-259.989258	460.364349	1.000000
0.000000	-533.502258	-210.667862	1.000000
0.000000	-236.397964	-30.044081	1.000000
0.000000	4858.104492	2779.077881	1.000000
0.000000	14.336941	-65.543968	1.000000
0.000000	-5735.376465	-1502.443481	1.000000
0.000000	-246280.296875	-73728.125000	1.000000
0.000000	-46740.183594	-6157.658691	1.000000
0.000000	462.561920	86.417694	1.000000
0.000000	536.597595	17.461468	1.000000
0.000000	-1.797269	232.466324	1.000000
0.000000	-79.005684	-132.638840	1.000000
0.000000	47.095905	229.581085	1.000000
0.000000	-558.415222	-278.003204	1.000000
0.000000	-4085.604492	3357.592773	1.000000
0.000000	-823.815552	425.050995	1.000000
0.000000	-110.925278	-251.585205	1.000000
0.000000	-248.922485	-79.935890	1.000000
0.000000	7034.218262	6280.497070	1.000000
0.000000	-864.772766	1699.779663	1.000000
0.000000	31.140676	1354.072998	1.000000
0.000000	-3392.251221	-11655.797852	1.000000
0.000000	291.879700	-42.876747	1.000000
0.000000	-16.754339	-257.881958	1.000000
0.000000	121.831688	118.074371	1.000000
0.000000	29405522.000000	-21550876.000000	1.000000
0.000000	-547.524231	1656.907349	1.000000
0.000000	503.871124	513.920105	1.000000
0.000000	1717.462769	26249.923828	1.000000
0.000000	3260.312012	-1641.088623	1.000000
0.000000	-85.211479	-244.555939	1.000000
0.000000	155.810150	-353.511322	1.000000
0.000000	5392.110840	-2892.604492	1.000000
0.000000	401090.000000	-1051564.750000	1.000000
0.000000	40215.757812	142558.312500	1.000000
0.000000	899154304.000000	-490293056.000000	1.000000
0.000000	5123.907227	-14863.414062	1.000000
0.000000	-11819835.000000	-661321.312500	1.000000
0.000000	10606.159180	-15125.813477	1.000000
0.000000	-16.153591	-348.149078	1.000000
0.000000	-261.074890	-759.886292	1.000000
0.000000	-517.414795	922.652588	1.000000
0.000000	424349.562500	2494.258057	1.000000
0.000000	-9330.478516	10642.770508	1.000000
0.000000	-160.158997	542.811707	1.000000
0.000000	33.880703	-270.256561	1.000000
0.000000	3420.351074	-13271.370117	1.000000
0.000000	-935690816.000000	516809408.000000	1.000000
0.000000	1333545.500000	80228.640625	1.000000
0.000000	370716.812500	-121729.500000	1.000000
0.000000	282490.125000	227390.500000	1.000000
0.000000	24917.130859	-23145.027344	1.000000
0.000000	2203343.750000	933685.062500	1.000000
0.000000	-142.446457	204.302734	1.000000
0.000000	106.023392	-29.839317	1.000000
0.000000	-3178.251221	-383.326416	1.000000
0.000000	-1668.835083	1700.471558	1.000000
0.000000	90.032845	261.910400	1.000000
0.000000	16.821724	-28.321186	1.000000
0.000000	-1194.172485	1105.551147	1.000000
0.000000	895.896545	-176.370209	1.000000
0.000000	229.970963	-203.201950	1.000000
0.000000	-4355021.000000	2416277.250000	1.000000
0.000000	1088.557861	602.246399	1.000000
0.000000	-102.826614	-88052.828125	1.000000
0.000000	1711789.125000	-2028472.500000	1.000000
0.000000	808.312500	-1532.270996	1.000000
0.000000	-280.509033	-5290.249512	1.000000
0.000000	691415.187500	-227418.625000	1.000000
0.000000	12310197.000000	-6573529.500000	1.000000
0.000000	-21940.068359	-21486.398438	1.000000
0.000000	170653.609375	-24513.531250	1.000000
0.000000	34.971874	167.673401	1.000000
0.000000	267.176727	-26.830706	1.000000
0.000000	644.235168	-1782.733643	1.000000
0.000000	-133.051025	-223.726364	1.000000
0.000000	97.790833	-245.379105	1.000000
0.000000	-875.618286	1045.939575	1.000000
0.000000	-186.288773	-3118.581299	1.000000
0.000000	-53841.500000	119833.890625	1.000000
0.000000	84.280785	226.076218	1.000000
0.000000	-326.591705	19.832460	1.000000
0.000000	-157.939056	-1084.020874	1.000000
0.000000	-64636.550781	15555.199219	1.000000
0.000000	2426.416260	758.968323	1.000000
0.000000	55761.503906	149566.171875	1.000000
0.000000	-13206.801758	6611.479492	1.000000
0.000000	-41758.832031	-29801.738281	1.000000
0.000000	-8479.266602	13795.416016	1.000000
0.000000	280.512695	328.814209	1.000000
0.000000	-288.367554	150.137314	1.000000
0.000000	1532.184326	3199.515381	1.000000
0.000000	601.417480	-406.622955	1.000000
0.000000	1943.925781	145.141541	1.000000
0.000000	560.217529	-504.811157	1.000000
0.000000	13997.921875	-14207.140625	1.000000
0.000000	-272.401917	-117.849709	1.000000
0.000000	-1154.051514	1554.536987	1.000000
0.000000	206.987762	232.471115	1.000000
0.000000	-13373.022461	-2975.474365	1.000000
0.000000	-28642.191406	-61485.656250	1.000000
0.000000	1679.946045	8024.323242	1.000000
0.000000	-2551.727051	1875.458496	1.000000
0.000000	60.109215	-135.226089	1.000000
0.000000	90.788849	236.475952	1.000000
0.000000	-3846.632080	-16063.922852	1.000000
0.000000	727.299011	-38.494820	1.000000
0.000000	-8741.468750	12929.402344	1.000000
0.000000	-908.085205	-3139.137207	1.000000
0.000000	946.924744	530.109558	1.000000
0.000000	246.547073	-244.975281	1.000000
0.000000	-5688.148926	-20517.740234	1.000000
0.000000	-0.321987	-280.354523	1.000000
0.000000	22526.386719	-24556.041016	1.000000
0.000000	-270.835358	-144.076157	1.000000
0.000000	-3300464.250000	1376390.750000	1.000000
0.000000	-17974.083984	-1219.880981	1.000000
0.000000	-39.475647	537.812256	1.000000
0.000000	143.783173	-301.937042	1.000000
0.000000	6670.313965	2745.640625	1.000000
0.000000	-26175.849609	-23378.894531	1.000000
0.000000	-586712.625000	317434.218750	1.000000
0.000000	-108536.234375	249127.765625	1.000000
0.000000	38071.273438	-56191.003906	1.000000
0.000000	570.947998	-1687.247192	1.000000
0.000000	99.624763	128.389694	1.000000
0.000000	-209.752655	-468.894104	1.000000
0.000000	-375.264893	636.752319	1.000000
0.000000	4112436.000000	2116301.500000	1.000000
0.000000	123.428604	201.933243	1.000000
0.000000	-45257.738281	75917.781250	1.000000
0.000000	663.500061	1673.560059	1.000000
0.000000	4787.459473	12575.491211	1.000000
0.000000	623.807312	1653.519531	1.000000
0.000000	-44065.878906	2332.846436	1.000000
0.000000	245769.390625	-842228.687500	1.000000
0.000000	-184.352386	-121.751282	1.000000
0.000000	398.552338	-133.702057	1.000000
0.000000	-32999.636719	-139962.953125	1.000000
0.000000	-14321.993164	-13608.125000	1.000000
0.000000	-335.762695	-79.830849	1.000000
0.000000	-323540.156250	730136.875000	1.000000
0.000000	-31401.800781	-19694.921875	1.000000
0.000000	-381.708221	-1058.617798	1.000000
0.000000	135.155380	-310.955109	1.000000
0.000000	-3673.529785	-12761.626953	1.000000
0.000000	78.641342	-274.231842	1.000000
0.000000	3187.382812	3042.267578	1.000000
0.000000	6.205867	225.500809	1.000000
0.000000	799237.062500	-982912.687500	1.000000
0.000000	-334.128265	400.116211	1.000000
0.000000	-3325.707275	-2077.684814	1.000000
0.000000	-16.924461	2851.566650	1.000000
0.000000	-282.910217	265.091949	1.000000
0.000000	19876.544922	10499.750000	1.000000
0.000000	24.467337	594.053162	1.000000
0.000000	-3317.650879	-1897.866333	1.000000
0.000000	65085.183594	112614.914062	1.000000
0.000000	230.976288	179.702057	1.000000
0.000000	484892.843750	100762.890625	1.000000
0.000000	-205.777191	197.318665	1.000000
0.000000	80.856804	242.295013	1.000000
0.000000	311.051849	65.760674	1.000000
0.000000	-239.401230	-92.642593	1.000000
0.000000	-52442.558594	-3056.557861	1.000000
0.000000	11370.383789	1334.605835	1.000000
0.000000	-91.461060	-133.554535	1.000000
0.000000	-26.736498	1791.259277	1.000000
0.000000	-7870.326660	-93095.328125	1.000000
0.000000	-535.130493	1152.109619	1.000000
0.000000	-8.285169	260.636353	1.000000
0.000000	277.554474	-60.431709	1.000000
0.000000	53.204632	287.107849	1.000000
0.000000	-42854.910156	-77754.257812	1.000000
0.000000	344.725555	-1055.908447	1.000000
0.000000	-43.522972	277.681519	1.000000
0.000000	-62.385414	-240.565582	1.000000
0.000000	-454.074829	656.854370	1.000000
0.000000	354.316437	104.990753	1.000000
0.000000	203.274292	946.316528	1.000000
0.000000	-154.187347	111.185661	1.000000
0.000000	196.486145	482.105011	1.000000
0.000000	-10940.526367	559.035095	1.000000
0.000000	28171368.000000	16549397.000000	1.000000
0.000000	266.495331	-592.758911	1.000000
0.000000	-32797.867188	266809.062500	1.000000
0.000000	-170.422241	6.756266	1.000000
0.000000	1433.457031	2707.358887	1.000000
0.000000	4600.994629	10665.329102	1.000000
0.000000	-48586.312500	-126250.796875	1.000000
0.000000	107.977814	-485.911957	1.000000
0.000000	1929694.125000	165191.859375	1.000000
0.000000	-180168.359375	-177937.812500	1.000000
0.000000	-70162.539062	13772.436523	1.000000
0.000000	227.727982	-69.876236	1.000000
0.000000	-131091.000000	14903.181641	1.000000
0.000000	-1016.827454	206.757690	1.000000
0.000000	-1287.951782	1049.170532	1.000000
0.000000	-1170.612549	1109.247925	1.000000
0.000000	49245.496094	57497.625000	1.000000
0.000000	83924.476562	3719.811279	1.000000
0.000000	998.378967	-421.656372	1.000000
0.000000	-298.876923	-245.386368	1.000000
0.000000	-1589278.625000	-1200867.375000	1.000000
0.000000	-209.667862	126.641190	1.000000
0.000000	2590553.750000	19308.726562	1.000000
0.000000	113.299026	-123.475937	1.000000
0.000000	-10411.164062	13141.689453	1.000000
0.000000	1826645.375000	135427.859375	1.000000
0.000000	-1572.245239	728.751953	1.000000
0.000000	206.585114	35.119198	1.000000
0.000000	296.026672	2.594438	1.000000
0.000000	501.376404	1001.427307	1.000000
0.000000	-10573.008789	7368.834473	1.000000
0.000000	-307.199585	147.587402	1.000000
0.000000	27331.322266	25829.582031	1.000000
0.000000	25.255762	248.444138	1.000000
0.000000	270.009735	431.261871	1.000000
0.000000	19.938850	-9069.791016	1.000000
0.000000	-5534.485840	9772.089844	1.000000
0.000000	459110.593750	25633.167969	1.000000
0.000000	-952.447937	1076.595703	1.000000
0.000000	2122.735840	-5300.520020	1.000000
0.000000	3485.757324	-2022.136963	1.000000
0.000000	103.611023	15.424812	1.000000
0.000000	165.953644	144.520508	1.000000
0.000000	995.487793	-678.288208	1.000000
0.000000	1199.849976	11798.227539	1.000000
0.000000	18107.281250	-23772.107422	1.000000
0.000000	251.657425	-11.733068	1.000000
0.000000	-17.139622	-140.340668	1.000000
0.000000	1204.044189	1136.434326	1.000000
0.000000	342.107971	-43.899677	1.000000
0.000000	95.729225	103.159569	1.000000
0.000000	-1501.833008	111.468544	1.000000
0.000000	75248.234375	-7416.079102	1.000000
0.000000	63.138802	335.386597	1.000000
0.000000	-280.063477	-720.712036	1.000000
0.000000	1183.108643	-9670.212891	1.000000
0.000000	224.382324	237.473022	1.000000
0.000000	183.306244	173.255630	1.000000
0.000000	-3895.244385	-4668.386230	1.000000
0.000000	443.079193	220.810959	1.000000
0.000000	-1971.296753	-2925.575439	1.000000
0.000000	-24.378334	206.617386	1.000000
0.000000	22232.453125	39018.398438	1.000000
0.000000	277.497894	-24.136347	1.000000
0.000000	811.964783	-551.071594	1.000000
0.000000	1189.539307	663.584900	1.000000
0.000000	-316.711334	560.989258	1.000000
0.000000	95.324760	-258.238556	1.000000
0.000000	9546.784180	4907.277832	1.000000
0.000000	-92713.046875	-330168.343750	1.000000
0.000000	7912.097168	16946.277344	1.000000
0.000000	163.290649	-128.884903	1.000000
0.000000	3374.999756	-982.962036	1.000000
0.000000	-423393.312500	-81891.453125	1.000000
0.000000	-44105600.000000	-10494824.000000	1.000000
0.000000	5989.938477	-4650.429199	1.000000
0.000000	-259.941254	87.298126	1.000000
0.000000	960.947754	-1730.712036	1.000000
0.000000	5911.286133	402.820190	1.000000
0.000000	-192.097427	-71.813850	1.000000
0.000000	-408.887756	1020.281128	1.000000
0.000000	-18791.580078	143.807266	1.000000
0.000000	-553.333923	-154.908676	1.000000
0.000000	290.079376	-272.403290	1.000000
0.000000	14476.421875	-11068.362305	1.000000
