0.000000	31444.320312	455863.125000	1.000000
0.000000	215026.062500	175333.453125	1.000000
0.000000	1200.177979	-12869.768555	1.000000
0.000000	-428.895569	647.337463	1.000000
0.000000	16881.388672	27299.828125	1.000000
0.000000	-13603.696289	733.760193	1.000000
0.000000	-599.916443	-2495.467529	1.000000
0.000000	-595390.562500	1523932.125000	1.000000
0.000000	3621.150146	-2122.836914	1.000000
0.000000	9292453.000000	3386659.750000	1.000000
0.000000	78697400.000000	19959642.000000	1.000000
0.000000	-367.299805	-209.916748	1.000000
0.000000	-340.089172	180.478516	1.000000
0.000000	89.063042	-338.910553	1.000000
0.000000	-73337376.000000	-31090268.000000	1.000000
0.000000	817.993958	-4472.222168	1.000000
0.000000	396.965820	-501.466919	1.000000
0.000000	-6219.710449	7887.763672	1.000000
0.000000	-987.090271	121.409637	1.000000
0.000000	-336.148346	376.757721	1.000000
0.000000	942.316711	8102.624023	1.000000
0.000000	10331.835938	85082.726562	1.000000
0.000000	-66.139214	916.002075	1.000000
0.000000	302.003387	29.434578	1.000000
0.000000	-207058.453125	-53403.378906	1.000000
0.000000	510.193207	-51.407349	1.000000
0.000000	10385.905273	35279.660156	1.000000
0.000000	-4022.505615	11561.392578	1.000000
0.000000	493.139954	-226.980865	1.000000
0.000000	-61371.835938	-273296.843750	1.000000
0.000000	5115.471680	-8826.101562	1.000000
0.000000	4973.131836	930.322632	1.000000
0.000000	-353.596741	499.641083	1.000000
0.000000	-607.719177	-141.499924	1.000000
0.000000	-315.702484	-93.361832	1.000000
0.000000	4950.287109	2821.204346	1.000000
0.000000	-80.059792	-102.853767	1.000000
0.000000	-5813.682129	-1566.624390	1.000000
0.000000	-246248.578125	-73823.281250	1.000000
0.000000	-46660.886719	-6219.113770	1.000000
0.000000	540.828430	151.042221	1.000000
0.000000	595.202942	-65.375076	1.000000
0.000000	-2.708622	333.948730	1.000000
0.000000	-123.679955	-221.937180	1.000000
0.000000	59.710613	330.304779	1.000000
0.000000	-596.700745	-184.000290	1.000000
0.000000	-4002.342773	3299.606934	1.000000
0.000000	-881.429688	508.622467	1.000000
0.000000	-133.258499	-350.582397	1.000000
0.000000	-348.231628	-100.813271	1.000000
0.000000	7135.321777	6269.593750	1.000000
0.000000	-920.156677	1614.783325	1.000000
0.000000	-26.547836	1270.563477	1.000000
0.000000	-3451.228271	-11572.536133	1.000000
0.000000	387.401184	-8.712952	1.000000
0.000000	-14.245337	-359.357178	1.000000
0.000000	223.275925	114.558670	1.000000
0.000000	29405522.000000	-21550876.000000	1.000000
0.000000	-629.299133	1716.875610	1.000000
0.000000	437.026337	590.367249	1.000000
0.000000	1665.176392	26162.697266	1.000000
0.000000	3298.969238	-1735.005859	1.000000
0.000000	-138.612976	-330.857361	1.000000
0.000000	210.574554	-438.941315	1.000000
0.000000	5329.664551	-2972.396973	1.000000
0.000000	401153.437500	-1051564.750000	1.000000
0.000000	40128.531250	142494.875000	1.000000
0.000000	899154304.000000	-490293056.000000	1.000000
0.000000	5058.487305	-14940.728516	1.000000
0.000000	-11819835.000000	-661194.437500	1.000000
0.000000	10657.702148	-15038.586914	1.000000
0.000000	-46.137722	-445.101898	1.000000
0.000000	-337.707886	-826.421326	1.000000
0.000000	-415.998230	919.183350	1.000000
0.000000	424222.687500	2468.982178	1.000000
0.000000	-9429.599609	10618.981445	1.000000
0.000000	-258.690704	518.403137	1.000000
0.000000	24.990780	-371.360077	1.000000
0.000000	3430.263184	-13372.473633	1.000000
0.000000	-935690816.000000	516809408.000000	1.000000
0.000000	1333545.500000	80323.796875	1.000000
0.000000	370843.687500	-121745.359375	1.000000
0.000000	282363.250000	227422.218750	1.000000
0.000000	24825.939453	-23097.449219	1.000000
0.000000	2203343.750000	933558.187500	1.000000
0.000000	-195.909897	290.581482	1.000000
0.000000	6.965052	-51.971577	1.000000
0.000000	-3114.813721	-304.029541	1.000000
0.000000	-1680.729614	1801.327271	1.000000
0.000000	136.836578	351.986694	1.000000
0.000000	-9.255613	-126.417274	1.000000
0.000000	-1292.054565	1078.788452	1.000000
0.000000	981.636292	-230.731934	1.000000
0.000000	252.551987	-104.235733	1.000000
0.000000	-4355021.000000	2416277.250000	1.000000
0.000000	1176.280029	653.169861	1.000000
0.000000	-202.164536	-88068.687500	1.000000
0.000000	1711789.125000	-2028472.500000	1.000000
0.000000	827.269409	-1432.654297	1.000000
0.000000	-197.061462	-5347.739746	1.000000
0.000000	691415.187500	-227513.781250	1.000000
0.000000	12310197.000000	-6573529.500000	1.000000
0.000000	-21963.857422	-21585.519531	1.000000
0.000000	170748.765625	-24573.003906	1.000000
0.000000	-8.991692	255.488449	1.000000
0.000000	364.315399	-56.343140	1.000000
0.000000	545.981384	-1808.009521	1.000000
0.000000	-199.833862	-300.173492	1.000000
0.000000	134.731750	-339.915863	1.000000
0.000000	-904.735107	1143.078247	1.000000
0.000000	-284.688416	-3093.801025	1.000000
0.000000	-53944.585938	119833.890625	1.000000
0.000000	115.912537	318.063110	1.000000
0.000000	-424.783539	45.543827	1.000000
0.000000	-60.325306	-1056.266968	1.000000
0.000000	-64549.324219	15499.691406	1.000000
0.000000	2456.648193	855.859192	1.000000
0.000000	55840.800781	149629.609375	1.000000
0.000000	-13303.940430	6579.760742	1.000000
0.000000	-41838.128906	-29742.265625	1.000000
0.000000	-8396.004883	13852.906250	1.000000
0.000000	372.199707	372.303589	1.000000
0.000000	-363.142029	218.809647	1.000000
0.000000	1605.286133	3129.139404	1.000000
0.000000	699.423462	-433.075897	1.000000
0.000000	1878.753662	67.350380	1.000000
0.000000	580.041748	-604.308411	1.000000
0.000000	13976.115234	-14306.261719	1.000000
0.000000	-358.947021	-170.851486	1.000000
0.000000	-1192.460938	1460.619751	1.000000
0.000000	279.532013	303.466583	1.000000
0.000000	-13273.901367	-2997.776611	1.000000
0.000000	-28705.628906	-61564.953125	1.000000
0.000000	1735.453857	8109.567383	1.000000
0.000000	-2489.776367	1795.170410	1.000000
0.000000	152.984283	-176.175491	1.000000
0.000000	27.903267	163.313019	1.000000
0.000000	-3782.203369	-15984.625977	1.000000
0.000000	824.809387	-10.170456	1.000000
0.000000	-8842.572266	12937.332031	1.000000
0.000000	-877.481567	-3235.780273	1.000000
0.000000	935.897522	630.965271	1.000000
0.000000	345.730133	-266.518250	1.000000
0.000000	-5588.036621	-20501.880859	1.000000
0.000000	5.017378	-381.705841	1.000000
0.000000	22498.632812	-24655.162109	1.000000
0.000000	-339.290863	-219.036484	1.000000
0.000000	-3300464.250000	1376390.750000	1.000000
0.000000	-18009.767578	-1314.541626	1.000000
0.000000	-82.164116	629.870972	1.000000
0.000000	177.608246	-397.650848	1.000000
0.000000	6703.023926	2649.493164	1.000000
0.000000	-26080.693359	-23347.175781	1.000000
0.000000	-586712.625000	317497.656250	1.000000
0.000000	-108536.234375	249032.609375	1.000000
0.000000	37968.187500	-56191.003906	1.000000
0.000000	636.615723	-1764.561646	1.000000
0.000000	148.379959	217.412827	1.000000
0.000000	-232.953186	-370.082764	1.000000
0.000000	-402.956848	734.386597	1.000000
0.000000	4112436.000000	2116301.500000	1.000000
0.000000	222.921402	221.974289	1.000000
0.000000	-45297.386719	76012.937500	1.000000
0.000000	755.063171	1717.421143	1.000000
0.000000	4885.589355	12549.719727	1.000000
0.000000	613.771301	1552.416016	1.000000
0.000000	-44137.246094	2407.187256	1.000000
0.000000	245674.234375	-842228.687500	1.000000
0.000000	-276.163300	-164.995102	1.000000
0.000000	499.779755	-125.869514	1.000000
0.000000	-32959.988281	-140058.109375	1.000000
0.000000	-14355.694336	-13512.968750	1.000000
0.000000	-437.114014	-84.972755	1.000000
0.000000	-323667.031250	730136.875000	1.000000
0.000000	-31314.574219	-19643.378906	1.000000
0.000000	-473.457184	-1101.983276	1.000000
0.000000	162.568558	-408.651337	1.000000
0.000000	-3576.391113	-12791.363281	1.000000
0.000000	107.990479	-371.370514	1.000000
0.000000	3217.614746	2945.624512	1.000000
0.000000	54.526276	139.885666	1.000000
0.000000	799110.187500	-982912.687500	1.000000
0.000000	-434.240570	417.028748	1.000000
0.000000	-3228.568604	-2106.429932	1.000000
0.000000	-38.253719	2950.687744	1.000000
0.000000	-354.525208	337.016693	1.000000
0.000000	19825.001953	10586.976562	1.000000
0.000000	124.505264	576.954773	1.000000
0.000000	-3414.293945	-1929.585083	1.000000
0.000000	65116.902344	112710.070312	1.000000
0.000000	305.812714	248.250488	1.000000
0.000000	484892.843750	100858.046875	1.000000
0.000000	-279.188751	267.410828	1.000000
0.000000	79.571327	343.774414	1.000000
0.000000	328.459991	165.749084	1.000000
0.000000	-340.690613	-99.100952	1.000000
0.000000	-52402.910156	-2964.375244	1.000000
0.000000	11423.909180	1420.841187	1.000000
0.000000	-64.936852	-232.528229	1.000000
0.000000	32.531048	1708.740967	1.000000
0.000000	-7875.282715	-93190.484375	1.000000
0.000000	-595.966064	1070.830322	1.000000
0.000000	-75.340355	336.835693	1.000000
0.000000	374.569244	-90.276451	1.000000
0.000000	58.764706	388.459167	1.000000
0.000000	-42934.207031	-77690.820312	1.000000
0.000000	265.366730	-1119.345947	1.000000
0.000000	9.307850	364.350525	1.000000
0.000000	-107.810478	-149.807831	1.000000
0.000000	-463.367432	757.957886	1.000000
0.000000	425.249969	32.387924	1.000000
0.000000	227.404083	1044.942017	1.000000
0.000000	-201.672546	200.890244	1.000000
0.000000	278.238495	542.227966	1.000000
0.000000	-11041.629883	551.601013	1.000000
0.000000	28171368.000000	16549397.000000	1.000000
0.000000	334.950836	-667.719238	1.000000
0.000000	-32758.218750	266745.625000	1.000000
0.000000	-271.897461	4.177568	1.000000
0.000000	1517.957764	2651.355469	1.000000
0.000000	4501.873535	10689.118164	1.000000
0.000000	-48483.226562	-126250.796875	1.000000
0.000000	18.865681	-534.481323	1.000000
0.000000	1929694.125000	165255.296875	1.000000
0.000000	-180073.203125	-177937.812500	1.000000
0.000000	-70241.835938	13714.946289	1.000000
0.000000	288.749420	-150.980774	1.000000
0.000000	-131122.718750	15000.320312	1.000000
0.000000	-1107.285278	252.663147	1.000000
0.000000	-1351.637085	970.205933	1.000000
0.000000	-1196.879639	1207.377808	1.000000
0.000000	49269.285156	57592.781250	1.000000
0.000000	83845.179688	3658.851807	1.000000
0.000000	1095.054810	-390.804932	1.000000
0.000000	-389.077118	-291.904266	1.000000
0.000000	-1589278.625000	-1200867.375000	1.000000
0.000000	-307.611877	153.311752	1.000000
0.000000	2590553.750000	19399.917969	1.000000
0.000000	148.555420	-218.662430	1.000000
0.000000	-10470.636719	13224.951172	1.000000
0.000000	1826645.375000	135364.421875	1.000000
0.000000	-1560.598511	829.607666	1.000000
0.000000	304.533051	57.649567	1.000000
0.000000	378.674255	-48.988724	1.000000
0.000000	420.344910	940.343933	1.000000
0.000000	-10642.393555	7443.175293	1.000000
0.000000	-406.692383	167.690399	1.000000
0.000000	27335.287109	25932.667969	1.000000
0.000000	99.348427	317.828888	1.000000
0.000000	274.594086	532.662537	1.000000
0.000000	-78.801506	-9046.001953	1.000000
0.000000	-5635.589355	9774.072266	1.000000
0.000000	459174.031250	25557.835938	1.000000
0.000000	-1047.604248	1111.783691	1.000000
0.000000	2204.510742	-5240.056152	1.000000
0.000000	3487.739746	-2123.736084	1.000000
0.000000	159.125641	100.393845	1.000000
0.000000	252.746552	197.116638	1.000000
0.000000	951.750610	-769.851318	1.000000
0.000000	1211.496704	11697.124023	1.000000
0.000000	18008.160156	-23791.931641	1.000000
0.000000	352.884857	-19.111824	1.000000
0.000000	-11.454099	-241.691986	1.000000
0.000000	1119.791260	1192.933350	1.000000
0.000000	443.583191	-46.493862	1.000000
0.000000	112.006767	203.337662	1.000000
0.000000	-1405.189941	142.421173	1.000000
0.000000	75343.390625	-7405.175781	1.000000
0.000000	90.164787	433.206726	1.000000
0.000000	-178.564621	-720.712036	1.000000
0.000000	1176.665771	-9569.109375	1.000000
0.000000	285.759491	318.318665	1.000000
0.000000	260.715515	238.892380	1.000000
0.000000	-3848.657471	-4578.186035	1.000000
0.000000	543.191528	237.351791	1.000000
0.000000	-2052.809082	-2986.039307	1.000000
0.000000	18.399990	298.676086	1.000000
0.000000	22248.312500	39121.484375	1.000000
0.000000	378.973114	-23.803362	1.000000
0.000000	913.440002	-549.336975	1.000000
0.000000	1277.261475	714.632263	1.000000
0.000000	-320.923981	662.340576	1.000000
0.000000	159.350784	-336.977875	1.000000
0.000000	9598.327148	4820.051270	1.000000
0.000000	-92665.468750	-330231.781250	1.000000
0.000000	8013.200684	16950.242188	1.000000
0.000000	228.772522	-206.447159	1.000000
0.000000	3408.205322	-886.938477	1.000000
0.000000	-423329.875000	-81970.750000	1.000000
0.000000	-44105600.000000	-10494824.000000	1.000000
0.000000	6035.534180	-4560.229004	1.000000
0.000000	-298.474579	181.208649	1.000000
0.000000	1049.908936	-1681.894897	1.000000
0.000000	5831.989258	339.754395	1.000000
0.000000	-286.324402	-109.557304	1.000000
0.000000	-510.239075	1015.325073	1.000000
0.000000	-18775.720703	43.590569	1.000000
0.000000	-654.809143	-157.727432	1.000000
0.000000	301.664154	-373.259003	1.000000
0.000000	14569.595703	-11028.713867	1.000000
