0.000000	31609.671875	455707.500000	1.000000
0.000000	214948.250000	175100.015625	1.000000
0.000000	1163.095459	-12621.741211	1.000000
0.000000	-677.834778	650.984924	1.000000
0.000000	16900.841797	27552.718750	1.000000
0.000000	-13846.860352	789.991882	1.000000
0.000000	-823.323425	-2386.043701	1.000000
0.000000	-595079.312500	1523932.125000	1.000000
0.000000	3493.489014	-2336.821289	1.000000
0.000000	9292453.000000	3386659.750000	1.000000
0.000000	78697400.000000	19959642.000000	1.000000
0.000000	-127.023155	-144.718384	1.000000
0.000000	-222.176422	-38.845619	1.000000
0.000000	98.219688	-90.078430	1.000000
0.000000	-73337376.000000	-31090268.000000	1.000000
0.000000	601.273987	-4593.804199	1.000000
0.000000	338.606445	-259.366699	1.000000
0.000000	-6090.833496	7673.779297	1.000000
0.000000	-987.698181	370.389923	1.000000
0.000000	-250.732285	142.864304	1.000000
0.000000	888.820618	7859.459961	1.000000
0.000000	10108.125000	84966.007812	1.000000
0.000000	-17.965105	671.622192	1.000000
0.000000	119.621490	195.418701	1.000000
0.000000	-207214.078125	-53228.300781	1.000000
0.000000	262.013885	-70.898468	1.000000
0.000000	10390.768555	35532.550781	1.000000
0.000000	-3778.125732	11610.025391	1.000000
0.000000	275.508118	-106.006752	1.000000
0.000000	-61624.726562	-273296.843750	1.000000
0.000000	5263.801758	-9025.496094	1.000000
0.000000	4732.399414	868.923706	1.000000
0.000000	-123.959351	403.287323	1.000000
0.000000	-425.578003	-311.207550	1.000000
0.000000	-121.118576	61.973827	1.000000
0.000000	4724.144531	2717.859619	1.000000
0.000000	151.512878	-11.343571	1.000000
0.000000	-5621.582520	-1409.175659	1.000000
0.000000	-246326.390625	-73589.843750	1.000000
0.000000	-46855.417969	-6068.352051	1.000000
0.000000	348.858002	-7.501145	1.000000
0.000000	451.368164	137.843689	1.000000
0.000000	-0.472822	84.963882	1.000000
0.000000	-15.111580	1.806830	1.000000
0.122463	28.768629	83.243179	1.000000
0.000000	-502.778656	-414.573944	1.000000
0.000000	-4206.600586	3441.857910	1.000000
0.000000	-740.090576	303.604767	1.000000
0.000000	-78.470596	-107.719124	1.000000
0.000000	-104.568069	-49.596836	1.000000
0.000000	6887.294434	6296.341797	1.000000
0.000000	-784.288757	1823.296509	1.000000
0.000000	114.978127	1475.429199	1.000000
0.000000	-3306.545654	-11776.793945	1.000000
0.000000	155.669067	-99.440323	1.000000
0.000000	-19.805761	-112.111443	1.000000
0.000000	-25.582155	123.183395	1.000000
0.000000	29405522.000000	-21550876.000000	1.000000
0.000000	-428.688782	1569.761353	1.000000
0.000000	600.927612	402.915436	1.000000
0.000000	1793.445435	26376.681641	1.000000
0.000000	3204.135254	-1504.607910	1.000000
0.000000	-8.196647	-117.415970	1.000000
0.000000	76.226410	-229.354645	1.000000
0.000000	5482.857910	-2776.649902	1.000000
0.000000	400997.812500	-1051564.750000	1.000000
0.000000	40342.515625	142650.500000	1.000000
0.000000	899154304.000000	-490293056.000000	1.000000
0.000000	5218.975586	-14751.060547	1.000000
0.000000	-11819835.000000	-661505.687500	1.000000
0.000000	10531.256836	-15252.571289	1.000000
0.000000	27.419827	-207.241486	1.000000
0.000000	-149.754639	-663.197449	1.000000
0.000000	-664.878784	927.694092	1.000000
0.000000	424533.937500	2530.989014	1.000000
0.000000	-9186.435547	10677.340820	1.000000
0.000000	-16.985041	578.282288	1.000000
0.000000	46.799557	-123.332718	1.000000
0.000000	3405.946777	-13124.446289	1.000000
0.000000	-935690816.000000	516809408.000000	1.000000
0.000000	1333545.500000	80090.359375	1.000000
0.000000	370532.437500	-121706.453125	1.000000
0.000000	282674.500000	227344.406250	1.000000
0.000000	25049.650391	-23214.167969	1.000000
0.000000	2203343.750000	933869.437500	1.000000
0.097778	-69.152481	79.334770	1.000000
0.000000	248.480133	4.820387	1.000000
0.000000	-3270.438721	-498.560791	1.000000
0.000000	-1651.549927	1553.907837	1.000000
0.000000	22.018381	131.011368	1.000000
0.000000	54.714031	114.229675	1.000000
0.000000	-1051.930054	1144.442749	1.000000
0.000000	771.299377	-97.380371	1.000000
0.000000	197.156174	-346.991364	1.000000
0.000000	-4355021.000000	2416277.250000	1.000000
0.000000	960.990967	528.244324	1.000000
0.000000	41.525711	-88029.781250	1.000000
0.000000	1711789.125000	-2028472.500000	1.000000
0.000000	780.764282	-1677.034180	1.000000
0.000000	-401.775208	-5206.704590	1.000000
0.000000	691415.187500	-227280.343750	1.000000
0.000000	12310197.000000	-6573529.500000	1.000000
0.000000	-21905.498047	-21342.355469	1.000000
0.000000	170515.328125	-24427.105469	1.000000
0.000000	98.445953	34.526176	1.000000
0.000000	125.441139	17.183367	1.000000
0.000000	787.017761	-1746.002686	1.000000
0.000000	-36.005333	-112.636345	1.000000
0.000000	44.112320	-107.998123	1.000000
0.000000	-833.305664	904.625427	1.000000
0.000000	-43.282745	-3154.592041	1.000000
0.000000	-53691.695312	119833.890625	1.000000
0.122463	32.127338	88.102409	1.000000
0.000000	-183.859360	-17.571186	1.000000
0.000000	-299.790253	-1124.352905	1.000000
0.000000	-64763.308594	15635.863281	1.000000
0.000000	2382.483154	618.166321	1.000000
0.000000	55646.269531	149473.984375	1.000000
0.000000	-13065.639648	6657.573242	1.000000
0.000000	-41643.597656	-29888.164062	1.000000
0.000000	-8600.262695	13711.871094	1.000000
0.000000	147.272949	265.615356	1.000000
0.000000	-179.736740	50.342552	1.000000
0.000000	1425.952637	3301.785889	1.000000
0.000000	458.995026	-368.181488	1.000000
0.000000	2038.634033	258.171112	1.000000
0.000000	531.408936	-360.138000	1.000000
0.000000	14029.611328	-14063.097656	1.000000
0.000000	-146.634384	-40.812614	1.000000
0.000000	-1098.234863	1691.017700	1.000000
0.000000	101.566315	129.300339	1.000000
0.000000	-13517.065430	-2943.064697	1.000000
0.000000	-28550.003906	-61370.421875	1.000000
0.000000	1599.281982	7900.446289	1.000000
0.000000	-2641.753906	1992.133301	1.000000
0.000000	-74.855240	-75.718346	1.000000
0.000000	188.341537	347.118958	1.000000
0.000000	-3940.260010	-16179.157227	1.000000
0.000000	585.596741	-79.659599	1.000000
0.000000	-8594.544922	12917.878906	1.000000
0.000000	-952.558472	-2998.695312	1.000000
0.000000	962.949524	383.466949	1.000000
0.000000	102.414078	-213.690948	1.000000
0.000000	-5833.632324	-20540.787109	1.000000
0.000000	-8.081175	-133.070572	1.000000
0.000000	22566.718750	-24411.998047	1.000000
0.000000	-171.393997	-35.140671	1.000000
0.000000	-3300464.250000	1376390.750000	1.000000
0.000000	-17922.228516	-1082.319946	1.000000
0.000000	22.564102	404.032349	1.000000
0.000000	94.613228	-162.875702	1.000000
0.000000	6622.779785	2885.362305	1.000000
0.000000	-26314.130859	-23424.988281	1.000000
0.000000	-586712.625000	317342.031250	1.000000
0.000000	-108536.234375	249266.046875	1.000000
0.000000	38221.078125	-56191.003906	1.000000
0.000000	475.519501	-1574.893677	1.000000
0.000000	28.768291	-0.978515	1.000000
0.000000	-176.037598	-612.423950	1.000000
0.000000	-335.022888	494.869965	1.000000
0.000000	4112436.000000	2116301.500000	1.000000
0.000000	-18.440178	172.928391	1.000000
0.000000	-45200.121094	75779.500000	1.000000
0.000000	530.440369	1609.821045	1.000000
0.000000	4644.856934	12612.942383	1.000000
0.000000	638.391663	1800.443359	1.000000
0.000000	-43962.167969	2224.814209	1.000000
0.000000	245907.671875	-842228.687500	1.000000
0.000000	-50.920692	-58.890030	1.000000
0.000000	255.841248	-143.140091	1.000000
0.000000	-33057.253906	-139824.671875	1.000000
0.000000	-14273.018555	-13746.406250	1.000000
0.000000	-188.458115	-72.358620	1.000000
0.000000	-323355.781250	730136.875000	1.000000
0.000000	-31528.558594	-19769.824219	1.000000
0.000000	-248.378433	-995.598999	1.000000
0.000000	95.300034	-168.955154	1.000000
0.000000	-3814.691895	-12718.414062	1.000000
0.000000	35.983727	-133.030533	1.000000
0.000000	3143.449707	3182.709473	1.000000
0.000000	-63.601101	355.420135	1.000000
0.000000	799421.437500	-982912.687500	1.000000
0.000000	-188.665710	375.538879	1.000000
0.000000	-3466.869385	-2035.912476	1.000000
0.000000	14.072771	2707.523682	1.000000
0.000000	-178.839172	160.529678	1.000000
0.000000	19951.447266	10372.992188	1.000000
0.000000	-120.909912	618.900574	1.000000
0.000000	-3177.208984	-1851.772583	1.000000
0.000000	65039.089844	112476.632812	1.000000
0.000000	120.329819	82.513687	1.000000
0.000000	484892.843750	100624.609375	1.000000
0.000000	-99.095375	95.453285	1.000000
0.000000	80.004051	94.672981	1.000000
0.000000	285.754303	-79.552124	1.000000
0.000000	-92.207314	-83.257294	1.000000
0.000000	-52500.175781	-3190.517822	1.000000
0.000000	11292.600586	1209.288452	1.000000
0.000000	-131.547501	8.393981	1.000000
0.000000	-112.869347	1911.175049	1.000000
0.000000	-7863.124512	-92957.046875	1.000000
0.000000	-446.790619	1270.224854	1.000000
0.000000	85.832275	150.935715	1.000000
0.043777	134.224487	-18.870699	1.000000
0.000000	48.452415	138.792633	1.000000
0.000000	-42739.675781	-77846.445312	1.000000
0.000000	460.049957	-963.838623	1.000000
0.000000	-120.293373	151.733948	1.000000
0.000000	3.615714	-372.454926	1.000000
0.000000	-440.570801	509.930542	1.000000
0.000000	251.235703	210.502228	1.000000
0.000000	168.208832	802.993774	1.000000
0.000000	-85.167801	-19.171694	1.000000
0.000000	77.686172	394.688934	1.000000
0.000000	-10793.602539	569.838318	1.000000
0.000000	28171368.000000	16549397.000000	1.000000
0.000000	167.055923	-483.826447	1.000000
0.000000	-32855.484375	266901.250000	1.000000
0.000000	-22.971151	10.503633	1.000000
0.000000	1310.660400	2788.743164	1.000000
0.000000	4745.037598	10630.758789	1.000000
0.000000	-48736.117188	-126250.796875	1.000000
0.000000	237.481445	-415.330902	1.000000
0.000000	1929694.125000	165099.671875	1.000000
0.000000	-180306.640625	-177937.812500	1.000000
0.000000	-70047.304688	13855.981445	1.000000
0.000000	141.159729	44.368103	1.000000
0.000000	-131044.906250	14762.019531	1.000000
0.000000	-885.208191	140.047791	1.000000
0.000000	-1195.404175	1164.044800	1.000000
0.000000	-1132.441162	966.717773	1.000000
0.000000	49210.925781	57359.343750	1.000000
0.000000	84039.710938	3808.397705	1.000000
0.000000	857.757019	-466.489746	1.000000
0.000000	-167.767517	-177.821213	1.000000
0.000000	-1589278.625000	-1200867.375000	1.000000
0.097778	-67.771507	83.036308	1.000000
0.000000	2590553.750000	19176.207031	1.000000
0.079421	63.931019	9.632623	1.000000
0.000000	-10324.738281	13020.693359	1.000000
0.000000	1826645.375000	135520.046875	1.000000
0.000000	-1589.170288	582.188232	1.000000
0.079421	62.599747	6.151400	1.000000
0.000000	173.320084	84.474243	1.000000
0.000000	619.131531	1090.328003	1.000000
0.000000	-10472.178711	7260.802246	1.000000
0.000000	-162.616470	118.381104	1.000000
0.000000	27325.560547	25679.777344	1.000000
0.000000	-82.414032	147.614059	1.000000
0.000000	263.347748	283.887909	1.000000
0.000000	163.428162	-9104.361328	1.000000
0.000000	-5387.562012	9769.208984	1.000000
0.000000	459018.406250	25742.640625	1.000000
0.000000	-814.166687	1025.460449	1.000000
0.000000	2004.033936	-5388.386230	1.000000
0.000000	3482.876465	-1874.492920	1.000000
0.000000	22.929550	-108.052277	1.000000
0.000000	39.810284	68.070061	1.000000
0.000000	1058.947510	-545.228516	1.000000
0.000000	1182.924927	11945.151367	1.000000
0.000000	18251.324219	-23743.298828	1.000000
0.000000	104.553543	-1.011236	1.000000
0.000000	-22.840281	4.166364	1.000000
0.000000	1326.480713	1054.329834	1.000000
0.000000	194.643997	-40.129803	1.000000
0.000000	71.011673	-40.795853	1.000000
0.000000	-1642.274902	66.477623	1.000000
0.000000	75109.953125	-7431.923828	1.000000
0.000000	23.865753	193.214325	1.000000
0.000000	-427.527466	-720.712036	1.000000
0.000000	1192.471436	-9817.136719	1.000000
0.000000	135.210724	119.987976	1.000000
0.000000	70.806252	77.872169	1.000000
0.000000	-3962.944580	-4799.465332	1.000000
0.000000	297.595795	196.773788	1.000000
0.000000	-1852.821411	-2837.709229	1.000000
0.000000	-81.717621	77.269470	1.000000
0.000000	22209.406250	38868.593750	1.000000
0.043777	132.345276	-22.793959	1.000000
0.000000	664.500793	-553.592346	1.000000
0.000000	1062.061279	589.402771	1.000000
0.000000	-310.589508	413.645264	1.000000
0.000000	2.283406	-143.770294	1.000000
0.000000	9471.881836	5034.035645	1.000000
0.000000	-92782.187500	-330076.156250	1.000000
0.000000	7765.173340	16940.515625	1.000000
0.000000	67.528870	-16.578375	1.000000
0.000000	3326.745361	-1122.376587	1.000000
0.000000	-423485.500000	-81776.218750	1.000000
0.000000	-44105600.000000	-10494824.000000	1.000000
0.000000	5923.678711	-4781.508301	1.000000
0.000000	-203.984772	-49.123688	1.000000
0.000000	831.669189	-1801.653198	1.000000
0.000000	6026.520508	494.467529	1.000000
0.000000	-55.166592	-16.973095	1.000000
0.000000	-261.603821	1027.483276	1.000000
0.000000	-18814.626953	289.436035	1.000000
0.000000	-405.869934	-150.812454	1.000000
0.000000	268.857971	-127.826080	1.000000
0.000000	14341.021484	-11125.979492	1.000000
