0.000000	31564.183594	455750.312500	1.000000
0.000000	214969.656250	175164.234375	1.000000
0.000000	1173.296875	-12689.973633	1.000000
0.000000	-609.351501	649.981506	1.000000
0.000000	16895.490234	27483.148438	1.000000
0.000000	-13779.965820	774.522522	1.000000
0.000000	-761.864075	-2416.146240	1.000000
0.000000	-595164.937500	1523932.125000	1.000000
0.000000	3528.608643	-2277.954102	1.000000
0.000000	9292453.000000	3386659.750000	1.000000
0.000000	78697400.000000	19959642.000000	1.000000
0.000000	-193.123474	-162.654480	1.000000
0.000000	-254.599365	21.490665	1.000000
0.000000	95.700691	-158.535019	1.000000
0.000000	-73337376.000000	-31090268.000000	1.000000
0.000000	660.893738	-4560.356934	1.000000
0.000000	354.661133	-325.968567	1.000000
0.000000	-6126.287598	7732.646484	1.000000
0.000000	-987.530945	301.906647	1.000000
0.000000	-274.233673	207.208481	1.000000
0.000000	903.537415	7926.354492	1.000000
0.000000	10169.667969	84998.117188	1.000000
0.000000	-31.215971	738.851196	1.000000
0.000000	170.043243	149.052429	1.000000
0.000000	-207171.265625	-53276.464844	1.000000
0.000000	330.288116	-65.536453	1.000000
0.000000	10389.430664	35462.980469	1.000000
0.000000	-3845.354736	11596.646484	1.000000
0.000000	335.378723	-139.286774	1.000000
0.000000	-61555.156250	-273296.843750	1.000000
0.000000	5222.996094	-8970.642578	1.000000
0.000000	4798.625000	885.814575	1.000000
0.000000	-187.132202	429.794281	1.000000
0.000000	-475.707092	-264.506805	1.000000
0.000000	-174.655106	19.239719	1.000000
0.000000	4786.356445	2746.289795	1.000000
0.000000	87.808739	-36.504814	1.000000
0.000000	-5674.429199	-1452.489868	1.000000
0.000000	-246304.984375	-73654.062500	1.000000
0.000000	-46801.902344	-6109.826660	1.000000
0.000000	401.662872	36.114506	1.000000
0.000000	490.961365	81.936333	1.000000
0.000000	-1.087941	153.461502	1.000000
0.000000	-43.412395	-62.109089	1.000000
0.000000	37.277561	151.203094	1.000000
0.000000	-528.616638	-351.149567	1.000000
0.000000	-4150.409180	3402.724609	1.000000
0.000000	-778.973022	360.005219	1.000000
0.000000	-93.542770	-174.533203	1.000000
0.000000	-171.605286	-63.686497	1.000000
0.000000	6955.526855	6288.983398	1.000000
0.000000	-821.666077	1765.934448	1.000000
0.000000	76.043419	1419.070557	1.000000
0.000000	-3346.347900	-11720.602539	1.000000
0.000000	218.926208	-73.173767	1.000000
0.000000	-18.707159	-178.901245	1.000000
0.000000	42.876694	120.810730	1.000000
0.000000	29405522.000000	-21550876.000000	1.000000
0.000000	-483.876770	1610.232544	1.000000
0.000000	555.857422	454.466034	1.000000
0.000000	1758.158569	26317.814453	1.000000
0.000000	3230.224121	-1567.990479	1.000000
0.000000	-43.644810	-177.364471	1.000000
0.000000	113.185638	-287.019012	1.000000
0.000000	5440.714355	-2830.500000	1.000000
0.000000	401040.625000	-1051564.750000	1.000000
0.000000	40283.648438	142607.687500	1.000000
0.000000	899154304.000000	-490293056.000000	1.000000
0.000000	5174.825195	-14803.238281	1.000000
0.000000	-11819835.000000	-661420.062500	1.000000
0.000000	10566.041992	-15193.704102	1.000000
0.000000	7.184204	-272.688263	1.000000
0.000000	-201.451569	-708.100403	1.000000
0.000000	-596.395508	925.352783	1.000000
0.000000	424448.312500	2513.930908	1.000000
0.000000	-9253.330078	10661.286133	1.000000
0.000000	-83.475624	561.809509	1.000000
0.000000	40.799953	-191.565140	1.000000
0.000000	3412.636230	-13192.678711	1.000000
0.000000	-935690816.000000	516809408.000000	1.000000
0.000000	1333545.500000	80154.578125	1.000000
0.000000	370618.062500	-121717.156250	1.000000
0.000000	282588.875000	227365.812500	1.000000
0.000000	24988.107422	-23182.058594	1.000000
0.000000	2203343.750000	933783.812500	1.000000
0.000000	-100.834526	137.159485	1.000000
0.402305	182.803970	-11.141561	1.000000
0.000000	-3227.626221	-445.045166	1.000000
0.000000	-1659.577271	1621.973022	1.000000
0.000000	53.604317	191.801773	1.000000
0.000000	37.117634	48.026257	1.000000
0.000000	-1117.988403	1126.381226	1.000000
0.000000	829.163147	-134.059113	1.000000
0.000000	212.395584	-280.222260	1.000000
0.000000	-4355021.000000	2416277.250000	1.000000
0.000000	1020.276245	562.611389	1.000000
0.000000	-25.512165	-88040.484375	1.000000
0.000000	1711789.125000	-2028472.500000	1.000000
0.000000	793.557861	-1609.805176	1.000000
0.000000	-345.458374	-5245.503418	1.000000
0.000000	691415.187500	-227344.562500	1.000000
0.000000	12310197.000000	-6573529.500000	1.000000
0.000000	-21921.552734	-21409.250000	1.000000
0.000000	170579.546875	-24467.242188	1.000000
0.000000	68.970551	96.359314	1.000000
0.000000	191.591812	-3.857950	1.000000
0.000000	720.708557	-1763.060791	1.000000
0.000000	-81.072273	-164.225632	1.000000
0.000000	69.040985	-171.798782	1.000000
0.000000	-852.955933	970.265686	1.000000
0.000000	-109.694839	-3137.868408	1.000000
0.000000	-53761.265625	119833.890625	1.000000
0.000000	56.350639	152.182480	1.000000
0.000000	-250.166550	-0.180851	1.000000
0.000000	-233.906158	-1105.622437	1.000000
0.000000	-64704.441406	15598.402344	1.000000
0.000000	2402.885986	683.555725	1.000000
0.000000	55699.785156	149516.796875	1.000000
0.000000	-13131.196289	6636.166992	1.000000
0.000000	-41697.113281	-29848.027344	1.000000
0.000000	-8544.071289	13750.669922	1.000000
0.000000	209.150391	294.965332	1.000000
0.000000	-230.179398	96.687920	1.000000
0.000000	1475.287354	3254.290771	1.000000
0.000000	525.136963	-386.033966	1.000000
0.000000	1994.650879	205.678955	1.000000
0.000000	544.787842	-427.325195	1.000000
0.000000	14014.894531	-14129.992188	1.000000
0.000000	-205.041672	-76.587349	1.000000
0.000000	-1124.156494	1627.635132	1.000000
0.000000	150.524750	177.213547	1.000000
0.000000	-13450.170898	-2958.115967	1.000000
0.000000	-28592.816406	-61423.937500	1.000000
0.000000	1636.742920	7957.975586	1.000000
0.000000	-2599.944824	1937.948730	1.000000
0.000000	-12.176548	-103.354149	1.000000
0.000000	143.041397	295.735596	1.000000
0.000000	-3896.778564	-16125.641602	1.000000
0.000000	651.404236	-60.542397	1.000000
0.000000	-8662.777344	12923.230469	1.000000
0.000000	-931.904785	-3063.917480	1.000000
0.000000	955.507507	451.573944	1.000000
0.000000	169.350418	-228.219604	1.000000
0.000000	-5766.068848	-20530.083984	1.000000
0.000000	-4.477755	-201.470230	1.000000
0.000000	22547.988281	-24478.892578	1.000000
0.000000	-217.572128	-85.732643	1.000000
0.000000	-3300464.250000	1376390.750000	1.000000
0.000000	-17946.310547	-1146.204224	1.000000
0.000000	-6.247576	466.160645	1.000000
0.000000	117.451439	-227.449829	1.000000
0.000000	6644.854980	2820.474609	1.000000
0.000000	-26249.912109	-23403.582031	1.000000
0.000000	-586712.625000	317384.843750	1.000000
0.000000	-108536.234375	249201.828125	1.000000
0.000000	38151.507812	-56191.003906	1.000000
0.000000	519.837158	-1627.071411	1.000000
0.000000	61.677010	59.100765	1.000000
0.000000	-191.695099	-545.780273	1.000000
0.000000	-353.711548	560.761108	1.000000
0.000000	4112436.000000	2116301.500000	1.000000
0.000000	48.710400	186.453629	1.000000
0.000000	-45226.878906	75843.718750	1.000000
0.000000	592.234192	1639.421875	1.000000
0.000000	4711.082520	12595.549805	1.000000
0.000000	631.618591	1732.210938	1.000000
0.000000	-44010.332031	2274.985107	1.000000
0.000000	245843.453125	-842228.687500	1.000000
0.000000	-112.891098	-88.083221	1.000000
0.000000	319.764496	-139.801605	1.000000
0.000000	-33030.496094	-139888.890625	1.000000
0.000000	-14295.762695	-13682.187500	1.000000
0.000000	-256.878418	-75.828773	1.000000
0.000000	-323441.406250	730136.875000	1.000000
0.000000	-31469.691406	-19735.039062	1.000000
0.000000	-310.297699	-1024.865356	1.000000
0.000000	113.811005	-234.908981	1.000000
0.000000	-3749.135254	-12738.482422	1.000000
0.000000	55.796005	-198.608078	1.000000
0.000000	3163.852539	3117.487305	1.000000
0.000000	-31.183317	295.089630	1.000000
0.000000	799335.812500	-982912.687500	1.000000
0.000000	-256.208344	386.952759	1.000000
0.000000	-3401.312744	-2055.311768	1.000000
0.000000	-0.322545	2774.418213	1.000000
0.000000	-227.170471	209.090927	1.000000
0.000000	19916.662109	10431.859375	1.000000
0.000000	-53.397873	607.361267	1.000000
0.000000	-3242.431152	-1873.178833	1.000000
0.000000	65060.496094	112540.851562	1.000000
0.000000	170.836777	128.785706	1.000000
0.000000	484892.843750	100688.828125	1.000000
0.000000	-148.639130	142.760254	1.000000
0.000000	79.136513	163.172073	1.000000
0.000000	297.502655	-12.068317	1.000000
0.000000	-160.565170	-87.615891	1.000000
0.000000	-52473.417969	-3128.305908	1.000000
0.000000	11328.723633	1267.486694	1.000000
0.000000	-112.930023	-57.528042	1.000000
0.000000	-72.868507	1855.485352	1.000000
0.000000	-7866.469238	-93021.265625	1.000000
0.000000	-487.805328	1215.371338	1.000000
0.000000	43.904602	201.328491	1.000000
0.000000	202.045456	-37.202797	1.000000
0.000000	48.877087	208.223572	1.000000
0.000000	-42793.191406	-77803.632812	1.000000
0.000000	406.492523	-1006.567505	1.000000
0.000000	-84.640678	210.224854	1.000000
0.000000	-27.035757	-311.204620	1.000000
0.000000	-446.842163	578.162964	1.000000
0.000000	299.107086	161.501984	1.000000
0.000000	184.493469	869.553833	1.000000
0.000000	-117.224915	41.366325	1.000000
0.000000	132.862793	435.285553	1.000000
0.000000	-10861.834961	564.821228	1.000000
0.000000	28171368.000000	16549397.000000	1.000000
0.000000	213.234055	-534.415405	1.000000
0.000000	-32828.726562	266858.437500	1.000000
0.000000	-91.447105	8.763330	1.000000
0.000000	1367.687988	2750.947754	1.000000
0.000000	4678.143066	10646.813477	1.000000
0.000000	-48666.546875	-126250.796875	1.000000
0.000000	177.339081	-448.109222	1.000000
0.000000	1929694.125000	165142.484375	1.000000
0.000000	-180242.421875	-177937.812500	1.000000
0.000000	-70100.820312	13817.182617	1.000000
0.402305	180.552582	-8.220793	1.000000
0.000000	-131066.312500	14827.576172	1.000000
0.000000	-946.333069	171.028320	1.000000
0.000000	-1238.383911	1110.696411	1.000000
0.000000	-1150.168213	1032.870972	1.000000
0.000000	49226.980469	57423.562500	1.000000
0.000000	83986.195312	3767.257568	1.000000
0.000000	923.062805	-445.668823	1.000000
0.000000	-228.662445	-209.198929	1.000000
0.000000	-1589278.625000	-1200867.375000	1.000000
0.000000	-133.435562	105.871384	1.000000
0.000000	2590553.750000	19237.750000	1.000000
0.000000	85.851059	-49.400192	1.000000
0.000000	-10364.875000	13076.884766	1.000000
0.000000	1826645.375000	135477.234375	1.000000
0.000000	-1581.310181	650.253418	1.000000
0.000000	129.581329	17.489574	1.000000
0.000000	230.305862	46.448883	1.000000
0.000000	564.445251	1049.020630	1.000000
0.000000	-10519.004883	7310.973145	1.000000
0.000000	-229.761856	131.940735	1.000000
0.000000	27328.236328	25749.347656	1.000000
0.000000	-32.410370	194.440231	1.000000
0.000000	266.441620	352.329376	1.000000
0.000000	96.789383	-9088.306641	1.000000
0.000000	-5455.794434	9770.546875	1.000000
0.000000	459061.218750	25691.800781	1.000000
0.000000	-878.385437	1049.208008	1.000000
0.000000	2059.088379	-5347.580566	1.000000
0.000000	3484.214355	-1943.059814	1.000000
0.000000	60.396347	-50.709908	1.000000
0.000000	98.395256	103.576424	1.000000
0.000000	1029.513916	-607.022339	1.000000
0.000000	1190.785034	11876.918945	1.000000
0.000000	18184.429688	-23756.677734	1.000000
0.000000	172.869583	-5.990633	1.000000
0.000000	-21.563602	-61.466358	1.000000
0.000000	1269.620361	1092.459717	1.000000
0.000000	263.127258	-41.880558	1.000000
0.000000	83.060005	25.179638	1.000000
0.000000	-1577.052734	87.371712	1.000000
0.000000	75174.171875	-7424.565430	1.000000
0.000000	42.103798	259.250732	1.000000
0.000000	-359.044189	-720.712036	1.000000
0.000000	1188.123291	-9748.904297	1.000000
0.000000	176.622620	174.548828	1.000000
0.000000	123.057152	122.168892	1.000000
0.000000	-3931.504150	-4738.591309	1.000000
0.000000	365.159271	207.936813	1.000000
0.000000	-1907.842163	-2878.514893	1.000000
0.000000	-57.672707	134.965775	1.000000
0.000000	22220.109375	38938.164062	1.000000
0.000000	198.499634	-24.395517	1.000000
0.000000	732.984070	-552.421692	1.000000
0.000000	1121.262939	623.853455	1.000000
0.000000	-313.432526	482.086731	1.000000
0.000000	45.491695	-196.930542	1.000000
0.000000	9506.666992	4975.168457	1.000000
0.000000	-92750.078125	-330118.968750	1.000000
0.000000	7833.405762	16943.191406	1.000000
0.000000	112.324463	-68.528122	1.000000
0.000000	3349.155029	-1057.656128	1.000000
0.000000	-423442.687500	-81829.734375	1.000000
0.000000	-44105600.000000	-10494824.000000	1.000000
0.000000	5954.450195	-4720.634277	1.000000
0.000000	-229.949799	14.211995	1.000000
0.000000	891.707031	-1768.707642	1.000000
0.000000	5973.004883	451.905884	1.000000
0.000000	-118.758202	-42.441593	1.000000
0.000000	-330.003479	1024.138550	1.000000
0.000000	-18803.923828	221.799515	1.000000
0.000000	-474.353210	-152.714767	1.000000
0.000000	281.062653	-193.923828	1.000000
0.000000	14403.902344	-11099.221680	1.000000
