0.000000	31440.667969	455866.562500	1.000000
0.000000	215027.781250	175338.609375	1.000000
0.000000	1200.997070	-12875.247070	1.000000
0.000000	-423.396912	647.256897	1.000000
0.000000	16880.958984	27294.242188	1.000000
0.000000	-13598.325195	732.518127	1.000000
0.000000	-594.981750	-2497.884521	1.000000
0.000000	-595397.437500	1523932.125000	1.000000
0.000000	3623.969971	-2118.110352	1.000000
0.000000	9292453.000000	3386659.750000	1.000000
0.000000	78697400.000000	19959642.000000	1.000000
0.000000	-372.607117	-211.356873	1.000000
0.000000	-342.694153	185.322571	1.000000
0.000000	88.860786	-344.405853	1.000000
0.000000	-73337376.000000	-31090268.000000	1.000000
0.000000	822.780945	-4469.536621	1.000000
0.000000	398.254883	-506.814514	1.000000
0.000000	-6222.557129	7892.490234	1.000000
0.000000	-987.076843	115.909302	1.000000
0.000000	-338.034943	381.924042	1.000000
0.000000	943.498352	8107.995117	1.000000
0.000000	10336.777344	85085.304688	1.000000
0.000000	-67.203362	921.400024	1.000000
0.000000	306.051849	25.711948	1.000000
0.000000	-207055.015625	-53407.246094	1.000000
0.000000	515.677307	-50.976822	1.000000
0.000000	10385.797852	35274.074219	1.000000
0.000000	-4027.903564	11560.318359	1.000000
0.000000	497.947083	-229.652985	1.000000
0.000000	-61366.250000	-273296.843750	1.000000
0.000000	5112.195312	-8821.697266	1.000000
0.000000	4978.449219	931.678833	1.000000
0.000000	-358.669067	501.769379	1.000000
0.000000	-611.740784	-137.751907	1.000000
0.000000	-319.999359	-96.792618	1.000000
0.000000	4955.282227	2823.487061	1.000000
0.000000	-85.174919	-104.875481	1.000000
0.000000	-5817.925293	-1570.102173	1.000000
0.000000	-246246.859375	-73828.437500	1.000000
0.000000	-46656.589844	-6222.443848	1.000000
0.000000	545.071594	154.543503	1.000000
0.000000	598.378601	-69.864136	1.000000
0.000000	-2.758006	339.447388	1.000000
0.000000	-126.158211	-226.846695	1.000000
0.000000	60.394169	335.763153	1.000000
0.000000	-598.775330	-178.906143	1.000000
0.000000	-3997.831055	3296.464844	1.000000
0.000000	-884.551636	513.151794	1.000000
0.000000	-134.468674	-355.946777	1.000000
0.000000	-353.612793	-101.944557	1.000000
0.000000	7140.800293	6269.002930	1.000000
0.000000	-923.157776	1610.177612	1.000000
0.000000	-29.673771	1266.038330	1.000000
0.000000	-3454.424072	-11568.024414	1.000000
0.000000	392.480225	-6.603714	1.000000
0.000000	-14.109381	-364.855835	1.000000
0.000000	228.772903	114.368164	1.000000
0.000000	29405522.000000	-21550876.000000	1.000000
0.000000	-633.730286	1720.125122	1.000000
0.000000	433.404205	594.509705	1.000000
0.000000	1662.343140	26157.970703	1.000000
0.000000	3301.063965	-1740.094971	1.000000
0.000000	-141.506653	-335.533569	1.000000
0.000000	213.542084	-443.570526	1.000000
0.000000	5326.280762	-2976.720703	1.000000
0.000000	401156.875000	-1051564.750000	1.000000
0.000000	40123.804688	142491.437500	1.000000
0.000000	899154304.000000	-490293056.000000	1.000000
0.000000	5054.942383	-14944.917969	1.000000
0.000000	-11819835.000000	-661187.562500	1.000000
0.000000	10660.495117	-15033.860352	1.000000
0.000000	-47.762478	-450.355499	1.000000
0.000000	-341.860413	-830.026672	1.000000
0.000000	-410.502930	918.995361	1.000000
0.000000	424215.812500	2467.612549	1.000000
0.000000	-9434.970703	10617.692383	1.000000
0.000000	-264.028229	517.080505	1.000000
0.000000	24.509060	-376.838593	1.000000
0.000000	3430.800293	-13377.952148	1.000000
0.000000	-935690816.000000	516809408.000000	1.000000
0.000000	1333545.500000	80328.953125	1.000000
0.000000	370850.562500	-121746.218750	1.000000
0.000000	282356.375000	227423.937500	1.000000
0.000000	24820.998047	-23094.871094	1.000000
0.000000	2203343.750000	933551.312500	1.000000
0.000000	-198.806931	295.257690	1.000000
0.000000	1.597420	-53.170841	1.000000
0.000000	-3111.376221	-299.732666	1.000000
0.000000	-1681.374146	1806.792358	1.000000
0.000000	139.372742	356.867676	1.000000
0.000000	-10.668673	-131.732971	1.000000
0.000000	-1297.358521	1077.338257	1.000000
0.000000	986.282288	-233.677643	1.000000
0.000000	253.775589	-98.873032	1.000000
0.000000	-4355021.000000	2416277.250000	1.000000
0.000000	1181.033447	655.929260	1.000000
0.000000	-207.547379	-88069.546875	1.000000
0.000000	1711789.125000	-2028472.500000	1.000000
0.000000	828.296631	-1427.256348	1.000000
0.000000	-192.539673	-5350.854980	1.000000
0.000000	691415.187500	-227518.937500	1.000000
0.000000	12310197.000000	-6573529.500000	1.000000
0.000000	-21965.146484	-21590.890625	1.000000
0.000000	170753.921875	-24576.226562	1.000000
0.000000	-11.358540	260.453339	1.000000
0.000000	369.579071	-57.942299	1.000000
0.000000	540.657288	-1809.379150	1.000000
0.000000	-203.452637	-304.315948	1.000000
0.000000	136.734161	-345.038544	1.000000
0.000000	-906.312866	1148.341919	1.000000
0.000000	-290.019226	-3092.458252	1.000000
0.000000	-53950.171875	119833.890625	1.000000
0.000000	117.857040	323.209290	1.000000
0.000000	-430.104279	46.936954	1.000000
0.000000	-55.036037	-1054.763062	1.000000
0.000000	-64544.597656	15496.683594	1.000000
0.000000	2458.286377	861.109436	1.000000
0.000000	55845.097656	149633.046875	1.000000
0.000000	-13309.204102	6578.041992	1.000000
0.000000	-41842.425781	-29739.042969	1.000000
0.000000	-8391.493164	13856.021484	1.000000
0.000000	377.167969	374.660156	1.000000
0.000000	-367.193848	222.530807	1.000000
0.000000	1609.247314	3125.325928	1.000000
0.000000	704.734131	-434.509308	1.000000
0.000000	1875.222168	63.134911	1.000000
0.000000	581.115967	-609.699646	1.000000
0.000000	13974.933594	-14311.632812	1.000000
0.000000	-363.636658	-173.723343	1.000000
0.000000	-1194.542236	1455.530640	1.000000
0.000000	283.462982	307.313629	1.000000
0.000000	-13268.530273	-2998.985107	1.000000
0.000000	-28709.066406	-61569.250000	1.000000
0.000000	1738.461670	8114.186523	1.000000
0.000000	-2486.419434	1790.819824	1.000000
0.000000	158.016327	-178.394424	1.000000
0.000000	24.265400	159.187347	1.000000
0.000000	-3778.712158	-15980.329102	1.000000
0.000000	830.093201	-8.635603	1.000000
0.000000	-8848.050781	12937.761719	1.000000
0.000000	-875.823242	-3241.017090	1.000000
0.000000	935.299988	636.430359	1.000000
0.000000	351.104584	-267.686462	1.000000
0.000000	-5582.611816	-20501.021484	1.000000
0.000000	5.306704	-387.197784	1.000000
0.000000	22497.128906	-24660.533203	1.000000
0.000000	-343.000275	-223.098373	1.000000
0.000000	-3300464.250000	1376390.750000	1.000000
0.000000	-18011.701172	-1319.671021	1.000000
0.000000	-84.477043	634.859375	1.000000
0.000000	179.441132	-402.837311	1.000000
0.000000	6704.796387	2644.283203	1.000000
0.000000	-26075.537109	-23345.457031	1.000000
0.000000	-586712.625000	317501.093750	1.000000
0.000000	-108536.234375	249027.453125	1.000000
0.000000	37962.601562	-56191.003906	1.000000
0.000000	640.174072	-1768.751099	1.000000
0.000000	151.021866	222.236740	1.000000
0.000000	-234.210358	-364.728455	1.000000
0.000000	-404.457397	739.677124	1.000000
0.000000	4112436.000000	2116301.500000	1.000000
0.000000	228.312637	223.060257	1.000000
0.000000	-45299.535156	76018.093750	1.000000
0.000000	760.024719	1719.797852	1.000000
0.000000	4890.906738	12548.323242	1.000000
0.000000	613.227478	1546.937500	1.000000
0.000000	-44141.113281	2411.215576	1.000000
0.000000	245669.078125	-842228.687500	1.000000
0.000000	-281.138275	-167.338242	1.000000
0.000000	505.264984	-125.445702	1.000000
0.000000	-32957.839844	-140063.265625	1.000000
0.000000	-14357.520508	-13507.812500	1.000000
0.000000	-442.605957	-85.251381	1.000000
0.000000	-323673.906250	730136.875000	1.000000
0.000000	-31309.847656	-19640.585938	1.000000
0.000000	-478.428802	-1104.333130	1.000000
0.000000	164.054001	-413.945221	1.000000
0.000000	-3571.127441	-12792.974609	1.000000
0.000000	109.580826	-376.634186	1.000000
0.000000	3219.252930	2940.387695	1.000000
0.000000	57.129158	135.039932	1.000000
0.000000	799103.312500	-982912.687500	1.000000
0.000000	-439.665375	417.945190	1.000000
0.000000	-3223.304932	-2107.987549	1.000000
0.000000	-39.409344	2956.058838	1.000000
0.000000	-358.405823	340.914093	1.000000
0.000000	19822.208984	10591.703125	1.000000
0.000000	129.926178	576.028259	1.000000
0.000000	-3419.530762	-1931.303833	1.000000
0.000000	65118.621094	112715.226562	1.000000
0.000000	309.867889	251.964935	1.000000
0.000000	484892.843750	100863.203125	1.000000
0.000000	-283.166718	271.207520	1.000000
0.000000	79.501671	349.273071	1.000000
0.000000	329.403290	171.167175	1.000000
0.000000	-346.179199	-99.450912	1.000000
0.000000	-52400.761719	-2959.380127	1.000000
0.000000	11426.809570	1425.514038	1.000000
0.000000	-63.442177	-237.820435	1.000000
0.000000	35.742794	1704.269531	1.000000
0.000000	-7875.551270	-93195.640625	1.000000
0.000000	-599.262573	1066.426025	1.000000
0.000000	-78.974236	340.964722	1.000000
0.000000	379.826202	-91.893654	1.000000
0.000000	59.065990	393.951111	1.000000
0.000000	-42938.503906	-77687.382812	1.000000
0.000000	261.066498	-1122.783447	1.000000
0.000000	12.170580	369.046875	1.000000
0.000000	-110.271950	-144.889923	1.000000
0.000000	-463.870972	763.436401	1.000000
0.000000	429.093658	28.454018	1.000000
0.000000	228.711609	1050.286255	1.000000
0.000000	-204.245636	205.751083	1.000000
0.000000	282.669647	545.484192	1.000000
0.000000	-11047.108398	551.198181	1.000000
0.000000	28171368.000000	16549397.000000	1.000000
0.000000	338.660248	-671.781128	1.000000
0.000000	-32756.070312	266742.187500	1.000000
0.000000	-277.396118	4.037836	1.000000
0.000000	1522.536621	2648.320801	1.000000
0.000000	4496.502441	10690.407227	1.000000
0.000000	-48477.640625	-126250.796875	1.000000
0.000000	14.037108	-537.113159	1.000000
0.000000	1929694.125000	165258.734375	1.000000
0.000000	-180068.046875	-177937.812500	1.000000
0.000000	-70246.132812	13711.831055	1.000000
0.000000	292.056000	-155.375000	1.000000
0.000000	-131124.437500	15005.583984	1.000000
0.000000	-1112.186401	255.150635	1.000000
0.000000	-1355.088013	965.929199	1.000000
0.000000	-1198.302979	1212.695190	1.000000
0.000000	49270.574219	57597.937500	1.000000
0.000000	83840.882812	3655.548584	1.000000
0.000000	1100.291626	-389.133179	1.000000
0.000000	-393.964813	-294.425323	1.000000
0.000000	-1589278.625000	-1200867.375000	1.000000
0.000000	-312.919189	154.756912	1.000000
0.000000	2590553.750000	19404.859375	1.000000
0.000000	150.465515	-223.820358	1.000000
0.000000	-10473.859375	13229.462891	1.000000
0.000000	1826645.375000	135360.984375	1.000000
0.000000	-1559.967407	835.072754	1.000000
0.000000	309.894073	58.876945	1.000000
0.000000	383.249756	-52.041855	1.000000
0.000000	415.954041	937.033997	1.000000
0.000000	-10646.153320	7447.203613	1.000000
0.000000	-412.083618	168.779724	1.000000
0.000000	27335.501953	25938.253906	1.000000
0.000000	103.363319	321.588654	1.000000
0.000000	274.842499	538.154480	1.000000
0.000000	-84.151619	-9044.712891	1.000000
0.000000	-5641.067871	9774.179688	1.000000
0.000000	459177.468750	25553.753906	1.000000
0.000000	-1052.760498	1113.690430	1.000000
0.000000	2208.941895	-5236.779785	1.000000
0.000000	3487.847168	-2129.241455	1.000000
0.000000	162.133453	104.997879	1.000000
0.000000	257.449615	199.966675	1.000000
0.000000	949.380615	-774.812866	1.000000
0.000000	1212.127808	11691.645508	1.000000
0.000000	18002.789062	-23793.005859	1.000000
0.000000	358.370087	-19.511719	1.000000
0.000000	-11.145995	-247.183929	1.000000
0.000000	1115.225830	1195.994873	1.000000
0.000000	449.081848	-46.634434	1.000000
0.000000	112.888802	208.765823	1.000000
0.000000	-1399.953125	144.097961	1.000000
0.000000	75348.546875	-7404.584961	1.000000
0.000000	91.629250	438.507324	1.000000
0.000000	-173.064285	-720.712036	1.000000
0.000000	1176.316650	-9563.630859	1.000000
0.000000	289.086212	322.699463	1.000000
0.000000	264.911682	242.449051	1.000000
0.000000	-3846.133057	-4573.298340	1.000000
0.000000	548.616333	238.248093	1.000000
0.000000	-2057.213379	-2989.315674	1.000000
0.000000	20.717953	303.664490	1.000000
0.000000	22249.171875	39127.070312	1.000000
0.000000	384.471771	-23.785318	1.000000
0.000000	918.938660	-549.242981	1.000000
0.000000	1282.014893	717.398376	1.000000
0.000000	-321.152252	667.832520	1.000000
0.000000	162.820175	-341.244537	1.000000
0.000000	9601.120117	4815.324707	1.000000
0.000000	-92662.890625	-330235.218750	1.000000
0.000000	8018.679199	16950.457031	1.000000
0.000000	232.320801	-210.650040	1.000000
0.000000	3410.004639	-881.735229	1.000000
0.000000	-423326.437500	-81975.046875	1.000000
0.000000	-44105600.000000	-10494824.000000	1.000000
0.000000	6038.004883	-4555.341309	1.000000
0.000000	-300.562592	186.297760	1.000000
0.000000	1054.729492	-1679.249634	1.000000
0.000000	5827.692383	336.337036	1.000000
0.000000	-291.430298	-111.602516	1.000000
0.000000	-515.731018	1015.056519	1.000000
0.000000	-18774.861328	38.160309	1.000000
0.000000	-660.307800	-157.880173	1.000000
0.000000	302.291901	-378.724091	1.000000
0.000000	14574.644531	-11026.565430	1.000000
