0.000000	31596.390625	455720.000000	1.000000
0.000000	214954.500000	175118.765625	1.000000
0.000000	1166.073975	-12641.663086	1.000000
0.000000	-657.839661	650.691956	1.000000
0.000000	16899.279297	27532.406250	1.000000
0.000000	-13827.329102	785.475281	1.000000
0.000000	-805.379089	-2394.832764	1.000000
0.000000	-595104.312500	1523932.125000	1.000000
0.000000	3503.742920	-2319.633789	1.000000
0.000000	9292453.000000	3386659.750000	1.000000
0.000000	78697400.000000	19959642.000000	1.000000
0.000000	-146.322632	-149.955200	1.000000
0.000000	-231.642975	-21.229347	1.000000
0.000000	97.484215	-110.064392	1.000000
0.000000	-73337376.000000	-31090268.000000	1.000000
0.000000	618.681213	-4584.038574	1.000000
0.000000	343.293945	-278.812500	1.000000
0.000000	-6101.185059	7690.966797	1.000000
0.000000	-987.649353	350.394806	1.000000
0.000000	-257.597321	161.650925	1.000000
0.000000	893.117493	7878.991211	1.000000
0.000000	10126.093750	84975.382812	1.000000
0.000000	-21.833971	691.251099	1.000000
0.000000	134.343170	181.881104	1.000000
0.000000	-207201.578125	-53242.363281	1.000000
0.000000	281.947968	-69.332916	1.000000
0.000000	10390.377930	35512.238281	1.000000
0.000000	-3797.754639	11606.119141	1.000000
0.000000	292.988586	-115.723549	1.000000
0.000000	-61604.414062	-273296.843750	1.000000
0.000000	5251.887695	-9009.480469	1.000000
0.000000	4751.735352	873.855347	1.000000
0.000000	-142.403503	411.026581	1.000000
0.000000	-440.214233	-297.572296	1.000000
0.000000	-136.749680	49.496716	1.000000
0.000000	4742.308594	2726.160400	1.000000
0.000000	132.914062	-18.678362	1.000000
0.000000	-5637.012207	-1421.822144	1.000000
0.000000	-246320.140625	-73608.593750	1.000000
0.000000	-46839.792969	-6080.461426	1.000000
0.000000	364.275482	5.233447	1.000000
0.000000	462.928223	121.521675	1.000000
0.000000	-0.652421	104.962051	1.000000
0.177648	-21.760086	-17.670177	1.000000
0.000000	31.249613	103.081123	1.000000
0.000000	-510.322601	-396.055878	1.000000
0.000000	-4190.194336	3430.432129	1.000000
0.000000	-751.443115	320.072052	1.000000
0.000000	-82.871231	-127.229012	1.000000
0.000000	-124.138992	-53.710606	1.000000
0.000000	6907.216309	6294.193359	1.000000
0.000000	-795.201843	1806.548462	1.000000
0.000000	103.610329	1458.974121	1.000000
0.000000	-3318.166748	-11760.387695	1.000000
0.000000	174.138306	-91.771255	1.000000
0.215498	-19.878347	-131.355179	1.000000
0.000000	-5.594080	122.490646	1.000000
0.000000	29405522.000000	-21550876.000000	1.000000
0.000000	-444.802063	1581.577759	1.000000
0.000000	587.768433	417.966705	1.000000
0.000000	1783.142700	26359.494141	1.000000
0.000000	3211.752441	-1523.113770	1.000000
0.215498	-18.152884	-135.174362	1.000000
0.000000	87.017426	-246.194244	1.000000
0.000000	5470.553223	-2792.372559	1.000000
0.000000	401010.312500	-1051564.750000	1.000000
0.000000	40325.328125	142638.000000	1.000000
0.000000	899154304.000000	-490293056.000000	1.000000
0.000000	5206.084961	-14766.294922	1.000000
0.000000	-11819835.000000	-661480.687500	1.000000
0.000000	10541.413086	-15235.383789	1.000000
0.000000	21.511623	-226.351593	1.000000
0.000000	-164.848633	-676.307800	1.000000
0.000000	-644.883667	927.010498	1.000000
0.000000	424508.937500	2526.008545	1.000000
0.000000	-9205.966797	10672.653320	1.000000
0.000000	-36.398796	573.472717	1.000000
0.000000	45.047848	-143.254593	1.000000
0.000000	3407.899902	-13144.368164	1.000000
0.000000	-935690816.000000	516809408.000000	1.000000
0.000000	1333545.500000	80109.109375	1.000000
0.000000	370557.437500	-121709.578125	1.000000
0.000000	282649.500000	227350.656250	1.000000
0.000000	25031.681641	-23204.792969	1.000000
0.000000	2203343.750000	933844.437500	1.000000
0.347809	-75.510406	95.047096	1.000000
0.000000	228.961090	0.458916	1.000000
0.000000	-3257.938721	-482.935791	1.000000
0.000000	-1653.893677	1573.780884	1.000000
0.000000	31.240030	148.760391	1.000000
0.000000	49.576397	94.899841	1.000000
0.000000	-1071.217163	1139.169312	1.000000
0.000000	788.193909	-108.088989	1.000000
0.000000	201.605637	-327.496735	1.000000
0.000000	-4355021.000000	2416277.250000	1.000000
0.000000	978.300537	538.278503	1.000000
0.000000	21.952869	-88032.906250	1.000000
0.000000	1711789.125000	-2028472.500000	1.000000
0.000000	784.499634	-1657.405273	1.000000
0.000000	-385.332336	-5218.032715	1.000000
0.000000	691415.187500	-227299.093750	1.000000
0.000000	12310197.000000	-6573529.500000	1.000000
0.000000	-21910.185547	-21361.886719	1.000000
0.000000	170534.078125	-24438.824219	1.000000
0.000000	89.839996	52.578850	1.000000
0.000000	144.575668	11.367479	1.000000
0.000000	767.657410	-1750.983154	1.000000
0.000000	-49.162987	-127.696770	1.000000
0.000000	51.390762	-126.626053	1.000000
0.000000	-839.042969	923.790466	1.000000
0.000000	-62.672089	-3149.709229	1.000000
0.000000	-53712.007812	119833.890625	1.000000
0.000000	39.203651	106.817337	1.000000
0.000000	-203.207504	-12.504505	1.000000
0.000000	-280.551971	-1118.884155	1.000000
0.000000	-64746.121094	15624.925781	1.000000
0.000000	2388.440186	637.258118	1.000000
0.000000	55661.894531	149486.484375	1.000000
0.000000	-13084.780273	6651.323242	1.000000
0.000000	-41659.222656	-29876.445312	1.000000
0.000000	-8583.856445	13723.199219	1.000000
0.000000	165.339355	274.184692	1.000000
0.000000	-194.464523	63.874046	1.000000
0.000000	1440.356934	3287.918701	1.000000
0.000000	478.306549	-373.393890	1.000000
0.000000	2025.792236	242.844330	1.000000
0.000000	535.315186	-379.754700	1.000000
0.000000	14025.314453	-14082.628906	1.000000
0.000000	-163.687607	-51.257256	1.000000
0.000000	-1105.803223	1672.511841	1.000000
0.000000	115.860748	143.289597	1.000000
0.000000	-13497.534180	-2947.459229	1.000000
0.000000	-28562.503906	-61386.046875	1.000000
0.000000	1610.219482	7917.243164	1.000000
0.000000	-2629.546875	1976.312988	1.000000
0.000000	-56.554470	-83.787193	1.000000
0.000000	175.115219	332.116516	1.000000
0.000000	-3927.564697	-16163.532227	1.000000
0.000000	604.810608	-74.077934	1.000000
0.000000	-8614.466797	12919.441406	1.000000
0.000000	-946.528198	-3017.738281	1.000000
0.000000	960.776672	403.352203	1.000000
0.000000	121.957535	-217.932892	1.000000
0.000000	-5813.905762	-20537.662109	1.000000
0.000000	-7.029081	-153.041275	1.000000
0.000000	22561.250000	-24431.529297	1.000000
0.000000	-184.876663	-49.912704	1.000000
0.000000	-3300464.250000	1376390.750000	1.000000
0.000000	-17929.259766	-1100.972290	1.000000
0.000000	14.151932	422.171997	1.000000
0.000000	101.281319	-181.729462	1.000000
0.000000	6629.225098	2866.416992	1.000000
0.000000	-26295.380859	-23418.738281	1.000000
0.000000	-586712.625000	317354.531250	1.000000
0.000000	-108536.234375	249247.296875	1.000000
0.000000	38200.765625	-56191.003906	1.000000
0.000000	488.458954	-1590.128052	1.000000
0.000000	38.376495	16.562620	1.000000
0.000000	-180.609131	-592.965942	1.000000
0.000000	-340.479431	514.108276	1.000000
0.000000	4112436.000000	2116301.500000	1.000000
0.000000	1.165820	176.877365	1.000000
0.000000	-45207.933594	75798.250000	1.000000
0.000000	548.482361	1618.463623	1.000000
0.000000	4664.192871	12607.864258	1.000000
0.000000	636.414124	1780.521484	1.000000
0.000000	-43976.230469	2239.462646	1.000000
0.000000	245888.921875	-842228.687500	1.000000
0.000000	-69.013458	-67.413589	1.000000
0.661741	271.637543	-143.766312	1.000000
0.000000	-33049.441406	-139843.421875	1.000000
0.000000	-14279.659180	-13727.656250	1.000000
0.000000	-208.434921	-73.371803	1.000000
0.000000	-323380.781250	730136.875000	1.000000
0.000000	-31511.371094	-19759.667969	1.000000
0.000000	-266.457062	-1004.143921	1.000000
0.000000	100.704697	-188.211746	1.000000
0.000000	-3795.551270	-12724.273438	1.000000
0.000000	41.768333	-152.177261	1.000000
0.000000	3149.406738	3163.666504	1.000000
0.000000	-54.136074	337.805389	1.000000
0.000000	799396.437500	-982912.687500	1.000000
0.000000	-208.386169	378.871399	1.000000
0.000000	-3447.728760	-2041.576538	1.000000
0.000000	9.869738	2727.054932	1.000000
0.000000	-192.950500	174.708145	1.000000
0.000000	19941.291016	10390.179688	1.000000
0.000000	-101.198608	615.531433	1.000000
0.000000	-3196.251953	-1858.022583	1.000000
0.000000	65045.339844	112495.382812	1.000000
0.000000	135.077499	96.023819	1.000000
0.000000	484892.843750	100643.359375	1.000000
0.000000	-113.560707	109.265541	1.000000
0.000000	79.750755	114.671150	1.000000
0.000000	289.184479	-59.849651	1.000000
0.000000	-112.165810	-84.529877	1.000000
0.000000	-52492.363281	-3172.353760	1.000000
0.000000	11303.147461	1226.280640	1.000000
0.000000	-126.110336	-10.853112	1.000000
0.000000	-101.190269	1894.915283	1.000000
0.000000	-7864.101074	-92975.796875	1.000000
0.000000	-458.765717	1254.209229	1.000000
0.000000	72.618164	165.950363	1.000000
0.131500	154.987366	-22.953617	1.000000
0.000000	49.547997	158.763336	1.000000
0.000000	-42755.300781	-77833.945312	1.000000
0.000000	444.412750	-976.314209	1.000000
0.000000	-109.883827	168.811584	1.000000
0.000000	-5.333697	-354.571625	1.000000
0.000000	-442.401855	529.852417	1.000000
0.000000	265.212738	196.195587	1.000000
0.000000	172.963470	822.427368	1.000000
0.000000	-94.527542	-1.496363	1.000000
0.000000	93.796402	406.541962	1.000000
0.000000	-10813.524414	568.373474	1.000000
0.000000	28171368.000000	16549397.000000	1.000000
0.000000	180.538589	-498.596954	1.000000
0.000000	-32847.671875	266888.750000	1.000000
0.000000	-42.964741	9.995516	1.000000
0.000000	1327.310791	2777.708008	1.000000
0.000000	4725.506348	10635.446289	1.000000
0.000000	-48715.804688	-126250.796875	1.000000
0.000000	219.921631	-424.901215	1.000000
0.000000	1929694.125000	165112.171875	1.000000
0.000000	-180287.890625	-177937.812500	1.000000
0.000000	-70062.929688	13844.653320	1.000000
0.000000	153.183655	28.387400	1.000000
0.000000	-131051.156250	14781.160156	1.000000
0.000000	-903.054871	149.093201	1.000000
0.000000	-1207.953003	1148.468628	1.000000
0.000000	-1137.616943	986.029297	1.000000
0.000000	49215.613281	57378.093750	1.000000
0.000000	84024.085938	3796.385986	1.000000
0.000000	876.824402	-460.410645	1.000000
0.000000	-185.547058	-186.982590	1.000000
0.000000	-1589278.625000	-1200867.375000	1.000000
0.000000	-86.641266	93.120300	1.000000
0.000000	2590553.750000	19194.175781	1.000000
0.000000	70.667374	-5.173534	1.000000
0.000000	-10336.457031	13037.099609	1.000000
0.000000	1826645.375000	135507.546875	1.000000
0.000000	-1586.875366	602.061279	1.000000
0.000000	82.306847	6.666326	1.000000
0.000000	189.958267	73.371948	1.000000
0.000000	603.164734	1078.267456	1.000000
0.000000	-10485.850586	7275.450684	1.000000
0.000000	-182.220963	122.339233	1.000000
0.000000	27326.341797	25700.089844	1.000000
0.000000	-67.814423	161.285934	1.000000
0.000000	264.251068	303.870819	1.000000
0.000000	143.970154	-9099.673828	1.000000
0.000000	-5407.483887	9769.599609	1.000000
0.000000	459030.906250	25727.796875	1.000000
0.000000	-832.916687	1032.394043	1.000000
0.000000	2020.098389	-5376.472168	1.000000
0.000000	3483.267090	-1894.512451	1.000000
0.000000	33.869209	-91.310333	1.000000
0.000000	56.915386	78.436882	1.000000
0.000000	1050.353760	-563.270508	1.000000
0.000000	1185.219849	11925.229492	1.000000
0.000000	18231.792969	-23747.205078	1.000000
0.000000	124.499832	-2.465113	1.000000
0.177648	-24.081989	-14.180577	1.000000
0.000000	1309.879150	1065.462646	1.000000
0.000000	214.639114	-40.640972	1.000000
0.000000	73.615524	-21.439898	1.000000
0.000000	-1623.231934	72.578087	1.000000
0.000000	75128.703125	-7429.775391	1.000000
0.000000	29.190308	212.495331	1.000000
0.000000	-407.532349	-720.712036	1.000000
0.000000	1191.201904	-9797.214844	1.000000
0.000000	147.301788	135.918152	1.000000
0.000000	86.061989	90.805519	1.000000
0.000000	-3953.764893	-4781.691895	1.000000
0.000000	317.322357	200.033066	1.000000
0.000000	-1868.885864	-2849.623291	1.000000
0.347809	-77.890976	91.869087	1.000000
0.000000	22212.531250	38888.906250	1.000000
0.131500	150.699265	-24.542665	1.000000
0.000000	684.495911	-553.250549	1.000000
0.000000	1079.346436	599.461365	1.000000
0.000000	-311.419586	433.628174	1.000000
0.000000	14.898978	-159.291534	1.000000
0.000000	9482.038086	5016.848145	1.000000
0.000000	-92772.812500	-330088.656250	1.000000
0.000000	7785.095215	16941.296875	1.000000
0.000000	81.035095	-31.473726	1.000000
0.000000	3333.288330	-1103.480103	1.000000
0.000000	-423473.000000	-81791.843750	1.000000
0.000000	-44105600.000000	-10494824.000000	1.000000
0.000000	5932.663086	-4763.734863	1.000000
0.000000	-211.577545	-30.620880	1.000000
0.000000	849.198486	-1792.034058	1.000000
0.000000	6010.895508	482.040771	1.000000
0.000000	-73.733482	-24.409466	1.000000
0.000000	-281.574524	1026.506714	1.000000
0.000000	-18811.501953	269.685059	1.000000
0.000000	-425.865051	-151.367874	1.000000
0.661741	275.285889	-145.525436	1.000000
0.000000	14359.380859	-11118.166992	1.000000
