0.000000	31396.175781	455908.437500	1.000000
0.000000	215048.718750	175401.421875	1.000000
0.000000	1210.975098	-12941.985352	1.000000
0.000000	-356.413269	646.275452	1.000000
0.000000	16875.724609	27226.195312	1.000000
0.000000	-13532.895508	717.387512	1.000000
0.000000	-534.868225	-2527.327881	1.000000
0.000000	-595481.187500	1523932.125000	1.000000
0.000000	3658.320557	-2060.532227	1.000000
0.000000	9292453.000000	3386659.750000	1.000000
0.000000	78697400.000000	19959642.000000	1.000000
0.000000	-437.259827	-228.900208	1.000000
0.000000	-374.427551	244.331970	1.000000
0.000000	86.396950	-411.348602	1.000000
0.000000	-73337376.000000	-31090268.000000	1.000000
0.000000	881.095154	-4436.821777	1.000000
0.000000	413.958008	-571.920288	1.000000
0.000000	-6257.234863	7950.068359	1.000000
0.000000	-986.913269	48.906364	1.000000
0.000000	-361.017120	444.859222	1.000000
0.000000	957.892883	8173.424805	1.000000
0.000000	10396.972656	85116.710938	1.000000
0.000000	-80.166618	987.156860	1.000000
0.000000	355.369476	-19.636629	1.000000
0.000000	-207013.140625	-53454.355469	1.000000
0.000000	582.497375	-45.732224	1.000000
0.000000	10384.489258	35206.027344	1.000000
0.000000	-4093.660400	11547.232422	1.000000
0.000000	556.506653	-262.204254	1.000000
0.000000	-61298.203125	-273296.843750	1.000000
0.000000	5072.283203	-8768.044922	1.000000
0.000000	5043.224609	948.199829	1.000000
0.000000	-420.459229	527.695862	1.000000
0.000000	-660.731262	-92.094254	1.000000
0.000000	-372.343109	-138.585831	1.000000
0.000000	5016.131836	2851.294678	1.000000
0.000000	-147.483276	-129.503006	1.000000
0.000000	-5869.614746	-1612.467896	1.000000
0.000000	-246225.921875	-73891.250000	1.000000
0.000000	-46604.246094	-6263.010254	1.000000
0.000000	596.761047	197.195480	1.000000
0.000000	637.063904	-124.549042	1.000000
0.000000	-3.359588	406.431030	1.000000
0.000000	-156.338272	-286.664001	1.000000
0.000000	68.724014	402.256073	1.000000
0.000000	-624.047546	-116.850174	1.000000
0.000000	-3942.870117	3258.188477	1.000000
0.000000	-922.582642	568.358093	1.000000
0.000000	-149.210800	-421.294678	1.000000
0.000000	-419.165161	-115.725685	1.000000
0.000000	7207.538574	6261.805664	1.000000
0.000000	-959.716614	1554.071655	1.000000
0.000000	-67.755737	1210.913818	1.000000
0.000000	-3493.354736	-11513.063477	1.000000
0.000000	454.352173	19.090487	1.000000
0.000000	-12.453192	-431.839478	1.000000
0.000000	295.723969	112.047455	1.000000
0.000000	29405522.000000	-21550876.000000	1.000000
0.000000	-687.709778	1759.710083	1.000000
0.000000	389.280060	644.972351	1.000000
0.000000	1627.828979	26100.392578	1.000000
0.000000	3326.581543	-1802.089600	1.000000
0.000000	-176.756897	-392.498291	1.000000
0.000000	249.691986	-499.962738	1.000000
0.000000	5285.060059	-3029.391602	1.000000
0.000000	401198.750000	-1051564.750000	1.000000
0.000000	40066.226562	142449.562500	1.000000
0.000000	899154304.000000	-490293056.000000	1.000000
0.000000	5011.758789	-14995.953125	1.000000
0.000000	-11819835.000000	-661103.812500	1.000000
0.000000	10694.518555	-14976.282227	1.000000
0.000000	-67.554962	-514.355408	1.000000
0.000000	-392.445740	-873.946350	1.000000
0.000000	-343.560181	916.705322	1.000000
0.000000	424132.062500	2450.927979	1.000000
0.000000	-9500.400391	10601.989258	1.000000
0.000000	-329.048981	500.968445	1.000000
0.000000	18.640835	-443.576874	1.000000
0.000000	3437.343262	-13444.690430	1.000000
0.000000	-935690816.000000	516809408.000000	1.000000
0.000000	1333545.500000	80391.765625	1.000000
0.000000	370934.312500	-121756.687500	1.000000
0.000000	282272.625000	227444.875000	1.000000
0.000000	24760.802734	-23063.464844	1.000000
0.000000	2203343.750000	933467.562500	1.000000
0.000000	-234.098068	352.222412	1.000000
0.000000	-63.790401	-67.780067	1.000000
0.000000	-3069.501221	-247.392288	1.000000
0.000000	-1689.225708	1873.367065	1.000000
0.000000	170.267822	416.326904	1.000000
0.000000	-27.882303	-196.487915	1.000000
0.000000	-1361.970337	1059.672241	1.000000
0.000000	1042.878906	-269.554016	1.000000
0.000000	268.663879	-33.547962	1.000000
0.000000	-4355021.000000	2416277.250000	1.000000
0.000000	1238.938721	689.543762	1.000000
0.000000	-273.114868	-88080.015625	1.000000
0.000000	1711789.125000	-2028472.500000	1.000000
0.000000	840.810059	-1361.499512	1.000000
0.000000	-137.456055	-5388.804199	1.000000
0.000000	691415.187500	-227581.750000	1.000000
0.000000	12310197.000000	-6573529.500000	1.000000
0.000000	-21980.849609	-21656.320312	1.000000
0.000000	170816.734375	-24615.484375	1.000000
0.000000	-40.191776	320.934906	1.000000
0.000000	433.700165	-77.426491	1.000000
0.000000	475.800110	-1826.063721	1.000000
0.000000	-247.535889	-354.778595	1.000000
0.000000	161.127167	-407.442108	1.000000
0.000000	-925.532837	1212.463013	1.000000
0.000000	-354.958191	-3076.100830	1.000000
0.000000	-54018.218750	119833.890625	1.000000
0.000000	141.538788	385.899109	1.000000
0.000000	-494.920563	63.907780	1.000000
0.000000	9.397225	-1036.442749	1.000000
0.000000	-64487.019531	15460.042969	1.000000
0.000000	2478.242432	925.066956	1.000000
0.000000	55897.441406	149674.921875	1.000000
0.000000	-13373.325195	6557.104492	1.000000
0.000000	-41894.769531	-29699.785156	1.000000
0.000000	-8336.532227	13893.970703	1.000000
0.000000	437.690430	403.367432	1.000000
0.000000	-416.552368	267.855957	1.000000
0.000000	1657.501709	3078.870850	1.000000
0.000000	769.427734	-451.970856	1.000000
0.000000	1832.202148	11.782935	1.000000
0.000000	594.201904	-675.374695	1.000000
0.000000	13960.539062	-14377.062500	1.000000
0.000000	-420.764954	-208.707779	1.000000
0.000000	-1219.896240	1393.536011	1.000000
0.000000	331.349335	354.177643	1.000000
0.000000	-13203.100586	-3013.706787	1.000000
0.000000	-28750.941406	-61621.593750	1.000000
0.000000	1775.102295	8170.456055	1.000000
0.000000	-2445.525879	1737.821777	1.000000
0.000000	219.315765	-205.425064	1.000000
0.000000	-20.050436	108.933052	1.000000
0.000000	-3736.182861	-15927.985352	1.000000
0.000000	894.459656	10.061259	1.000000
0.000000	-8914.789062	12942.996094	1.000000
0.000000	-855.621826	-3304.811035	1.000000
0.000000	928.020935	703.005066	1.000000
0.000000	416.575165	-281.917419	1.000000
0.000000	-5516.527832	-20490.552734	1.000000
0.000000	8.831217	-454.099640	1.000000
0.000000	22478.808594	-24725.962891	1.000000
0.000000	-388.187653	-272.579590	1.000000
0.000000	-3300464.250000	1376390.750000	1.000000
0.000000	-18035.255859	-1382.156372	1.000000
0.000000	-112.652702	695.627197	1.000000
0.000000	201.769012	-466.017853	1.000000
0.000000	6726.388184	2580.816406	1.000000
0.000000	-26012.724609	-23324.519531	1.000000
0.000000	-586712.625000	317542.968750	1.000000
0.000000	-108536.234375	248964.640625	1.000000
0.000000	37894.554688	-56191.003906	1.000000
0.000000	683.521240	-1819.786255	1.000000
0.000000	183.205093	281.000763	1.000000
0.000000	-249.524994	-299.503235	1.000000
0.000000	-422.736816	804.125366	1.000000
0.000000	4112436.000000	2116301.500000	1.000000
0.000000	293.987701	236.289322	1.000000
0.000000	-45325.707031	76080.906250	1.000000
0.000000	820.465393	1748.750488	1.000000
0.000000	4955.682129	12531.311523	1.000000
0.000000	606.602722	1480.199219	1.000000
0.000000	-44188.222656	2460.287842	1.000000
0.000000	245606.265625	-842228.687500	1.000000
0.000000	-341.742523	-195.881943	1.000000
0.000000	572.085022	-120.282890	1.000000
0.000000	-32931.667969	-140126.078125	1.000000
0.000000	-14379.766602	-13445.000000	1.000000
0.000000	-509.507812	-88.645546	1.000000
0.000000	-323757.656250	730136.875000	1.000000
0.000000	-31252.269531	-19606.562500	1.000000
0.000000	-539.010376	-1132.958618	1.000000
0.000000	182.149399	-478.434357	1.000000
0.000000	-3507.006348	-12812.603516	1.000000
0.000000	128.954651	-440.755280	1.000000
0.000000	3239.208984	2876.593750	1.000000
0.000000	88.841003	76.019096	1.000000
0.000000	799019.562500	-982912.687500	1.000000
0.000000	-505.749359	429.109131	1.000000
0.000000	-3159.183838	-2126.962158	1.000000
0.000000	-53.486950	3021.488525	1.000000
0.000000	-405.678772	388.391510	1.000000
0.000000	19788.185547	10649.281250	1.000000
0.000000	195.969269	564.741638	1.000000
0.000000	-3483.324707	-1952.241333	1.000000
0.000000	65139.558594	112778.039062	1.000000
0.000000	359.267303	297.232269	1.000000
0.000000	484892.843750	100926.015625	1.000000
0.000000	-331.625580	317.458130	1.000000
0.000000	78.653130	416.256714	1.000000
0.000000	340.894379	237.169373	1.000000
0.000000	-413.040161	-103.714066	1.000000
0.000000	-52374.589844	-2898.530518	1.000000
0.000000	11462.141602	1482.437866	1.000000
0.000000	-45.234322	-302.303802	1.000000
0.000000	74.867699	1649.799316	1.000000
0.000000	-7878.822754	-93258.453125	1.000000
0.000000	-639.420044	1012.773682	1.000000
0.000000	-123.241508	391.263794	1.000000
0.000000	443.865509	-111.594124	1.000000
0.000000	62.736187	460.852966	1.000000
0.000000	-42990.847656	-77645.507812	1.000000
0.000000	208.700333	-1164.658447	1.000000
0.000000	47.043869	426.256958	1.000000
0.000000	-140.252975	-84.973518	1.000000
0.000000	-470.005005	830.174683	1.000000
0.000000	475.916779	-19.468969	1.000000
0.000000	244.639648	1115.388794	1.000000
0.000000	-235.590546	264.964935	1.000000
0.000000	336.649139	585.150940	1.000000
0.000000	-11113.846680	546.290955	1.000000
0.000000	28171368.000000	16549397.000000	1.000000
0.000000	383.847626	-721.262329	1.000000
0.000000	-32729.898438	266700.312500	1.000000
0.000000	-344.379761	2.335329	1.000000
0.000000	1578.315430	2611.353027	1.000000
0.000000	4431.072754	10706.110352	1.000000
0.000000	-48409.593750	-126250.796875	1.000000
0.000000	-44.783680	-569.173706	1.000000
0.000000	1929694.125000	165300.609375	1.000000
0.000000	-180005.234375	-177937.812500	1.000000
0.000000	-70298.476562	13673.881836	1.000000
0.000000	332.336151	-208.904663	1.000000
0.000000	-131145.375000	15069.705078	1.000000
0.000000	-1171.890991	285.452759	1.000000
0.000000	-1397.126587	913.830811	1.000000
0.000000	-1215.641846	1277.470581	1.000000
0.000000	49286.277344	57660.750000	1.000000
0.000000	83788.539062	3615.309326	1.000000
0.000000	1164.085571	-368.768188	1.000000
0.000000	-453.505829	-325.136383	1.000000
0.000000	-1589278.625000	-1200867.375000	1.000000
0.000000	-377.571899	172.361588	1.000000
0.000000	2590553.750000	19465.054688	1.000000
0.000000	173.733948	-286.643341	1.000000
0.000000	-10513.117188	13284.423828	1.000000
0.000000	1826645.375000	135319.109375	1.000000
0.000000	-1552.279419	901.647461	1.000000
0.000000	375.201080	73.825294	1.000000
0.000000	438.987671	-89.234543	1.000000
0.000000	362.465271	896.712952	1.000000
0.000000	-10691.954102	7496.275879	1.000000
0.000000	-477.758667	182.049683	1.000000
0.000000	27338.119141	26006.300781	1.000000
0.000000	152.272003	367.389435	1.000000
0.000000	277.868622	605.056335	1.000000
0.000000	-149.329071	-9029.009766	1.000000
0.000000	-5707.806152	9775.488281	1.000000
0.000000	459219.343750	25504.027344	1.000000
0.000000	-1115.572998	1136.917969	1.000000
0.000000	2262.921387	-5196.867676	1.000000
0.000000	3489.155762	-2196.306885	1.000000
0.000000	198.774078	161.083389	1.000000
0.000000	314.741486	234.685303	1.000000
0.000000	920.509766	-835.253540	1.000000
0.000000	1219.815796	11624.907227	1.000000
0.000000	17937.359375	-23806.091797	1.000000
0.000000	425.190155	-24.383163	1.000000
0.000000	-7.392837	-314.085785	1.000000
0.000000	1059.610596	1233.289795	1.000000
0.000000	516.065491	-48.346851	1.000000
0.000000	123.633583	274.890717	1.000000
0.000000	-1336.159180	164.524292	1.000000
0.000000	75411.359375	-7397.387695	1.000000
0.000000	109.469063	503.078247	1.000000
0.000000	-106.060196	-720.712036	1.000000
0.000000	1172.063721	-9496.892578	1.000000
0.000000	329.611725	376.065552	1.000000
0.000000	316.028625	285.789825	1.000000
0.000000	-3815.381104	-4513.757324	1.000000
0.000000	614.700317	249.166672	1.000000
0.000000	-2110.865723	-3029.227783	1.000000
0.000000	48.954952	364.432312	1.000000
0.000000	22259.640625	39195.117188	1.000000
0.000000	451.455414	-23.565516	1.000000
0.000000	985.922302	-548.097961	1.000000
0.000000	1339.920166	751.094666	1.000000
0.000000	-323.933014	734.734375	1.000000
0.000000	205.083664	-393.220245	1.000000
0.000000	9635.143555	4757.746582	1.000000
0.000000	-92631.484375	-330277.093750	1.000000
0.000000	8085.417480	16953.074219	1.000000
0.000000	275.545288	-261.848755	1.000000
0.000000	3431.923584	-818.350220	1.000000
0.000000	-423284.562500	-82027.390625	1.000000
0.000000	-44105600.000000	-10494824.000000	1.000000
0.000000	6068.102539	-4495.800293	1.000000
0.000000	-325.998383	248.292389	1.000000
0.000000	1113.452637	-1647.025513	1.000000
0.000000	5775.348633	294.707397	1.000000
0.000000	-353.629395	-136.513412	1.000000
0.000000	-582.632874	1011.785034	1.000000
0.000000	-18764.392578	-27.990593	1.000000
0.000000	-727.291443	-159.740829	1.000000
0.000000	309.938995	-445.298798	1.000000
0.000000	14636.148438	-11000.393555	1.000000
