0.000000	31412.113281	455893.437500	1.000000
0.000000	215041.218750	175378.921875	1.000000
0.000000	1207.400879	-12918.079102	1.000000
0.000000	-380.407410	646.627014	1.000000
0.000000	16877.599609	27250.570312	1.000000
0.000000	-13556.333008	722.807434	1.000000
0.000000	-556.401428	-2516.781006	1.000000
0.000000	-595451.187500	1523932.125000	1.000000
0.000000	3646.015869	-2081.157227	1.000000
0.000000	9292453.000000	3386659.750000	1.000000
0.000000	78697400.000000	19959642.000000	1.000000
0.000000	-414.100647	-222.616028	1.000000
0.000000	-363.060364	223.194275	1.000000
0.000000	87.279518	-387.369110	1.000000
0.000000	-73337376.000000	-31090268.000000	1.000000
0.000000	860.206482	-4448.540527	1.000000
0.000000	408.333008	-548.599976	1.000000
0.000000	-6244.812988	7929.443359	1.000000
0.000000	-986.971863	72.906677	1.000000
0.000000	-352.784698	422.315277	1.000000
0.000000	952.736633	8149.987305	1.000000
0.000000	10375.410156	85105.460938	1.000000
0.000000	-75.523064	963.602173	1.000000
0.000000	337.703461	-3.392365	1.000000
0.000000	-207028.140625	-53437.480469	1.000000
0.000000	558.561829	-47.610886	1.000000
0.000000	10384.958008	35230.402344	1.000000
0.000000	-4070.105713	11551.919922	1.000000
0.000000	535.530090	-250.544098	1.000000
0.000000	-61322.578125	-273296.843750	1.000000
0.000000	5086.580078	-8787.263672	1.000000
0.000000	5020.021484	942.281860	1.000000
0.000000	-398.325439	518.408752	1.000000
0.000000	-643.182434	-108.449234	1.000000
0.000000	-353.593109	-123.615128	1.000000
0.000000	4994.334961	2841.333740	1.000000
0.000000	-125.165916	-120.681602	1.000000
0.000000	-5851.099121	-1597.292114	1.000000
0.000000	-246233.421875	-73868.750000	1.000000
0.000000	-46622.996094	-6248.479004	1.000000
0.000000	578.245422	181.917160	1.000000
0.000000	623.206482	-104.960419	1.000000
0.000000	-3.144096	382.436890	1.000000
0.000000	-145.527725	-265.233337	1.000000
0.000000	65.739395	378.437714	1.000000
0.000000	-614.994812	-139.079178	1.000000
0.000000	-3962.557617	3271.899414	1.000000
0.000000	-908.959595	548.582703	1.000000
0.000000	-143.930038	-397.886475	1.000000
0.000000	-395.683716	-110.789162	1.000000
0.000000	7183.632324	6264.383789	1.000000
0.000000	-946.620911	1574.169312	1.000000
0.000000	-54.114380	1230.659912	1.000000
0.000000	-3479.409424	-11532.750977	1.000000
0.000000	432.189087	9.886690	1.000000
0.000000	-13.046453	-407.845337	1.000000
0.000000	271.744476	112.878754	1.000000
0.000000	29405522.000000	-21550876.000000	1.000000
0.000000	-668.373840	1745.530396	1.000000
0.000000	405.085724	626.896179	1.000000
0.000000	1640.192261	26121.017578	1.000000
0.000000	3317.440918	-1779.882568	1.000000
0.000000	-164.129944	-372.093018	1.000000
0.000000	236.742767	-479.762543	1.000000
0.000000	5299.825684	-3010.524414	1.000000
0.000000	401183.750000	-1051564.750000	1.000000
0.000000	40086.851562	142464.562500	1.000000
0.000000	899154304.000000	-490293056.000000	1.000000
0.000000	5027.227539	-14977.671875	1.000000
0.000000	-11819835.000000	-661133.812500	1.000000
0.000000	10682.331055	-14996.907227	1.000000
0.000000	-60.465115	-491.429108	1.000000
0.000000	-374.325623	-858.213928	1.000000
0.000000	-367.539673	917.525635	1.000000
0.000000	424162.062500	2456.904541	1.000000
0.000000	-9476.962891	10607.614258	1.000000
0.000000	-305.757965	506.739929	1.000000
0.000000	20.742886	-419.670624	1.000000
0.000000	3434.999512	-13420.784180	1.000000
0.000000	-935690816.000000	516809408.000000	1.000000
0.000000	1333545.500000	80369.265625	1.000000
0.000000	370904.312500	-121752.937500	1.000000
0.000000	282302.625000	227437.375000	1.000000
0.000000	24782.365234	-23074.714844	1.000000
0.000000	2203343.750000	933497.562500	1.000000
0.000000	-221.456467	331.817139	1.000000
0.000000	-40.367550	-62.546909	1.000000
0.000000	-3084.501221	-266.138916	1.000000
0.000000	-1686.413208	1849.519409	1.000000
0.000000	159.200928	395.028076	1.000000
0.000000	-21.716227	-173.292114	1.000000
0.000000	-1338.825806	1066.000366	1.000000
0.000000	1022.605530	-256.707336	1.000000
0.000000	263.331848	-56.947010	1.000000
0.000000	-4355021.000000	2416277.250000	1.000000
0.000000	1218.196533	677.502747	1.000000
0.000000	-249.631424	-88076.265625	1.000000
0.000000	1711789.125000	-2028472.500000	1.000000
0.000000	836.327637	-1385.054199	1.000000
0.000000	-157.187500	-5375.210449	1.000000
0.000000	691415.187500	-227559.250000	1.000000
0.000000	12310197.000000	-6573529.500000	1.000000
0.000000	-21975.224609	-21632.882812	1.000000
0.000000	170794.234375	-24601.421875	1.000000
0.000000	-29.862988	299.269867	1.000000
0.000000	410.731415	-70.446510	1.000000
0.000000	499.032532	-1820.087158	1.000000
0.000000	-231.744873	-336.702423	1.000000
0.000000	152.389374	-385.088593	1.000000
0.000000	-918.648071	1189.494263	1.000000
0.000000	-331.696472	-3081.960205	1.000000
0.000000	-53993.843750	119833.890625	1.000000
0.000000	133.057343	363.443054	1.000000
0.000000	-471.702789	57.828678	1.000000
0.000000	-13.683528	-1043.005249	1.000000
0.000000	-64507.644531	15473.167969	1.000000
0.000000	2471.093994	902.156799	1.000000
0.000000	55878.691406	149659.921875	1.000000
0.000000	-13350.356445	6564.604492	1.000000
0.000000	-41876.019531	-29713.847656	1.000000
0.000000	-8356.219727	13880.376953	1.000000
0.000000	416.010742	393.084229	1.000000
0.000000	-398.871704	251.623520	1.000000
0.000000	1640.216553	3095.511475	1.000000
0.000000	746.253906	-445.715973	1.000000
0.000000	1847.612305	30.177605	1.000000
0.000000	589.514404	-651.849304	1.000000
0.000000	13965.695312	-14353.625000	1.000000
0.000000	-400.301086	-196.176041	1.000000
0.000000	-1210.814209	1415.743042	1.000000
0.000000	314.196014	337.390533	1.000000
0.000000	-13226.538086	-3008.433350	1.000000
0.000000	-28735.941406	-61602.843750	1.000000
0.000000	1761.977295	8150.299805	1.000000
0.000000	-2460.174316	1756.806152	1.000000
0.000000	197.357758	-195.742447	1.000000
0.000000	-4.176106	126.932320	1.000000
0.000000	-3751.417236	-15946.735352	1.000000
0.000000	871.403015	3.363866	1.000000
0.000000	-8890.882812	12941.121094	1.000000
0.000000	-862.858154	-3281.959473	1.000000
0.000000	930.628357	679.157410	1.000000
0.000000	393.123016	-276.819763	1.000000
0.000000	-5540.199707	-20494.302734	1.000000
0.000000	7.568705	-430.134796	1.000000
0.000000	22485.371094	-24702.525391	1.000000
0.000000	-372.001129	-254.854965	1.000000
0.000000	-3300464.250000	1376390.750000	1.000000
0.000000	-18026.818359	-1359.773560	1.000000
0.000000	-102.559929	673.859619	1.000000
0.000000	193.770966	-443.386017	1.000000
0.000000	6718.653809	2603.550781	1.000000
0.000000	-26035.224609	-23332.019531	1.000000
0.000000	-586712.625000	317527.968750	1.000000
0.000000	-108536.234375	248987.140625	1.000000
0.000000	37918.929688	-56191.003906	1.000000
0.000000	667.993896	-1801.505005	1.000000
0.000000	171.676773	259.950958	1.000000
0.000000	-244.039154	-322.867493	1.000000
0.000000	-416.188965	781.039429	1.000000
0.000000	4112436.000000	2116301.500000	1.000000
0.000000	270.462311	231.550552	1.000000
0.000000	-45316.332031	76058.406250	1.000000
0.000000	798.815002	1738.379395	1.000000
0.000000	4932.479004	12537.405273	1.000000
0.000000	608.975769	1504.105469	1.000000
0.000000	-44171.347656	2442.709717	1.000000
0.000000	245628.765625	-842228.687500	1.000000
0.000000	-320.033539	-185.657333	1.000000
0.000000	548.149475	-122.132256	1.000000
0.000000	-32941.042969	-140103.578125	1.000000
0.000000	-14371.797852	-13467.500000	1.000000
0.000000	-485.542969	-87.429726	1.000000
0.000000	-323727.656250	730136.875000	1.000000
0.000000	-31272.894531	-19618.750000	1.000000
0.000000	-517.301392	-1122.704712	1.000000
0.000000	175.667465	-455.333771	1.000000
0.000000	-3529.975098	-12805.572266	1.000000
0.000000	122.014450	-417.786530	1.000000
0.000000	3232.060547	2899.445312	1.000000
0.000000	77.481140	97.160454	1.000000
0.000000	799049.562500	-982912.687500	1.000000
0.000000	-482.077484	425.110107	1.000000
0.000000	-3182.152588	-2120.165283	1.000000
0.000000	-48.444225	2998.051025	1.000000
0.000000	-388.745178	371.384674	1.000000
0.000000	19800.373047	10628.656250	1.000000
0.000000	172.312042	568.784607	1.000000
0.000000	-3460.473145	-1944.741333	1.000000
0.000000	65132.058594	112755.539062	1.000000
0.000000	341.571991	281.016449	1.000000
0.000000	484892.843750	100903.515625	1.000000
0.000000	-314.267181	300.890747	1.000000
0.000000	78.957085	392.262573	1.000000
0.000000	336.778168	213.526794	1.000000
0.000000	-389.089966	-102.186966	1.000000
0.000000	-52383.964844	-2920.327393	1.000000
0.000000	11449.485352	1462.047241	1.000000
0.000000	-51.756538	-279.203217	1.000000
0.000000	60.852810	1669.311035	1.000000
0.000000	-7877.650879	-93235.953125	1.000000
0.000000	-625.035278	1031.992432	1.000000
0.000000	-107.384575	373.246216	1.000000
0.000000	420.926056	-104.537239	1.000000
0.000000	61.421490	436.888123	1.000000
0.000000	-42972.097656	-77660.507812	1.000000
0.000000	227.457657	-1149.658447	1.000000
0.000000	34.552414	405.763794	1.000000
0.000000	-129.515671	-106.437141	1.000000
0.000000	-467.807739	806.268433	1.000000
0.000000	459.144318	-2.302466	1.000000
0.000000	238.934082	1092.068481	1.000000
0.000000	-224.362518	243.754013	1.000000
0.000000	317.313202	570.941956	1.000000
0.000000	-11089.940430	548.048767	1.000000
0.000000	28171368.000000	16549397.000000	1.000000
0.000000	367.661102	-703.537720	1.000000
0.000000	-32739.273438	266715.312500	1.000000
0.000000	-320.385620	2.945185	1.000000
0.000000	1558.334961	2624.595215	1.000000
0.000000	4454.510254	10700.485352	1.000000
0.000000	-48433.968750	-126250.796875	1.000000
0.000000	-23.713732	-557.689331	1.000000
0.000000	1929694.125000	165285.609375	1.000000
0.000000	-180027.734375	-177937.812500	1.000000
0.000000	-70279.726562	13687.475586	1.000000
0.000000	317.907440	-189.729858	1.000000
0.000000	-131137.875000	15046.736328	1.000000
0.000000	-1150.504272	274.598267	1.000000
0.000000	-1382.067993	932.492920	1.000000
0.000000	-1209.430908	1254.267456	1.000000
0.000000	49280.652344	57638.250000	1.000000
0.000000	83807.289062	3629.723389	1.000000
0.000000	1141.234009	-376.063110	1.000000
0.000000	-432.177704	-314.135406	1.000000
0.000000	-1589278.625000	-1200867.375000	1.000000
0.000000	-354.412720	166.055435	1.000000
0.000000	2590553.750000	19443.492188	1.000000
0.000000	165.398987	-264.143341	1.000000
0.000000	-10499.054688	13264.736328	1.000000
0.000000	1826645.375000	135334.109375	1.000000
0.000000	-1555.033325	877.799805	1.000000
0.000000	351.807526	68.471291	1.000000
0.000000	419.021851	-75.911789	1.000000
0.000000	381.625427	911.156311	1.000000
0.000000	-10675.547852	7478.697754	1.000000
0.000000	-454.233276	177.296265	1.000000
0.000000	27337.181641	25981.925781	1.000000
0.000000	134.752472	350.983185	1.000000
0.000000	276.784637	581.091492	1.000000
0.000000	-125.979774	-9034.634766	1.000000
0.000000	-5683.899902	9775.019531	1.000000
0.000000	459204.343750	25521.839844	1.000000
0.000000	-1093.072998	1128.597656	1.000000
0.000000	2243.585449	-5211.164551	1.000000
0.000000	3488.687012	-2172.283447	1.000000
0.000000	185.649078	140.993057	1.000000
0.000000	294.219025	222.248779	1.000000
0.000000	930.851562	-813.603149	1.000000
0.000000	1217.061890	11648.813477	1.000000
0.000000	17960.796875	-23801.404297	1.000000
0.000000	401.254608	-22.638168	1.000000
0.000000	-8.737185	-290.120941	1.000000
0.000000	1079.532471	1219.930420	1.000000
0.000000	492.071350	-47.733448	1.000000
0.000000	119.784706	251.204178	1.000000
0.000000	-1359.010742	157.207397	1.000000
0.000000	75388.859375	-7399.965820	1.000000
0.000000	103.078682	479.948364	1.000000
0.000000	-130.061661	-720.712036	1.000000
0.000000	1173.587158	-9520.798828	1.000000
0.000000	315.095123	356.949341	1.000000
0.000000	297.718079	270.262482	1.000000
0.000000	-3826.396729	-4535.085449	1.000000
0.000000	591.028442	245.255539	1.000000
0.000000	-2091.646973	-3014.930908	1.000000
0.000000	38.840206	342.664734	1.000000
0.000000	22255.890625	39170.742188	1.000000
0.000000	427.461273	-23.644251	1.000000
0.000000	961.928162	-548.508118	1.000000
0.000000	1319.177979	739.024353	1.000000
0.000000	-322.936920	710.769531	1.000000
0.000000	189.944504	-374.602081	1.000000
0.000000	9622.956055	4778.371582	1.000000
0.000000	-92642.734375	-330262.093750	1.000000
0.000000	8061.511230	16952.136719	1.000000
0.000000	260.061890	-243.508926	1.000000
0.000000	3424.072021	-841.055298	1.000000
0.000000	-423299.562500	-82008.640625	1.000000
0.000000	-44105600.000000	-10494824.000000	1.000000
0.000000	6057.321289	-4517.128418	1.000000
0.000000	-316.887054	226.085358	1.000000
0.000000	1092.417480	-1658.568481	1.000000
0.000000	5794.098633	309.619507	1.000000
0.000000	-331.349121	-127.592354	1.000000
0.000000	-558.668030	1012.956909	1.000000
0.000000	-18768.142578	-4.294724	1.000000
0.000000	-703.297302	-159.074326	1.000000
0.000000	307.199738	-421.451141	1.000000
0.000000	14614.117188	-11009.768555	1.000000
