0.000000	31605.355469	455711.562500	1.000000
0.000000	214950.281250	175106.109375	1.000000
0.000000	1164.063477	-12628.215820	1.000000
0.000000	-671.336365	650.889709	1.000000
0.000000	16900.333984	27546.117188	1.000000
0.000000	-13840.512695	788.523987	1.000000
0.000000	-817.491516	-2388.900146	1.000000
0.000000	-595087.437500	1523932.125000	1.000000
0.000000	3496.821533	-2331.235352	1.000000
0.000000	9292453.000000	3386659.750000	1.000000
0.000000	78697400.000000	19959642.000000	1.000000
0.000000	-133.295593	-146.420349	1.000000
0.000000	-225.253052	-33.120331	1.000000
0.000000	97.980659	-96.573868	1.000000
0.000000	-73337376.000000	-31090268.000000	1.000000
0.000000	606.931335	-4590.630371	1.000000
0.000000	340.129883	-265.686584	1.000000
0.000000	-6094.197754	7679.365234	1.000000
0.000000	-987.682312	363.891510	1.000000
0.000000	-252.963882	148.969955	1.000000
0.000000	890.217102	7865.807617	1.000000
0.000000	10113.964844	84969.054688	1.000000
0.000000	-19.222486	678.001587	1.000000
0.000000	124.406036	191.018982	1.000000
0.000000	-207210.015625	-53232.871094	1.000000
0.000000	268.492462	-70.389664	1.000000
0.000000	10390.641602	35525.949219	1.000000
0.000000	-3784.505127	11608.755859	1.000000
0.000000	281.189270	-109.164711	1.000000
0.000000	-61618.125000	-273296.843750	1.000000
0.000000	5259.929688	-9020.291016	1.000000
0.000000	4738.683594	870.526489	1.000000
0.000000	-129.953247	405.802582	1.000000
0.000000	-430.334778	-306.776093	1.000000
0.000000	-126.198685	57.918766	1.000000
0.000000	4730.047852	2720.557373	1.000000
0.000000	145.468719	-13.732620	1.000000
0.000000	-5626.597168	-1413.285767	1.000000
0.000000	-246324.359375	-73595.937500	1.000000
0.000000	-46850.339844	-6072.287598	1.000000
0.000000	353.868683	-3.362399	1.000000
0.000000	455.125183	132.539429	1.000000
0.000000	-0.531190	91.463287	1.000000
0.216223	-17.983686	-4.016498	1.000000
0.000000	29.571280	89.685356	1.000000
0.000000	-505.230438	-408.555573	1.000000
0.000000	-4201.268555	3438.144531	1.000000
0.000000	-743.780151	308.956635	1.000000
0.000000	-79.900803	-114.059837	1.000000
0.000000	-110.928619	-50.933811	1.000000
0.000000	6893.769043	6295.643555	1.000000
0.000000	-787.835510	1817.853394	1.000000
0.000000	111.283592	1470.081299	1.000000
0.000000	-3310.322510	-11771.461914	1.000000
0.000000	161.671570	-96.947876	1.000000
0.000000	-19.645086	-118.609856	1.000000
0.000000	-19.085974	122.958252	1.000000
0.000000	29405522.000000	-21550876.000000	1.000000
0.000000	-433.925598	1573.601685	1.000000
0.000000	596.650879	407.807098	1.000000
0.000000	1790.097046	26371.095703	1.000000
0.000000	3206.610840	-1510.622314	1.000000
0.000000	-11.616694	-122.943390	1.000000
0.000000	79.733490	-234.827515	1.000000
0.000000	5478.858887	-2781.759766	1.000000
0.000000	401001.875000	-1051564.750000	1.000000
0.000000	40336.929688	142646.437500	1.000000
0.000000	899154304.000000	-490293056.000000	1.000000
0.000000	5214.786133	-14756.011719	1.000000
0.000000	-11819835.000000	-661497.562500	1.000000
0.000000	10534.557617	-15246.985352	1.000000
0.000000	25.499660	-213.452271	1.000000
0.000000	-154.660187	-667.458313	1.000000
0.000000	-658.380371	927.471924	1.000000
0.000000	424525.812500	2529.370361	1.000000
0.000000	-9192.783203	10675.817383	1.000000
0.000000	-23.294512	576.719177	1.000000
0.000000	46.230251	-129.807327	1.000000
0.000000	3406.581543	-13130.920898	1.000000
0.000000	-935690816.000000	516809408.000000	1.000000
0.000000	1333545.500000	80096.453125	1.000000
0.000000	370540.562500	-121707.468750	1.000000
0.000000	282666.375000	227346.437500	1.000000
0.000000	25043.810547	-23211.121094	1.000000
0.000000	2203343.750000	933861.312500	1.000000
0.273573	-72.832413	82.820259	1.000000
0.000000	242.136444	3.402901	1.000000
0.000000	-3266.376221	-493.482666	1.000000
0.000000	-1652.311646	1560.366577	1.000000
0.000000	25.015417	136.779800	1.000000
0.000000	53.044300	107.947479	1.000000
0.000000	-1058.198364	1142.728882	1.000000
0.000000	776.790100	-100.860672	1.000000
0.000000	198.602249	-340.655609	1.000000
0.000000	-4355021.000000	2416277.250000	1.000000
0.000000	966.616577	531.505432	1.000000
0.000000	35.164665	-88030.796875	1.000000
0.000000	1711789.125000	-2028472.500000	1.000000
0.000000	781.978271	-1670.654785	1.000000
0.000000	-396.431274	-5210.386230	1.000000
0.000000	691415.187500	-227286.437500	1.000000
0.000000	12310197.000000	-6573529.500000	1.000000
0.000000	-21907.021484	-21348.703125	1.000000
0.000000	170521.421875	-24430.914062	1.000000
0.000000	95.649017	40.393295	1.000000
0.000000	131.659866	15.293203	1.000000
0.000000	780.725647	-1747.621338	1.000000
0.000000	-40.281570	-117.530983	1.000000
0.000000	46.477814	-114.052200	1.000000
0.000000	-835.170288	910.854065	1.000000
0.000000	-49.584282	-3153.005127	1.000000
0.000000	-53698.296875	119833.890625	1.000000
0.000000	34.430779	94.189926	1.000000
0.000000	-190.147507	-15.924515	1.000000
0.000000	-293.537811	-1122.575562	1.000000
0.000000	-64757.722656	15632.308594	1.000000
0.000000	2384.419189	624.371155	1.000000
0.000000	55651.347656	149478.046875	1.000000
0.000000	-13071.860352	6655.541992	1.000000
0.000000	-41648.675781	-29884.355469	1.000000
0.000000	-8594.930664	13715.552734	1.000000
0.000000	153.144531	268.400391	1.000000
0.000000	-184.523270	54.740288	1.000000
0.000000	1430.634033	3297.279053	1.000000
0.000000	465.271271	-369.875519	1.000000
0.000000	2034.460449	253.189331	1.000000
0.000000	532.678467	-366.513428	1.000000
0.000000	14028.214844	-14069.445312	1.000000
0.000000	-152.176682	-44.207123	1.000000
0.000000	-1100.694580	1685.003296	1.000000
0.000000	106.212006	133.846848	1.000000
0.000000	-13510.717773	-2944.492920	1.000000
0.000000	-28554.066406	-61375.500000	1.000000
0.000000	1602.836670	7905.905273	1.000000
0.000000	-2637.786621	1986.991699	1.000000
0.000000	-68.907288	-78.340721	1.000000
0.000000	184.042984	342.243164	1.000000
0.000000	-3936.134033	-16174.079102	1.000000
0.000000	591.841248	-77.845558	1.000000
0.000000	-8601.019531	12918.386719	1.000000
0.000000	-950.598633	-3004.884277	1.000000
0.000000	962.243347	389.929657	1.000000
0.000000	108.765701	-215.069580	1.000000
0.000000	-5827.221191	-20539.771484	1.000000
0.000000	-7.739244	-139.561050	1.000000
0.000000	22564.941406	-24418.345703	1.000000
0.000000	-175.775864	-39.941582	1.000000
0.000000	-3300464.250000	1376390.750000	1.000000
0.000000	-17924.513672	-1088.381958	1.000000
0.000000	19.830147	409.927734	1.000000
0.000000	96.780357	-169.003174	1.000000
0.000000	6624.874512	2879.205078	1.000000
0.000000	-26308.037109	-23422.957031	1.000000
0.000000	-586712.625000	317346.093750	1.000000
0.000000	-108536.234375	249259.953125	1.000000
0.000000	38214.476562	-56191.003906	1.000000
0.000000	479.724823	-1579.844849	1.000000
0.000000	31.890793	4.722351	1.000000
0.000000	-177.523346	-606.100098	1.000000
0.000000	-336.796265	501.122406	1.000000
0.000000	4112436.000000	2116301.500000	1.000000
0.000000	-12.068222	174.211807	1.000000
0.000000	-45202.660156	75785.593750	1.000000
0.000000	536.304016	1612.629883	1.000000
0.000000	4651.141113	12611.291992	1.000000
0.000000	637.748962	1793.968750	1.000000
0.000000	-43966.738281	2229.574951	1.000000
0.000000	245901.578125	-842228.687500	1.000000
0.000000	-56.800705	-61.660187	1.000000
0.000000	262.323730	-142.638229	1.000000
0.000000	-33054.714844	-139830.765625	1.000000
0.000000	-14275.176758	-13740.312500	1.000000
0.000000	-194.950577	-72.687904	1.000000
0.000000	-323363.906250	730136.875000	1.000000
0.000000	-31522.972656	-19766.523438	1.000000
0.000000	-254.253983	-998.376099	1.000000
0.000000	97.056549	-175.213547	1.000000
0.000000	-3808.471191	-12720.318359	1.000000
0.000000	37.863724	-139.253220	1.000000
0.000000	3145.385742	3176.520508	1.000000
0.000000	-60.524967	349.695343	1.000000
0.000000	799413.312500	-982912.687500	1.000000
0.000000	-195.074860	376.621948	1.000000
0.000000	-3460.648682	-2037.753296	1.000000
0.000000	12.706785	2713.871338	1.000000
0.000000	-183.425354	165.137680	1.000000
0.000000	19948.146484	10378.578125	1.000000
0.000000	-114.503738	617.805603	1.000000
0.000000	-3183.397949	-1853.803833	1.000000
0.000000	65041.121094	112482.726562	1.000000
0.000000	125.123291	86.904480	1.000000
0.000000	484892.843750	100630.703125	1.000000
0.000000	-103.796608	99.942268	1.000000
0.000000	79.921730	101.172386	1.000000
0.000000	286.869110	-73.148926	1.000000
0.000000	-98.693825	-83.670883	1.000000
0.000000	-52497.636719	-3184.614502	1.000000
0.000000	11296.028320	1214.810913	1.000000
0.000000	-129.780075	2.138679	1.000000
0.000000	-109.073647	1905.890625	1.000000
0.000000	-7863.441895	-92963.140625	1.000000
0.000000	-450.682526	1265.019775	1.000000
0.000000	81.537689	155.815475	1.000000
0.066109	140.891373	-19.992701	1.000000
0.000000	48.808479	145.283112	1.000000
0.000000	-42744.753906	-77842.382812	1.000000
0.000000	454.967865	-967.893188	1.000000
0.000000	-116.910271	157.284180	1.000000
0.000000	0.707160	-366.642853	1.000000
0.000000	-441.165894	516.405151	1.000000
0.000000	255.778244	205.852570	1.000000
0.000000	169.754089	809.309692	1.000000
0.000000	-88.209717	-13.427257	1.000000
0.000000	82.921997	398.541168	1.000000
0.000000	-10800.077148	569.362244	1.000000
0.000000	28171368.000000	16549397.000000	1.000000
0.000000	171.437790	-488.626862	1.000000
0.000000	-32852.945312	266897.187500	1.000000
0.000000	-29.469069	10.338495	1.000000
0.000000	1316.071777	2785.156738	1.000000
0.000000	4738.689941	10632.282227	1.000000
0.000000	-48729.515625	-126250.796875	1.000000
0.000000	231.774506	-418.441254	1.000000
0.000000	1929694.125000	165103.734375	1.000000
0.000000	-180300.546875	-177937.812500	1.000000
0.000000	-70052.382812	13852.299805	1.000000
0.000000	145.067505	39.174431	1.000000
0.000000	-131046.937500	14768.240234	1.000000
0.000000	-891.008362	142.987549	1.000000
0.000000	-1199.482544	1158.982544	1.000000
0.000000	-1134.123291	972.994019	1.000000
0.000000	49212.449219	57365.437500	1.000000
0.000000	84034.632812	3804.493896	1.000000
0.000000	863.953918	-464.514038	1.000000
0.000000	-173.545868	-180.798660	1.000000
0.000000	-1589278.625000	-1200867.375000	1.000000
0.273573	-73.786400	86.785072	1.000000
0.000000	2590553.750000	19182.046875	1.000000
0.569014	66.418800	7.176410	1.000000
0.000000	-10328.546875	13026.025391	1.000000
0.000000	1826645.375000	135515.984375	1.000000
0.000000	-1588.424438	588.646973	1.000000
0.569014	68.706070	3.962953	1.000000
0.000000	178.727493	80.865997	1.000000
0.000000	613.942322	1086.408325	1.000000
0.000000	-10476.622070	7265.562988	1.000000
0.000000	-168.987930	119.667496	1.000000
0.000000	27325.814453	25686.378906	1.000000
0.000000	-77.669159	152.057419	1.000000
0.000000	263.641327	290.382355	1.000000
0.000000	157.104309	-9102.837891	1.000000
0.000000	-5394.036621	9769.335938	1.000000
0.000000	459022.468750	25737.816406	1.000000
0.000000	-820.260437	1027.713867	1.000000
0.000000	2009.254883	-5384.514160	1.000000
0.000000	3483.003418	-1880.999268	1.000000
0.000000	26.484982	-102.611145	1.000000
0.000000	45.369442	71.439278	1.000000
0.000000	1056.154541	-551.092163	1.000000
0.000000	1183.670776	11938.676758	1.000000
0.000000	18244.976562	-23744.568359	1.000000
0.000000	111.036087	-1.483746	1.000000
0.216223	-22.532515	-2.303092	1.000000
0.000000	1321.085205	1057.947998	1.000000
0.000000	201.142410	-40.295933	1.000000
0.000000	72.054077	-34.379761	1.000000
0.000000	-1636.085938	68.460274	1.000000
0.000000	75116.046875	-7431.225586	1.000000
0.000000	25.596233	199.480652	1.000000
0.000000	-421.029053	-720.712036	1.000000
0.000000	1192.058838	-9810.662109	1.000000
0.000000	139.140320	125.165283	1.000000
0.000000	75.764366	82.075508	1.000000
0.000000	-3959.961182	-4793.688965	1.000000
0.000000	304.006927	197.833054	1.000000
0.000000	-1858.042358	-2841.581299	1.000000
0.000000	-78.978210	83.163864	1.000000
0.000000	22210.421875	38875.195312	1.000000
0.066109	138.390961	-23.561987	1.000000
0.000000	670.999207	-553.481262	1.000000
0.000000	1067.678955	592.671814	1.000000
0.000000	-310.859283	420.139709	1.000000
0.000000	6.383459	-148.814697	1.000000
0.000000	9475.182617	5028.449707	1.000000
0.000000	-92779.140625	-330080.218750	1.000000
0.000000	7771.647949	16940.769531	1.000000
0.000000	71.722290	-21.544672	1.000000
0.000000	3328.871826	-1116.235229	1.000000
0.000000	-423481.437500	-81781.296875	1.000000
0.000000	-44105600.000000	-10494824.000000	1.000000
0.000000	5926.598633	-4775.731934	1.000000
0.000000	-206.452423	-43.110275	1.000000
0.000000	837.366211	-1798.526978	1.000000
0.000000	6021.442383	490.428833	1.000000
0.000000	-61.200832	-19.389915	1.000000
0.000000	-268.094299	1027.165894	1.000000
0.000000	-18813.611328	283.016968	1.000000
0.000000	-412.368347	-150.992966	1.000000
0.000000	269.599854	-134.282867	1.000000
0.000000	14346.988281	-11123.440430	1.000000
