0.000000	31497.445312	455813.125000	1.000000
0.000000	215001.062500	175258.453125	1.000000
0.000000	1188.263916	-12790.081055	1.000000
0.000000	-508.876038	648.509338	1.000000
0.000000	16887.638672	27381.078125	1.000000
0.000000	-13681.821289	751.826599	1.000000
0.000000	-671.693787	-2460.311279	1.000000
0.000000	-595290.562500	1523932.125000	1.000000
0.000000	3580.134521	-2191.586914	1.000000
0.000000	9292453.000000	3386659.750000	1.000000
0.000000	78697400.000000	19959642.000000	1.000000
0.000000	-290.102539	-188.969482	1.000000
0.000000	-302.198547	110.016418	1.000000
0.000000	92.004936	-258.978912	1.000000
0.000000	-73337376.000000	-31090268.000000	1.000000
0.000000	748.365051	-4511.284668	1.000000
0.000000	378.215820	-423.683716	1.000000
0.000000	-6178.304199	7819.013672	1.000000
0.000000	-987.285583	201.414520	1.000000
0.000000	-308.706940	301.611237	1.000000
0.000000	925.129211	8024.499023	1.000000
0.000000	10259.960938	85045.226562	1.000000
0.000000	-50.660702	837.486450	1.000000
0.000000	242.128784	83.464127	1.000000
0.000000	-207108.453125	-53347.128906	1.000000
0.000000	430.456879	-57.669556	1.000000
0.000000	10387.467773	35360.910156	1.000000
0.000000	-3943.989990	11577.017578	1.000000
0.000000	423.218079	-188.113678	1.000000
0.000000	-61453.085938	-273296.843750	1.000000
0.000000	5163.127930	-8890.164062	1.000000
0.000000	4895.788086	910.596069	1.000000
0.000000	-279.817444	468.684052	1.000000
0.000000	-549.223083	-196.016525	1.000000
0.000000	-253.201401	-43.456974	1.000000
0.000000	4877.630859	2788.001221	1.000000
0.000000	-5.658150	-73.447029	1.000000
0.000000	-5751.963379	-1516.038452	1.000000
0.000000	-246273.578125	-73748.281250	1.000000
0.000000	-46723.386719	-6170.676270	1.000000
0.000000	479.135712	100.107803	1.000000
0.000000	549.011536	-0.085339	1.000000
0.000000	-1.990314	253.967636	1.000000
0.377032	-87.613075	-150.585541	1.000000
0.000000	49.767986	250.911804	1.000000
0.000000	-566.524963	-258.096283	1.000000
0.000000	-4067.967773	3345.310059	1.000000
0.000000	-836.019531	442.753326	1.000000
0.000000	-115.655960	-272.555054	1.000000
0.000000	-269.960144	-84.358192	1.000000
0.000000	7055.634277	6278.187500	1.000000
0.000000	-876.504333	1681.775513	1.000000
0.000000	18.921114	1336.383789	1.000000
0.000000	-3404.743896	-11638.161133	1.000000
0.000000	311.734131	-34.630859	1.000000
0.000000	-16.222876	-279.376709	1.000000
0.000000	143.319870	117.329666	1.000000
0.000000	29405522.000000	-21550876.000000	1.000000
0.000000	-564.846008	1669.609985	1.000000
0.000000	489.711884	530.113342	1.000000
0.000000	1706.387329	26231.447266	1.000000
0.000000	3268.500488	-1660.982422	1.000000
0.000000	-96.523125	-262.839783	1.000000
0.000000	167.410492	-371.607330	1.000000
0.000000	5378.883301	-2909.506348	1.000000
0.000000	401103.437500	-1051564.750000	1.000000
0.000000	40197.281250	142544.875000	1.000000
0.000000	899154304.000000	-490293056.000000	1.000000
0.000000	5110.049805	-14879.791016	1.000000
0.000000	-11819835.000000	-661294.437500	1.000000
0.000000	10617.077148	-15107.336914	1.000000
0.000000	-22.504910	-368.685883	1.000000
0.000000	-277.307495	-773.979919	1.000000
0.000000	-495.929871	921.917725	1.000000
0.000000	424322.687500	2488.904053	1.000000
0.000000	-9351.474609	10637.731445	1.000000
0.000000	-181.030426	537.641418	1.000000
0.000000	31.997616	-291.672577	1.000000
0.000000	3422.450684	-13292.786133	1.000000
0.000000	-935690816.000000	516809408.000000	1.000000
0.000000	1333545.500000	80248.796875	1.000000
0.000000	370743.687500	-121732.859375	1.000000
0.000000	282463.250000	227397.218750	1.000000
0.000000	24897.814453	-23134.949219	1.000000
0.000000	2203343.750000	933658.187500	1.000000
0.000000	-153.771225	222.575897	1.000000
0.000000	85.040421	-34.527729	1.000000
0.000000	-3164.813721	-366.529541	1.000000
0.000000	-1671.354614	1721.835083	1.000000
0.000000	99.946938	280.990601	1.000000
0.000000	11.297947	-49.099117	1.000000
0.000000	-1214.906128	1099.882202	1.000000
0.000000	914.058167	-187.885254	1.000000
0.000000	234.754135	-182.238663	1.000000
0.000000	-4355021.000000	2416277.250000	1.000000
0.000000	1107.139404	613.033142	1.000000
0.000000	-123.868637	-88056.187500	1.000000
0.000000	1711789.125000	-2028472.500000	1.000000
0.000000	812.328003	-1511.169922	1.000000
0.000000	-262.832947	-5302.427246	1.000000
0.000000	691415.187500	-227438.781250	1.000000
0.000000	12310197.000000	-6573529.500000	1.000000
0.000000	-21945.107422	-21507.394531	1.000000
0.000000	170673.765625	-24526.128906	1.000000
0.000000	25.719387	187.081665	1.000000
0.000000	287.752899	-33.082642	1.000000
0.000000	623.422791	-1788.087646	1.000000
0.000000	-147.197144	-239.919601	1.000000
0.000000	105.615158	-265.404144	1.000000
0.000000	-881.785889	1066.515747	1.000000
0.000000	-207.133957	-3113.332275	1.000000
0.000000	-53863.335938	119833.890625	1.000000
0.000000	87.628845	243.213776	1.000000
0.000000	-347.390961	25.279142	1.000000
0.000000	-137.264465	-1078.141968	1.000000
0.000000	-64618.074219	15543.441406	1.000000
0.000000	2432.820068	779.492004	1.000000
0.000000	55778.300781	149579.609375	1.000000
0.000000	-13227.377930	6604.760742	1.000000
0.000000	-41775.628906	-29789.140625	1.000000
0.000000	-8461.629883	13807.593750	1.000000
0.000000	299.934082	338.026245	1.000000
0.000000	-304.206482	164.683670	1.000000
0.000000	1547.668945	3184.608154	1.000000
0.000000	622.177368	-412.226288	1.000000
0.000000	1930.120850	128.666168	1.000000
0.000000	564.416748	-525.890442	1.000000
0.000000	13993.302734	-14228.136719	1.000000
0.000000	-290.734131	-129.079025	1.000000
0.000000	-1162.187500	1534.643188	1.000000
0.000000	222.354279	247.509567	1.000000
0.000000	-13352.026367	-2980.198486	1.000000
0.000000	-28655.628906	-61502.453125	1.000000
0.000000	1691.703857	8042.379883	1.000000
0.000000	-2538.604492	1858.451660	1.000000
0.000000	79.782883	-143.900101	1.000000
0.000000	80.820511	223.322784	1.000000
0.000000	-3832.984619	-16047.125977	1.000000
0.000000	747.953918	-32.494530	1.000000
0.000000	-8762.884766	12931.082031	1.000000
0.000000	-901.602661	-3159.608398	1.000000
0.000000	944.588928	551.473083	1.000000
0.000000	267.556305	-249.535370	1.000000
0.000000	-5666.942871	-20514.380859	1.000000
0.000000	0.809004	-301.823029	1.000000
0.000000	22520.507812	-24577.037109	1.000000
0.000000	-285.335785	-159.954453	1.000000
0.000000	-3300464.250000	1376390.750000	1.000000
0.000000	-17981.642578	-1239.932251	1.000000
0.000000	-48.518730	557.312378	1.000000
0.000000	150.948090	-322.211395	1.000000
0.000000	6677.242676	2725.274414	1.000000
0.000000	-26155.693359	-23372.175781	1.000000
0.000000	-586712.625000	317447.656250	1.000000
0.000000	-108536.234375	249107.609375	1.000000
0.000000	38049.437500	-56191.003906	1.000000
0.000000	584.857910	-1703.624146	1.000000
0.000000	109.952217	147.246811	1.000000
0.000000	-214.667053	-447.963623	1.000000
0.000000	-381.130676	657.433472	1.000000
0.000000	4112436.000000	2116301.500000	1.000000
0.000000	144.503433	206.178391	1.000000
0.000000	-45266.136719	75937.937500	1.000000
0.000000	682.895203	1682.850830	1.000000
0.000000	4808.245605	12570.032227	1.000000
0.000000	621.681458	1632.103516	1.000000
0.000000	-44080.996094	2348.593506	1.000000
0.000000	245749.234375	-842228.687500	1.000000
0.000000	-203.800018	-130.913071	1.000000
0.000000	419.994598	-132.042053	1.000000
0.000000	-32991.238281	-139983.109375	1.000000
0.000000	-14329.131836	-13587.968750	1.000000
0.000000	-357.231201	-80.920021	1.000000
0.000000	-323567.031250	730136.875000	1.000000
0.000000	-31383.324219	-19684.003906	1.000000
0.000000	-401.142731	-1067.803589	1.000000
0.000000	140.962112	-331.649384	1.000000
0.000000	-3652.953613	-12767.925781	1.000000
0.000000	84.858154	-294.808014	1.000000
0.000000	3193.786621	3021.796387	1.000000
0.000000	16.381233	206.558395	1.000000
0.000000	799210.187500	-982912.687500	1.000000
0.000000	-355.334320	403.698669	1.000000
0.000000	-3305.131104	-2083.773682	1.000000
0.000000	-21.442722	2872.562744	1.000000
0.000000	-298.079895	280.327240	1.000000
0.000000	19865.626953	10518.226562	1.000000
0.000000	45.658627	590.431335	1.000000
0.000000	-3338.122070	-1904.585083	1.000000
0.000000	65091.902344	112635.070312	1.000000
0.000000	246.828339	194.222168	1.000000
0.000000	484892.843750	100783.046875	1.000000
0.000000	-221.327423	212.166840	1.000000
0.000000	80.584511	263.793945	1.000000
0.000000	314.739288	86.940483	1.000000
0.000000	-260.856628	-94.010620	1.000000
0.000000	-52434.160156	-3037.031494	1.000000
0.000000	11381.721680	1352.872437	1.000000
0.377032	-86.697403	-155.490494	1.000000
0.000000	-14.182310	1773.780029	1.000000
0.000000	-7871.376465	-93115.484375	1.000000
0.000000	-548.016846	1134.892822	1.000000
0.000000	-22.488699	276.777100	1.000000
0.000000	298.104401	-66.753502	1.000000
0.000000	54.382381	308.576355	1.000000
0.000000	-42871.707031	-77740.820312	1.000000
0.000000	327.915558	-1069.345947	1.000000
0.000000	-32.332710	296.039978	1.000000
0.000000	-72.007256	-221.341034	1.000000
0.000000	-456.043213	678.270386	1.000000
0.000000	369.341766	89.611115	1.000000
0.000000	208.385529	967.207642	1.000000
0.000000	-164.245789	130.187119	1.000000
0.000000	213.801361	494.847015	1.000000
0.000000	-10961.942383	557.460388	1.000000
0.000000	28171368.000000	16549397.000000	1.000000
0.000000	280.995758	-608.637207	1.000000
0.000000	-32789.468750	266795.625000	1.000000
0.000000	-191.916992	6.210039	1.000000
0.000000	1451.356201	2695.496094	1.000000
0.000000	4579.998535	10670.368164	1.000000
0.000000	-48564.476562	-126250.796875	1.000000
0.000000	89.101013	-496.200043	1.000000
0.000000	1929694.125000	165205.296875	1.000000
0.000000	-180148.203125	-177937.812500	1.000000
0.000000	-70179.335938	13760.258789	1.000000
0.000000	240.653702	-87.056946	1.000000
0.000000	-131097.718750	14923.757812	1.000000
0.000000	-1035.996216	216.481506	1.000000
0.000000	-1301.441772	1032.426147	1.000000
0.000000	-1176.176514	1130.034058	1.000000
0.000000	49250.535156	57517.781250	1.000000
0.000000	83907.679688	3706.898682	1.000000
0.000000	1018.876404	-415.121338	1.000000
0.000000	-317.983368	-255.234848	1.000000
0.000000	-1589278.625000	-1200867.375000	1.000000
0.000000	-230.414627	132.291245	1.000000
0.000000	2590553.750000	19328.042969	1.000000
0.000000	120.769043	-143.638016	1.000000
0.000000	-10423.761719	13159.326172	1.000000
0.000000	1826645.375000	135414.421875	1.000000
0.000000	-1569.778198	750.115479	1.000000
0.000000	227.541840	39.917133	1.000000
0.000000	313.912720	-9.340813	1.000000
0.000000	484.212097	988.488464	1.000000
0.000000	-10587.706055	7384.581543	1.000000
0.000000	-328.274414	151.845673	1.000000
0.000000	27332.162109	25851.417969	1.000000
0.000000	40.949989	263.141388	1.000000
0.000000	270.980804	452.743500	1.000000
0.000000	-0.976798	-9064.751953	1.000000
0.000000	-5555.901855	9772.509766	1.000000
0.000000	459124.031250	25617.210938	1.000000
0.000000	-972.604187	1084.049316	1.000000
0.000000	2140.057617	-5287.712402	1.000000
0.000000	3486.177246	-2043.657959	1.000000
0.000000	115.372116	33.423286	1.000000
0.000000	184.338348	155.661560	1.000000
0.000000	986.223267	-697.683350	1.000000
0.000000	1202.317017	11776.811523	1.000000
0.000000	18086.285156	-23776.306641	1.000000
0.000000	273.099701	-13.295883	1.000000
0.000000	-15.935605	-161.809174	1.000000
0.000000	1186.197510	1148.402100	1.000000
0.000000	363.602722	-44.449184	1.000000
0.000000	99.177177	124.382027	1.000000
0.000000	-1481.361816	118.026543	1.000000
0.000000	75268.390625	-7413.769531	1.000000
0.000000	68.863518	356.107117	1.000000
0.000000	-258.568726	-720.712036	1.000000
0.000000	1181.743896	-9648.796875	1.000000
0.000000	237.380219	254.597961	1.000000
0.000000	199.702881	187.158981	1.000000
0.000000	-3885.376221	-4649.279785	1.000000
0.000000	464.285248	224.314682	1.000000
0.000000	-1988.566040	-2938.383057	1.000000
0.000000	-15.317176	226.117508	1.000000
0.000000	22235.812500	39040.234375	1.000000
0.000000	298.992645	-24.065813	1.000000
0.000000	833.459534	-550.704163	1.000000
0.000000	1208.120850	674.397888	1.000000
0.000000	-317.603668	582.457764	1.000000
0.000000	108.886925	-274.917328	1.000000
0.000000	9557.702148	4888.801270	1.000000
0.000000	-92702.968750	-330181.781250	1.000000
0.000000	7933.513184	16947.117188	1.000000
0.000000	177.161194	-145.314346	1.000000
0.000000	3382.033447	-962.622070	1.000000
0.000000	-423379.875000	-81908.250000	1.000000
0.000000	-44105600.000000	-10494824.000000	1.000000
0.000000	5999.596680	-4631.322754	1.000000
0.000000	-268.103485	107.188644	1.000000
0.000000	979.791748	-1720.371460	1.000000
0.000000	5894.489258	389.461426	1.000000
0.000000	-212.056839	-79.808769	1.000000
0.000000	-430.356262	1019.231323	1.000000
0.000000	-18788.220703	122.580688	1.000000
0.000000	-574.828674	-155.505753	1.000000
0.000000	292.533295	-293.766815	1.000000
0.000000	14496.158203	-11059.963867	1.000000
