0.000000	31482.835938	455826.875000	1.000000
0.000000	215007.937500	175279.078125	1.000000
0.000000	1191.540283	-12811.995117	1.000000
0.000000	-486.881409	648.187073	1.000000
0.000000	16885.919922	27358.734375	1.000000
0.000000	-13660.336914	746.858337	1.000000
0.000000	-651.955017	-2469.979248	1.000000
0.000000	-595318.062500	1523932.125000	1.000000
0.000000	3591.413818	-2172.680664	1.000000
0.000000	9292453.000000	3386659.750000	1.000000
0.000000	78697400.000000	19959642.000000	1.000000
0.000000	-311.331787	-194.729980	1.000000
0.000000	-312.618469	129.395752	1.000000
0.000000	91.195915	-280.960114	1.000000
0.000000	-73337376.000000	-31090268.000000	1.000000
0.000000	767.513000	-4500.542480	1.000000
0.000000	383.372070	-445.074097	1.000000
0.000000	-6189.690918	7837.919922	1.000000
0.000000	-987.231873	179.413177	1.000000
0.000000	-316.253326	322.276520	1.000000
0.000000	929.855774	8045.983398	1.000000
0.000000	10279.726562	85055.539062	1.000000
0.000000	-54.917294	859.078247	1.000000
0.000000	258.322632	68.572769	1.000000
0.000000	-207094.703125	-53362.597656	1.000000
0.000000	452.384369	-55.947449	1.000000
0.000000	10387.038086	35338.566406	1.000000
0.000000	-3965.581787	11572.720703	1.000000
0.000000	442.446594	-198.802155	1.000000
0.000000	-61430.742188	-273296.843750	1.000000
0.000000	5150.022461	-8872.546875	1.000000
0.000000	4917.057617	916.020874	1.000000
0.000000	-300.106750	477.197235	1.000000
0.000000	-565.309509	-181.024460	1.000000
0.000000	-270.389984	-57.181797	1.000000
0.000000	4897.611328	2797.132080	1.000000
0.000000	-26.118448	-81.533882	1.000000
0.000000	-5768.936035	-1529.949585	1.000000
0.000000	-246266.703125	-73768.906250	1.000000
0.000000	-46706.199219	-6183.996582	1.000000
0.000000	496.094940	114.116287	1.000000
0.000000	561.714172	-18.040201	1.000000
0.000000	-2.187849	275.962891	1.000000
0.000000	-97.545616	-170.164108	1.000000
0.000000	52.502209	272.743744	1.000000
0.000000	-574.823303	-237.720383	1.000000
0.000000	-4049.920898	3332.741699	1.000000
0.000000	-848.507324	460.867340	1.000000
0.000000	-120.496658	-294.012573	1.000000
0.000000	-291.484802	-88.883339	1.000000
0.000000	7077.548340	6275.824219	1.000000
0.000000	-888.508728	1663.352661	1.000000
0.000000	6.417080	1318.283203	1.000000
0.000000	-3417.527100	-11620.114258	1.000000
0.425925	332.048767	-26.233084	1.000000
0.000000	-15.679052	-301.371338	1.000000
0.000000	165.307785	116.567642	1.000000
0.000000	29405522.000000	-21550876.000000	1.000000
0.000000	-582.570618	1682.608032	1.000000
0.000000	475.223358	546.683167	1.000000
0.000000	1695.054321	26212.541016	1.000000
0.000000	3276.879395	-1681.338867	1.000000
0.000000	-108.097832	-281.544617	1.000000
0.000000	179.280609	-390.124176	1.000000
0.000000	5365.348145	-2926.801270	1.000000
0.000000	401117.187500	-1051564.750000	1.000000
0.000000	40178.375000	142531.125000	1.000000
0.000000	899154304.000000	-490293056.000000	1.000000
0.000000	5095.870117	-14896.548828	1.000000
0.000000	-11819835.000000	-661266.937500	1.000000
0.000000	10628.249023	-15088.430664	1.000000
0.000000	-29.003933	-389.700287	1.000000
0.000000	-293.917603	-788.401306	1.000000
0.000000	-473.948669	921.165771	1.000000
0.000000	424295.187500	2483.425537	1.000000
0.000000	-9372.958984	10632.575195	1.000000
0.000000	-202.387238	532.350891	1.000000
0.000000	30.070736	-313.586639	1.000000
0.000000	3424.599121	-13314.700195	1.000000
0.000000	-935690816.000000	516809408.000000	1.000000
0.000000	1333545.500000	80269.421875	1.000000
0.000000	370771.187500	-121736.296875	1.000000
0.000000	282435.750000	227404.093750	1.000000
0.000000	24878.048828	-23124.636719	1.000000
0.000000	2203343.750000	933630.687500	1.000000
0.000000	-165.359360	241.274017	1.000000
0.000000	63.569473	-39.324787	1.000000
0.000000	-3151.063721	-349.342041	1.000000
0.000000	-1673.932739	1743.695435	1.000000
0.000000	110.091591	300.514526	1.000000
0.000000	5.645710	-70.360756	1.000000
0.000000	-1236.121948	1094.081421	1.000000
0.000000	932.642151	-199.668091	1.000000
0.000000	239.648544	-160.787857	1.000000
0.000000	-4355021.000000	2416277.250000	1.000000
0.000000	1126.153076	624.070740	1.000000
0.000000	-145.400009	-88059.625000	1.000000
0.000000	1711789.125000	-2028472.500000	1.000000
0.000000	816.436890	-1489.578125	1.000000
0.000000	-244.745789	-5314.888184	1.000000
0.000000	691415.187500	-227459.406250	1.000000
0.000000	12310197.000000	-6573529.500000	1.000000
0.000000	-21950.263672	-21528.878906	1.000000
0.000000	170694.390625	-24539.019531	1.000000
0.000000	15.968128	203.131271	1.000000
0.000000	308.807587	-39.479279	1.000000
0.000000	602.126404	-1793.566162	1.000000
0.000000	-161.672241	-256.489410	1.000000
0.000000	113.621445	-285.894867	1.000000
0.000000	-888.096924	1087.570435	1.000000
0.000000	-228.463913	-3107.961182	1.000000
0.000000	-53885.679688	119833.890625	1.000000
0.000000	95.406860	263.794312	1.000000
0.000000	-368.673920	30.852491	1.000000
0.000000	-116.107178	-1072.126343	1.000000
0.000000	-64599.167969	15531.410156	1.000000
0.000000	2439.372803	800.492981	1.000000
0.000000	55795.488281	149593.359375	1.000000
0.000000	-13248.432617	6597.885742	1.000000
0.000000	-41792.816406	-29776.250000	1.000000
0.000000	-8443.583008	13820.054688	1.000000
0.000000	319.807129	347.452515	1.000000
0.000000	-320.413757	179.568314	1.000000
0.000000	1563.513672	3169.354248	1.000000
0.000000	643.420044	-417.959930	1.000000
0.000000	1915.994873	111.804420	1.000000
0.000000	568.713623	-547.455383	1.000000
0.000000	13988.576172	-14249.621094	1.000000
0.000000	-309.492676	-140.566452	1.000000
0.000000	-1170.512695	1514.286743	1.000000
0.000000	238.078156	262.897736	1.000000
0.000000	-13330.541992	-2985.032471	1.000000
0.000000	-28669.378906	-61519.640625	1.000000
0.000000	1703.735107	8060.856445	1.000000
0.000000	-2525.176758	1841.049316	1.000000
0.000000	99.914413	-152.775833	1.000000
0.000000	66.268204	206.820099	1.000000
0.000000	-3819.019775	-16029.938477	1.000000
0.000000	769.089172	-26.355471	1.000000
0.000000	-8784.798828	12932.800781	1.000000
0.000000	-894.969360	-3180.555664	1.000000
0.000000	942.198792	573.333435	1.000000
0.000000	289.054108	-254.201508	1.000000
0.000000	-5645.243652	-20510.943359	1.000000
0.000000	1.966307	-323.790802	1.000000
0.000000	22514.492188	-24598.521484	1.000000
0.000000	-300.173431	-176.202011	1.000000
0.000000	-3300464.250000	1376390.750000	1.000000
0.000000	-17989.376953	-1260.449829	1.000000
0.000000	-57.772118	577.265991	1.000000
0.000000	158.279633	-342.957245	1.000000
0.000000	6684.332520	2704.434570	1.000000
0.000000	-26135.068359	-23365.300781	1.000000
0.000000	-586712.625000	317461.406250	1.000000
0.000000	-108536.234375	249086.984375	1.000000
0.000000	38027.093750	-56191.003906	1.000000
0.000000	599.091309	-1720.381958	1.000000
0.000000	120.519844	166.542465	1.000000
0.000000	-219.695740	-426.546387	1.000000
0.000000	-387.132874	678.595581	1.000000
0.000000	4112436.000000	2116301.500000	1.000000
0.000000	166.068375	210.522263	1.000000
0.000000	-45274.730469	75958.562500	1.000000
0.000000	702.741394	1692.357666	1.000000
0.000000	4829.515137	12564.446289	1.000000
0.000000	619.506165	1610.189453	1.000000
0.000000	-44096.464844	2364.706787	1.000000
0.000000	245728.609375	-842228.687500	1.000000
0.000000	-223.699921	-140.285629	1.000000
0.000000	441.935516	-130.343445	1.000000
0.000000	-32982.644531	-140003.734375	1.000000
0.000000	-14336.436523	-13567.343750	1.000000
0.000000	-379.198975	-82.034523	1.000000
0.000000	-323594.531250	730136.875000	1.000000
0.000000	-31364.417969	-19672.832031	1.000000
0.000000	-421.029205	-1077.203003	1.000000
0.000000	146.903885	-352.824921	1.000000
0.000000	-3631.898926	-12774.371094	1.000000
0.000000	91.219543	-315.862701	1.000000
0.000000	3200.339355	3000.849121	1.000000
0.000000	27.077299	190.986130	1.000000
0.000000	799182.687500	-982912.687500	1.000000
0.000000	-377.033539	407.364441	1.000000
0.000000	-3284.076416	-2090.004150	1.000000
0.000000	-26.066059	2894.047119	1.000000
0.000000	-313.602356	295.916840	1.000000
0.000000	19854.455078	10537.132812	1.000000
0.000000	67.342484	586.725281	1.000000
0.000000	-3359.069336	-1911.460083	1.000000
0.000000	65098.777344	112655.695312	1.000000
0.000000	263.049042	209.079956	1.000000
0.000000	484892.843750	100803.671875	1.000000
0.000000	-237.239288	227.360321	1.000000
0.000000	80.305885	285.788574	1.000000
0.000000	318.512482	108.612846	1.000000
0.000000	-282.810974	-95.410461	1.000000
0.000000	-52425.566406	-3017.051025	1.000000
0.000000	11393.323242	1371.563843	1.000000
0.000000	-80.698875	-176.719513	1.000000
0.000000	-1.336143	1755.894287	1.000000
0.000000	-7872.450684	-93136.109375	1.000000
0.000000	-561.202881	1117.275635	1.000000
0.000000	-37.022545	293.293213	1.000000
0.000000	319.132233	-73.222313	1.000000
0.000000	55.587521	330.544128	1.000000
0.000000	-42888.894531	-77727.070312	1.000000
0.000000	310.714630	-1083.095947	1.000000
0.000000	-20.881393	314.825378	1.000000
0.000000	-81.853142	-201.669403	1.000000
0.000000	-458.057373	700.184448	1.000000
0.000000	384.716522	73.873810	1.000000
0.000000	213.615631	988.584595	1.000000
0.000000	-174.538147	149.630478	1.000000
0.000000	231.519257	507.885345	1.000000
0.000000	-10983.856445	555.849060	1.000000
0.000000	28171368.000000	16549397.000000	1.000000
0.000000	295.833405	-624.884766	1.000000
0.000000	-32780.875000	266781.875000	1.000000
0.000000	-213.911621	5.651110	1.000000
0.000000	1469.671631	2683.357422	1.000000
0.000000	4558.514160	10675.524414	1.000000
0.000000	-48542.132812	-126250.796875	1.000000
0.000000	69.785217	-506.727386	1.000000
0.000000	1929694.125000	165219.046875	1.000000
0.000000	-180127.578125	-177937.812500	1.000000
0.000000	-70196.523438	13747.797852	1.000000
0.000000	253.880020	-104.637207	1.000000
0.000000	-131104.593750	14944.812500	1.000000
0.000000	-1055.600708	226.431458	1.000000
0.000000	-1315.245483	1015.306030	1.000000
0.000000	-1181.869873	1151.303589	1.000000
0.000000	49255.691406	57538.406250	1.000000
0.000000	83890.492188	3693.685791	1.000000
0.000000	1039.830200	-408.434326	1.000000
0.000000	-337.534149	-265.318573	1.000000
0.000000	-1589278.625000	-1200867.375000	1.000000
0.000000	-251.643875	138.071884	1.000000
0.000000	2590553.750000	19347.808594	1.000000
0.000000	128.412598	-164.269730	1.000000
0.000000	-10436.652344	13177.373047	1.000000
0.000000	1826645.375000	135400.671875	1.000000
0.000000	-1567.253784	771.975830	1.000000
0.000000	248.985931	44.826649	1.000000
0.425925	332.216187	-21.514282	1.000000
0.000000	466.648621	975.248718	1.000000
0.000000	-10602.745117	7400.694824	1.000000
0.000000	-349.839355	156.202972	1.000000
0.000000	27333.021484	25873.761719	1.000000
0.000000	57.009560	278.180450	1.000000
0.000000	271.974457	474.724701	1.000000
0.000000	-22.378872	-9059.595703	1.000000
0.000000	-5577.815918	9772.939453	1.000000
0.000000	459137.781250	25600.882812	1.000000
0.000000	-993.229187	1091.676270	1.000000
0.000000	2157.782227	-5274.606934	1.000000
0.000000	3486.606934	-2065.679443	1.000000
0.000000	127.406723	51.841103	1.000000
0.000000	203.150604	167.061707	1.000000
0.000000	976.743286	-717.529541	1.000000
0.000000	1204.841431	11754.897461	1.000000
0.000000	18064.800781	-23780.603516	1.000000
0.000000	295.040619	-14.895042	1.000000
0.000000	-14.703191	-183.776947	1.000000
0.000000	1167.935791	1160.648193	1.000000
0.000000	385.597351	-45.011471	1.000000
0.000000	102.705315	146.095230	1.000000
0.000000	-1460.414551	124.737053	1.000000
0.000000	75289.015625	-7411.406250	1.000000
0.000000	74.721367	377.309509	1.000000
0.000000	-236.568161	-720.712036	1.000000
0.000000	1180.347412	-9626.882812	1.000000
0.000000	250.680389	272.121155	1.000000
0.000000	216.480835	201.385666	1.000000
0.000000	-3875.278564	-4629.729004	1.000000
0.000000	485.984467	227.899887	1.000000
0.000000	-2006.236938	-2951.488525	1.000000
0.000000	-6.044906	246.071121	1.000000
0.000000	22239.250000	39062.578125	1.000000
0.000000	320.987274	-23.993639	1.000000
0.000000	855.454163	-550.328186	1.000000
0.000000	1227.134521	685.462341	1.000000
0.000000	-318.516754	604.425537	1.000000
0.000000	122.764488	-291.983978	1.000000
0.000000	9568.874023	4869.895020	1.000000
0.000000	-92692.656250	-330195.531250	1.000000
0.000000	7955.427246	16947.976562	1.000000
0.000000	191.354309	-162.125870	1.000000
0.000000	3389.230713	-941.809082	1.000000
0.000000	-423366.125000	-81925.437500	1.000000
0.000000	-44105600.000000	-10494824.000000	1.000000
0.000000	6009.479492	-4611.771973	1.000000
0.000000	-276.455536	127.541733	1.000000
0.000000	999.073975	-1709.790405	1.000000
0.000000	5877.301758	375.791992	1.000000
0.000000	-232.480423	-87.989616	1.000000
0.000000	-452.324036	1018.157104	1.000000
0.000000	-18784.783203	100.857971	1.000000
0.000000	-596.823303	-156.116714	1.000000
0.000000	295.044281	-315.627167	1.000000
0.000000	14516.353516	-11051.370117	1.000000
