0.000000	31568.167969	455746.562500	1.000000
0.000000	214967.781250	175158.609375	1.000000
0.000000	1172.403320	-12683.997070	1.000000
0.000000	-615.350037	650.069397	1.000000
0.000000	16895.958984	27489.242188	1.000000
0.000000	-13785.825195	775.877502	1.000000
0.000000	-767.247375	-2413.509521	1.000000
0.000000	-595157.437500	1523932.125000	1.000000
0.000000	3525.532471	-2283.110352	1.000000
0.000000	9292453.000000	3386659.750000	1.000000
0.000000	78697400.000000	19959642.000000	1.000000
0.000000	-187.333679	-161.083435	1.000000
0.000000	-251.759399	16.205784	1.000000
0.000000	95.921333	-152.538315	1.000000
0.000000	-73337376.000000	-31090268.000000	1.000000
0.000000	655.671570	-4563.286621	1.000000
0.000000	353.254883	-320.134827	1.000000
0.000000	-6123.182129	7727.490234	1.000000
0.000000	-987.545593	307.905182	1.000000
0.000000	-272.175568	201.572495	1.000000
0.000000	902.248352	7920.495117	1.000000
0.000000	10164.277344	84995.304688	1.000000
0.000000	-30.055311	732.962524	1.000000
0.000000	165.626740	153.113708	1.000000
0.000000	-207175.015625	-53272.246094	1.000000
0.000000	324.307892	-66.006119	1.000000
0.000000	10389.547852	35469.074219	1.000000
0.000000	-3839.466064	11597.818359	1.000000
0.000000	330.134583	-136.371735	1.000000
0.000000	-61561.250000	-273296.843750	1.000000
0.000000	5226.570312	-8975.447266	1.000000
0.000000	4792.824219	884.335083	1.000000
0.000000	-181.598755	427.472504	1.000000
0.000000	-471.316223	-268.597382	1.000000
0.000000	-169.965775	22.982853	1.000000
0.000000	4780.907227	2743.799561	1.000000
0.000000	93.388878	-34.299309	1.000000
0.000000	-5669.800293	-1448.695923	1.000000
0.000000	-246306.859375	-73648.437500	1.000000
0.000000	-46806.589844	-6106.193848	1.000000
0.000000	397.037628	32.294010	1.000000
0.000000	487.493347	86.833488	1.000000
0.000000	-1.034068	147.461136	1.000000
0.000000	-40.709301	-56.752338	1.000000
0.000000	36.531864	145.250336	1.000000
0.000000	-526.353455	-356.704987	1.000000
0.000000	-4155.331055	3406.152344	1.000000
0.000000	-775.567261	355.065033	1.000000
0.000000	-92.222580	-168.681152	1.000000
0.000000	-165.733093	-62.452366	1.000000
0.000000	6949.550293	6289.627930	1.000000
0.000000	-818.392151	1770.958862	1.000000
0.000000	79.453758	1424.007080	1.000000
0.000000	-3342.861572	-11725.524414	1.000000
0.000000	213.385437	-75.474487	1.000000
0.000000	-18.855474	-172.902710	1.000000
0.000000	36.880447	121.018555	1.000000
0.000000	29405522.000000	-21550876.000000	1.000000
0.000000	-479.042786	1606.687622	1.000000
0.000000	559.805176	449.950653	1.000000
0.000000	1761.249390	26322.970703	1.000000
0.000000	3227.938965	-1562.438721	1.000000
0.000000	-40.487614	-172.261322	1.000000
0.000000	109.948334	-281.968964	1.000000
0.000000	5444.405762	-2825.783203	1.000000
0.000000	401036.875000	-1051564.750000	1.000000
0.000000	40288.804688	142611.437500	1.000000
0.000000	899154304.000000	-490293056.000000	1.000000
0.000000	5178.692383	-14798.667969	1.000000
0.000000	-11819835.000000	-661427.562500	1.000000
0.000000	10562.995117	-15198.860352	1.000000
0.000000	8.956692	-266.957062	1.000000
0.000000	-196.923370	-704.167297	1.000000
0.000000	-602.394043	925.557861	1.000000
0.000000	424455.812500	2515.425049	1.000000
0.000000	-9247.470703	10662.692383	1.000000
0.000000	-77.651955	563.252380	1.000000
0.000000	41.325466	-185.588577	1.000000
0.000000	3412.050293	-13186.702148	1.000000
0.000000	-935690816.000000	516809408.000000	1.000000
0.000000	1333545.500000	80148.953125	1.000000
0.000000	370610.562500	-121716.218750	1.000000
0.000000	282596.375000	227363.937500	1.000000
0.000000	24993.498047	-23184.871094	1.000000
0.000000	2203343.750000	933791.312500	1.000000
0.000000	-97.674126	132.059998	1.000000
0.000000	187.483124	-8.809230	1.000000
0.000000	-3231.376221	-449.732666	1.000000
0.000000	-1658.874146	1616.011108	1.000000
0.000000	50.837593	186.477066	1.000000
0.000000	38.658924	53.824749	1.000000
0.000000	-1112.202271	1127.963257	1.000000
0.000000	824.094788	-130.845612	1.000000
0.000000	211.060745	-286.070648	1.000000
0.000000	-4355021.000000	2416277.250000	1.000000
0.000000	1015.083374	559.601135	1.000000
0.000000	-19.640202	-88039.546875	1.000000
0.000000	1711789.125000	-2028472.500000	1.000000
0.000000	792.437256	-1615.693848	1.000000
0.000000	-350.391235	-5242.104980	1.000000
0.000000	691415.187500	-227338.937500	1.000000
0.000000	12310197.000000	-6573529.500000	1.000000
0.000000	-21920.146484	-21403.390625	1.000000
0.000000	170573.921875	-24463.726562	1.000000
0.000000	71.552338	90.943054	1.000000
0.000000	185.851456	-2.113184	1.000000
0.000000	726.516663	-1761.566650	1.000000
0.000000	-77.124519	-159.706589	1.000000
0.000000	66.857452	-166.210403	1.000000
0.000000	-851.234741	964.516174	1.000000
0.000000	-103.877579	-3139.333252	1.000000
0.000000	-53755.171875	119833.890625	1.000000
0.000000	54.229362	146.570297	1.000000
0.000000	-244.362106	-1.700827	1.000000
0.000000	-239.675812	-1107.263062	1.000000
0.000000	-64709.597656	15601.683594	1.000000
0.000000	2401.098877	677.828186	1.000000
0.000000	55695.097656	149513.046875	1.000000
0.000000	-13125.454102	6638.041992	1.000000
0.000000	-41692.425781	-29851.542969	1.000000
0.000000	-8548.993164	13747.271484	1.000000
0.000000	203.730469	292.394531	1.000000
0.000000	-225.761063	92.628471	1.000000
0.000000	1470.966064	3258.450928	1.000000
0.000000	519.343506	-384.470245	1.000000
0.000000	1998.503418	210.276733	1.000000
0.000000	543.615967	-421.440186	1.000000
0.000000	14016.183594	-14124.132812	1.000000
0.000000	-199.925705	-73.453499	1.000000
0.000000	-1121.885986	1633.186890	1.000000
0.000000	146.236420	173.016769	1.000000
0.000000	-13456.030273	-2956.797607	1.000000
0.000000	-28589.066406	-61419.250000	1.000000
0.000000	1633.461670	7952.936523	1.000000
0.000000	-2603.606934	1942.694824	1.000000
0.000000	-17.666656	-100.933495	1.000000
0.000000	147.009293	300.236328	1.000000
0.000000	-3900.587158	-16130.329102	1.000000
0.000000	645.640076	-62.216896	1.000000
0.000000	-8656.800781	12922.761719	1.000000
0.000000	-933.713867	-3058.204590	1.000000
0.000000	956.159363	445.608368	1.000000
0.000000	163.487381	-226.947021	1.000000
0.000000	-5771.986816	-20531.021484	1.000000
0.000000	-4.793383	-195.479019	1.000000
0.000000	22549.628906	-24473.033203	1.000000
0.000000	-213.527328	-81.301491	1.000000
0.000000	-3300464.250000	1376390.750000	1.000000
0.000000	-17944.201172	-1140.608521	1.000000
0.000000	-3.723925	460.718750	1.000000
0.000000	115.451012	-221.793701	1.000000
0.000000	6642.921387	2826.158203	1.000000
0.000000	-26255.537109	-23405.457031	1.000000
0.000000	-586712.625000	317381.093750	1.000000
0.000000	-108536.234375	249207.453125	1.000000
0.000000	38157.601562	-56191.003906	1.000000
0.000000	515.955322	-1622.501099	1.000000
0.000000	58.794472	53.838314	1.000000
0.000000	-190.323639	-551.617676	1.000000
0.000000	-352.074585	554.989624	1.000000
0.000000	4112436.000000	2116301.500000	1.000000
0.000000	42.828594	185.268936	1.000000
0.000000	-45224.535156	75838.093750	1.000000
0.000000	586.821594	1636.829102	1.000000
0.000000	4705.281738	12597.073242	1.000000
0.000000	632.211853	1738.187500	1.000000
0.000000	-44006.113281	2270.590576	1.000000
0.000000	245849.078125	-842228.687500	1.000000
0.000000	-107.462936	-85.526154	1.000000
0.000000	313.780609	-140.264862	1.000000
0.000000	-33032.839844	-139883.265625	1.000000
0.000000	-14293.770508	-13687.812500	1.000000
0.000000	-250.885635	-75.524818	1.000000
0.000000	-323433.906250	730136.875000	1.000000
0.000000	-31474.847656	-19738.085938	1.000000
0.000000	-304.874115	-1022.301880	1.000000
0.000000	112.189606	-229.132004	1.000000
0.000000	-3754.877441	-12736.724609	1.000000
0.000000	54.060623	-192.864059	1.000000
0.000000	3162.065430	3123.200195	1.000000
0.000000	-34.022892	300.374054	1.000000
0.000000	799343.312500	-982912.687500	1.000000
0.000000	-250.292145	385.953003	1.000000
0.000000	-3407.054932	-2053.612549	1.000000
0.000000	0.938349	2768.558838	1.000000
0.000000	-222.937073	204.837387	1.000000
0.000000	19919.708984	10426.703125	1.000000
0.000000	-59.311722	608.372009	1.000000
0.000000	-3236.718262	-1871.303833	1.000000
0.000000	65058.621094	112535.226562	1.000000
0.000000	166.412949	124.732849	1.000000
0.000000	484892.843750	100683.203125	1.000000
0.000000	-144.299530	138.616577	1.000000
0.000000	79.212502	157.171707	1.000000
0.000000	296.473602	-17.979343	1.000000
0.000000	-154.577621	-87.234116	1.000000
0.000000	-52475.761719	-3133.755127	1.000000
0.000000	11325.559570	1262.389038	1.000000
0.000000	-114.560577	-51.753811	1.000000
0.000000	-76.372231	1860.363281	1.000000
0.000000	-7866.176270	-93015.640625	1.000000
0.000000	-484.212799	1220.176025	1.000000
0.389650	47.872639	196.845551	1.000000
0.000000	196.310593	-35.438576	1.000000
0.389650	48.544144	202.210968	1.000000
0.000000	-42788.503906	-77807.382812	1.000000
0.000000	411.183685	-1002.824829	1.000000
0.000000	-87.763542	205.101562	1.000000
0.000000	-24.350973	-316.569611	1.000000
0.000000	-446.292847	572.186401	1.000000
0.000000	294.913971	165.793976	1.000000
0.000000	183.067078	863.723755	1.000000
0.000000	-114.416992	36.063591	1.000000
0.000000	128.030640	431.729645	1.000000
0.000000	-10855.858398	565.260681	1.000000
0.000000	28171368.000000	16549397.000000	1.000000
0.000000	209.189255	-529.984253	1.000000
0.000000	-32831.070312	266862.187500	1.000000
0.000000	-85.449486	8.915766	1.000000
0.000000	1362.692871	2754.258301	1.000000
0.000000	4684.002441	10645.407227	1.000000
0.000000	-48672.640625	-126250.796875	1.000000
0.000000	182.607025	-445.238129	1.000000
0.000000	1929694.125000	165138.734375	1.000000
0.000000	-180248.046875	-177937.812500	1.000000
0.000000	-70096.132812	13820.581055	1.000000
0.000000	178.121719	-4.450429	1.000000
0.000000	-131064.437500	14821.833984	1.000000
0.000000	-940.979065	168.314697	1.000000
0.000000	-1234.619263	1115.369263	1.000000
0.000000	-1148.615479	1027.070190	1.000000
0.000000	49225.574219	57417.937500	1.000000
0.000000	83990.882812	3770.861084	1.000000
0.000000	917.342590	-447.492554	1.000000
0.000000	-223.328583	-206.450516	1.000000
0.000000	-1589278.625000	-1200867.375000	1.000000
0.000000	-127.645828	104.293930	1.000000
0.000000	2590553.750000	19232.359375	1.000000
0.000000	83.766403	-43.773819	1.000000
0.000000	-10361.359375	13071.962891	1.000000
0.000000	1826645.375000	135480.984375	1.000000
0.000000	-1581.998657	644.291504	1.000000
0.000000	123.732933	16.150616	1.000000
0.000000	225.314407	49.779572	1.000000
0.000000	569.235291	1052.638794	1.000000
0.000000	-10514.903320	7306.578613	1.000000
0.000000	-223.880508	130.752380	1.000000
0.000000	27328.001953	25743.253906	1.000000
0.000000	-36.790253	190.338669	1.000000
0.000000	266.170624	346.334503	1.000000
0.000000	102.625870	-9089.712891	1.000000
0.000000	-5449.817871	9770.429688	1.000000
0.000000	459057.468750	25696.253906	1.000000
0.000000	-872.760437	1047.127930	1.000000
0.000000	2054.254395	-5351.154785	1.000000
0.000000	3484.097168	-1937.053955	1.000000
0.000000	57.114639	-55.732948	1.000000
0.000000	93.263725	100.466377	1.000000
0.000000	1032.092041	-601.609741	1.000000
0.000000	1190.096558	11882.895508	1.000000
0.000000	18190.289062	-23755.505859	1.000000
0.000000	166.885696	-5.554498	1.000000
0.000000	-21.899601	-55.475605	1.000000
0.000000	1274.600830	1089.119873	1.000000
0.000000	257.128723	-41.727207	1.000000
0.000000	82.097786	19.257320	1.000000
0.000000	-1582.765625	85.541573	1.000000
0.000000	75168.546875	-7425.209961	1.000000
0.000000	40.506203	253.467468	1.000000
0.000000	-365.042725	-720.712036	1.000000
0.000000	1188.504150	-9754.880859	1.000000
0.000000	172.995300	169.769775	1.000000
0.000000	118.480431	118.288887	1.000000
0.000000	-3934.258057	-4743.923340	1.000000
0.000000	359.241302	206.959030	1.000000
0.000000	-1903.022827	-2874.940674	1.000000
0.000000	-60.201393	129.523880	1.000000
0.000000	22219.171875	38932.070312	1.000000
0.000000	192.499268	-24.415201	1.000000
0.000000	726.985535	-552.524231	1.000000
0.000000	1116.077393	620.835876	1.000000
0.000000	-313.183502	476.091858	1.000000
0.000000	41.706905	-192.274170	1.000000
0.000000	9503.620117	4980.324707	1.000000
0.000000	-92752.890625	-330115.218750	1.000000
0.000000	7827.429199	16942.957031	1.000000
0.000000	108.453613	-63.944073	1.000000
0.000000	3347.192139	-1063.325073	1.000000
0.000000	-423446.437500	-81825.046875	1.000000
0.000000	-44105600.000000	-10494824.000000	1.000000
0.000000	5951.754883	-4725.966309	1.000000
0.000000	-227.671967	8.661038	1.000000
0.000000	886.448242	-1771.593384	1.000000
0.000000	5977.692383	455.633911	1.000000
0.000000	-113.188133	-40.210911	1.000000
0.000000	-324.012268	1024.431519	1.000000
0.000000	-18804.861328	227.722977	1.000000
0.000000	-468.354675	-152.548141	1.000000
0.000000	280.377838	-187.963745	1.000000
0.000000	14398.394531	-11101.565430	1.000000
