0.000000	31548.246094	455765.312500	1.000000
0.000000	214977.156250	175186.734375	1.000000
0.000000	1176.871094	-12713.879883	1.000000
0.000000	-585.357361	649.629944	1.000000
0.000000	16893.615234	27458.773438	1.000000
0.000000	-13756.528320	769.102600	1.000000
0.000000	-740.330872	-2426.693115	1.000000
0.000000	-595194.937500	1523932.125000	1.000000
0.000000	3540.913330	-2257.329102	1.000000
0.000000	9292453.000000	3386659.750000	1.000000
0.000000	78697400.000000	19959642.000000	1.000000
0.000000	-216.282654	-168.938660	1.000000
0.000000	-265.965637	42.630192	1.000000
0.000000	94.818123	-182.521835	1.000000
0.000000	-73337376.000000	-31090268.000000	1.000000
0.000000	681.782410	-4548.638184	1.000000
0.000000	360.286133	-349.303528	1.000000
0.000000	-6138.709473	7753.271484	1.000000
0.000000	-987.472351	277.912506	1.000000
0.000000	-282.466095	229.752426	1.000000
0.000000	908.693665	7949.791992	1.000000
0.000000	10191.230469	85009.367188	1.000000
0.000000	-35.859371	762.405884	1.000000
0.000000	185.818359	135.245438	1.000000
0.000000	-207156.265625	-53293.339844	1.000000
0.000000	354.209015	-63.657791	1.000000
0.000000	10388.961914	35438.605469	1.000000
0.000000	-3868.909424	11591.958984	1.000000
0.000000	356.355286	-150.946930	1.000000
0.000000	-61530.781250	-273296.843750	1.000000
0.000000	5208.699219	-8951.423828	1.000000
0.000000	4821.828125	891.732544	1.000000
0.000000	-209.265991	439.081390	1.000000
0.000000	-493.270569	-248.148026	1.000000
0.000000	-193.412430	4.267488	1.000000
0.000000	4808.153320	2756.250732	1.000000
0.000000	65.488182	-45.326836	1.000000
0.000000	-5692.944824	-1467.665649	1.000000
0.000000	-246297.484375	-73676.562500	1.000000
0.000000	-46783.152344	-6124.357910	1.000000
0.000000	420.163849	51.396488	1.000000
0.000000	504.833435	62.347866	1.000000
0.000000	-1.303433	177.462967	1.000000
0.000000	-54.224773	-83.536087	1.000000
0.000000	40.260349	175.014130	1.000000
0.000000	-537.669373	-328.927887	1.000000
0.000000	-4130.721680	3389.013672	1.000000
0.000000	-792.596069	379.765961	1.000000
0.000000	-98.823532	-197.941406	1.000000
0.000000	-195.094055	-68.623024	1.000000
0.000000	6979.433105	6286.405273	1.000000
0.000000	-834.761780	1745.836792	1.000000
0.000000	62.402061	1399.324463	1.000000
0.000000	-3360.293213	-11700.915039	1.000000
0.000000	241.089294	-63.970879	1.000000
0.000000	-18.113897	-202.895386	1.000000
0.000000	66.861900	119.979431	1.000000
0.000000	29405522.000000	-21550876.000000	1.000000
0.000000	-503.212708	1624.412231	1.000000
0.000000	540.066406	472.527557	1.000000
0.000000	1745.795288	26297.189453	1.000000
0.000000	3239.364746	-1590.197510	1.000000
0.000000	-56.273594	-197.777069	1.000000
0.000000	126.134857	-307.219208	1.000000
0.000000	5425.948730	-2849.367188	1.000000
0.000000	401055.625000	-1051564.750000	1.000000
0.000000	40263.023438	142592.687500	1.000000
0.000000	899154304.000000	-490293056.000000	1.000000
0.000000	5159.356445	-14821.519531	1.000000
0.000000	-11819835.000000	-661390.062500	1.000000
0.000000	10578.229492	-15173.079102	1.000000
0.000000	0.094179	-295.613068	1.000000
0.000000	-219.564362	-723.832825	1.000000
0.000000	-572.401367	924.532471	1.000000
0.000000	424418.312500	2507.954346	1.000000
0.000000	-9276.767578	10655.661133	1.000000
0.000000	-106.770302	556.038025	1.000000
0.000000	38.697903	-215.471390	1.000000
0.000000	3414.979980	-13216.584961	1.000000
0.000000	-935690816.000000	516809408.000000	1.000000
0.000000	1333545.500000	80177.078125	1.000000
0.000000	370648.062500	-121720.906250	1.000000
0.000000	282558.875000	227373.312500	1.000000
0.000000	24966.544922	-23170.808594	1.000000
0.000000	2203343.750000	933753.812500	1.000000
0.000000	-113.476128	157.557434	1.000000
0.000000	159.700760	-17.844574	1.000000
0.000000	-3212.626221	-426.295166	1.000000
0.000000	-1662.389771	1645.820679	1.000000
0.000000	64.671211	213.100601	1.000000
0.000000	30.952316	24.832287	1.000000
0.000000	-1141.132935	1120.053101	1.000000
0.000000	849.436584	-146.913116	1.000000
0.000000	217.734940	-256.828705	1.000000
0.000000	-4355021.000000	2416277.250000	1.000000
0.000000	1041.023682	574.652405	1.000000
0.000000	-48.999355	-88044.234375	1.000000
0.000000	1711789.125000	-2028472.500000	1.000000
0.000000	798.040283	-1586.250488	1.000000
0.000000	-325.726929	-5259.097168	1.000000
0.000000	691415.187500	-227367.062500	1.000000
0.000000	12310197.000000	-6573529.500000	1.000000
0.000000	-21927.177734	-21432.687500	1.000000
0.000000	170602.046875	-24481.304688	1.000000
0.000000	58.642452	118.024353	1.000000
0.000000	214.553238	-10.837015	1.000000
0.000000	697.476135	-1769.037354	1.000000
0.000000	-96.863289	-182.301804	1.000000
0.000000	77.775116	-194.152298	1.000000
0.000000	-859.840698	993.263733	1.000000
0.000000	-132.963882	-3132.009033	1.000000
0.000000	-53785.640625	119833.890625	1.000000
0.000000	64.835747	174.631210	1.000000
0.000000	-273.384308	5.899089	1.000000
0.000000	-210.827545	-1099.059937	1.000000
0.000000	-64683.816406	15585.277344	1.000000
0.000000	2410.034424	706.465881	1.000000
0.000000	55718.535156	149531.796875	1.000000
0.000000	-13154.165039	6628.666992	1.000000
0.000000	-41715.863281	-29833.964844	1.000000
0.000000	-8524.383789	13764.263672	1.000000
0.000000	230.830078	305.248535	1.000000
0.000000	-247.852737	112.925713	1.000000
0.000000	1492.572510	3237.650146	1.000000
0.000000	548.310791	-392.288849	1.000000
0.000000	1979.240723	187.287842	1.000000
0.000000	549.475342	-450.865234	1.000000
0.000000	14009.738281	-14153.429688	1.000000
0.000000	-225.505539	-89.122749	1.000000
0.000000	-1133.238525	1605.428101	1.000000
0.000000	167.678070	194.000656	1.000000
0.000000	-13426.733398	-2963.389404	1.000000
0.000000	-28607.816406	-61442.687500	1.000000
0.000000	1649.867920	7978.131836	1.000000
0.000000	-2585.296387	1918.964355	1.000000
0.000000	9.783788	-113.036766	1.000000
0.000000	127.169617	277.732666	1.000000
0.000000	-3881.544189	-16106.891602	1.000000
0.000000	674.460876	-53.844398	1.000000
0.000000	-8686.683594	12925.105469	1.000000
0.000000	-924.668457	-3086.769043	1.000000
0.000000	952.900085	475.436249	1.000000
0.000000	192.802567	-233.309937	1.000000
0.000000	-5742.396973	-20526.333984	1.000000
0.000000	-3.215242	-225.435074	1.000000
0.000000	22541.425781	-24502.330078	1.000000
0.000000	-233.751328	-103.457253	1.000000
0.000000	-3300464.250000	1376390.750000	1.000000
0.000000	-17954.748047	-1168.587036	1.000000
0.000000	-16.342180	487.928223	1.000000
0.000000	125.453148	-250.074341	1.000000
0.000000	6652.589355	2797.740234	1.000000
0.000000	-26227.412109	-23396.082031	1.000000
0.000000	-586712.625000	317399.843750	1.000000
0.000000	-108536.234375	249179.328125	1.000000
0.000000	38127.132812	-56191.003906	1.000000
0.000000	535.364502	-1645.352661	1.000000
0.000000	73.205696	80.150566	1.000000
0.000000	-197.180939	-522.430664	1.000000
0.000000	-360.259399	583.847046	1.000000
0.000000	4112436.000000	2116301.500000	1.000000
0.000000	72.236977	191.192398	1.000000
0.000000	-45236.253906	75866.218750	1.000000
0.000000	613.884583	1649.792969	1.000000
0.000000	4734.285645	12589.456055	1.000000
0.000000	629.245544	1708.304688	1.000000
0.000000	-44027.207031	2292.563232	1.000000
0.000000	245820.953125	-842228.687500	1.000000
0.000000	-134.602631	-98.311493	1.000000
0.000000	343.700043	-137.948578	1.000000
0.000000	-33021.121094	-139911.390625	1.000000
0.000000	-14303.731445	-13659.687500	1.000000
0.000000	-280.843262	-77.044594	1.000000
0.000000	-323471.406250	730136.875000	1.000000
0.000000	-31449.066406	-19722.851562	1.000000
0.000000	-331.992035	-1035.119263	1.000000
0.000000	120.296600	-258.016266	1.000000
0.000000	-3726.166504	-12745.513672	1.000000
0.000000	62.737534	-221.584152	1.000000
0.000000	3171.000977	3094.635742	1.000000
0.000000	-19.824369	273.951935	1.000000
0.000000	799305.812500	-982912.687500	1.000000
0.000000	-279.880219	390.951782	1.000000
0.000000	-3378.343994	-2062.108643	1.000000
0.000000	-5.366120	2797.855713	1.000000
0.000000	-244.104065	226.105087	1.000000
0.000000	19904.474609	10452.484375	1.000000
0.000000	-29.742477	603.318298	1.000000
0.000000	-3265.282715	-1880.678833	1.000000
0.000000	65067.996094	112563.351562	1.000000
0.000000	190.424530	142.557587	1.000000
0.000000	484892.843750	100711.328125	1.000000
0.000000	-165.997528	159.334961	1.000000
0.000000	78.832558	187.173538	1.000000
0.000000	301.618866	11.575788	1.000000
0.000000	-184.515366	-89.142990	1.000000
0.000000	-52464.042969	-3106.509033	1.000000
0.000000	11341.379883	1287.877319	1.000000
0.000000	-106.407806	-80.624962	1.000000
0.000000	-58.853615	1835.973633	1.000000
0.000000	-7867.641113	-93043.765625	1.000000
0.000000	-502.175446	1196.152588	1.000000
0.000000	28.049500	219.346069	1.000000
0.000000	224.984909	-44.259682	1.000000
0.000000	50.191784	232.188416	1.000000
0.000000	-42811.941406	-77788.632812	1.000000
0.000000	387.727875	-1021.538208	1.000000
0.000000	-72.149223	230.718018	1.000000
0.000000	-37.774895	-289.744659	1.000000
0.000000	-449.039429	602.069214	1.000000
0.000000	315.879547	144.334015	1.000000
0.000000	190.199036	892.874146	1.000000
0.000000	-128.456451	62.577263	1.000000
0.000000	152.191406	449.509186	1.000000
0.000000	-10885.741211	563.063416	1.000000
0.000000	28171368.000000	16549397.000000	1.000000
0.000000	229.413254	-552.140015	1.000000
0.000000	-32819.351562	266843.437500	1.000000
0.000000	-115.437584	8.153589	1.000000
0.000000	1387.668457	2737.705566	1.000000
0.000000	4654.705566	10652.438477	1.000000
0.000000	-48642.171875	-126250.796875	1.000000
0.000000	156.267303	-459.593597	1.000000
0.000000	1929694.125000	165157.484375	1.000000
0.000000	-180219.921875	-177937.812500	1.000000
0.000000	-70119.570312	13803.588867	1.000000
0.000000	194.662186	-25.928925	1.000000
0.000000	-131073.812500	14850.544922	1.000000
0.000000	-967.749084	181.882812	1.000000
0.000000	-1253.442505	1092.005005	1.000000
0.000000	-1156.379150	1056.074097	1.000000
0.000000	49232.605469	57446.062500	1.000000
0.000000	83967.445312	3752.843506	1.000000
0.000000	945.943665	-438.373901	1.000000
0.000000	-249.997894	-220.192581	1.000000
0.000000	-1589278.625000	-1200867.375000	1.000000
0.000000	-156.594742	112.181198	1.000000
0.000000	2590553.750000	19259.312500	1.000000
0.000000	94.189682	-71.905045	1.000000
0.000000	-10378.937500	13096.572266	1.000000
0.000000	1826645.375000	135462.234375	1.000000
0.000000	-1578.556274	674.101074	1.000000
0.000000	152.974884	22.845409	1.000000
0.000000	250.271683	33.126129	1.000000
0.000000	545.285095	1034.547974	1.000000
0.000000	-10535.411133	7328.551270	1.000000
0.000000	-253.287247	136.694153	1.000000
0.000000	27329.173828	25773.722656	1.000000
0.000000	-14.891704	210.846481	1.000000
0.000000	267.525604	376.308868	1.000000
0.000000	73.443436	-9082.681641	1.000000
0.000000	-5479.700684	9771.015625	1.000000
0.000000	459076.218750	25673.988281	1.000000
0.000000	-900.885437	1057.528320	1.000000
0.000000	2078.424316	-5333.283691	1.000000
0.000000	3484.683105	-1967.083252	1.000000
0.000000	73.524506	-30.617809	1.000000
0.000000	118.921379	116.016609	1.000000
0.000000	1019.187744	-628.672729	1.000000
0.000000	1193.538940	11853.012695	1.000000
0.000000	18160.992188	-23761.365234	1.000000
0.000000	196.805130	-7.735170	1.000000
0.000000	-20.219608	-85.427734	1.000000
0.000000	1249.698486	1105.819092	1.000000
0.000000	287.121399	-42.493961	1.000000
0.000000	86.908882	48.869560	1.000000
0.000000	-1554.201172	94.692268	1.000000
0.000000	75196.671875	-7421.987305	1.000000
0.000000	48.494179	282.380615	1.000000
0.000000	-335.050049	-720.712036	1.000000
0.000000	1186.599854	-9724.998047	1.000000
0.000000	191.131897	193.665039	1.000000
0.000000	141.361359	137.688919	1.000000
0.000000	-3920.488525	-4717.263184	1.000000
0.000000	388.831146	211.847946	1.000000
0.000000	-1927.119507	-2892.811768	1.000000
0.000000	-47.557961	156.733353	1.000000
0.000000	22223.859375	38962.539062	1.000000
0.000000	222.501099	-24.316782	1.000000
0.000000	756.978210	-552.011536	1.000000
0.000000	1142.005127	635.923767	1.000000
0.000000	-314.428619	506.066223	1.000000
0.000000	60.630856	-215.556030	1.000000
0.000000	9518.854492	4954.543457	1.000000
0.000000	-92738.828125	-330133.968750	1.000000
0.000000	7857.312012	16944.128906	1.000000
0.000000	127.807861	-86.864304	1.000000
0.000000	3357.006592	-1034.980347	1.000000
0.000000	-423427.687500	-81848.484375	1.000000
0.000000	-44105600.000000	-10494824.000000	1.000000
0.000000	5965.231445	-4699.306152	1.000000
0.000000	-239.061127	36.415401	1.000000
0.000000	912.742188	-1757.164673	1.000000
0.000000	5954.254883	436.993774	1.000000
0.000000	-141.038467	-51.364323	1.000000
0.000000	-353.968323	1022.966675	1.000000
0.000000	-18800.173828	198.105667	1.000000
0.000000	-498.347351	-153.381271	1.000000
0.000000	283.801910	-217.764160	1.000000
0.000000	14425.933594	-11089.846680	1.000000
