0.000000	31505.082031	455805.937500	1.000000
0.000000	214997.468750	175247.671875	1.000000
0.000000	1186.551270	-12778.625977	1.000000
0.000000	-520.373230	648.677795	1.000000
0.000000	16888.537109	27392.757812	1.000000
0.000000	-13693.051758	754.423645	1.000000
0.000000	-682.011780	-2455.257568	1.000000
0.000000	-595276.187500	1523932.125000	1.000000
0.000000	3574.238525	-2201.469727	1.000000
0.000000	9292453.000000	3386659.750000	1.000000
0.000000	78697400.000000	19959642.000000	1.000000
0.000000	-279.005432	-185.958313	1.000000
0.000000	-296.751770	99.886185	1.000000
0.000000	92.427834	-247.486130	1.000000
0.000000	-73337376.000000	-31090268.000000	1.000000
0.000000	738.355896	-4516.899902	1.000000
0.000000	375.520508	-412.502380	1.000000
0.000000	-6172.352051	7809.130859	1.000000
0.000000	-987.313660	212.915222	1.000000
0.000000	-304.762238	290.808929	1.000000
0.000000	922.658508	8013.268555	1.000000
0.000000	10249.628906	85039.835938	1.000000
0.000000	-48.435665	826.199829	1.000000
0.000000	233.663818	91.248245	1.000000
0.000000	-207115.640625	-53339.042969	1.000000
0.000000	418.994781	-58.569748	1.000000
0.000000	10387.692383	35372.589844	1.000000
0.000000	-3932.703369	11579.263672	1.000000
0.000000	413.166809	-182.526520	1.000000
0.000000	-61464.765625	-273296.843750	1.000000
0.000000	5169.978516	-8899.373047	1.000000
0.000000	4884.669922	907.760376	1.000000
0.000000	-269.211670	464.233978	1.000000
0.000000	-540.814270	-203.853287	1.000000
0.000000	-244.213516	-36.282635	1.000000
0.000000	4867.186523	2783.228271	1.000000
0.000000	5.036900	-69.219810	1.000000
0.000000	-5743.091309	-1508.766724	1.000000
0.000000	-246277.171875	-73737.500000	1.000000
0.000000	-46732.371094	-6163.713379	1.000000
0.000000	470.270660	92.785187	1.000000
0.000000	542.371521	9.300147	1.000000
0.000000	-1.887058	242.466934	1.000000
0.348820	-83.501671	-141.562454	1.000000
0.000000	48.338734	239.502350	1.000000
0.000000	-562.187195	-268.744171	1.000000
0.000000	-4077.401367	3351.879883	1.000000
0.000000	-829.491821	433.284637	1.000000
0.000000	-113.125595	-261.338623	1.000000
0.000000	-258.708618	-81.992775	1.000000
0.000000	7044.179199	6279.422852	1.000000
0.000000	-870.229309	1691.405640	1.000000
0.000000	25.457159	1345.845459	1.000000
0.000000	-3398.061768	-11647.594727	1.000000
0.000000	301.114319	-39.041451	1.000000
0.000000	-16.507147	-267.879517	1.000000
0.000000	131.826187	117.727997	1.000000
0.000000	29405522.000000	-21550876.000000	1.000000
0.000000	-555.580872	1662.815552	1.000000
0.000000	497.285431	521.451843	1.000000
0.000000	1712.311401	26241.330078	1.000000
0.000000	3264.120605	-1650.341553	1.000000
0.000000	-90.472710	-253.061188	1.000000
0.000000	161.205658	-361.928070	1.000000
0.000000	5385.958496	-2900.465820	1.000000
0.000000	401096.250000	-1051564.750000	1.000000
0.000000	40207.164062	142552.062500	1.000000
0.000000	899154304.000000	-490293056.000000	1.000000
0.000000	5117.461914	-14871.031250	1.000000
0.000000	-11819835.000000	-661308.812500	1.000000
0.000000	10611.237305	-15117.219727	1.000000
0.000000	-19.107693	-357.701080	1.000000
0.000000	-268.624939	-766.441467	1.000000
0.000000	-507.420044	922.310791	1.000000
0.000000	424337.062500	2491.767822	1.000000
0.000000	-9340.244141	10640.426758	1.000000
0.000000	-169.866638	540.406921	1.000000
0.000000	33.004848	-280.217499	1.000000
0.000000	3421.327637	-13281.331055	1.000000
0.000000	-935690816.000000	516809408.000000	1.000000
0.000000	1333545.500000	80238.015625	1.000000
0.000000	370729.312500	-121731.062500	1.000000
0.000000	282477.625000	227393.625000	1.000000
0.000000	24908.146484	-23140.339844	1.000000
0.000000	2203343.750000	933672.562500	1.000000
0.000000	-147.713791	212.801880	1.000000
0.000000	96.263870	-32.020176	1.000000
0.000000	-3172.001221	-375.513916	1.000000
0.000000	-1670.006958	1710.408081	1.000000
0.000000	94.644051	270.784912	1.000000
0.000000	14.252525	-37.985340	1.000000
0.000000	-1203.816040	1102.914429	1.000000
0.000000	904.343811	-181.726044	1.000000
0.000000	232.195694	-193.451584	1.000000
0.000000	-4355021.000000	2416277.250000	1.000000
0.000000	1097.200439	607.263489	1.000000
0.000000	-112.613602	-88054.390625	1.000000
0.000000	1711789.125000	-2028472.500000	1.000000
0.000000	810.180176	-1522.456543	1.000000
0.000000	-272.287598	-5295.913574	1.000000
0.000000	691415.187500	-227428.000000	1.000000
0.000000	12310197.000000	-6573529.500000	1.000000
0.000000	-21942.412109	-21496.164062	1.000000
0.000000	170662.984375	-24519.390625	1.000000
0.000000	30.668251	176.700500	1.000000
0.000000	276.747040	-29.738649	1.000000
0.000000	634.554993	-1785.223877	1.000000
0.000000	-139.630615	-231.258102	1.000000
0.000000	101.430054	-254.693069	1.000000
0.000000	-878.486938	1055.509888	1.000000
0.000000	-195.984207	-3116.139893	1.000000
0.000000	-53851.656250	119833.890625	1.000000
0.789742	84.110107	232.243195	1.000000
0.000000	-336.265778	22.365801	1.000000
0.000000	-148.322968	-1081.286499	1.000000
0.000000	-64627.957031	15549.730469	1.000000
0.000000	2429.394775	768.514221	1.000000
0.000000	55769.316406	149572.421875	1.000000
0.000000	-13216.372070	6608.354492	1.000000
0.000000	-41766.644531	-29795.878906	1.000000
0.000000	-8471.063477	13801.080078	1.000000
0.000000	289.545898	333.098877	1.000000
0.000000	-295.734497	156.903061	1.000000
0.000000	1539.386475	3192.581787	1.000000
0.000000	611.073242	-409.229156	1.000000
0.000000	1937.504883	137.478577	1.000000
0.000000	562.170654	-514.617859	1.000000
0.000000	13995.773438	-14216.906250	1.000000
0.000000	-280.928528	-123.072792	1.000000
0.000000	-1157.835693	1545.284058	1.000000
0.000000	214.134979	239.465744	1.000000
0.000000	-13363.256836	-2977.671631	1.000000
0.000000	-28648.441406	-61493.468750	1.000000
0.000000	1685.414795	8032.721680	1.000000
0.000000	-2545.623535	1867.548340	1.000000
0.000000	69.259583	-139.260513	1.000000
0.789742	87.880348	232.162628	1.000000
0.000000	-3840.284424	-16056.110352	1.000000
0.000000	736.905945	-35.703987	1.000000
0.000000	-8751.429688	12930.183594	1.000000
0.000000	-905.070068	-3148.658691	1.000000
0.000000	945.838318	540.046082	1.000000
0.000000	256.318817	-247.096252	1.000000
0.000000	-5678.285645	-20516.177734	1.000000
0.000000	0.204054	-290.339874	1.000000
0.000000	22523.652344	-24565.806641	1.000000
0.000000	-277.579742	-151.461411	1.000000
0.000000	-3300464.250000	1376390.750000	1.000000
0.000000	-17977.599609	-1229.207153	1.000000
0.000000	-43.681732	546.882080	1.000000
0.000000	147.115692	-311.366974	1.000000
0.000000	6673.536621	2736.167969	1.000000
0.000000	-26166.474609	-23375.769531	1.000000
0.000000	-586712.625000	317440.468750	1.000000
0.000000	-108536.234375	249118.390625	1.000000
0.000000	38061.117188	-56191.003906	1.000000
0.000000	577.417725	-1694.864380	1.000000
0.000000	104.428230	137.160446	1.000000
0.000000	-212.038422	-459.158997	1.000000
0.000000	-377.993164	646.371460	1.000000
0.000000	4112436.000000	2116301.500000	1.000000
0.000000	133.230850	203.907730	1.000000
0.000000	-45261.644531	75927.156250	1.000000
0.000000	672.521057	1677.881348	1.000000
0.000000	4797.127441	12572.952148	1.000000
0.000000	622.818542	1643.558594	1.000000
0.000000	-44072.910156	2340.170654	1.000000
0.000000	245760.015625	-842228.687500	1.000000
0.000000	-193.397797	-126.013062	1.000000
0.000000	408.525482	-132.929962	1.000000
0.000000	-32995.730469	-139972.328125	1.000000
0.000000	-14325.313477	-13598.750000	1.000000
0.000000	-345.748047	-80.337440	1.000000
0.000000	-323552.656250	730136.875000	1.000000
0.000000	-31393.207031	-19689.843750	1.000000
0.000000	-390.747528	-1062.890259	1.000000
0.000000	137.856186	-320.580353	1.000000
0.000000	-3663.959473	-12764.556641	1.000000
0.000000	81.532883	-283.802155	1.000000
0.000000	3190.361328	3032.746094	1.000000
0.000000	10.938607	216.690384	1.000000
0.000000	799224.562500	-982912.687500	1.000000
0.000000	-343.991547	401.782471	1.000000
0.000000	-3316.136963	-2080.516846	1.000000
0.000000	-19.025978	2861.332275	1.000000
0.000000	-289.965881	272.178131	1.000000
0.000000	19871.466797	10508.343750	1.000000
0.000000	34.323750	592.368591	1.000000
0.000000	-3327.172363	-1900.991333	1.000000
0.000000	65088.308594	112624.289062	1.000000
0.000000	238.349335	186.455597	1.000000
0.000000	484892.843750	100772.265625	1.000000
0.000000	-213.009857	204.224792	1.000000
0.000000	80.730156	252.295624	1.000000
0.000000	312.766937	75.611748	1.000000
0.000000	-249.380478	-93.278885	1.000000
0.000000	-52438.652344	-3047.475830	1.000000
0.000000	11375.657227	1343.101929	1.000000
0.348820	-88.753349	-143.179672	1.000000
0.000000	-20.897341	1783.129395	1.000000
0.000000	-7870.814941	-93104.703125	1.000000
0.000000	-541.124146	1144.101807	1.000000
0.000000	-14.891461	268.143677	1.000000
0.000000	287.112579	-63.372078	1.000000
0.000000	53.752422	297.093201	1.000000
0.000000	-42862.722656	-77748.007812	1.000000
0.000000	336.906952	-1062.158447	1.000000
0.000000	-38.318199	286.220337	1.000000
0.000000	-66.860542	-231.623932	1.000000
0.000000	-454.990356	666.815308	1.000000
0.000000	361.304962	97.837433	1.000000
0.000000	205.651611	956.033325	1.000000
0.000000	-158.865692	120.023552	1.000000
0.000000	204.539734	488.031525	1.000000
0.000000	-10950.487305	558.302673	1.000000
0.000000	28171368.000000	16549397.000000	1.000000
0.000000	273.239716	-600.144165	1.000000
0.000000	-32793.960938	266802.812500	1.000000
0.000000	-180.419800	6.502207	1.000000
0.000000	1441.782227	2701.841309	1.000000
0.000000	4591.229004	10667.672852	1.000000
0.000000	-48576.156250	-126250.796875	1.000000
0.000000	99.197906	-490.697113	1.000000
0.000000	1929694.125000	165198.109375	1.000000
0.000000	-180158.984375	-177937.812500	1.000000
0.000000	-70170.351562	13766.772461	1.000000
0.000000	233.739944	-77.867264	1.000000
0.000000	-131094.125000	14912.751953	1.000000
0.000000	-1025.748413	211.280396	1.000000
0.000000	-1294.226196	1041.382446	1.000000
0.000000	-1173.200439	1118.915894	1.000000
0.000000	49247.839844	57507.000000	1.000000
0.000000	83916.664062	3713.805420	1.000000
0.000000	1007.912659	-418.616821	1.000000
0.000000	-307.763641	-249.967056	1.000000
0.000000	-1589278.625000	-1200867.375000	1.000000
0.000000	-219.317520	129.269547	1.000000
0.000000	2590553.750000	19317.710938	1.000000
0.000000	116.773453	-132.853256	1.000000
0.000000	-10417.023438	13149.892578	1.000000
0.000000	1826645.375000	135421.609375	1.000000
0.000000	-1571.097778	738.688477	1.000000
0.000000	216.332428	37.350796	1.000000
0.000000	304.345764	-2.956851	1.000000
0.000000	493.393005	995.409241	1.000000
0.000000	-10579.844727	7376.158691	1.000000
0.000000	-317.001831	149.567993	1.000000
0.000000	27331.712891	25839.738281	1.000000
0.000000	32.555214	255.280075	1.000000
0.000000	270.461395	441.253326	1.000000
0.000000	10.210609	-9067.447266	1.000000
0.000000	-5544.446777	9772.285156	1.000000
0.000000	459116.843750	25625.746094	1.000000
0.000000	-961.822937	1080.062500	1.000000
0.000000	2130.792480	-5294.562988	1.000000
0.000000	3485.952637	-2032.146729	1.000000
0.000000	109.081299	23.796165	1.000000
0.000000	174.504669	149.702393	1.000000
0.000000	991.178711	-687.309204	1.000000
0.000000	1200.997437	11788.266602	1.000000
0.000000	18097.515625	-23774.060547	1.000000
0.000000	261.630585	-12.459959	1.000000
0.000000	-16.579624	-150.326019	1.000000
0.000000	1195.743408	1142.000732	1.000000
0.000000	352.105530	-44.155262	1.000000
0.000000	97.332924	113.030479	1.000000
0.000000	-1492.311523	114.518776	1.000000
0.000000	75257.609375	-7415.004883	1.000000
0.000000	65.801460	345.024048	1.000000
0.000000	-270.065918	-720.712036	1.000000
0.000000	1182.473877	-9660.251953	1.000000
0.000000	230.427856	245.438110	1.000000
0.000000	190.932587	179.722305	1.000000
0.000000	-3890.654541	-4659.499512	1.000000
0.000000	452.942474	222.440598	1.000000
0.000000	-1979.328979	-2931.532471	1.000000
0.000000	-20.163857	215.687210	1.000000
0.000000	22234.015625	39028.554688	1.000000
0.000000	287.495453	-24.103540	1.000000
0.000000	821.962341	-550.900696	1.000000
0.000000	1198.181885	668.614197	1.000000
0.000000	-317.126373	570.974609	1.000000
0.000000	101.632744	-265.996124	1.000000
0.000000	9551.862305	4898.684082	1.000000
0.000000	-92708.359375	-330174.593750	1.000000
0.000000	7922.058105	16946.667969	1.000000
0.000000	169.742065	-136.526505	1.000000
0.000000	3378.271240	-973.501587	1.000000
0.000000	-423387.062500	-81899.265625	1.000000
0.000000	-44105600.000000	-10494824.000000	1.000000
0.000000	5994.430664	-4641.542480	1.000000
0.000000	-263.737640	96.549530	1.000000
0.000000	969.712402	-1725.902466	1.000000
0.000000	5903.473633	396.606812	1.000000
0.000000	-201.380875	-75.532417	1.000000
0.000000	-418.873108	1019.792847	1.000000
0.000000	-18790.017578	133.934830	1.000000
0.000000	-563.331482	-155.186386	1.000000
0.000000	291.220734	-282.339813	1.000000
0.000000	14485.601562	-11064.456055	1.000000
