0.000000	31475.199219	455834.062500	1.000000
0.000000	215011.531250	175289.859375	1.000000
0.000000	1193.252930	-12823.450195	1.000000
0.000000	-475.384216	648.018616	1.000000
0.000000	16885.021484	27347.054688	1.000000
0.000000	-13649.106445	744.261292	1.000000
0.000000	-641.637024	-2475.032959	1.000000
0.000000	-595332.437500	1523932.125000	1.000000
0.000000	3597.309814	-2162.797852	1.000000
0.000000	9292453.000000	3386659.750000	1.000000
0.000000	78697400.000000	19959642.000000	1.000000
0.000000	-322.428894	-197.741150	1.000000
0.000000	-318.065247	139.524231	1.000000
0.000000	90.773018	-292.450287	1.000000
0.000000	-73337376.000000	-31090268.000000	1.000000
0.000000	777.522156	-4494.927246	1.000000
0.000000	386.067383	-456.255432	1.000000
0.000000	-6195.643066	7847.802734	1.000000
0.000000	-987.203796	167.912476	1.000000
0.000000	-320.198029	333.078827	1.000000
0.000000	932.326477	8057.213867	1.000000
0.000000	10290.058594	85060.929688	1.000000
0.000000	-57.142330	870.364868	1.000000
0.000000	266.787598	60.788651	1.000000
0.000000	-207087.515625	-53370.683594	1.000000
0.000000	463.846466	-55.047256	1.000000
0.000000	10386.813477	35326.886719	1.000000
0.000000	-3976.868408	11570.474609	1.000000
0.000000	452.497864	-204.389313	1.000000
0.000000	-61419.062500	-273296.843750	1.000000
0.000000	5143.171875	-8863.337891	1.000000
0.000000	4928.175781	918.856567	1.000000
0.000000	-310.712524	481.647308	1.000000
0.000000	-573.718323	-173.187698	1.000000
0.000000	-279.374359	-64.356094	1.000000
0.000000	4908.055664	2801.905029	1.000000
0.000000	-36.813713	-85.761101	1.000000
0.000000	-5777.808105	-1537.221313	1.000000
0.000000	-246263.109375	-73779.687500	1.000000
0.000000	-46697.214844	-6190.959473	1.000000
0.000000	504.959991	121.438904	1.000000
0.000000	568.354187	-27.425539	1.000000
0.000000	-2.291106	287.460083	1.000000
0.000000	-102.727425	-180.429459	1.000000
0.000000	53.931461	284.156708	1.000000
0.000000	-579.161072	-227.068985	1.000000
0.000000	-4040.487305	3326.171875	1.000000
0.000000	-855.035034	470.336029	1.000000
0.000000	-123.027023	-305.229004	1.000000
0.000000	-302.736328	-91.248756	1.000000
0.000000	7089.003418	6274.588867	1.000000
0.000000	-894.783752	1653.722534	1.000000
0.000000	-0.119077	1308.821533	1.000000
0.000000	-3424.209229	-11610.680664	1.000000
0.357329	343.668457	-26.236113	1.000000
0.000000	-15.394781	-312.868530	1.000000
0.000000	176.801468	116.169312	1.000000
0.000000	29405522.000000	-21550876.000000	1.000000
0.000000	-591.835754	1689.402466	1.000000
0.000000	467.649811	555.344666	1.000000
0.000000	1689.130249	26202.658203	1.000000
0.000000	3281.259277	-1691.979736	1.000000
0.000000	-114.148247	-291.322144	1.000000
0.000000	185.485443	-399.803436	1.000000
0.000000	5358.272949	-2935.841797	1.000000
0.000000	401124.375000	-1051564.750000	1.000000
0.000000	40168.492188	142523.937500	1.000000
0.000000	899154304.000000	-490293056.000000	1.000000
0.000000	5088.458008	-14905.308594	1.000000
0.000000	-11819835.000000	-661252.562500	1.000000
0.000000	10634.088867	-15078.547852	1.000000
0.000000	-32.401150	-400.685089	1.000000
0.000000	-302.600159	-795.939758	1.000000
0.000000	-462.458496	920.772705	1.000000
0.000000	424280.812500	2480.561768	1.000000
0.000000	-9384.189453	10629.879883	1.000000
0.000000	-213.551025	529.585388	1.000000
0.000000	29.063503	-325.041718	1.000000
0.000000	3425.722168	-13326.155273	1.000000
0.000000	-935690816.000000	516809408.000000	1.000000
0.000000	1333545.500000	80280.203125	1.000000
0.000000	370785.562500	-121738.093750	1.000000
0.000000	282421.375000	227407.687500	1.000000
0.000000	24867.716797	-23119.246094	1.000000
0.000000	2203343.750000	933616.312500	1.000000
0.000000	-171.416794	251.048035	1.000000
0.000000	52.346024	-41.832340	1.000000
0.000000	-3143.876221	-340.357666	1.000000
0.000000	-1675.280396	1755.122437	1.000000
0.000000	115.394478	310.720215	1.000000
0.000000	2.691132	-81.475410	1.000000
0.000000	-1247.212036	1091.049194	1.000000
0.000000	942.356506	-205.827301	1.000000
0.000000	242.206985	-149.574936	1.000000
0.000000	-4355021.000000	2416277.250000	1.000000
0.000000	1136.092041	629.840393	1.000000
0.000000	-156.655045	-88061.421875	1.000000
0.000000	1711789.125000	-2028472.500000	1.000000
0.000000	818.584717	-1478.291504	1.000000
0.000000	-235.291138	-5321.401855	1.000000
0.000000	691415.187500	-227470.187500	1.000000
0.000000	12310197.000000	-6573529.500000	1.000000
0.000000	-21952.958984	-21540.109375	1.000000
0.000000	170705.171875	-24545.757812	1.000000
0.000000	11.019264	213.512436	1.000000
0.000000	319.813446	-42.822975	1.000000
0.000000	590.994202	-1796.429932	1.000000
0.000000	-169.238770	-265.150909	1.000000
0.000000	117.806549	-296.605927	1.000000
0.000000	-891.395874	1098.576294	1.000000
0.000000	-239.613663	-3105.153564	1.000000
0.000000	-53897.359375	119833.890625	1.000000
0.000000	99.472641	274.554504	1.000000
0.000000	-379.799103	33.765568	1.000000
0.000000	-105.046921	-1068.981812	1.000000
0.000000	-64589.285156	15525.121094	1.000000
0.000000	2442.798096	811.470764	1.000000
0.000000	55804.472656	149600.546875	1.000000
0.000000	-13259.438477	6594.291992	1.000000
0.000000	-41801.800781	-29769.511719	1.000000
0.000000	-8434.149414	13826.568359	1.000000
0.000000	330.195312	352.379883	1.000000
0.000000	-328.885742	187.348923	1.000000
0.000000	1571.796143	3161.380615	1.000000
0.000000	654.524170	-420.957062	1.000000
0.000000	1908.610840	102.990257	1.000000
0.000000	570.959717	-558.727966	1.000000
0.000000	13986.105469	-14260.851562	1.000000
0.000000	-319.298279	-146.571243	1.000000
0.000000	-1174.864502	1503.645874	1.000000
0.000000	246.297455	270.941559	1.000000
0.000000	-13319.311523	-2987.559326	1.000000
0.000000	-28676.566406	-61528.625000	1.000000
0.000000	1710.024170	8070.514648	1.000000
0.000000	-2518.157715	1831.952637	1.000000
0.000000	110.437714	-157.415421	1.000000
0.000000	58.661316	198.193695	1.000000
0.000000	-3811.719971	-16020.954102	1.000000
0.000000	780.137146	-23.146452	1.000000
0.000000	-8796.253906	12933.699219	1.000000
0.000000	-891.501953	-3191.505371	1.000000
0.000000	940.949402	584.760437	1.000000
0.000000	300.291595	-256.641541	1.000000
0.000000	-5633.900879	-20509.146484	1.000000
0.000000	2.571261	-335.273956	1.000000
0.000000	22511.347656	-24609.751953	1.000000
0.000000	-307.929474	-184.695053	1.000000
0.000000	-3300464.250000	1376390.750000	1.000000
0.000000	-17993.419922	-1271.174927	1.000000
0.000000	-62.609116	587.696289	1.000000
0.000000	162.112030	-353.801666	1.000000
0.000000	6688.038574	2693.541016	1.000000
0.000000	-26124.287109	-23361.707031	1.000000
0.000000	-586712.625000	317468.593750	1.000000
0.000000	-108536.234375	249076.203125	1.000000
0.000000	38015.414062	-56191.003906	1.000000
0.000000	606.531494	-1729.141724	1.000000
0.000000	126.043831	176.628830	1.000000
0.000000	-222.324371	-415.351013	1.000000
0.000000	-390.270386	689.657593	1.000000
0.000000	4112436.000000	2116301.500000	1.000000
0.000000	177.340958	212.792923	1.000000
0.000000	-45279.222656	75969.343750	1.000000
0.000000	713.115540	1697.327148	1.000000
0.000000	4840.633301	12561.526367	1.000000
0.000000	618.369080	1598.734375	1.000000
0.000000	-44104.550781	2373.129639	1.000000
0.000000	245717.828125	-842228.687500	1.000000
0.000000	-234.102142	-145.184921	1.000000
0.000000	453.404633	-129.455536	1.000000
0.000000	-32978.152344	-140014.515625	1.000000
0.000000	-14340.254883	-13556.562500	1.000000
0.000000	-390.682129	-82.617104	1.000000
0.000000	-323608.906250	730136.875000	1.000000
0.000000	-31354.535156	-19666.992188	1.000000
0.000000	-431.424408	-1082.116333	1.000000
0.000000	150.009811	-363.893951	1.000000
0.000000	-3620.893066	-12777.740234	1.000000
0.000000	94.544815	-326.868561	1.000000
0.000000	3203.764648	2989.899414	1.000000
0.000000	32.520088	180.854141	1.000000
0.000000	799168.312500	-982912.687500	1.000000
0.000000	-388.376312	409.280640	1.000000
0.000000	-3273.070557	-2093.260986	1.000000
0.000000	-28.482803	2905.277588	1.000000
0.000000	-321.716370	304.065948	1.000000
0.000000	19848.615234	10547.015625	1.000000
0.000000	78.676483	584.788025	1.000000
0.000000	-3370.019043	-1915.053833	1.000000
0.000000	65102.371094	112666.476562	1.000000
0.000000	271.528046	216.846527	1.000000
0.000000	484892.843750	100814.453125	1.000000
0.000000	-245.556854	235.302368	1.000000
0.000000	80.160240	297.285767	1.000000
0.000000	320.484833	119.941582	1.000000
0.000000	-294.287109	-96.142197	1.000000
0.000000	-52421.074219	-3006.606689	1.000000
0.000000	11399.387695	1381.334351	1.000000
0.000000	-77.573647	-187.785034	1.000000
0.000000	5.378932	1746.544922	1.000000
0.000000	-7873.012207	-93146.890625	1.000000
0.000000	-568.095581	1108.066650	1.000000
0.000000	-44.619781	301.926636	1.000000
0.000000	330.124054	-76.603737	1.000000
0.000000	56.217480	342.027283	1.000000
0.000000	-42897.878906	-77719.882812	1.000000
0.000000	301.723236	-1090.283447	1.000000
0.000000	-14.895507	324.645020	1.000000
0.000000	-86.999855	-191.386505	1.000000
0.000000	-459.110229	711.639526	1.000000
0.000000	392.753326	65.647491	1.000000
0.000000	216.349548	999.758911	1.000000
0.000000	-179.918243	159.794052	1.000000
0.000000	240.780884	514.698059	1.000000
0.000000	-10995.311523	555.006775	1.000000
0.000000	28171368.000000	16549397.000000	1.000000
0.000000	303.589447	-633.377808	1.000000
0.000000	-32776.382812	266774.687500	1.000000
0.000000	-225.408813	5.358942	1.000000
0.000000	1479.245605	2677.012207	1.000000
0.000000	4547.283691	10678.219727	1.000000
0.000000	-48530.453125	-126250.796875	1.000000
0.000000	59.688702	-512.230347	1.000000
0.000000	1929694.125000	165226.234375	1.000000
0.000000	-180116.796875	-177937.812500	1.000000
0.000000	-70205.507812	13741.284180	1.000000
0.000000	260.793793	-113.826889	1.000000
0.000000	-131108.187500	14955.818359	1.000000
0.000000	-1065.848511	231.632568	1.000000
0.000000	-1322.461060	1006.363770	1.000000
0.000000	-1184.845947	1162.421753	1.000000
0.000000	49258.386719	57549.187500	1.000000
0.000000	83881.507812	3686.779053	1.000000
0.000000	1050.779907	-404.938843	1.000000
0.000000	-347.753876	-270.589874	1.000000
0.000000	-1589278.625000	-1200867.375000	1.000000
0.000000	-262.740967	141.093582	1.000000
0.000000	2590553.750000	19358.140625	1.000000
0.000000	132.406433	-175.054489	1.000000
0.000000	-10443.390625	13186.806641	1.000000
0.000000	1826645.375000	135393.484375	1.000000
0.000000	-1565.934204	783.402832	1.000000
0.000000	260.195343	47.392986	1.000000
0.357329	340.782562	-23.485016	1.000000
0.000000	457.467712	968.327942	1.000000
0.000000	-10610.606445	7409.117676	1.000000
0.000000	-361.111938	158.480652	1.000000
0.000000	27333.470703	25885.441406	1.000000
0.000000	65.404335	286.041779	1.000000
0.000000	272.493866	486.214874	1.000000
0.000000	-33.566349	-9056.900391	1.000000
0.000000	-5589.270996	9773.164062	1.000000
0.000000	459144.968750	25592.347656	1.000000
0.000000	-1004.010437	1095.663086	1.000000
0.000000	2167.047363	-5267.756348	1.000000
0.000000	3486.831543	-2077.190674	1.000000
0.000000	133.695953	61.468597	1.000000
0.000000	212.984283	173.020874	1.000000
0.000000	971.787842	-727.903687	1.000000
0.000000	1206.161011	11743.442383	1.000000
0.000000	18053.570312	-23782.849609	1.000000
0.000000	306.509735	-15.730967	1.000000
0.000000	-14.058974	-195.260101	1.000000
0.000000	1158.389893	1167.049561	1.000000
0.000000	397.094543	-45.305393	1.000000
0.000000	104.549568	157.445023	1.000000
0.000000	-1449.464844	128.244690	1.000000
0.000000	75299.796875	-7410.170898	1.000000
0.000000	77.783424	388.392578	1.000000
0.000000	-225.067459	-720.712036	1.000000
0.000000	1179.617432	-9615.427734	1.000000
0.000000	257.633575	281.281006	1.000000
0.000000	225.251129	208.822342	1.000000
0.000000	-3870.000244	-4619.509277	1.000000
0.000000	497.327240	229.773972	1.000000
0.000000	-2015.473999	-2958.339111	1.000000
0.000000	-1.198064	256.501404	1.000000
0.000000	22241.046875	39074.257812	1.000000
0.000000	332.484467	-23.955912	1.000000
0.000000	866.951355	-550.131653	1.000000
0.000000	1237.073486	691.246033	1.000000
0.000000	-318.994049	615.908691	1.000000
0.000000	130.018661	-300.905182	1.000000
0.000000	9574.713867	4860.012207	1.000000
0.000000	-92687.265625	-330202.718750	1.000000
0.000000	7966.882324	16948.425781	1.000000
0.000000	198.773438	-170.913712	1.000000
0.000000	3392.992920	-930.929565	1.000000
0.000000	-423358.937500	-81934.421875	1.000000
0.000000	-44105600.000000	-10494824.000000	1.000000
0.000000	6014.645508	-4601.552246	1.000000
0.000000	-280.821381	138.182526	1.000000
0.000000	1009.153320	-1704.259399	1.000000
0.000000	5868.317383	368.646606	1.000000
0.000000	-243.156387	-92.265968	1.000000
0.000000	-463.807190	1017.595581	1.000000
0.000000	-18782.986328	89.502914	1.000000
0.000000	-608.320496	-156.436081	1.000000
0.000000	296.356842	-327.054169	1.000000
0.000000	14526.910156	-11046.877930	1.000000
