0.000000	31527.328125	455785.000000	1.000000
0.000000	214987.000000	175216.265625	1.000000
0.000000	1181.562256	-12745.256836	1.000000
0.000000	-553.865051	649.168518	1.000000
0.000000	16891.154297	27426.781250	1.000000
0.000000	-13725.766602	761.988953	1.000000
0.000000	-712.068542	-2440.535889	1.000000
0.000000	-595234.312500	1523932.125000	1.000000
0.000000	3557.063232	-2230.258789	1.000000
0.000000	9292453.000000	3386659.750000	1.000000
0.000000	78697400.000000	19959642.000000	1.000000
0.000000	-246.679077	-177.186646	1.000000
0.000000	-280.885071	70.376373	1.000000
0.000000	93.659752	-214.004532	1.000000
0.000000	-73337376.000000	-31090268.000000	1.000000
0.000000	709.198792	-4533.257324	1.000000
0.000000	367.668945	-379.930664	1.000000
0.000000	-6155.013184	7780.341797	1.000000
0.000000	-987.395447	246.417267	1.000000
0.000000	-293.271149	259.341339	1.000000
0.000000	915.461243	7980.553711	1.000000
0.000000	10219.531250	85024.132812	1.000000
0.000000	-41.954037	793.321411	1.000000
0.000000	209.005005	113.923721	1.000000
0.000000	-207136.578125	-53315.488281	1.000000
0.000000	385.605194	-61.192047	1.000000
0.000000	10388.346680	35406.613281	1.000000
0.000000	-3899.824951	11585.806641	1.000000
0.000000	383.887024	-166.250885	1.000000
0.000000	-61498.789062	-273296.843750	1.000000
0.000000	5189.934570	-8926.199219	1.000000
0.000000	4852.282227	899.499878	1.000000
0.000000	-238.316589	451.270721	1.000000
0.000000	-516.319031	-226.682114	1.000000
0.000000	-218.031418	-15.383492	1.000000
0.000000	4836.761719	2769.324463	1.000000
0.000000	36.192451	-56.905739	1.000000
0.000000	-5717.246582	-1487.583862	1.000000
0.000000	-246287.640625	-73706.093750	1.000000
0.000000	-46758.542969	-6143.430176	1.000000
0.000000	444.446381	71.454086	1.000000
0.000000	523.028870	36.640202	1.000000
0.000000	-1.586267	208.964890	1.000000
0.000000	-68.416771	-111.659027	1.000000
0.000000	44.175259	206.266113	1.000000
0.000000	-549.551086	-299.761932	1.000000
0.000000	-4104.881836	3371.018066	1.000000
0.000000	-810.476318	405.701935	1.000000
0.000000	-105.754532	-228.664673	1.000000
0.000000	-225.923065	-75.102211	1.000000
0.000000	7010.810059	6283.021484	1.000000
0.000000	-851.949890	1719.458618	1.000000
0.000000	44.497780	1373.407715	1.000000
0.000000	-3378.596436	-11675.075195	1.000000
0.000000	270.178345	-51.889694	1.000000
0.000000	-17.335241	-234.387695	1.000000
0.000000	98.344597	118.888351	1.000000
0.000000	29405522.000000	-21550876.000000	1.000000
0.000000	-528.591125	1643.023071	1.000000
0.000000	519.340698	496.233307	1.000000
0.000000	1729.568481	26270.119141	1.000000
0.000000	3251.361816	-1619.344238	1.000000
0.000000	-72.847588	-224.568604	1.000000
0.000000	143.130707	-333.731964	1.000000
0.000000	5406.568848	-2874.130371	1.000000
0.000000	401075.312500	-1051564.750000	1.000000
0.000000	40235.953125	142573.000000	1.000000
0.000000	899154304.000000	-490293056.000000	1.000000
0.000000	5139.053711	-14845.513672	1.000000
0.000000	-11819835.000000	-661350.687500	1.000000
0.000000	10594.225586	-15146.008789	1.000000
0.000000	-9.211452	-325.701874	1.000000
0.000000	-243.337402	-744.481628	1.000000
0.000000	-540.909058	923.455811	1.000000
0.000000	424378.937500	2500.110107	1.000000
0.000000	-9307.529297	10648.278320	1.000000
0.000000	-137.346039	548.462952	1.000000
0.000000	35.938961	-246.848343	1.000000
0.000000	3418.056152	-13247.961914	1.000000
0.000000	-935690816.000000	516809408.000000	1.000000
0.000000	1333545.500000	80206.609375	1.000000
0.000000	370687.437500	-121725.828125	1.000000
0.000000	282519.500000	227383.156250	1.000000
0.000000	24938.244141	-23156.042969	1.000000
0.000000	2203343.750000	933714.437500	1.000000
0.000000	-130.068222	184.329742	1.000000
0.000000	128.958267	-24.714291	1.000000
0.000000	-3192.938721	-401.685791	1.000000
0.000000	-1666.081177	1677.120728	1.000000
0.000000	79.196510	241.055313	1.000000
0.000000	22.859341	-5.610218	1.000000
0.000000	-1171.510132	1111.747437	1.000000
0.000000	876.045471	-163.783997	1.000000
0.000000	224.742844	-226.115311	1.000000
0.000000	-4355021.000000	2416277.250000	1.000000
0.000000	1068.247803	590.456238	1.000000
0.000000	-79.827194	-88049.156250	1.000000
0.000000	1711789.125000	-2028472.500000	1.000000
0.000000	803.923462	-1555.334961	1.000000
0.000000	-299.829407	-5276.938965	1.000000
0.000000	691415.187500	-227396.593750	1.000000
0.000000	12310197.000000	-6573529.500000	1.000000
0.000000	-21934.560547	-21463.449219	1.000000
0.000000	170631.578125	-24499.761719	1.000000
0.000000	45.085667	146.459717	1.000000
0.000000	244.690109	-19.997038	1.000000
0.000000	666.983582	-1776.881592	1.000000
0.000000	-117.588997	-206.026779	1.000000
0.000000	89.238663	-223.491287	1.000000
0.000000	-868.876953	1023.448669	1.000000
0.000000	-163.504501	-3124.318604	1.000000
0.000000	-53817.632812	119833.890625	1.000000
0.000000	75.972450	204.095169	1.000000
0.000000	-303.857635	13.879111	1.000000
0.000000	-180.536865	-1090.446655	1.000000
0.000000	-64656.746094	15568.050781	1.000000
0.000000	2419.416748	736.535461	1.000000
0.000000	55743.144531	149551.484375	1.000000
0.000000	-13184.311523	6618.823242	1.000000
0.000000	-41740.472656	-29815.507812	1.000000
0.000000	-8498.543945	13782.105469	1.000000
0.000000	259.284668	318.745239	1.000000
0.000000	-271.055237	134.237808	1.000000
0.000000	1515.259277	3215.809326	1.000000
0.000000	578.726440	-400.498383	1.000000
0.000000	1959.014893	163.149506	1.000000
0.000000	555.627686	-481.761536	1.000000
0.000000	14002.970703	-14184.191406	1.000000
0.000000	-252.364365	-105.575462	1.000000
0.000000	-1145.158691	1576.281372	1.000000
0.000000	190.191803	216.033737	1.000000
0.000000	-13395.971680	-2970.310791	1.000000
0.000000	-28627.503906	-61467.296875	1.000000
0.000000	1667.094482	8004.586914	1.000000
0.000000	-2566.070312	1894.047363	1.000000
0.000000	38.606873	-125.745201	1.000000
0.000000	106.333359	254.103821	1.000000
0.000000	-3861.549072	-16082.282227	1.000000
0.000000	704.722717	-45.053276	1.000000
0.000000	-8718.060547	12927.566406	1.000000
0.000000	-915.170776	-3116.761719	1.000000
0.000000	949.477844	506.755524	1.000000
0.000000	223.583511	-239.990997	1.000000
0.000000	-5711.327637	-20521.412109	1.000000
0.000000	-1.558195	-256.888947	1.000000
0.000000	22532.812500	-24533.091797	1.000000
0.000000	-254.986526	-126.720802	1.000000
0.000000	-3300464.250000	1376390.750000	1.000000
0.000000	-17965.822266	-1197.964478	1.000000
0.000000	-29.591349	516.498169	1.000000
0.000000	135.951752	-279.776703	1.000000
0.000000	6662.740723	2767.901367	1.000000
0.000000	-26197.880859	-23386.238281	1.000000
0.000000	-586712.625000	317419.531250	1.000000
0.000000	-108536.234375	249149.796875	1.000000
0.000000	38095.140625	-56191.003906	1.000000
0.000000	555.744141	-1669.346802	1.000000
0.000000	88.336617	107.778435	1.000000
0.000000	-204.381104	-491.771606	1.000000
0.000000	-368.853455	614.147339	1.000000
0.000000	4112436.000000	2116301.500000	1.000000
0.000000	100.393326	197.293198	1.000000
0.000000	-45248.558594	75895.750000	1.000000
0.000000	642.300720	1663.405029	1.000000
0.000000	4764.739746	12581.458008	1.000000
0.000000	626.130920	1676.927734	1.000000
0.000000	-44049.355469	2315.634521	1.000000
0.000000	245791.421875	-842228.687500	1.000000
0.000000	-163.095673	-111.736099	1.000000
0.000000	375.115448	-135.516479	1.000000
0.000000	-33008.816406	-139940.921875	1.000000
0.000000	-14314.190430	-13630.156250	1.000000
0.000000	-312.297119	-78.640358	1.000000
0.000000	-323510.781250	730136.875000	1.000000
0.000000	-31421.996094	-19706.855469	1.000000
0.000000	-360.465851	-1048.577515	1.000000
0.000000	128.808487	-288.335785	1.000000
0.000000	-3696.020020	-12754.742188	1.000000
0.000000	71.846222	-251.740250	1.000000
0.000000	3180.383301	3064.643066	1.000000
0.000000	-4.916135	246.205307	1.000000
0.000000	799266.437500	-982912.687500	1.000000
0.000000	-310.949554	396.200500	1.000000
0.000000	-3348.197510	-2071.029541	1.000000
0.000000	-11.985897	2828.617432	1.000000
0.000000	-266.329407	248.436172	1.000000
0.000000	19888.478516	10479.554688	1.000000
0.000000	1.304981	598.011902	1.000000
0.000000	-3295.275391	-1890.522583	1.000000
0.000000	65077.839844	112592.882812	1.000000
0.000000	213.649628	163.831238	1.000000
0.000000	484892.843750	100740.859375	1.000000
0.000000	-188.780426	181.089264	1.000000
0.000000	81.154427	218.793579	1.000000
0.000000	307.021393	42.608990	1.000000
0.000000	-215.949997	-91.147308	1.000000
0.000000	-52451.738281	-3077.900635	1.000000
0.000000	11357.991211	1314.640015	1.000000
0.000000	-97.847397	-110.939674	1.000000
0.000000	-40.459068	1810.364502	1.000000
0.000000	-7869.179199	-93073.296875	1.000000
0.000000	-521.045410	1170.927979	1.000000
0.000000	7.239677	242.994141	1.000000
0.000000	255.092941	-53.521843	1.000000
0.000000	51.917324	263.642273	1.000000
0.000000	-42836.550781	-77768.945312	1.000000
0.000000	363.099274	-1041.220947	1.000000
0.000000	-55.754189	257.615295	1.000000
0.000000	-51.870010	-261.578461	1.000000
0.000000	-451.923340	633.446167	1.000000
0.000000	337.893402	121.801056	1.000000
0.000000	197.687592	923.482056	1.000000
0.000000	-143.193237	90.416618	1.000000
0.000000	177.560211	468.177704	1.000000
0.000000	-10917.118164	560.756287	1.000000
0.000000	28171368.000000	16549397.000000	1.000000
0.000000	250.648453	-575.403564	1.000000
0.000000	-32807.046875	266823.750000	1.000000
0.000000	-146.927979	7.353304	1.000000
0.000000	1413.892822	2720.325195	1.000000
0.000000	4623.943848	10659.821289	1.000000
0.000000	-48610.179688	-126250.796875	1.000000
0.000000	128.610596	-474.666840	1.000000
0.000000	1929694.125000	165177.171875	1.000000
0.000000	-180190.390625	-177937.812500	1.000000
0.000000	-70144.179688	13785.747070	1.000000
0.000000	213.599869	-51.098549	1.000000
0.000000	-131083.656250	14880.691406	1.000000
0.000000	-995.857605	196.129333	1.000000
0.000000	-1273.206909	1067.472534	1.000000
0.000000	-1164.531006	1086.528198	1.000000
0.000000	49239.988281	57475.593750	1.000000
0.000000	83942.835938	3733.925049	1.000000
0.000000	975.974792	-428.799316	1.000000
0.000000	-277.993134	-234.621750	1.000000
0.000000	-1589278.625000	-1200867.375000	1.000000
0.000000	-186.991165	120.462830	1.000000
0.000000	2590553.750000	19287.613281	1.000000
0.000000	105.134125	-101.441101	1.000000
0.000000	-10397.394531	13122.412109	1.000000
0.000000	1826645.375000	135442.546875	1.000000
0.000000	-1574.941772	705.401123	1.000000
0.000000	183.678925	29.874943	1.000000
0.000000	276.476807	15.640002	1.000000
0.000000	520.137390	1015.569763	1.000000
0.000000	-10556.944336	7351.622559	1.000000
0.000000	-284.164307	142.933014	1.000000
0.000000	27330.404297	25805.714844	1.000000
0.000000	8.101911	232.379684	1.000000
0.000000	268.948334	407.781952	1.000000
0.000000	42.800217	-9075.298828	1.000000
0.000000	-5511.077637	9771.630859	1.000000
0.000000	459095.906250	25650.609375	1.000000
0.000000	-930.416687	1068.448730	1.000000
0.000000	2103.802734	-5314.519043	1.000000
0.000000	3485.298340	-1998.614014	1.000000
0.000000	90.755875	-4.248004	1.000000
0.000000	145.858734	132.343079	1.000000
0.000000	1005.614136	-657.088867	1.000000
0.000000	1197.153442	11821.635742	1.000000
0.000000	18130.230469	-23767.517578	1.000000
0.000000	228.220535	-10.024876	1.000000
0.000000	-18.455616	-116.876785	1.000000
0.000000	1223.551025	1123.353271	1.000000
0.000000	318.613708	-43.299053	1.000000
0.000000	91.960533	79.962929	1.000000
0.000000	-1524.208496	104.300499	1.000000
0.000000	75226.203125	-7418.603516	1.000000
0.000000	56.881554	312.738586	1.000000
0.000000	-303.557739	-720.712036	1.000000
0.000000	1184.600342	-9693.621094	1.000000
0.000000	210.175323	218.755066	1.000000
0.000000	165.384338	158.058945	1.000000
0.000000	-3906.030518	-4689.270020	1.000000
0.000000	419.900482	216.981308	1.000000
0.000000	-1952.421021	-2911.576416	1.000000
0.000000	-34.282356	185.303299	1.000000
0.000000	22228.781250	38994.531250	1.000000
0.000000	254.003021	-24.213442	1.000000
0.000000	788.470520	-551.473206	1.000000
0.000000	1169.229248	651.766052	1.000000
0.000000	-315.735992	537.523682	1.000000
0.000000	80.500999	-240.001984	1.000000
0.000000	9534.850586	4927.473145	1.000000
0.000000	-92724.062500	-330153.656250	1.000000
0.000000	7888.688965	16945.359375	1.000000
0.000000	148.129822	-110.930542	1.000000
0.000000	3367.311768	-1005.194092	1.000000
0.000000	-423408.000000	-81873.093750	1.000000
0.000000	-44105600.000000	-10494824.000000	1.000000
0.000000	5979.381836	-4671.312988	1.000000
0.000000	-251.019745	65.557327	1.000000
0.000000	940.350830	-1742.014526	1.000000
0.000000	5929.645508	417.421631	1.000000
0.000000	-170.281326	-63.075405	1.000000
0.000000	-385.422180	1021.428589	1.000000
0.000000	-18795.251953	167.007492	1.000000
0.000000	-529.839661	-154.256058	1.000000
0.000000	287.397186	-249.054596	1.000000
0.000000	14454.849609	-11077.541992	1.000000
