0.000000	31650.179688	455669.375000	1.000000
0.000000	214929.187500	175042.828125	1.000000
0.000000	1154.010986	-12560.979492	1.000000
0.000000	-738.819885	651.878479	1.000000
0.000000	16905.607422	27614.671875	1.000000
0.000000	-13906.430664	803.767517	1.000000
0.000000	-878.053650	-2359.237061	1.000000
0.000000	-595003.062500	1523932.125000	1.000000
0.000000	3462.214600	-2389.243164	1.000000
0.000000	9292453.000000	3386659.750000	1.000000
0.000000	78697400.000000	19959642.000000	1.000000
0.000000	-68.150932	-128.746094	1.000000
0.000000	-193.303436	-92.577721	1.000000
0.000000	100.462883	-29.121132	1.000000
0.000000	-73337376.000000	-31090268.000000	1.000000
0.000000	548.181946	-4623.589355	1.000000
0.000000	324.309570	-200.074570	1.000000
0.000000	-6059.261230	7621.357422	1.000000
0.000000	-987.847107	431.375031	1.000000
0.000000	-229.789597	85.565117	1.000000
0.000000	875.715149	7799.889648	1.000000
0.000000	10053.320312	84937.414062	1.000000
0.000000	-6.164972	611.754028	1.000000
0.000000	74.720367	236.708374	1.000000
0.000000	-207252.203125	-53185.410156	1.000000
0.000000	201.198151	-75.673401	1.000000
0.000000	10391.959961	35594.503906	1.000000
0.000000	-3718.257568	11621.939453	1.000000
0.000000	222.192673	-76.370522	1.000000
0.000000	-61686.679688	-273296.843750	1.000000
0.000000	5300.139648	-9074.343750	1.000000
0.000000	4673.424805	853.882202	1.000000
0.000000	-67.660217	379.743073	1.000000
0.000000	-380.937500	-352.795074	1.000000
0.000000	-73.443710	100.024612	1.000000
0.000000	4668.744141	2692.542236	1.000000
0.000000	208.234985	11.076742	1.000000
0.000000	-5574.521973	-1370.603882	1.000000
0.000000	-246345.453125	-73532.656250	1.000000
0.000000	-46903.074219	-6031.418457	1.000000
0.000000	301.834686	-46.341637	1.000000
0.000000	416.109985	187.622131	1.000000
0.000000	2.408104	26.125916	1.000000
0.000000	9.417336	52.455757	1.000000
0.000000	21.068890	23.712566	1.000000
0.000000	-479.769623	-471.054047	1.000000
0.000000	-4256.639648	3476.706543	1.000000
0.000000	-705.465332	253.379532	1.000000
0.000000	-63.677116	-48.773502	1.000000
0.000000	-44.039364	-39.169018	1.000000
0.000000	6826.532715	6302.894531	1.000000
0.000000	-751.003845	1874.378052	1.000000
0.000000	149.644104	1525.617188	1.000000
0.000000	-3271.101318	-11826.833008	1.000000
0.000000	99.333153	-122.830978	1.000000
0.000000	-21.315483	-51.132946	1.000000
0.000000	-86.545959	125.296280	1.000000
0.000000	29405522.000000	-21550876.000000	1.000000
0.000000	-379.543274	1533.721313	1.000000
0.000000	641.063110	357.009064	1.000000
0.000000	1824.868774	26429.103516	1.000000
0.000000	3180.902832	-1448.165039	1.000000
0.000000	23.899418	-65.543259	1.000000
0.000000	43.313808	-177.993866	1.000000
0.000000	5520.387207	-2728.695801	1.000000
0.000000	400959.687500	-1051564.750000	1.000000
0.000000	40394.937500	142688.625000	1.000000
0.000000	899154304.000000	-490293056.000000	1.000000
0.000000	5258.291992	-14704.595703	1.000000
0.000000	-11819835.000000	-661581.937500	1.000000
0.000000	10500.280273	-15304.993164	1.000000
0.000000	45.439846	-148.955658	1.000000
0.000000	-103.717957	-623.210876	1.000000
0.000000	-725.863892	929.779053	1.000000
0.000000	424610.187500	2546.179443	1.000000
0.000000	-9126.865234	10691.637695	1.000000
0.000000	42.226910	592.951477	1.000000
0.000000	52.142269	-62.570889	1.000000
0.000000	3399.989746	-13063.684570	1.000000
0.000000	-935690816.000000	516809408.000000	1.000000
0.000000	1333545.500000	80033.171875	1.000000
0.000000	370456.187500	-121696.921875	1.000000
0.000000	282750.750000	227325.343750	1.000000
0.000000	25104.455078	-23242.761719	1.000000
0.000000	2203343.750000	933945.687500	1.000000
0.000000	-35.500683	30.261158	1.000000
0.000000	308.013214	18.122808	1.000000
0.000000	-3308.563721	-546.217041	1.000000
0.000000	-1644.401489	1493.295044	1.000000
0.000000	-6.108484	76.885643	1.000000
0.000000	70.385712	173.185669	1.000000
0.000000	-993.104370	1160.526733	1.000000
0.000000	719.771057	-64.719086	1.000000
0.000000	183.585312	-406.449982	1.000000
0.000000	-4355021.000000	2416277.250000	1.000000
0.000000	908.196777	497.657532	1.000000
0.000000	101.224579	-88020.250000	1.000000
0.000000	1711789.125000	-2028472.500000	1.000000
0.000000	769.371460	-1736.902344	1.000000
0.000000	-451.925964	-5172.153809	1.000000
0.000000	691415.187500	-227223.156250	1.000000
0.000000	12310197.000000	-6573529.500000	1.000000
0.000000	-21891.201172	-21282.785156	1.000000
0.000000	170458.140625	-24391.363281	1.000000
0.000000	124.453415	-18.127728	1.000000
0.000000	67.321487	32.512970	1.000000
0.000000	846.066833	-1730.812256	1.000000
0.000000	4.129313	-66.696419	1.000000
0.000000	21.912014	-51.182934	1.000000
0.000000	-815.806885	846.172058	1.000000
0.000000	15.856048	-3169.484619	1.000000
0.000000	-53629.742188	119833.890625	1.000000
0.000000	10.679636	30.043976	1.000000
0.000000	-124.847519	-33.024410	1.000000
0.000000	-358.467010	-1141.032593	1.000000
0.000000	-64815.730469	15669.222656	1.000000
0.000000	2364.314209	559.936340	1.000000
0.000000	55598.613281	149435.859375	1.000000
0.000000	-13007.260742	6676.635742	1.000000
0.000000	-41595.941406	-29923.906250	1.000000
0.000000	-8650.301758	13677.320312	1.000000
0.000000	92.164360	239.467102	1.000000
0.691054	-134.544449	9.056960	1.000000
0.000000	1382.019531	3344.080811	1.000000
0.000000	400.094879	-352.283661	1.000000
0.000000	2077.914795	304.933807	1.000000
0.000000	519.494873	-300.307068	1.000000
0.000000	14042.716797	-14003.527344	1.000000
0.000000	-94.616089	-8.954777	1.000000
0.000000	-1075.151367	1747.460571	1.000000
0.000000	57.968296	86.633102	1.000000
0.000000	-13576.635742	-2929.661377	1.000000
0.000000	-28511.878906	-61322.765625	1.000000
0.000000	1565.922607	7849.215820	1.000000
0.000000	-2678.985352	2040.385254	1.000000
0.000000	-130.674042	-51.108360	1.000000
0.000000	228.681808	392.876404	1.000000
0.000000	-3978.980713	-16226.813477	1.000000
0.000000	526.994446	-96.683678	1.000000
0.000000	-8533.783203	12913.113281	1.000000
0.000000	-970.950806	-2940.614258	1.000000
0.000000	969.576721	322.816925	1.000000
0.000000	42.804878	-200.753021	1.000000
0.000000	-5893.798340	-20550.318359	1.000000
0.000000	-11.290060	-72.151398	1.000000
0.000000	22583.398438	-24352.427734	1.000000
0.691054	-130.544189	9.927704	1.000000
0.000000	-3300464.250000	1376390.750000	1.000000
0.000000	-17900.783203	-1025.430298	1.000000
0.000000	48.161972	349.514954	1.000000
0.029650	74.604927	-105.860641	1.000000
0.000000	6603.121582	2943.145508	1.000000
0.000000	-26371.318359	-23444.050781	1.000000
0.000000	-586712.625000	317303.906250	1.000000
0.000000	-108536.234375	249323.234375	1.000000
0.000000	38283.031250	-56191.003906	1.000000
0.000000	436.054169	-1528.428833	1.000000
0.000000	-0.535216	-54.479774	1.000000
0.000000	-162.094421	-671.770874	1.000000
0.000000	-318.380432	436.193207	1.000000
0.000000	4112436.000000	2116301.500000	1.000000
0.000000	-78.237427	160.884018	1.000000
0.000000	-45176.292969	75722.312500	1.000000
0.000000	475.437073	1583.461182	1.000000
0.000000	4585.882324	12628.430664	1.000000
0.000000	644.423157	1861.205078	1.000000
0.000000	-43919.277344	2180.136475	1.000000
0.000000	245964.859375	-842228.687500	1.000000
0.000000	4.262104	-32.893173	1.000000
0.000000	195.023682	-147.849869	1.000000
0.000000	-33081.082031	-139767.484375	1.000000
0.000000	-14252.764648	-13803.593750	1.000000
0.000000	-127.528931	-69.268410	1.000000
0.000000	-323279.531250	730136.875000	1.000000
0.000000	-31580.980469	-19800.800781	1.000000
0.000000	-193.238663	-969.536987	1.000000
0.029650	78.489708	-109.729919	1.000000
0.000000	-3873.070801	-12700.542969	1.000000
0.000000	18.342476	-74.633011	1.000000
0.000000	3125.280762	3240.790527	1.000000
0.000000	-92.525337	409.085663	1.000000
0.000000	799497.687500	-982912.687500	1.000000
0.000000	-128.518311	365.374695	1.000000
0.000000	-3525.248291	-2018.637085	1.000000
0.000000	26.892023	2647.953369	1.000000
0.000000	-135.799622	117.287659	1.000000
0.000000	19982.423828	10320.570312	1.000000
0.000000	-181.037598	629.176453	1.000000
0.000000	-3119.127930	-1832.710083	1.000000
0.000000	65020.027344	112419.445312	1.000000
0.380058	76.132767	39.094368	1.000000
0.000000	484892.843750	100567.421875	1.000000
0.000000	-54.976116	53.327084	1.000000
0.380058	79.990479	35.894089	1.000000
0.000000	275.292267	-139.643677	1.000000
0.000000	-31.393169	-79.425652	1.000000
0.000000	-52524.003906	-3245.918213	1.000000
0.000000	11260.432617	1157.462280	1.000000
0.000000	-148.134109	67.098511	1.000000
0.000000	-148.485184	1960.767334	1.000000
0.000000	-7860.145996	-92899.859375	1.000000
0.000000	-410.266571	1319.072510	1.000000
0.000000	126.135315	105.141045	1.000000
0.000000	75.614708	-1.685345	1.000000
0.000000	45.110893	77.881989	1.000000
0.000000	-42692.019531	-77884.570312	1.000000
0.000000	507.743439	-925.788086	1.000000
0.000000	-152.049530	99.647156	1.000000
0.000000	30.911106	-426.998993	1.000000
0.000000	-434.986084	449.168823	1.000000
0.000000	208.605698	254.137482	1.000000
0.000000	153.707184	743.721313	1.000000
0.000000	-58.766010	-70.353897	1.000000
0.000000	28.609247	357.727356	1.000000
0.000000	-10732.840820	574.306091	1.000000
0.000000	28171368.000000	16549397.000000	1.000000
0.000000	125.933319	-438.776398	1.000000
0.000000	-32879.312500	266939.375000	1.000000
0.000000	34.951576	14.808064	1.000000
0.000000	1259.876709	2822.400391	1.000000
0.000000	4804.607910	10616.461914	1.000000
0.000000	-48798.070312	-126250.796875	1.000000
0.000000	291.026703	-386.141449	1.000000
0.000000	1929694.125000	165061.546875	1.000000
0.000000	-180363.828125	-177937.812500	1.000000
0.000000	-69999.648438	13890.532227	1.000000
0.000000	104.486748	93.111496	1.000000
0.000000	-131025.843750	14703.640625	1.000000
0.000000	-830.775818	112.459297	1.000000
0.000000	-1157.130249	1211.552124	1.000000
0.000000	-1116.655029	907.817627	1.000000
0.000000	49196.628906	57302.156250	1.000000
0.000000	84087.367188	3845.033447	1.000000
0.000000	799.601501	-485.031006	1.000000
0.000000	-113.539917	-149.879013	1.000000
0.000000	-1589278.625000	-1200867.375000	1.000000
0.000000	-10.443027	64.218590	1.000000
0.000000	2590553.750000	19121.402344	1.000000
0.000000	42.417282	66.054832	1.000000
0.000000	-10288.996094	12970.654297	1.000000
0.000000	1826645.375000	135558.171875	1.000000
0.000000	-1596.169800	521.575439	1.000000
0.000000	3.461777	-6.682150	1.000000
0.000000	122.574623	118.336243	1.000000
0.000000	667.830261	1127.112671	1.000000
0.000000	-10430.479492	7216.124512	1.000000
0.000000	-102.822777	106.308807	1.000000
0.000000	27323.177734	25617.824219	1.000000
0.000000	-126.942841	105.919777	1.000000
0.000000	260.592621	222.950134	1.000000
0.000000	222.775085	-9118.658203	1.000000
0.000000	-5326.800293	9768.017578	1.000000
0.000000	458980.281250	25787.914062	1.000000
0.000000	-756.979187	1004.312988	1.000000
0.000000	1955.037354	-5424.724121	1.000000
0.000000	3481.685059	-1813.433350	1.000000
0.000000	-10.436579	-159.115204	1.000000
0.000000	-12.339146	35.990021	1.000000
0.000000	1085.158447	-490.185699	1.000000
0.000000	1175.925415	12005.913086	1.000000
0.000000	18310.894531	-23731.384766	1.000000
0.000000	43.715813	3.423081	1.000000
0.000000	-22.598436	64.433105	1.000000
0.000000	1377.115479	1020.366821	1.000000
0.000000	133.658890	-38.570736	1.000000
0.000000	61.230427	-101.008408	1.000000
0.000000	-1700.355957	47.875244	1.000000
0.000000	75052.765625	-7438.476562	1.000000
0.000000	7.625862	134.407257	1.000000
0.000000	-488.512573	-720.712036	1.000000
0.000000	1196.343506	-9877.898438	1.000000
0.000000	98.325493	71.400940	1.000000
0.000000	24.280222	38.422436	1.000000
0.000000	-3990.942627	-4853.674316	1.000000
0.000000	237.424042	186.832993	1.000000
0.000000	-1803.824829	-2801.371338	1.000000
0.000000	-107.425934	21.952847	1.000000
0.000000	22199.875000	38806.640625	1.000000
0.000000	71.647774	-22.242931	1.000000
0.000000	603.515686	-554.634827	1.000000
0.000000	1009.341553	558.724060	1.000000
0.000000	-308.057770	352.697388	1.000000
0.000000	-36.193726	-96.436714	1.000000
0.000000	9440.905273	5086.457520	1.000000
0.000000	-92810.781250	-330038.031250	1.000000
0.000000	7704.411621	16938.132812	1.000000
0.000000	28.175005	30.028217	1.000000
0.000000	3306.789307	-1180.010864	1.000000
0.000000	-423523.625000	-81728.562500	1.000000
0.000000	-44105600.000000	-10494824.000000	1.000000
0.000000	5896.276367	-4835.717285	1.000000
0.000000	-180.826813	-105.557251	1.000000
0.000000	778.204834	-1830.991577	1.000000
0.000000	6074.176758	532.369141	1.000000
0.000000	1.461090	5.706972	1.000000
0.000000	-200.676270	1030.461792	1.000000
0.000000	-18824.158203	349.676514	1.000000
0.000000	-344.884827	-149.118423	1.000000
0.000000	261.895691	-67.222595	1.000000
0.000000	14285.025391	-11149.807617	1.000000
