0.000000	31515.042969	455796.562500	1.000000
0.000000	214992.781250	175233.609375	1.000000
0.000000	1184.317383	-12763.684570	1.000000
0.000000	-535.369568	648.897522	1.000000
0.000000	16889.708984	27407.992188	1.000000
0.000000	-13707.700195	757.811096	1.000000
0.000000	-695.470032	-2448.665771	1.000000
0.000000	-595257.437500	1523932.125000	1.000000
0.000000	3566.548096	-2214.360352	1.000000
0.000000	9292453.000000	3386659.750000	1.000000
0.000000	78697400.000000	19959642.000000	1.000000
0.000000	-264.530945	-182.030701	1.000000
0.000000	-289.647278	86.672836	1.000000
0.000000	92.979439	-232.494370	1.000000
0.000000	-73337376.000000	-31090268.000000	1.000000
0.000000	725.300476	-4524.224121	1.000000
0.000000	372.004883	-397.918030	1.000000
0.000000	-6164.588379	7796.240234	1.000000
0.000000	-987.350281	227.916138	1.000000
0.000000	-299.616974	276.718964	1.000000
0.000000	919.435852	7998.620117	1.000000
0.000000	10236.152344	85032.804688	1.000000
0.000000	-45.533443	811.478149	1.000000
0.000000	222.622559	101.401443	1.000000
0.000000	-207125.015625	-53328.496094	1.000000
0.000000	404.044220	-59.743912	1.000000
0.000000	10387.985352	35387.824219	1.000000
0.000000	-3917.981689	11582.193359	1.000000
0.000000	400.056458	-175.238922	1.000000
0.000000	-61480.000000	-273296.843750	1.000000
0.000000	5178.914062	-8911.384766	1.000000
0.000000	4870.167969	904.061646	1.000000
0.000000	-255.378052	458.429535	1.000000
0.000000	-529.846252	-214.075150	1.000000
0.000000	-232.490189	-26.924803	1.000000
0.000000	4853.563477	2777.002686	1.000000
0.000000	18.987022	-63.706047	1.000000
0.000000	-5731.519043	-1499.281860	1.000000
0.000000	-246281.859375	-73723.437500	1.000000
0.000000	-46744.089844	-6154.631348	1.000000
0.000000	458.707550	83.233948	1.000000
0.000000	533.710632	21.542049	1.000000
0.000000	-1.752375	227.466019	1.000000
0.000000	-76.752724	-128.175644	1.000000
0.000000	46.474491	224.620453	1.000000
0.000000	-556.529236	-282.632721	1.000000
0.000000	-4089.706055	3360.449219	1.000000
0.000000	-820.977417	420.934174	1.000000
0.000000	-109.825119	-246.708496	1.000000
0.000000	-244.028992	-78.907448	1.000000
0.000000	7029.237793	6281.034180	1.000000
0.000000	-862.044495	1703.966675	1.000000
0.000000	33.982567	1358.186768	1.000000
0.000000	-3389.345947	-11659.899414	1.000000
0.000000	287.262390	-44.794395	1.000000
0.000000	-16.877935	-252.883179	1.000000
0.000000	116.834435	118.247559	1.000000
0.000000	29405522.000000	-21550876.000000	1.000000
0.000000	-543.495911	1653.953247	1.000000
0.000000	507.163971	510.155731	1.000000
0.000000	1720.038452	26254.220703	1.000000
0.000000	3258.407715	-1636.462158	1.000000
0.000000	-82.580864	-240.303314	1.000000
0.000000	153.112396	-349.302948	1.000000
0.000000	5395.187012	-2888.673828	1.000000
0.000000	401086.875000	-1051564.750000	1.000000
0.000000	40220.054688	142561.437500	1.000000
0.000000	899154304.000000	-490293056.000000	1.000000
0.000000	5127.129883	-14859.605469	1.000000
0.000000	-11819835.000000	-661327.562500	1.000000
0.000000	10603.620117	-15130.110352	1.000000
0.000000	-14.676539	-343.373077	1.000000
0.000000	-257.299866	-756.608704	1.000000
0.000000	-522.413574	922.823486	1.000000
0.000000	424355.812500	2495.503174	1.000000
0.000000	-9325.595703	10643.942383	1.000000
0.000000	-155.305176	544.014099	1.000000
0.000000	34.318630	-265.276093	1.000000
0.000000	3419.862793	-13266.389648	1.000000
0.000000	-935690816.000000	516809408.000000	1.000000
0.000000	1333545.500000	80223.953125	1.000000
0.000000	370710.562500	-121728.718750	1.000000
0.000000	282496.375000	227388.937500	1.000000
0.000000	24921.623047	-23147.371094	1.000000
0.000000	2203343.750000	933691.312500	1.000000
0.000000	-139.812790	200.053162	1.000000
0.000000	110.903152	-28.748886	1.000000
0.000000	-3181.376221	-387.232666	1.000000
0.000000	-1668.249146	1695.503296	1.000000
0.000000	87.727242	257.473145	1.000000
0.000000	18.106323	-23.489109	1.000000
0.000000	-1189.350708	1106.869507	1.000000
0.000000	891.672913	-173.692291	1.000000
0.000000	228.858597	-208.077133	1.000000
0.000000	-4355021.000000	2416277.250000	1.000000
0.000000	1084.236572	599.737854	1.000000
0.000000	-97.933121	-88052.046875	1.000000
0.000000	1711789.125000	-2028472.500000	1.000000
0.000000	807.378662	-1537.178223	1.000000
0.000000	-284.619751	-5287.417480	1.000000
0.000000	691415.187500	-227413.937500	1.000000
0.000000	12310197.000000	-6573529.500000	1.000000
0.000000	-21938.896484	-21481.515625	1.000000
0.000000	170648.921875	-24510.601562	1.000000
0.000000	37.123745	163.159851	1.000000
0.000000	262.391571	-25.376734	1.000000
0.000000	649.075256	-1781.488525	1.000000
0.000000	-129.761230	-219.960495	1.000000
0.000000	95.971222	-240.722122	1.000000
0.000000	-874.183960	1041.154419	1.000000
0.000000	-181.441055	-3119.802002	1.000000
0.000000	-53836.421875	119833.890625	1.000000
0.000000	82.513054	221.399399	1.000000
0.000000	-321.754669	18.565790	1.000000
0.000000	-162.747101	-1085.388062	1.000000
0.000000	-64640.847656	15557.933594	1.000000
0.000000	2424.927002	754.195374	1.000000
0.000000	55757.597656	149563.046875	1.000000
0.000000	-13202.016602	6613.041992	1.000000
0.000000	-41754.925781	-29804.667969	1.000000
0.000000	-8483.368164	13792.583984	1.000000
0.000000	275.996094	326.671875	1.000000
0.000000	-284.684082	146.754440	1.000000
0.000000	1528.583252	3202.982178	1.000000
0.000000	596.589600	-405.319855	1.000000
0.000000	1947.136230	148.973022	1.000000
0.000000	559.240967	-499.906982	1.000000
0.000000	13998.996094	-14202.257812	1.000000
0.000000	-268.138611	-115.238167	1.000000
0.000000	-1152.159424	1559.163452	1.000000
0.000000	203.414154	228.973801	1.000000
0.000000	-13377.905273	-2974.375732	1.000000
0.000000	-28639.066406	-61481.750000	1.000000
0.000000	1677.211670	8020.124023	1.000000
0.000000	-2554.778809	1879.413574	1.000000
0.000000	55.534248	-133.208878	1.000000
0.000000	94.096191	240.226562	1.000000
0.000000	-3849.805908	-16067.829102	1.000000
0.000000	722.495544	-39.890236	1.000000
0.000000	-8736.488281	12929.011719	1.000000
0.000000	-909.592773	-3134.376465	1.000000
0.000000	947.467957	525.141296	1.000000
0.000000	241.661209	-243.914795	1.000000
0.000000	-5693.080566	-20518.521484	1.000000
0.000000	-0.585009	-275.361847	1.000000
0.000000	22527.753906	-24551.158203	1.000000
0.000000	-267.463165	-140.383530	1.000000
0.000000	-3300464.250000	1376390.750000	1.000000
0.000000	-17972.326172	-1215.217896	1.000000
0.000000	-37.372604	533.277344	1.000000
0.000000	142.116913	-297.222076	1.000000
0.000000	6668.702637	2750.376953	1.000000
0.000000	-26180.537109	-23380.457031	1.000000
0.000000	-586712.625000	317431.093750	1.000000
0.000000	-108536.234375	249132.453125	1.000000
0.000000	38076.351562	-56191.003906	1.000000
0.000000	567.713135	-1683.438599	1.000000
0.000000	97.223030	124.004326	1.000000
0.000000	-208.609772	-473.761658	1.000000
0.000000	-373.900757	631.942749	1.000000
0.000000	4112436.000000	2116301.500000	1.000000
0.000000	118.527481	200.945999	1.000000
0.000000	-45255.785156	75913.093750	1.000000
0.000000	658.989563	1671.399414	1.000000
0.000000	4782.625488	12576.760742	1.000000
0.000000	624.301697	1658.500000	1.000000
0.000000	-44062.363281	2329.184326	1.000000
0.000000	245774.078125	-842228.687500	1.000000
0.000000	-179.829681	-119.620392	1.000000
0.000000	393.565765	-134.088104	1.000000
0.000000	-33001.589844	-139958.265625	1.000000
0.000000	-14320.333008	-13612.812500	1.000000
0.000000	-330.770020	-79.577553	1.000000
0.000000	-323533.906250	730136.875000	1.000000
0.000000	-31406.097656	-19697.460938	1.000000
0.000000	-377.188568	-1056.481567	1.000000
0.000000	133.804977	-306.142487	1.000000
0.000000	-3678.314941	-12760.162109	1.000000
0.000000	77.195572	-269.446686	1.000000
0.000000	3185.893555	3047.028320	1.000000
0.000000	3.839469	229.906021	1.000000
0.000000	799243.312500	-982912.687500	1.000000
0.000000	-329.196625	399.283081	1.000000
0.000000	-3330.492432	-2076.268799	1.000000
0.000000	-15.873703	2846.683838	1.000000
0.000000	-279.382385	261.548859	1.000000
0.000000	19879.083984	10495.453125	1.000000
0.000000	19.539129	594.895447	1.000000
0.000000	-3312.890137	-1896.303833	1.000000
0.000000	65083.621094	112610.226562	1.000000
0.000000	227.289764	176.325287	1.000000
0.000000	484892.843750	100758.203125	1.000000
0.000000	-202.160858	193.865601	1.000000
0.000000	80.920128	237.294708	1.000000
0.000000	310.194305	60.834888	1.000000
0.000000	-234.411606	-92.324448	1.000000
0.000000	-52444.511719	-3061.098877	1.000000
0.000000	11367.747070	1330.357788	1.000000
0.000000	-92.819855	-128.743439	1.000000
0.000000	-29.656076	1795.324219	1.000000
0.000000	-7870.082520	-93090.640625	1.000000
0.000000	-532.133667	1156.113525	1.000000
0.000000	-4.982022	256.882690	1.000000
0.000000	272.775421	-58.961525	1.000000
0.000000	52.930737	282.115173	1.000000
0.000000	-42851.003906	-77757.382812	1.000000
0.000000	348.634857	-1052.783447	1.000000
0.000000	-46.125359	273.412109	1.000000
0.000000	-60.148094	-245.036407	1.000000
0.000000	-453.617065	651.873901	1.000000
0.000000	350.822174	108.567413	1.000000
0.000000	202.085632	941.458130	1.000000
0.000000	-151.848175	106.766716	1.000000
0.000000	192.459351	479.141754	1.000000
0.000000	-10935.545898	559.401306	1.000000
0.000000	28171368.000000	16549397.000000	1.000000
0.000000	263.123138	-589.066284	1.000000
0.000000	-32799.820312	266812.187500	1.000000
0.000000	-165.423462	6.883295	1.000000
0.000000	1429.294434	2710.117676	1.000000
0.000000	4605.877441	10664.157227	1.000000
0.000000	-48591.390625	-126250.796875	1.000000
0.000000	112.367767	-483.519379	1.000000
0.000000	1929694.125000	165188.734375	1.000000
0.000000	-180173.046875	-177937.812500	1.000000
0.000000	-70158.632812	13775.268555	1.000000
0.000000	224.722000	-65.880722	1.000000
0.000000	-131089.437500	14898.396484	1.000000
0.000000	-1012.365784	204.496338	1.000000
0.000000	-1284.814575	1053.064575	1.000000
0.000000	-1169.318604	1104.413940	1.000000
0.000000	49244.324219	57492.937500	1.000000
0.000000	83928.382812	3722.814209	1.000000
0.000000	993.612122	-423.176147	1.000000
0.000000	-294.433563	-243.096024	1.000000
0.000000	-1589278.625000	-1200867.375000	1.000000
0.000000	-204.843033	125.326645	1.000000
0.000000	2590553.750000	19304.234375	1.000000
0.000000	111.561813	-118.787674	1.000000
0.000000	-10408.234375	13137.587891	1.000000
0.000000	1826645.375000	135430.984375	1.000000
0.000000	-1572.818970	723.783691	1.000000
0.000000	201.711456	34.003399	1.000000
0.000000	291.867126	5.370072	1.000000
0.000000	505.368103	1004.436340	1.000000
0.000000	-10569.590820	7365.172363	1.000000
0.000000	-302.298462	146.597107	1.000000
0.000000	27331.126953	25824.503906	1.000000
0.000000	21.606050	245.026169	1.000000
0.000000	269.783905	426.266144	1.000000
0.000000	24.802971	-9070.962891	1.000000
0.000000	-5529.505371	9771.992188	1.000000
0.000000	459107.468750	25636.878906	1.000000
0.000000	-947.760437	1074.862305	1.000000
0.000000	2118.707520	-5303.498535	1.000000
0.000000	3485.659668	-2017.132080	1.000000
0.000000	100.875885	11.239136	1.000000
0.000000	161.678131	141.929565	1.000000
0.000000	997.642334	-673.777710	1.000000
0.000000	1199.276245	11803.208008	1.000000
0.000000	18112.164062	-23771.130859	1.000000
0.000000	246.670853	-11.369623	1.000000
0.000000	-17.419621	-135.347992	1.000000
0.000000	1208.194580	1133.651123	1.000000
0.000000	337.109192	-43.771885	1.000000
0.000000	94.927376	98.224113	1.000000
0.000000	-1506.593750	109.943428	1.000000
0.000000	75243.546875	-7416.616211	1.000000
0.000000	61.807472	330.567871	1.000000
0.000000	-285.062256	-720.712036	1.000000
0.000000	1183.426025	-9675.193359	1.000000
0.000000	221.359558	233.490479	1.000000
0.000000	179.493073	170.022293	1.000000
0.000000	-3897.539307	-4672.829590	1.000000
0.000000	438.147552	219.996140	1.000000
0.000000	-1967.280640	-2922.596924	1.000000
0.000000	-26.485573	202.082474	1.000000
0.000000	22231.671875	39013.320312	1.000000
0.000000	272.499115	-24.152750	1.000000
0.000000	806.966003	-551.157043	1.000000
0.000000	1185.218018	661.070251	1.000000
0.000000	-316.503815	555.996582	1.000000
0.000000	92.170769	-254.359131	1.000000
0.000000	9544.245117	4911.574707	1.000000
0.000000	-92715.390625	-330165.218750	1.000000
0.000000	7907.116699	16946.082031	1.000000
0.000000	160.064941	-125.064682	1.000000
0.000000	3373.364014	-987.692261	1.000000
0.000000	-423396.437500	-81887.546875	1.000000
0.000000	-44105600.000000	-10494824.000000	1.000000
0.000000	5987.692383	-4654.872559	1.000000
0.000000	-258.043060	82.672424	1.000000
0.000000	956.565430	-1733.116821	1.000000
0.000000	5915.192383	405.926880	1.000000
0.000000	-187.455704	-69.954567	1.000000
0.000000	-403.895081	1020.525269	1.000000
0.000000	-18792.361328	148.743484	1.000000
0.000000	-548.335144	-154.769821	1.000000
0.000000	289.508698	-267.435028	1.000000
0.000000	14471.832031	-11070.315430	1.000000
