0.000000	31675.414062	455645.625000	1.000000
0.000000	214917.312500	175007.203125	1.000000
0.000000	1148.351807	-12523.127930	1.000000
0.000000	-776.810608	652.435120	1.000000
0.000000	16908.576172	27653.265625	1.000000
0.000000	-13943.540039	812.349060	1.000000
0.000000	-912.147888	-2342.537842	1.000000
0.000000	-594955.562500	1523932.125000	1.000000
0.000000	3442.732178	-2421.899414	1.000000
0.000000	9292453.000000	3386659.750000	1.000000
0.000000	78697400.000000	19959642.000000	1.000000
0.000000	-31.476456	-118.790771	1.000000
0.000000	-175.316986	-126.051537	1.000000
0.000000	101.860283	8.853207	1.000000
0.000000	-73337376.000000	-31090268.000000	1.000000
0.000000	515.108215	-4642.144043	1.000000
0.000000	315.403320	-163.139145	1.000000
0.000000	-6039.593262	7588.701172	1.000000
0.000000	-987.939880	469.365753	1.000000
0.000000	-216.743332	49.871685	1.000000
0.000000	867.551086	7762.780273	1.000000
0.000000	10019.179688	84919.601562	1.000000
0.000000	1.186234	574.459106	1.000000
0.000000	46.747387	262.429810	1.000000
0.000000	-207275.953125	-53158.691406	1.000000
0.000000	163.311798	-78.647949	1.000000
0.000000	10392.702148	35633.097656	1.000000
0.000000	-3680.962646	11629.361328	1.000000
0.000000	188.979782	-57.908607	1.000000
0.000000	-61725.273438	-273296.843750	1.000000
0.000000	5322.776367	-9104.773438	1.000000
0.000000	4636.686523	844.512085	1.000000
0.000000	-32.618252	365.038483	1.000000
0.000000	-353.128662	-378.702057	1.000000
0.000000	-43.744614	123.728226	1.000000
0.000000	4634.232422	2676.770752	1.000000
0.000000	243.570068	25.043493	1.000000
0.000000	-5545.205566	-1346.575562	1.000000
0.000000	-246357.328125	-73497.031250	1.000000
0.000000	-46932.761719	-6008.410645	1.000000
0.000000	272.541473	-70.538109	1.000000
0.000000	394.145874	218.631653	1.000000
0.000000	2.661731	-11.078871	1.000000
0.000000	26.536934	86.381844	1.000000
0.000000	16.298782	-13.248793	1.000000
0.000000	-465.436127	-506.238373	1.000000
0.000000	-4287.811523	3498.415527	1.000000
0.000000	-683.895508	222.091690	1.000000
0.000000	-55.313011	-11.704803	1.000000
0.000000	-6.654907	-31.004936	1.000000
0.000000	6788.681152	6306.976562	1.000000
0.000000	-730.268982	1906.199341	1.000000
0.000000	171.237122	1556.881836	1.000000
0.000000	-3249.021240	-11858.004883	1.000000
0.000000	64.235802	-137.405945	1.000000
0.000000	-22.451757	-13.492825	1.000000
0.000000	-124.525085	126.612503	1.000000
0.000000	29405522.000000	-21550876.000000	1.000000
0.000000	-348.928040	1511.270142	1.000000
0.000000	666.065552	328.411652	1.000000
0.000000	1844.443970	26461.759766	1.000000
0.000000	3166.430176	-1413.003906	1.000000
0.000000	43.894405	-33.229107	1.000000
0.000000	22.810230	-145.998627	1.000000
0.000000	5543.766113	-2698.822754	1.000000
0.000000	400935.937500	-1051564.750000	1.000000
0.000000	40427.593750	142712.375000	1.000000
0.000000	899154304.000000	-490293056.000000	1.000000
0.000000	5282.784180	-14675.650391	1.000000
0.000000	-11819835.000000	-661629.437500	1.000000
0.000000	10480.983398	-15337.649414	1.000000
0.000000	57.897774	-115.169662	1.000000
0.000000	-75.039368	-598.301208	1.000000
0.000000	-763.854614	931.077881	1.000000
0.000000	424657.687500	2555.642334	1.000000
0.000000	-9089.755859	10700.543945	1.000000
0.000000	79.111862	602.089661	1.000000
0.000000	55.470516	-24.716429	1.000000
0.000000	3396.278809	-13025.833008	1.000000
0.000000	-935690816.000000	516809408.000000	1.000000
0.000000	1333545.500000	79997.546875	1.000000
0.000000	370408.687500	-121690.984375	1.000000
0.000000	282798.250000	227313.468750	1.000000
0.000000	25138.595703	-23260.574219	1.000000
0.000000	2203343.750000	933993.187500	1.000000
0.000000	-15.486515	-2.041288	1.000000
0.000000	345.099396	26.410086	1.000000
0.000000	-3332.313721	-575.904541	1.000000
0.000000	-1639.948364	1455.536255	1.000000
0.000000	-23.630028	43.166504	1.000000
0.000000	80.150116	209.912354	1.000000
0.000000	-956.458862	1170.546265	1.000000
0.000000	687.671448	-44.369911	1.000000
0.000000	175.131332	-443.489777	1.000000
0.000000	-4355021.000000	2416277.250000	1.000000
0.000000	875.308594	478.615784	1.000000
0.000000	138.415131	-88014.312500	1.000000
0.000000	1711789.125000	-2028472.500000	1.000000
0.000000	762.274292	-1774.197266	1.000000
0.000000	-483.167419	-5150.630371	1.000000
0.000000	691415.187500	-227187.531250	1.000000
0.000000	12310197.000000	-6573529.500000	1.000000
0.000000	-21882.294922	-21245.675781	1.000000
0.000000	170422.515625	-24369.097656	1.000000
0.000000	140.804733	-52.428394	1.000000
0.000000	30.963266	43.561707	1.000000
0.000000	882.851501	-1721.349365	1.000000
0.000000	23.923660	-39.265755	1.000000
0.000000	8.081939	-15.789206	1.000000
0.000000	-804.906006	809.758484	1.000000
0.000000	52.696434	-3178.761963	1.000000
0.000000	-53591.148438	119833.890625	1.000000
0.000000	-2.666193	-6.296075	1.000000
0.000000	-88.086044	-42.649654	1.000000
0.000000	-395.019745	-1151.423218	1.000000
0.000000	-64848.386719	15690.003906	1.000000
0.000000	2352.995850	523.661926	1.000000
0.000000	55568.925781	149412.109375	1.000000
0.000000	-12970.893555	6688.510742	1.000000
0.000000	-41566.253906	-29946.171875	1.000000
0.000000	-8681.473633	13655.796875	1.000000
0.000000	57.832394	223.173767	1.000000
0.000000	-105.635345	-15.817907	1.000000
0.000000	1354.651367	3370.428467	1.000000
0.000000	363.402985	-342.380096	1.000000
0.000000	2102.406982	334.064667	1.000000
0.000000	512.072998	-263.035339	1.000000
0.000000	14050.880859	-13966.417969	1.000000
0.000000	-62.209167	10.891436	1.000000
0.000000	-1060.771484	1782.621704	1.000000
0.000000	30.808874	60.053940	1.000000
0.000000	-13613.745117	-2921.311768	1.000000
0.000000	-28488.128906	-61293.078125	1.000000
0.000000	1545.141357	7817.301758	1.000000
0.000000	-2702.178711	2070.443848	1.000000
0.000000	-165.440887	-35.777550	1.000000
0.000000	253.811813	421.381042	1.000000
0.000000	-4003.101807	-16256.500977	1.000000
0.000000	490.501740	-107.288841	1.000000
0.000000	-8495.931641	12910.144531	1.000000
0.000000	-982.408325	-2904.432617	1.000000
0.000000	973.705139	285.034943	1.000000
0.000000	5.669590	-192.693329	1.000000
0.000000	-5931.278809	-20556.255859	1.000000
0.000000	-13.289038	-34.203541	1.000000
0.000000	22593.789062	-24315.318359	1.000000
0.000000	-105.853180	37.159801	1.000000
0.000000	-3300464.250000	1376390.750000	1.000000
0.000000	-17887.423828	-989.990845	1.000000
0.000000	64.145073	315.049622	1.000000
0.022233	62.690376	-70.529808	1.000000
0.000000	6590.875488	2979.141602	1.000000
0.000000	-26406.943359	-23455.925781	1.000000
0.000000	-586712.625000	317280.156250	1.000000
0.000000	-108536.234375	249358.859375	1.000000
0.000000	38321.625000	-56191.003906	1.000000
0.000000	411.469208	-1499.483521	1.000000
0.000000	-17.674747	-88.412781	1.000000
0.000000	-153.408508	-708.741089	1.000000
0.000000	-308.013000	399.640472	1.000000
0.000000	4112436.000000	2116301.500000	1.000000
0.000000	-115.485962	153.380966	1.000000
0.000000	-45161.449219	75686.687500	1.000000
0.000000	441.180481	1567.040283	1.000000
0.000000	4549.144043	12638.079102	1.000000
0.000000	648.180481	1899.056641	1.000000
0.000000	-43892.558594	2152.304443	1.000000
0.000000	246000.484375	-842228.687500	1.000000
0.919505	37.927532	-18.265482	1.000000
0.000000	157.137329	-150.783829	1.000000
0.000000	-33095.925781	-139731.859375	1.000000
0.000000	-14240.147461	-13839.218750	1.000000
0.000000	-89.578796	-67.343361	1.000000
0.000000	-323232.031250	730136.875000	1.000000
0.000000	-31613.636719	-19820.097656	1.000000
0.000000	-158.889297	-953.301636	1.000000
0.022233	67.469040	-72.648277	1.000000
0.000000	-3909.437988	-12689.410156	1.000000
0.000000	12.559487	-37.069401	1.000000
0.000000	3113.962402	3276.972168	1.000000
0.000000	-110.511787	442.553680	1.000000
0.000000	799545.187500	-982912.687500	1.000000
0.000000	-91.049431	359.042908	1.000000
0.000000	-3561.615479	-2007.875366	1.000000
0.000000	34.877266	2610.843994	1.000000
0.000000	-108.992203	90.354370	1.000000
0.000000	20001.720703	10287.914062	1.000000
0.000000	-218.494873	635.577820	1.000000
0.000000	-3082.946289	-1820.835083	1.000000
0.000000	65008.152344	112383.820312	1.000000
0.000000	48.132149	13.410324	1.000000
0.000000	484892.843750	100531.796875	1.000000
0.000000	-27.491987	27.086424	1.000000
0.000000	80.450783	-2.086007	1.000000
0.000000	268.774933	-177.077759	1.000000
0.000000	5.414660	-76.403885	1.000000
0.000000	-52538.847656	-3280.429932	1.000000
0.000000	11240.393555	1125.177124	1.000000
0.000000	-158.466751	103.668640	1.000000
0.000000	-170.669632	1991.660889	1.000000
0.000000	-7858.290527	-92864.234375	1.000000
0.000000	-387.513885	1349.502197	1.000000
0.000000	151.242126	76.613213	1.000000
0.000000	39.293911	9.488146	1.000000
0.000000	41.450882	40.862354	1.000000
0.000000	-42662.332031	-77908.320312	1.000000
0.000000	537.434265	-902.084473	1.000000
0.000000	-171.833466	67.199646	1.000000
0.000000	47.914738	-460.977264	1.000000
0.000000	-431.507080	411.317261	1.000000
0.000000	182.049301	281.320099	1.000000
0.000000	144.673370	706.797485	1.000000
0.000000	-43.949463	-95.473770	1.000000
0.000000	-2.000105	335.206604	1.000000
0.000000	-10694.989258	577.089294	1.000000
0.000000	28171368.000000	16549397.000000	1.000000
0.000000	100.310455	-410.712433	1.000000
0.000000	-32894.156250	266963.125000	1.000000
0.000000	72.938721	15.773487	1.000000
0.000000	1228.240967	2843.367188	1.000000
0.000000	4841.717285	10607.555664	1.000000
0.000000	-48836.664062	-126250.796875	1.000000
0.000000	324.378754	-367.957855	1.000000
0.000000	1929694.125000	165037.796875	1.000000
0.000000	-180399.453125	-177937.812500	1.000000
0.000000	-69969.960938	13912.055664	1.000000
0.000000	81.641289	123.477402	1.000000
0.000000	-131013.968750	14667.273438	1.000000
0.000000	-796.867126	95.273018	1.000000
0.000000	-1133.287476	1241.146851	1.000000
0.000000	-1106.821045	871.125732	1.000000
0.000000	49187.722656	57266.531250	1.000000
0.000000	84117.054688	3867.855713	1.000000
0.000000	763.373474	-496.581299	1.000000
0.000000	-79.758789	-132.472397	1.000000
0.000000	-1589278.625000	-1200867.375000	1.000000
0.000000	26.220242	54.228054	1.000000
0.000000	2590553.750000	19087.261719	1.000000
0.000000	30.795382	100.761620	1.000000
0.000000	-10266.730469	12939.482422	1.000000
0.000000	1826645.375000	135581.921875	1.000000
0.000000	-1600.530151	483.816650	1.000000
0.000000	-33.579826	-15.162222	1.000000
0.000000	90.967873	139.430603	1.000000
0.000000	698.167175	1150.027710	1.000000
0.000000	-10404.502930	7188.292480	1.000000
0.000000	-65.574242	98.788361	1.000000
0.000000	27321.693359	25579.230469	1.000000
0.000000	-154.682098	79.949013	1.000000
0.000000	258.876312	184.994202	1.000000
0.000000	259.745300	-9127.564453	1.000000
0.000000	-5288.948730	9767.275391	1.000000
0.000000	458956.531250	25816.117188	1.000000
0.000000	-721.354187	991.139160	1.000000
0.000000	1924.514893	-5447.360840	1.000000
0.000000	3480.942871	-1775.396240	1.000000
0.000000	-31.222178	-190.924896	1.000000
0.000000	-44.837963	16.295959	1.000000
0.000000	1101.486572	-455.882721	1.000000
0.000000	1171.565063	12043.764648	1.000000
0.000000	18348.003906	-23723.962891	1.000000
0.000000	5.523849	5.843264	1.000000
0.000000	-24.726427	102.371643	1.000000
0.000000	1408.658447	999.168091	1.000000
0.000000	95.673103	-37.599514	1.000000
0.000000	53.906883	-135.995667	1.000000
0.000000	-1736.537598	36.287262	1.000000
0.000000	75017.140625	-7442.558594	1.000000
0.000000	-2.490794	97.778137	1.000000
0.000000	-526.503296	-720.712036	1.000000
0.000000	1198.755615	-9915.750000	1.000000
0.000000	75.346672	41.135796	1.000000
0.000000	-2.820902	15.551833	1.000000
0.000000	-4008.384033	-4887.443848	1.000000
0.000000	199.931976	180.640366	1.000000
0.000000	-1773.302368	-2778.734619	1.000000
0.000000	-123.440948	-12.507246	1.000000
0.000000	22193.937500	38768.046875	1.000000
0.919505	34.358803	-20.800451	1.000000
0.000000	565.524963	-555.284241	1.000000
0.000000	976.499756	539.612732	1.000000
0.000000	-306.480621	314.729858	1.000000
0.000000	-57.199402	-75.415283	1.000000
0.000000	9421.608398	5119.113770	1.000000
0.000000	-92828.593750	-330014.281250	1.000000
0.000000	7666.560059	16936.648438	1.000000
0.000000	1.775865	57.356400	1.000000
0.000000	3294.357666	-1215.914185	1.000000
0.000000	-423547.375000	-81698.875000	1.000000
0.000000	-44105600.000000	-10494824.000000	1.000000
0.000000	5879.206055	-4869.486816	1.000000
0.000000	-166.400543	-140.714676	1.000000
0.000000	744.899170	-1849.267944	1.000000
0.000000	6103.864258	555.979980	1.000000
0.000000	37.075108	19.433853	1.000000
0.000000	-162.720337	1032.317261	1.000000
0.000000	-18830.095703	387.203369	1.000000
0.000000	-306.894104	-148.063126	1.000000
0.000000	257.558533	-29.469604	1.000000
0.000000	14250.142578	-11164.651367	1.000000
