0.000000	31557.210938	455756.875000	1.000000
0.000000	214972.937500	175174.078125	1.000000
0.000000	1174.860596	-12700.432617	1.000000
0.000000	-598.854065	649.827698	1.000000
0.000000	16894.669922	27472.484375	1.000000
0.000000	-13769.711914	772.151306	1.000000
0.000000	-752.443298	-2420.760498	1.000000
0.000000	-595178.062500	1523932.125000	1.000000
0.000000	3533.991943	-2268.930664	1.000000
0.000000	9292453.000000	3386659.750000	1.000000
0.000000	78697400.000000	19959642.000000	1.000000
0.000000	-203.255615	-165.403809	1.000000
0.000000	-259.571594	30.739208	1.000000
0.000000	95.314568	-169.029251	1.000000
0.000000	-73337376.000000	-31090268.000000	1.000000
0.000000	670.032532	-4555.229980	1.000000
0.000000	357.122070	-336.177612	1.000000
0.000000	-6131.722168	7741.669922	1.000000
0.000000	-987.505310	291.409210	1.000000
0.000000	-277.835358	217.071457	1.000000
0.000000	905.793274	7936.608398	1.000000
0.000000	10179.101562	85003.039062	1.000000
0.000000	-33.247372	749.156372	1.000000
0.000000	177.772125	141.945190	1.000000
0.000000	-207164.703125	-53283.847656	1.000000
0.000000	340.753510	-64.714539	1.000000
0.000000	10389.225586	35452.316406	1.000000
0.000000	-3855.659912	11594.595703	1.000000
0.000000	344.555969	-144.388092	1.000000
0.000000	-61544.492188	-273296.843750	1.000000
0.000000	5216.741211	-8962.234375	1.000000
0.000000	4808.776367	888.403687	1.000000
0.000000	-196.815735	433.857391	1.000000
0.000000	-483.391113	-257.348297	1.000000
0.000000	-182.861435	12.689338	1.000000
0.000000	4795.892578	2750.647705	1.000000
0.000000	78.043495	-40.364449	1.000000
0.000000	-5682.529785	-1459.129272	1.000000
0.000000	-246301.703125	-73663.906250	1.000000
0.000000	-46793.699219	-6116.184082	1.000000
0.000000	409.757050	42.800373	1.000000
0.000000	497.030396	73.366310	1.000000
0.000000	-1.182219	163.962143	1.000000
0.000000	-48.142811	-71.483398	1.000000
0.000000	38.582531	161.620422	1.000000
0.000000	-532.577209	-341.427582	1.000000
0.000000	-4141.795898	3396.726074	1.000000
0.000000	-784.933105	368.650543	1.000000
0.000000	-95.853104	-184.774292	1.000000
0.000000	-181.881622	-65.846230	1.000000
0.000000	6965.985840	6287.855469	1.000000
0.000000	-827.395447	1757.141724	1.000000
0.000000	70.075325	1410.431641	1.000000
0.000000	-3352.448975	-11711.989258	1.000000
0.000000	228.622559	-69.147507	1.000000
0.000000	-18.447607	-189.398682	1.000000
0.000000	53.370125	120.447037	1.000000
0.000000	29405522.000000	-21550876.000000	1.000000
0.000000	-492.336243	1616.436157	1.000000
0.000000	548.948853	462.367950	1.000000
0.000000	1752.749634	26308.791016	1.000000
0.000000	3234.223145	-1577.706055	1.000000
0.000000	-49.169903	-186.294983	1.000000
0.000000	118.850922	-295.856598	1.000000
0.000000	5434.254395	-2838.754395	1.000000
0.000000	401047.187500	-1051564.750000	1.000000
0.000000	40274.625000	142601.125000	1.000000
0.000000	899154304.000000	-490293056.000000	1.000000
0.000000	5168.057617	-14811.236328	1.000000
0.000000	-11819835.000000	-661406.937500	1.000000
0.000000	10571.374023	-15184.680664	1.000000
0.000000	4.082297	-282.717865	1.000000
0.000000	-209.375916	-714.983337	1.000000
0.000000	-585.898071	924.993896	1.000000
0.000000	424435.187500	2511.316162	1.000000
0.000000	-9263.583984	10658.825195	1.000000
0.000000	-93.667046	559.284485	1.000000
0.000000	39.880306	-202.024124	1.000000
0.000000	3413.661621	-13203.137695	1.000000
0.000000	-935690816.000000	516809408.000000	1.000000
0.000000	1333545.500000	80164.421875	1.000000
0.000000	370631.187500	-121718.796875	1.000000
0.000000	282575.750000	227369.093750	1.000000
0.000000	24978.673828	-23177.136719	1.000000
0.000000	2203343.750000	933770.687500	1.000000
0.000000	-106.365227	146.083588	1.000000
0.000000	172.876114	-14.900506	1.000000
0.000000	-3221.063721	-436.842041	1.000000
0.000000	-1660.807739	1632.406372	1.000000
0.000000	58.446083	201.120010	1.000000
0.000000	34.420376	37.878895	1.000000
0.000000	-1128.114136	1123.612671	1.000000
0.000000	838.032776	-139.682739	1.000000
0.000000	214.731552	-269.987579	1.000000
0.000000	-4355021.000000	2416277.250000	1.000000
0.000000	1029.356201	567.879333	1.000000
0.000000	-35.787952	-88042.125000	1.000000
0.000000	1711789.125000	-2028472.500000	1.000000
0.000000	795.518921	-1599.500000	1.000000
0.000000	-336.825867	-5251.450684	1.000000
0.000000	691415.187500	-227354.406250	1.000000
0.000000	12310197.000000	-6573529.500000	1.000000
0.000000	-21924.013672	-21419.503906	1.000000
0.000000	170589.390625	-24473.394531	1.000000
0.000000	64.452423	105.837769	1.000000
0.000000	201.637436	-6.911291	1.000000
0.000000	710.544373	-1765.675537	1.000000
0.000000	-87.980843	-172.133957	1.000000
0.000000	72.862167	-181.578445	1.000000
0.000000	-855.968018	980.327332	1.000000
0.000000	-119.875046	-3135.304932	1.000000
0.000000	-53771.929688	119833.890625	1.000000
0.000000	60.062874	162.003799	1.000000
0.000000	-260.324310	2.479108	1.000000
0.000000	-223.809265	-1102.751343	1.000000
0.000000	-64695.417969	15592.660156	1.000000
0.000000	2406.013428	693.578918	1.000000
0.000000	55707.988281	149523.359375	1.000000
0.000000	-13141.245117	6632.885742	1.000000
0.000000	-41705.316406	-29841.875000	1.000000
0.000000	-8535.458008	13756.617188	1.000000
0.000000	218.635254	299.464233	1.000000
0.000000	-237.911484	103.791954	1.000000
0.000000	1482.849609	3247.010498	1.000000
0.000000	535.275513	-388.770477	1.000000
0.000000	1987.908936	197.632843	1.000000
0.000000	546.838623	-437.623962	1.000000
0.000000	14012.638672	-14140.246094	1.000000
0.000000	-213.994614	-82.071587	1.000000
0.000000	-1128.129883	1617.919556	1.000000
0.000000	158.029327	184.557907	1.000000
0.000000	-13439.916992	-2960.423096	1.000000
0.000000	-28599.378906	-61432.140625	1.000000
0.000000	1642.485107	7966.793945	1.000000
0.000000	-2593.536133	1929.643066	1.000000
0.000000	-2.568911	-107.590294	1.000000
0.000000	136.097580	287.859314	1.000000
0.000000	-3890.113525	-16117.438477	1.000000
0.000000	661.491516	-57.612022	1.000000
0.000000	-8673.236328	12924.050781	1.000000
0.000000	-928.738892	-3073.915039	1.000000
0.000000	954.366760	462.013702	1.000000
0.000000	179.610733	-230.446625	1.000000
0.000000	-5755.712402	-20528.443359	1.000000
0.000000	-3.925406	-211.954849	1.000000
0.000000	22545.117188	-24489.146484	1.000000
0.000000	-224.650528	-93.487160	1.000000
0.000000	-3300464.250000	1376390.750000	1.000000
0.000000	-17950.001953	-1155.996704	1.000000
0.000000	-10.663965	475.683960	1.000000
0.000000	120.952187	-237.348053	1.000000
0.000000	6648.238770	2810.528320	1.000000
0.000000	-26240.068359	-23400.300781	1.000000
0.000000	-586712.625000	317391.406250	1.000000
0.000000	-108536.234375	249191.984375	1.000000
0.000000	38140.843750	-56191.003906	1.000000
0.000000	526.630371	-1635.069458	1.000000
0.000000	66.721016	68.310051	1.000000
0.000000	-194.095154	-535.564819	1.000000
0.000000	-356.576233	570.861206	1.000000
0.000000	4112436.000000	2116301.500000	1.000000
0.000000	59.003559	188.526840	1.000000
0.000000	-45230.980469	75853.562500	1.000000
0.000000	601.706238	1643.959229	1.000000
0.000000	4721.233887	12592.883789	1.000000
0.000000	630.580383	1721.751953	1.000000
0.000000	-44017.714844	2282.675537	1.000000
0.000000	245833.609375	-842228.687500	1.000000
0.000000	-122.390381	-92.558090	1.000000
0.000000	330.236298	-138.990906	1.000000
0.000000	-33026.394531	-139898.734375	1.000000
0.000000	-14299.249023	-13672.343750	1.000000
0.000000	-267.363037	-76.360695	1.000000
0.000000	-323454.531250	730136.875000	1.000000
0.000000	-31460.667969	-19729.707031	1.000000
0.000000	-319.788971	-1029.351440	1.000000
0.000000	116.648453	-245.018692	1.000000
0.000000	-3739.086426	-12741.558594	1.000000
0.000000	58.832924	-208.660110	1.000000
0.000000	3166.979980	3107.489746	1.000000
0.000000	-26.213778	285.841888	1.000000
0.000000	799322.687500	-982912.687500	1.000000
0.000000	-266.564789	388.702332	1.000000
0.000000	-3391.263916	-2058.285400	1.000000
0.000000	-2.529105	2784.672119	1.000000
0.000000	-234.578918	216.534622	1.000000
0.000000	19911.330078	10440.882812	1.000000
0.000000	-43.048637	605.592468	1.000000
0.000000	-3252.428711	-1876.460083	1.000000
0.000000	65063.777344	112550.695312	1.000000
0.000000	178.578476	135.876923	1.000000
0.000000	484892.843750	100698.671875	1.000000
0.000000	-156.233429	150.011688	1.000000
0.000000	79.003532	173.672714	1.000000
0.000000	299.303497	-1.724028	1.000000
0.000000	-171.043381	-88.283997	1.000000
0.000000	-52469.316406	-3118.769775	1.000000
0.000000	11334.260742	1276.407593	1.000000
0.000000	-110.076553	-67.632942	1.000000
0.000000	-66.736992	1846.948975	1.000000
0.000000	-7866.981934	-93031.109375	1.000000
0.000000	-494.092255	1206.963135	1.000000
0.000000	36.967995	209.211182	1.000000
0.000000	212.081467	-40.290184	1.000000
0.000000	49.452267	218.708191	1.000000
0.000000	-42801.394531	-77797.070312	1.000000
0.000000	398.282990	-1013.117188	1.000000
0.000000	-79.175667	219.190613	1.000000
0.000000	-31.734129	-301.815887	1.000000
0.000000	-447.803467	588.621948	1.000000
0.000000	306.445038	153.990997	1.000000
0.000000	186.989655	879.756470	1.000000
0.000000	-122.138779	50.646111	1.000000
0.000000	141.319061	441.508392	1.000000
0.000000	-10872.293945	564.052185	1.000000
0.000000	28171368.000000	16549397.000000	1.000000
0.000000	220.312454	-542.169922	1.000000
0.000000	-32824.625000	266851.875000	1.000000
0.000000	-101.942940	8.496569	1.000000
0.000000	1376.429443	2745.154297	1.000000
0.000000	4667.889160	10649.274414	1.000000
0.000000	-48655.882812	-126250.796875	1.000000
0.000000	168.120178	-453.133636	1.000000
0.000000	1929694.125000	165149.046875	1.000000
0.000000	-180232.578125	-177937.812500	1.000000
0.000000	-70109.023438	13811.235352	1.000000
0.000000	186.546036	-15.141573	1.000000
0.000000	-131069.593750	14837.625000	1.000000
0.000000	-955.702576	175.777161	1.000000
0.000000	-1244.972046	1102.518921	1.000000
0.000000	-1152.885498	1043.022339	1.000000
0.000000	49229.441406	57433.406250	1.000000
0.000000	83977.992188	3760.951416	1.000000
0.000000	933.073181	-442.477295	1.000000
0.000000	-237.996704	-214.008652	1.000000
0.000000	-1589278.625000	-1200867.375000	1.000000
0.000000	-143.567703	108.631927	1.000000
0.000000	2590553.750000	19247.183594	1.000000
0.000000	89.499207	-59.246346	1.000000
0.000000	-10371.027344	13085.498047	1.000000
0.000000	1826645.375000	135470.671875	1.000000
0.000000	-1580.105347	660.686768	1.000000
0.000000	139.816010	19.832752	1.000000
0.000000	239.040909	40.620178	1.000000
0.000000	556.062683	1042.688843	1.000000
0.000000	-10526.182617	7318.663574	1.000000
0.000000	-240.054214	134.020355	1.000000
0.000000	27328.646484	25760.011719	1.000000
0.000000	-24.745955	201.617966	1.000000
0.000000	266.915863	362.820404	1.000000
0.000000	86.575531	-9085.845703	1.000000
0.000000	-5466.253418	9770.751953	1.000000
0.000000	459067.781250	25684.007812	1.000000
0.000000	-888.229187	1052.848145	1.000000
0.000000	2067.547852	-5341.325684	1.000000
0.000000	3484.419434	-1953.570068	1.000000
0.000000	66.139633	-41.919586	1.000000
0.000000	107.375435	109.019005	1.000000
0.000000	1025.002197	-616.494385	1.000000
0.000000	1191.989868	11866.459961	1.000000
0.000000	18174.175781	-23758.728516	1.000000
0.000000	183.341385	-6.753868	1.000000
0.000000	-20.975605	-71.949570	1.000000
0.000000	1260.904541	1098.304443	1.000000
0.000000	273.624695	-42.148922	1.000000
0.000000	84.743889	35.543831	1.000000
0.000000	-1567.055176	90.574455	1.000000
0.000000	75184.015625	-7423.437500	1.000000
0.000000	44.899590	269.370056	1.000000
0.000000	-348.546753	-720.712036	1.000000
0.000000	1187.456787	-9738.445312	1.000000
0.000000	182.970428	182.912170	1.000000
0.000000	131.065796	128.958908	1.000000
0.000000	-3926.684814	-4729.260254	1.000000
0.000000	375.515717	209.647934	1.000000
0.000000	-1916.276001	-2884.769775	1.000000
0.000000	-53.247505	144.489090	1.000000
0.000000	22221.750000	38948.828125	1.000000
0.000000	209.000275	-24.361071	1.000000
0.000000	743.481506	-552.242249	1.000000
0.000000	1130.337646	629.134216	1.000000
0.000000	-313.868317	492.577759	1.000000
0.000000	52.115078	-205.079193	1.000000
0.000000	9511.999023	4966.145020	1.000000
0.000000	-92745.156250	-330125.531250	1.000000
0.000000	7843.864746	16943.601562	1.000000
0.000000	119.098450	-76.550201	1.000000
0.000000	3352.590088	-1047.735474	1.000000
0.000000	-423436.125000	-81837.937500	1.000000
0.000000	-44105600.000000	-10494824.000000	1.000000
0.000000	5959.166992	-4711.303223	1.000000
0.000000	-233.936005	23.926006	1.000000
0.000000	900.909912	-1763.657593	1.000000
0.000000	5964.801758	445.381836	1.000000
0.000000	-128.505814	-46.345287	1.000000
0.000000	-340.488098	1023.625854	1.000000
0.000000	-18802.283203	211.433456	1.000000
0.000000	-484.850647	-153.006363	1.000000
0.000000	282.261078	-204.353973	1.000000
0.000000	14413.541016	-11095.120117	1.000000
