0.000000	31536.957031	455775.937500	1.000000
0.000000	214982.468750	175202.671875	1.000000
0.000000	1179.402832	-12730.813477	1.000000
0.000000	-568.361511	649.380920	1.000000
0.000000	16892.287109	27441.507812	1.000000
0.000000	-13739.926758	765.263489	1.000000
0.000000	-725.078186	-2434.163818	1.000000
0.000000	-595216.187500	1523932.125000	1.000000
0.000000	3549.629150	-2242.719727	1.000000
0.000000	9292453.000000	3386659.750000	1.000000
0.000000	78697400.000000	19959642.000000	1.000000
0.000000	-232.687073	-173.389954	1.000000
0.000000	-274.017395	57.604023	1.000000
0.000000	94.192970	-199.512497	1.000000
0.000000	-73337376.000000	-31090268.000000	1.000000
0.000000	696.578552	-4540.337402	1.000000
0.000000	364.270508	-365.832458	1.000000
0.000000	-6147.508301	7767.880859	1.000000
0.000000	-987.430847	260.916656	1.000000
0.000000	-288.297394	245.721054	1.000000
0.000000	912.346008	7966.393555	1.000000
0.000000	10206.503906	85017.335938	1.000000
0.000000	-39.148556	779.090454	1.000000
0.000000	198.331787	123.738480	1.000000
0.000000	-207145.640625	-53305.292969	1.000000
0.000000	371.152985	-62.327072	1.000000
0.000000	10388.629883	35421.339844	1.000000
0.000000	-3885.593994	11588.638672	1.000000
0.000000	371.213684	-159.206207	1.000000
0.000000	-61513.515625	-273296.843750	1.000000
0.000000	5198.572266	-8937.810547	1.000000
0.000000	4838.263672	895.924438	1.000000
0.000000	-224.944092	445.659760	1.000000
0.000000	-505.711365	-236.563248	1.000000
0.000000	-206.698868	-6.337837	1.000000
0.000000	4823.592773	2763.306396	1.000000
0.000000	49.677788	-51.575768	1.000000
0.000000	-5706.060059	-1478.415161	1.000000
0.000000	-246292.171875	-73692.500000	1.000000
0.000000	-46769.871094	-6134.650879	1.000000
0.000000	433.268707	62.221226	1.000000
0.000000	514.656677	48.473888	1.000000
0.000000	-1.456073	194.464005	1.000000
0.000000	-61.883541	-98.713547	1.000000
0.000000	42.373158	191.880280	1.000000
0.000000	-544.081726	-313.187531	1.000000
0.000000	-4116.776367	3379.301758	1.000000
0.000000	-802.245728	393.763153	1.000000
0.000000	-102.564072	-214.522217	1.000000
0.000000	-211.731934	-72.119728	1.000000
0.000000	6996.366699	6284.579102	1.000000
0.000000	-844.037903	1731.600952	1.000000
0.000000	52.739433	1385.337646	1.000000
0.000000	-3370.171143	-11686.969727	1.000000
0.000000	256.788147	-57.450874	1.000000
0.000000	-17.693670	-219.891235	1.000000
0.000000	83.852562	119.390594	1.000000
0.000000	29405522.000000	-21550876.000000	1.000000
0.000000	-516.908997	1634.456177	1.000000
0.000000	528.881104	485.321136	1.000000
0.000000	1737.037964	26282.580078	1.000000
0.000000	3245.839355	-1605.927490	1.000000
0.000000	-65.218803	-212.235992	1.000000
0.000000	135.307220	-321.527679	1.000000
0.000000	5415.489746	-2862.731445	1.000000
0.000000	401066.250000	-1051564.750000	1.000000
0.000000	40248.414062	142582.062500	1.000000
0.000000	899154304.000000	-490293056.000000	1.000000
0.000000	5148.399414	-14834.468750	1.000000
0.000000	-11819835.000000	-661368.812500	1.000000
0.000000	10586.862305	-15158.469727	1.000000
0.000000	-4.927906	-311.851471	1.000000
0.000000	-232.394257	-734.976624	1.000000
0.000000	-555.405518	923.951416	1.000000
0.000000	424397.062500	2503.720947	1.000000
0.000000	-9293.369141	10651.676758	1.000000
0.000000	-123.270699	551.949890	1.000000
0.000000	37.208950	-232.404984	1.000000
0.000000	3416.640137	-13233.518555	1.000000
0.000000	-935690816.000000	516809408.000000	1.000000
0.000000	1333545.500000	80193.015625	1.000000
0.000000	370669.312500	-121723.562500	1.000000
0.000000	282537.625000	227378.625000	1.000000
0.000000	24951.271484	-23162.839844	1.000000
0.000000	2203343.750000	933732.562500	1.000000
0.000000	-122.430595	172.005981	1.000000
0.000000	143.109573	-21.552040	1.000000
0.000000	-3202.001221	-413.013916	1.000000
0.000000	-1664.381958	1662.712769	1.000000
0.000000	72.510262	228.187271	1.000000
0.000000	26.584679	8.403074	1.000000
0.000000	-1157.526978	1115.570679	1.000000
0.000000	863.796936	-156.018036	1.000000
0.000000	221.516983	-240.253342	1.000000
0.000000	-4355021.000000	2416277.250000	1.000000
0.000000	1055.716064	583.181458	1.000000
0.000000	-65.636063	-88046.890625	1.000000
0.000000	1711789.125000	-2028472.500000	1.000000
0.000000	801.215332	-1569.565918	1.000000
0.000000	-311.750488	-5268.726074	1.000000
0.000000	691415.187500	-227383.000000	1.000000
0.000000	12310197.000000	-6573529.500000	1.000000
0.000000	-21931.162109	-21449.289062	1.000000
0.000000	170617.984375	-24491.265625	1.000000
0.000000	51.326092	133.370422	1.000000
0.000000	230.817581	-15.780519	1.000000
0.000000	681.019836	-1773.270752	1.000000
0.000000	-108.048592	-195.105759	1.000000
0.000000	83.961792	-209.986038	1.000000
0.000000	-864.717407	1009.554016	1.000000
0.000000	-149.446121	-3127.858643	1.000000
0.000000	-53802.906250	119833.890625	1.000000
0.000000	70.846031	190.532394	1.000000
0.000000	-289.830231	10.205768	1.000000
0.000000	-194.480194	-1094.411499	1.000000
0.000000	-64669.207031	15575.980469	1.000000
0.000000	2415.097900	722.693909	1.000000
0.000000	55731.816406	149542.421875	1.000000
0.000000	-13170.434570	6623.354492	1.000000
0.000000	-41729.144531	-29824.003906	1.000000
0.000000	-8510.438477	13773.892578	1.000000
0.000000	246.186523	312.532471	1.000000
0.000000	-260.373169	124.427483	1.000000
0.000000	1504.816162	3225.863037	1.000000
0.000000	564.725586	-396.719391	1.000000
0.000000	1968.325195	174.260803	1.000000
0.000000	552.795654	-467.539429	1.000000
0.000000	14006.085938	-14170.031250	1.000000
0.000000	-240.000778	-98.001991	1.000000
0.000000	-1139.671631	1589.698120	1.000000
0.000000	179.828339	205.891525	1.000000
0.000000	-13410.131836	-2967.124756	1.000000
0.000000	-28618.441406	-61455.968750	1.000000
0.000000	1659.164795	7992.409180	1.000000
0.000000	-2574.920410	1905.517090	1.000000
0.000000	25.339193	-119.895287	1.000000
0.000000	115.924652	264.980591	1.000000
0.000000	-3870.753174	-16093.610352	1.000000
0.000000	690.792664	-49.099983	1.000000
0.000000	-8703.617188	12926.433594	1.000000
0.000000	-919.542725	-3102.955566	1.000000
0.000000	951.053162	492.338715	1.000000
0.000000	209.414505	-236.915588	1.000000
0.000000	-5725.629395	-20523.677734	1.000000
0.000000	-2.320963	-242.410172	1.000000
0.000000	22536.777344	-24518.931641	1.000000
0.000000	-245.211594	-116.012184	1.000000
0.000000	-3300464.250000	1376390.750000	1.000000
0.000000	-17960.724609	-1184.441528	1.000000
0.000000	-23.492525	503.346924	1.000000
0.000000	131.119598	-266.103302	1.000000
0.000000	6658.067871	2781.636719	1.000000
0.000000	-26211.474609	-23390.769531	1.000000
0.000000	-586712.625000	317410.468750	1.000000
0.000000	-108536.234375	249163.390625	1.000000
0.000000	38109.867188	-56191.003906	1.000000
0.000000	546.363037	-1658.301880	1.000000
0.000000	81.371590	95.060844	1.000000
0.000000	-201.066742	-505.887512	1.000000
0.000000	-364.897461	600.199585	1.000000
0.000000	4112436.000000	2116301.500000	1.000000
0.000000	86.180069	194.430191	1.000000
0.000000	-45242.894531	75882.156250	1.000000
0.000000	629.220276	1657.139160	1.000000
0.000000	4750.721191	12585.139648	1.000000
0.000000	627.564636	1691.371094	1.000000
0.000000	-44039.160156	2305.014404	1.000000
0.000000	245805.015625	-842228.687500	1.000000
0.000000	-149.979828	-105.556519	1.000000
0.000000	360.654388	-136.636017	1.000000
0.000000	-33014.480469	-139927.328125	1.000000
0.000000	-14309.375977	-13643.750000	1.000000
0.000000	-297.818359	-77.905800	1.000000
0.000000	-323492.656250	730136.875000	1.000000
0.000000	-31434.457031	-19714.218750	1.000000
0.000000	-347.358856	-1042.382446	1.000000
0.000000	124.890564	-274.379181	1.000000
0.000000	-3709.896973	-12750.494141	1.000000
0.000000	67.653488	-237.858871	1.000000
0.000000	3176.064453	3078.449219	1.000000
0.000000	-11.778619	258.979401	1.000000
0.000000	799284.562500	-982912.687500	1.000000
0.000000	-296.647797	393.784424	1.000000
0.000000	-3362.074463	-2066.923096	1.000000
0.000000	-8.938698	2814.457275	1.000000
0.000000	-256.098694	238.156784	1.000000
0.000000	19895.841797	10467.093750	1.000000
0.000000	-12.986631	600.454529	1.000000
0.000000	-3281.469238	-1885.991333	1.000000
0.000000	65073.308594	112579.289062	1.000000
0.000000	202.958710	154.038605	1.000000
0.000000	484892.843750	100727.265625	1.000000
0.000000	-178.293060	171.075378	1.000000
0.000000	81.338066	204.292694	1.000000
0.000000	304.534515	28.323826	1.000000
0.000000	-201.480087	-90.224686	1.000000
0.000000	-52457.402344	-3091.069580	1.000000
0.000000	11350.344727	1302.320679	1.000000
0.000000	-101.787903	-96.985283	1.000000
0.000000	-48.926399	1822.152832	1.000000
0.000000	-7868.471191	-93059.703125	1.000000
0.000000	-512.354614	1182.539307	1.000000
0.000000	16.818802	232.108521	1.000000
0.000000	241.233688	-49.258308	1.000000
0.000000	51.123028	249.163513	1.000000
0.000000	-42825.222656	-77778.007812	1.000000
0.000000	374.436249	-1032.158447	1.000000
0.000000	-63.301109	245.234009	1.000000
0.000000	-45.381783	-274.543854	1.000000
0.000000	-450.595825	619.002808	1.000000
0.000000	327.760040	132.173370	1.000000
0.000000	194.240479	909.392700	1.000000
0.000000	-136.409637	77.601677	1.000000
0.000000	165.882507	459.584259	1.000000
0.000000	-10902.674805	561.818298	1.000000
0.000000	28171368.000000	16549397.000000	1.000000
0.000000	240.873520	-564.694946	1.000000
0.000000	-32812.710938	266832.812500	1.000000
0.000000	-132.431519	7.721689	1.000000
0.000000	1401.821289	2728.325684	1.000000
0.000000	4638.104004	10656.422852	1.000000
0.000000	-48624.906250	-126250.796875	1.000000
0.000000	141.341461	-467.728363	1.000000
0.000000	1929694.125000	165168.109375	1.000000
0.000000	-180203.984375	-177937.812500	1.000000
0.000000	-70132.851562	13793.959961	1.000000
0.000000	204.882523	-39.512665	1.000000
0.000000	-131079.125000	14866.814453	1.000000
0.000000	-982.918762	189.571411	1.000000
0.000000	-1264.109009	1078.765259	1.000000
0.000000	-1160.778564	1072.509644	1.000000
0.000000	49236.589844	57462.000000	1.000000
0.000000	83954.164062	3742.633545	1.000000
0.000000	962.150940	-433.206665	1.000000
0.000000	-265.107391	-227.979752	1.000000
0.000000	-1589278.625000	-1200867.375000	1.000000
0.000000	-172.999161	116.650650	1.000000
0.000000	2590553.750000	19274.585938	1.000000
0.000000	100.096207	-87.845139	1.000000
0.000000	-10388.898438	13110.517578	1.000000
0.000000	1826645.375000	135451.609375	1.000000
0.000000	-1576.605591	690.993164	1.000000
0.000000	169.545319	26.639126	1.000000
0.000000	264.414124	23.689178	1.000000
0.000000	531.713318	1024.296509	1.000000
0.000000	-10547.032227	7341.002441	1.000000
0.000000	-269.951050	140.061157	1.000000
0.000000	27329.837891	25790.988281	1.000000
0.000000	-2.482422	222.467575	1.000000
0.000000	268.293427	393.294342	1.000000
0.000000	56.906166	-9078.697266	1.000000
0.000000	-5496.634277	9771.347656	1.000000
0.000000	459086.843750	25661.371094	1.000000
0.000000	-916.822937	1063.421875	1.000000
0.000000	2092.120605	-5323.156738	1.000000
0.000000	3485.015137	-1984.099854	1.000000
0.000000	82.823975	-16.386509	1.000000
0.000000	133.459747	124.828407	1.000000
0.000000	1011.862305	-644.008423	1.000000
0.000000	1195.489624	11836.079102	1.000000
0.000000	18144.390625	-23764.685547	1.000000
0.000000	213.759476	-8.970884	1.000000
0.000000	-19.267612	-102.400238	1.000000
0.000000	1235.587158	1115.281982	1.000000
0.000000	304.117249	-42.928455	1.000000
0.000000	89.635170	65.650108	1.000000
0.000000	-1538.014648	99.877663	1.000000
0.000000	75212.609375	-7420.161133	1.000000
0.000000	53.020699	298.764282	1.000000
0.000000	-318.054199	-720.712036	1.000000
0.000000	1185.520752	-9708.064453	1.000000
0.000000	201.409302	207.205688	1.000000
0.000000	154.326141	148.682266	1.000000
0.000000	-3912.685791	-4702.155762	1.000000
0.000000	405.598724	214.618332	1.000000
0.000000	-1940.774292	-2902.938721	1.000000
0.000000	-40.393349	172.152054	1.000000
0.000000	22226.515625	38979.804688	1.000000
0.000000	239.502136	-24.261011	1.000000
0.000000	773.974060	-551.721008	1.000000
0.000000	1156.697510	644.473572	1.000000
0.000000	-315.134186	523.044922	1.000000
0.000000	71.354424	-228.749084	1.000000
0.000000	9527.487305	4939.934082	1.000000
0.000000	-92730.859375	-330144.593750	1.000000
0.000000	7874.245605	16944.792969	1.000000
0.000000	138.775269	-99.852432	1.000000
0.000000	3362.568115	-1018.911743	1.000000
0.000000	-423417.062500	-81861.765625	1.000000
0.000000	-44105600.000000	-10494824.000000	1.000000
0.000000	5972.868164	-4684.198730	1.000000
0.000000	-245.514984	52.142788	1.000000
0.000000	927.642090	-1748.988403	1.000000
0.000000	5940.973633	426.431030	1.000000
0.000000	-156.820328	-57.684589	1.000000
0.000000	-370.943420	1022.136597	1.000000
0.000000	-18797.517578	181.322525	1.000000
0.000000	-515.343201	-153.853378	1.000000
0.000000	285.742218	-234.651062	1.000000
0.000000	14441.539062	-11083.206055	1.000000
