0.000000	31525.667969	455786.562500	1.000000
0.000000	214987.781250	175218.609375	1.000000
0.000000	1181.934570	-12747.747070	1.000000
0.000000	-551.365662	649.131897	1.000000
0.000000	16890.958984	27424.242188	1.000000
0.000000	-13723.325195	761.424377	1.000000
0.000000	-709.825500	-2441.634521	1.000000
0.000000	-595237.437500	1523932.125000	1.000000
0.000000	3558.344971	-2228.110352	1.000000
0.000000	9292453.000000	3386659.750000	1.000000
0.000000	78697400.000000	19959642.000000	1.000000
0.000000	-249.091492	-177.841248	1.000000
0.000000	-282.069153	72.578598	1.000000
0.000000	93.567818	-216.503159	1.000000
0.000000	-73337376.000000	-31090268.000000	1.000000
0.000000	711.374695	-4532.036621	1.000000
0.000000	368.254883	-382.361389	1.000000
0.000000	-6156.307129	7782.490234	1.000000
0.000000	-987.389343	243.917114	1.000000
0.000000	-294.128693	261.689667	1.000000
0.000000	915.998352	7982.995117	1.000000
0.000000	10221.777344	85025.304688	1.000000
0.000000	-42.437740	795.775024	1.000000
0.000000	210.845215	112.231522	1.000000
0.000000	-207135.015625	-53317.246094	1.000000
0.000000	388.096954	-60.996353	1.000000
0.000000	10388.297852	35404.074219	1.000000
0.000000	-3902.278564	11585.318359	1.000000
0.000000	386.072083	-167.465485	1.000000
0.000000	-61496.250000	-273296.843750	1.000000
0.000000	5188.445312	-8924.197266	1.000000
0.000000	4854.699219	900.116333	1.000000
0.000000	-240.622192	452.238129	1.000000
0.000000	-518.147034	-224.978470	1.000000
0.000000	-219.985306	-16.943113	1.000000
0.000000	4839.032227	2770.362061	1.000000
0.000000	33.867393	-57.824699	1.000000
0.000000	-5719.175293	-1489.164673	1.000000
0.000000	-246286.859375	-73708.437500	1.000000
0.000000	-46756.589844	-6144.943848	1.000000
0.000000	446.373566	73.045959	1.000000
0.000000	524.472351	34.599911	1.000000
0.000000	-1.608714	211.465042	1.000000
0.000000	-69.543251	-113.891006	1.000000
0.000000	44.485966	208.746429	1.000000
0.000000	-550.494080	-297.447174	1.000000
0.000000	-4102.831055	3369.589844	1.000000
0.000000	-811.895386	407.760345	1.000000
0.000000	-106.304611	-231.103027	1.000000
0.000000	-228.369812	-75.616432	1.000000
0.000000	7013.300293	6282.752930	1.000000
0.000000	-853.314026	1717.365112	1.000000
0.000000	43.076805	1371.350830	1.000000
0.000000	-3380.049072	-11673.024414	1.000000
0.000000	272.487000	-50.930870	1.000000
0.000000	-17.273443	-236.887085	1.000000
0.000000	100.843224	118.801758	1.000000
0.000000	29405522.000000	-21550876.000000	1.000000
0.000000	-530.605286	1644.500122	1.000000
0.000000	517.695801	498.114716	1.000000
0.000000	1728.280640	26267.970703	1.000000
0.000000	3252.313965	-1621.657471	1.000000
0.000000	-74.162895	-226.694916	1.000000
0.000000	144.479584	-335.836151	1.000000
0.000000	5405.030762	-2876.095703	1.000000
0.000000	401076.875000	-1051564.750000	1.000000
0.000000	40233.804688	142571.437500	1.000000
0.000000	899154304.000000	-490293056.000000	1.000000
0.000000	5137.442383	-14847.417969	1.000000
0.000000	-11819835.000000	-661347.562500	1.000000
0.000000	10595.495117	-15143.860352	1.000000
0.000000	-9.949977	-328.089874	1.000000
0.000000	-245.224152	-746.120422	1.000000
0.000000	-538.409668	923.370361	1.000000
0.000000	424375.812500	2499.487549	1.000000
0.000000	-9309.970703	10647.692383	1.000000
0.000000	-139.772949	547.861755	1.000000
0.000000	35.719997	-249.338577	1.000000
0.000000	3418.300293	-13250.452148	1.000000
0.000000	-935690816.000000	516809408.000000	1.000000
0.000000	1333545.500000	80208.953125	1.000000
0.000000	370690.562500	-121726.218750	1.000000
0.000000	282516.375000	227383.937500	1.000000
0.000000	24935.998047	-23154.871094	1.000000
0.000000	2203343.750000	933711.312500	1.000000
0.000000	-131.385056	186.454529	1.000000
0.000000	126.518387	-25.259506	1.000000
0.000000	-3191.376221	-399.732666	1.000000
0.000000	-1666.374146	1679.604858	1.000000
0.000000	80.349312	243.273941	1.000000
0.000000	22.217041	-8.026304	1.000000
0.000000	-1173.921021	1111.088257	1.000000
0.000000	878.157288	-165.122955	1.000000
0.000000	225.299026	-223.677719	1.000000
0.000000	-4355021.000000	2416277.250000	1.000000
0.000000	1070.408447	591.710510	1.000000
0.000000	-82.273941	-88049.546875	1.000000
0.000000	1711789.125000	-2028472.500000	1.000000
0.000000	804.390381	-1552.881348	1.000000
0.000000	-297.774048	-5278.354980	1.000000
0.000000	691415.187500	-227398.937500	1.000000
0.000000	12310197.000000	-6573529.500000	1.000000
0.000000	-21935.146484	-21465.890625	1.000000
0.000000	170633.921875	-24501.226562	1.000000
0.000000	44.009731	148.716492	1.000000
0.000000	247.081924	-20.724024	1.000000
0.000000	664.563538	-1777.504150	1.000000
0.000000	-119.233894	-207.909714	1.000000
0.000000	90.148468	-225.819778	1.000000
0.000000	-869.594116	1025.841919	1.000000
0.000000	-165.928360	-3123.708252	1.000000
0.000000	-53820.171875	119833.890625	1.000000
0.000000	76.856316	206.433578	1.000000
0.000000	-306.276154	14.512446	1.000000
0.000000	-178.132843	-1089.763062	1.000000
0.000000	-64654.597656	15566.683594	1.000000
0.000000	2420.161377	738.921936	1.000000
0.000000	55745.097656	149553.046875	1.000000
0.000000	-13186.704102	6618.041992	1.000000
0.000000	-41742.425781	-29814.042969	1.000000
0.000000	-8496.493164	13783.521484	1.000000
0.000000	261.542969	319.816406	1.000000
0.000000	-272.896973	135.929245	1.000000
0.000000	1517.059814	3214.075928	1.000000
0.000000	581.140381	-401.149933	1.000000
0.000000	1957.409668	161.233765	1.000000
0.000000	556.115967	-484.213623	1.000000
0.000000	14002.433594	-14186.632812	1.000000
0.000000	-254.496017	-106.881233	1.000000
0.000000	-1146.104736	1573.968140	1.000000
0.000000	191.978607	217.782394	1.000000
0.000000	-13393.530273	-2970.860107	1.000000
0.000000	-28629.066406	-61469.250000	1.000000
0.000000	1668.461670	8006.686523	1.000000
0.000000	-2564.544434	1892.069824	1.000000
0.000000	40.894356	-126.753807	1.000000
0.000000	104.679688	252.228516	1.000000
0.000000	-3859.962158	-16080.329102	1.000000
0.000000	707.124451	-44.355568	1.000000
0.000000	-8720.550781	12927.761719	1.000000
0.000000	-914.416992	-3119.142090	1.000000
0.000000	949.206238	509.241180	1.000000
0.000000	226.026443	-240.521240	1.000000
0.000000	-5708.861816	-20521.021484	1.000000
0.000000	-1.426683	-259.385284	1.000000
0.000000	22532.128906	-24535.533203	1.000000
0.000000	-256.672150	-128.567123	1.000000
0.000000	-3300464.250000	1376390.750000	1.000000
0.000000	-17966.701172	-1200.296021	1.000000
0.000000	-30.642870	518.765625	1.000000
0.000000	136.784882	-282.134186	1.000000
0.000000	6663.546387	2765.533203	1.000000
0.000000	-26195.537109	-23385.457031	1.000000
0.000000	-586712.625000	317421.093750	1.000000
0.000000	-108536.234375	249147.453125	1.000000
0.000000	38092.601562	-56191.003906	1.000000
0.000000	557.361572	-1671.251099	1.000000
0.000000	89.537483	109.971123	1.000000
0.000000	-204.952545	-489.337830	1.000000
0.000000	-369.535522	616.552124	1.000000
0.000000	4112436.000000	2116301.500000	1.000000
0.000000	102.843887	197.786819	1.000000
0.000000	-45249.535156	75898.093750	1.000000
0.000000	644.555969	1664.485352	1.000000
0.000000	4767.156738	12580.823242	1.000000
0.000000	625.883728	1674.437500	1.000000
0.000000	-44051.113281	2317.465576	1.000000
0.000000	245789.078125	-842228.687500	1.000000
0.000000	-165.357025	-112.801544	1.000000
0.000000	377.608734	-135.323456	1.000000
0.000000	-33007.839844	-139943.265625	1.000000
0.000000	-14315.020508	-13627.812500	1.000000
0.000000	-314.793457	-78.767006	1.000000
0.000000	-323513.906250	730136.875000	1.000000
0.000000	-31419.847656	-19705.585938	1.000000
0.000000	-362.725677	-1049.645630	1.000000
0.000000	129.483688	-290.742096	1.000000
0.000000	-3693.627441	-12755.474609	1.000000
0.000000	72.569107	-254.133591	1.000000
0.000000	3181.127930	3062.262695	1.000000
0.000000	-3.732938	244.002701	1.000000
0.000000	799263.312500	-982912.687500	1.000000
0.000000	-313.415375	396.617065	1.000000
0.000000	-3345.804932	-2071.737549	1.000000
0.000000	-12.511276	2831.058838	1.000000
0.000000	-268.093323	250.208481	1.000000
0.000000	19887.208984	10481.703125	1.000000
0.000000	3.769061	597.590759	1.000000
0.000000	-3297.655762	-1891.303833	1.000000
0.000000	65078.621094	112595.226562	1.000000
0.000000	215.492889	165.519623	1.000000
0.000000	484892.843750	100743.203125	1.000000
0.000000	-190.588593	182.815796	1.000000
0.000000	81.122765	221.293732	1.000000
0.000000	307.450165	45.071949	1.000000
0.000000	-218.444809	-91.306381	1.000000
0.000000	-52450.761719	-3075.630127	1.000000
0.000000	11359.309570	1316.764038	1.000000
0.000000	-97.167999	-113.345604	1.000000
0.000000	-38.999184	1808.332031	1.000000
0.000000	-7869.301270	-93075.640625	1.000000
0.000000	-522.543823	1168.926025	1.000000
0.000000	5.588104	244.870972	1.000000
0.000000	257.482452	-54.256935	1.000000
0.000000	52.054272	266.138611	1.000000
0.000000	-42838.503906	-77767.382812	1.000000
0.000000	361.144623	-1042.783447	1.000000
0.000000	-54.452995	259.750000	1.000000
0.000000	-52.988670	-259.343048	1.000000
0.000000	-452.152222	635.936401	1.000000
0.000000	339.640533	120.012726	1.000000
0.000000	198.281921	925.911255	1.000000
0.000000	-144.362823	92.626091	1.000000
0.000000	179.573608	469.659332	1.000000
0.000000	-10919.608398	560.573181	1.000000
0.000000	28171368.000000	16549397.000000	1.000000
0.000000	252.333786	-577.249878	1.000000
0.000000	-32806.070312	266822.187500	1.000000
0.000000	-149.427368	7.289789	1.000000
0.000000	1415.974121	2718.945801	1.000000
0.000000	4621.502441	10660.407227	1.000000
0.000000	-48607.640625	-126250.796875	1.000000
0.000000	126.415619	-475.863129	1.000000
0.000000	1929694.125000	165178.734375	1.000000
0.000000	-180188.046875	-177937.812500	1.000000
0.000000	-70146.132812	13784.331055	1.000000
0.000000	215.102859	-53.096115	1.000000
0.000000	-131084.437500	14883.083984	1.000000
0.000000	-998.088440	197.260010	1.000000
0.000000	-1274.775513	1065.525513	1.000000
0.000000	-1165.177979	1088.945190	1.000000
0.000000	49240.574219	57477.937500	1.000000
0.000000	83940.882812	3732.423584	1.000000
0.000000	978.358215	-428.039429	1.000000
0.000000	-280.214813	-235.766922	1.000000
0.000000	-1589278.625000	-1200867.375000	1.000000
0.000000	-189.403580	121.120102	1.000000
0.000000	2590553.750000	19289.859375	1.000000
0.000000	106.002731	-103.785233	1.000000
0.000000	-10398.859375	13124.462891	1.000000
0.000000	1826645.375000	135440.984375	1.000000
0.000000	-1574.654907	707.885254	1.000000
0.000000	186.115753	30.432842	1.000000
0.000000	278.556580	14.252168	1.000000
0.000000	518.141541	1014.065247	1.000000
0.000000	-10558.653320	7353.453613	1.000000
0.000000	-286.614868	143.428162	1.000000
0.000000	27330.501953	25808.253906	1.000000
0.000000	9.926814	234.088669	1.000000
0.000000	269.061249	410.279816	1.000000
0.000000	40.368156	-9074.712891	1.000000
0.000000	-5513.567871	9771.679688	1.000000
0.000000	459097.468750	25648.753906	1.000000
0.000000	-932.760437	1069.315430	1.000000
0.000000	2105.816895	-5313.029785	1.000000
0.000000	3485.347168	-2001.116455	1.000000
0.000000	92.123444	-2.155142	1.000000
0.000000	147.996490	133.638550	1.000000
0.000000	1004.536865	-659.344116	1.000000
0.000000	1197.440308	11819.145508	1.000000
0.000000	18127.789062	-23768.005859	1.000000
0.000000	230.713821	-10.206598	1.000000
0.000000	-18.315617	-119.372742	1.000000
0.000000	1221.475830	1124.744873	1.000000
0.000000	321.113098	-43.362949	1.000000
0.000000	92.361458	82.430656	1.000000
0.000000	-1521.828125	105.063057	1.000000
0.000000	75228.546875	-7418.334961	1.000000
0.000000	57.547218	315.147949	1.000000
0.000000	-301.058350	-720.712036	1.000000
0.000000	1184.441650	-9691.130859	1.000000
0.000000	211.686707	220.746338	1.000000
0.000000	167.290924	159.675613	1.000000
0.000000	-3904.883057	-4687.048340	1.000000
0.000000	422.366302	217.388718	1.000000
0.000000	-1954.429077	-2913.065674	1.000000
0.000000	-33.228737	187.570755	1.000000
0.000000	22229.171875	38997.070312	1.000000
0.000000	256.503021	-24.205240	1.000000
0.000000	790.969910	-551.430481	1.000000
0.000000	1171.389893	653.023376	1.000000
0.000000	-315.839752	540.020020	1.000000
0.000000	82.077995	-241.942139	1.000000
0.000000	9536.120117	4925.324707	1.000000
0.000000	-92722.890625	-330155.218750	1.000000
0.000000	7891.179199	16945.457031	1.000000
0.000000	149.742676	-112.840561	1.000000
0.000000	3368.129639	-1002.828979	1.000000
0.000000	-423406.437500	-81875.046875	1.000000
0.000000	-44105600.000000	-10494824.000000	1.000000
0.000000	5980.504883	-4669.091309	1.000000
0.000000	-251.968842	67.870178	1.000000
0.000000	942.541992	-1740.812134	1.000000
0.000000	5927.692383	415.868286	1.000000
0.000000	-172.602188	-64.004860	1.000000
0.000000	-387.918518	1021.306519	1.000000
0.000000	-18794.861328	164.539383	1.000000
0.000000	-532.339050	-154.325485	1.000000
0.000000	287.682526	-251.537964	1.000000
0.000000	14457.144531	-11076.565430	1.000000
