0.000000	31594.730469	455721.562500	1.000000
0.000000	214955.281250	175121.109375	1.000000
0.000000	1166.446289	-12644.153320	1.000000
0.000000	-655.340271	650.655334	1.000000
0.000000	16899.083984	27529.867188	1.000000
0.000000	-13824.887695	784.910706	1.000000
0.000000	-803.136047	-2395.931396	1.000000
0.000000	-595107.437500	1523932.125000	1.000000
0.000000	3505.024658	-2317.485352	1.000000
0.000000	9292453.000000	3386659.750000	1.000000
0.000000	78697400.000000	19959642.000000	1.000000
0.000000	-148.735046	-150.609802	1.000000
0.000000	-232.826294	-19.027313	1.000000
0.000000	97.392281	-112.562637	1.000000
0.000000	-73337376.000000	-31090268.000000	1.000000
0.000000	620.857117	-4582.817871	1.000000
0.000000	343.879883	-281.243225	1.000000
0.000000	-6102.479004	7693.115234	1.000000
0.000000	-987.643250	347.895416	1.000000
0.000000	-258.454865	163.999252	1.000000
0.000000	893.654602	7881.432617	1.000000
0.000000	10128.339844	84976.554688	1.000000
0.000000	-22.317579	693.704712	1.000000
0.000000	136.183380	180.188904	1.000000
0.000000	-207200.015625	-53244.121094	1.000000
0.000000	284.439728	-69.137222	1.000000
0.000000	10390.329102	35509.699219	1.000000
0.000000	-3800.208252	11605.630859	1.000000
0.000000	295.173645	-116.938148	1.000000
0.000000	-61601.875000	-273296.843750	1.000000
0.000000	5250.398438	-9007.478516	1.000000
0.000000	4754.152344	874.471802	1.000000
0.000000	-144.709106	411.993988	1.000000
0.000000	-442.043762	-295.867889	1.000000
0.000000	-138.703568	47.937077	1.000000
0.000000	4744.579102	2727.197998	1.000000
0.000000	130.589386	-19.597227	1.000000
0.000000	-5638.940918	-1423.402954	1.000000
0.000000	-246319.359375	-73610.937500	1.000000
0.000000	-46837.839844	-6081.975098	1.000000
0.000000	366.202667	6.825273	1.000000
0.000000	464.373230	119.481194	1.000000
0.000000	-0.674871	107.461823	1.000000
0.217011	-22.679068	-20.301825	1.000000
0.000000	31.560415	105.561821	1.000000
0.000000	-511.265594	-393.741119	1.000000
0.000000	-4188.143555	3429.003906	1.000000
0.000000	-752.862183	322.130463	1.000000
0.000000	-83.421310	-129.667480	1.000000
0.000000	-126.585358	-54.224827	1.000000
0.000000	6909.706543	6293.924805	1.000000
0.000000	-796.565979	1804.454956	1.000000
0.000000	102.189354	1456.917236	1.000000
0.000000	-3319.619385	-11758.336914	1.000000
0.000000	176.446960	-90.812622	1.000000
0.260583	-19.943405	-133.437012	1.000000
0.000000	-3.095577	122.404053	1.000000
0.000000	29405522.000000	-21550876.000000	1.000000
0.000000	-446.816223	1583.054810	1.000000
0.000000	586.123535	419.848114	1.000000
0.000000	1781.854858	26357.345703	1.000000
0.000000	3212.704590	-1525.427002	1.000000
0.260583	-19.341423	-137.717636	1.000000
0.000000	88.366302	-248.299194	1.000000
0.000000	5469.015137	-2794.337891	1.000000
0.000000	401011.875000	-1051564.750000	1.000000
0.000000	40323.179688	142636.437500	1.000000
0.000000	899154304.000000	-490293056.000000	1.000000
0.000000	5204.473633	-14768.199219	1.000000
0.000000	-11819835.000000	-661477.562500	1.000000
0.000000	10542.682617	-15233.235352	1.000000
0.000000	20.773098	-228.740356	1.000000
0.000000	-166.735382	-677.946594	1.000000
0.000000	-642.384277	926.925049	1.000000
0.000000	424505.812500	2525.385986	1.000000
0.000000	-9208.408203	10672.067383	1.000000
0.000000	-38.825516	572.871521	1.000000
0.000000	44.828884	-145.744827	1.000000
0.000000	3408.144043	-13146.858398	1.000000
0.000000	-935690816.000000	516809408.000000	1.000000
0.000000	1333545.500000	80111.453125	1.000000
0.000000	370560.562500	-121709.968750	1.000000
0.000000	282646.375000	227351.437500	1.000000
0.000000	25029.435547	-23203.621094	1.000000
0.000000	2203343.750000	933841.312500	1.000000
0.466452	-76.560562	97.759819	1.000000
0.000000	226.521210	-0.086267	1.000000
0.000000	-3256.376221	-480.982666	1.000000
0.000000	-1654.186646	1576.265015	1.000000
0.000000	32.392769	150.979019	1.000000
0.000000	48.934193	92.483612	1.000000
0.000000	-1073.628052	1138.510132	1.000000
0.000000	790.305725	-109.427567	1.000000
0.000000	202.161819	-325.059906	1.000000
0.000000	-4355021.000000	2416277.250000	1.000000
0.000000	980.464233	539.532776	1.000000
0.000000	19.506218	-88033.296875	1.000000
0.000000	1711789.125000	-2028472.500000	1.000000
0.000000	784.966553	-1654.951660	1.000000
0.000000	-383.276978	-5219.448730	1.000000
0.000000	691415.187500	-227301.437500	1.000000
0.000000	12310197.000000	-6573529.500000	1.000000
0.000000	-21910.771484	-21364.328125	1.000000
0.000000	170536.421875	-24440.289062	1.000000
0.000000	88.764252	54.835434	1.000000
0.000000	146.967484	10.640493	1.000000
0.000000	765.237366	-1751.605713	1.000000
0.000000	-50.807693	-129.579636	1.000000
0.000000	52.300568	-128.954544	1.000000
0.000000	-839.760132	926.186096	1.000000
0.000000	-65.095840	-3149.098877	1.000000
0.000000	-53714.546875	119833.890625	1.000000
0.000000	40.087517	109.155746	1.000000
0.000000	-205.626022	-11.871170	1.000000
0.000000	-278.147186	-1118.200562	1.000000
0.000000	-64743.972656	15623.558594	1.000000
0.000000	2389.184814	639.644592	1.000000
0.000000	55663.847656	149488.046875	1.000000
0.000000	-13087.172852	6650.541992	1.000000
0.000000	-41661.175781	-29874.980469	1.000000
0.000000	-8581.805664	13724.615234	1.000000
0.000000	167.597656	275.255859	1.000000
0.000000	-196.305496	65.565483	1.000000
0.000000	1442.157471	3286.185303	1.000000
0.000000	480.720490	-374.045441	1.000000
0.000000	2024.187012	240.928589	1.000000
0.000000	535.803467	-382.206787	1.000000
0.000000	14024.777344	-14085.070312	1.000000
0.000000	-165.819260	-52.562836	1.000000
0.000000	-1106.749268	1670.198608	1.000000
0.000000	117.647552	145.038254	1.000000
0.000000	-13495.092773	-2948.008545	1.000000
0.000000	-28564.066406	-61388.000000	1.000000
0.000000	1611.586670	7919.342773	1.000000
0.000000	-2628.020996	1974.335449	1.000000
0.000000	-54.266987	-84.795799	1.000000
0.000000	173.461929	330.241211	1.000000
0.000000	-3925.977783	-16161.579102	1.000000
0.000000	607.212341	-73.380226	1.000000
0.000000	-8616.957031	12919.636719	1.000000
0.000000	-945.774414	-3020.118652	1.000000
0.000000	960.505066	405.837860	1.000000
0.000000	124.400467	-218.463135	1.000000
0.000000	-5811.439941	-20537.271484	1.000000
0.000000	-6.897570	-155.537613	1.000000
0.000000	22560.566406	-24433.970703	1.000000
0.000000	-186.561996	-51.759209	1.000000
0.000000	-3300464.250000	1376390.750000	1.000000
0.000000	-17930.138672	-1103.303833	1.000000
0.000000	13.100410	424.439453	1.000000
0.000000	102.114830	-184.086182	1.000000
0.000000	6630.030762	2864.048828	1.000000
0.000000	-26293.037109	-23417.957031	1.000000
0.000000	-586712.625000	317356.093750	1.000000
0.000000	-108536.234375	249244.953125	1.000000
0.000000	38198.226562	-56191.003906	1.000000
0.000000	490.076385	-1592.032349	1.000000
0.000000	39.577553	18.755308	1.000000
0.000000	-181.180573	-590.533691	1.000000
0.000000	-341.161499	516.513062	1.000000
0.000000	4112436.000000	2116301.500000	1.000000
0.000000	3.616563	177.370987	1.000000
0.000000	-45208.910156	75800.593750	1.000000
0.000000	550.737610	1619.543945	1.000000
0.000000	4666.609863	12607.229492	1.000000
0.000000	636.166931	1778.031250	1.000000
0.000000	-43977.988281	2241.293701	1.000000
0.000000	245886.578125	-842228.687500	1.000000
0.000000	-71.275192	-68.479034	1.000000
0.711883	273.893494	-143.370285	1.000000
0.000000	-33048.464844	-139845.765625	1.000000
0.000000	-14280.489258	-13725.312500	1.000000
0.000000	-210.932022	-73.498451	1.000000
0.000000	-323383.906250	730136.875000	1.000000
0.000000	-31509.222656	-19758.398438	1.000000
0.000000	-268.716888	-1005.212036	1.000000
0.000000	101.380280	-190.618820	1.000000
0.000000	-3793.158691	-12725.005859	1.000000
0.000000	42.491409	-154.570602	1.000000
0.000000	3150.151367	3161.286133	1.000000
0.000000	-52.952946	335.603546	1.000000
0.000000	799393.312500	-982912.687500	1.000000
0.000000	-210.851227	379.287964	1.000000
0.000000	-3445.336182	-2042.284546	1.000000
0.000000	9.344358	2729.496338	1.000000
0.000000	-194.714417	176.480453	1.000000
0.000000	19940.021484	10392.328125	1.000000
0.000000	-98.734695	615.110291	1.000000
0.000000	-3198.632324	-1858.803833	1.000000
0.000000	65046.121094	112497.726562	1.000000
0.000000	136.920761	97.712585	1.000000
0.000000	484892.843750	100645.703125	1.000000
0.000000	-115.368874	110.992073	1.000000
0.000000	79.719093	117.170921	1.000000
0.000000	289.613251	-57.386692	1.000000
0.000000	-114.660622	-84.688950	1.000000
0.000000	-52491.386719	-3170.083252	1.000000
0.000000	11304.465820	1228.404663	1.000000
0.000000	-125.430939	-13.258994	1.000000
0.000000	-99.730385	1892.882812	1.000000
0.000000	-7864.223145	-92978.140625	1.000000
0.000000	-460.262604	1252.207275	1.000000
0.000000	70.966400	167.827194	1.000000
0.141610	157.572250	-23.631399	1.000000
0.000000	49.684944	161.259674	1.000000
0.000000	-42757.253906	-77832.382812	1.000000
0.000000	442.458099	-977.873657	1.000000
0.000000	-108.582634	170.946289	1.000000
0.000000	-6.452381	-352.336212	1.000000
0.000000	-442.630737	532.342651	1.000000
0.000000	266.959869	194.407257	1.000000
0.000000	173.557800	824.856567	1.000000
0.000000	-95.697510	0.713056	1.000000
0.000000	95.810181	408.023590	1.000000
0.000000	-10816.014648	568.190369	1.000000
0.000000	28171368.000000	16549397.000000	1.000000
0.000000	182.223923	-500.443268	1.000000
0.000000	-32846.695312	266887.187500	1.000000
0.000000	-45.463940	9.932001	1.000000
0.000000	1329.392090	2776.328613	1.000000
0.000000	4723.064941	10636.032227	1.000000
0.000000	-48713.265625	-126250.796875	1.000000
0.000000	217.726654	-426.097504	1.000000
0.000000	1929694.125000	165113.734375	1.000000
0.000000	-180285.546875	-177937.812500	1.000000
0.000000	-70064.882812	13843.237305	1.000000
0.000000	154.686646	26.389738	1.000000
0.000000	-131051.937500	14783.552734	1.000000
0.000000	-905.285706	150.223877	1.000000
0.000000	-1209.521606	1146.521606	1.000000
0.000000	-1138.263916	988.443237	1.000000
0.000000	49216.199219	57380.437500	1.000000
0.000000	84022.132812	3794.884521	1.000000
0.000000	879.207825	-459.650757	1.000000
0.000000	-187.769501	-188.127762	1.000000
0.000000	-1589278.625000	-1200867.375000	1.000000
0.000000	-89.053299	93.777573	1.000000
0.000000	2590553.750000	19196.421875	1.000000
0.000000	71.535980	-7.517832	1.000000
0.000000	-10337.921875	13039.150391	1.000000
0.000000	1826645.375000	135505.984375	1.000000
0.000000	-1586.588501	604.545410	1.000000
0.000000	84.743675	7.224225	1.000000
0.000000	192.038040	71.984161	1.000000
0.000000	601.168884	1076.759888	1.000000
0.000000	-10487.559570	7277.281738	1.000000
0.000000	-184.671524	122.834000	1.000000
0.000000	27326.439453	25702.628906	1.000000
0.000000	-65.989471	162.994919	1.000000
0.000000	264.363983	306.368683	1.000000
0.000000	141.537903	-9099.087891	1.000000
0.000000	-5409.974121	9769.648438	1.000000
0.000000	459032.468750	25725.941406	1.000000
0.000000	-835.260437	1033.260742	1.000000
0.000000	2022.106445	-5374.982910	1.000000
0.000000	3483.315918	-1897.014893	1.000000
0.000000	35.236588	-89.217590	1.000000
0.000000	59.053524	79.732735	1.000000
0.000000	1049.279541	-565.525757	1.000000
0.000000	1185.506714	11922.739258	1.000000
0.000000	18229.351562	-23747.693359	1.000000
0.000000	126.993118	-2.646847	1.000000
0.217011	-24.149281	-16.276924	1.000000
0.000000	1307.803955	1066.854248	1.000000
0.000000	217.138504	-40.704868	1.000000
0.000000	74.016449	-18.972265	1.000000
0.000000	-1620.851562	73.340645	1.000000
0.000000	75131.046875	-7429.506836	1.000000
0.000000	29.855877	214.905457	1.000000
0.000000	-405.032959	-720.712036	1.000000
0.000000	1191.043213	-9794.724609	1.000000
0.000000	148.813171	137.909424	1.000000
0.000000	87.968956	92.422188	1.000000
0.000000	-3952.617432	-4779.470215	1.000000
0.000000	319.788177	200.440475	1.000000
0.000000	-1870.893921	-2851.112549	1.000000
0.466452	-77.103867	93.548607	1.000000
0.000000	22212.921875	38891.445312	1.000000
0.141610	153.003830	-24.591822	1.000000
0.000000	686.995300	-553.207825	1.000000
0.000000	1081.507080	600.718689	1.000000
0.000000	-311.523346	436.126038	1.000000
0.000000	16.475912	-161.231689	1.000000
0.000000	9483.307617	5014.699707	1.000000
0.000000	-92771.640625	-330090.218750	1.000000
0.000000	7787.585449	16941.394531	1.000000
0.000000	82.647949	-33.383770	1.000000
0.000000	3334.106201	-1101.118042	1.000000
0.000000	-423471.437500	-81793.796875	1.000000
0.000000	-44105600.000000	-10494824.000000	1.000000
0.000000	5933.786133	-4761.513184	1.000000
0.000000	-212.526642	-28.308029	1.000000
0.000000	851.389648	-1790.831665	1.000000
0.000000	6008.942383	480.487427	1.000000
0.000000	-76.054344	-25.339012	1.000000
0.000000	-284.070862	1026.384644	1.000000
0.000000	-18811.111328	267.216187	1.000000
0.000000	-428.364441	-151.437302	1.000000
0.711883	275.807373	-148.212524	1.000000
0.000000	14361.675781	-11117.190430	1.000000
