0.000000	31549.906250	455763.750000	1.000000
0.000000	214976.375000	175184.390625	1.000000
0.000000	1176.498779	-12711.389648	1.000000
0.000000	-587.856750	649.666565	1.000000
0.000000	16893.810547	27461.312500	1.000000
0.000000	-13758.969727	769.667175	1.000000
0.000000	-742.573914	-2425.594482	1.000000
0.000000	-595191.812500	1523932.125000	1.000000
0.000000	3539.631592	-2259.477539	1.000000
0.000000	9292453.000000	3386659.750000	1.000000
0.000000	78697400.000000	19959642.000000	1.000000
0.000000	-213.870239	-168.284058	1.000000
0.000000	-264.781555	40.428158	1.000000
0.000000	94.910057	-180.023209	1.000000
0.000000	-73337376.000000	-31090268.000000	1.000000
0.000000	679.606506	-4549.858887	1.000000
0.000000	359.700195	-346.872803	1.000000
0.000000	-6137.415527	7751.123047	1.000000
0.000000	-987.478455	280.411896	1.000000
0.000000	-281.608551	227.404099	1.000000
0.000000	908.156555	7947.350586	1.000000
0.000000	10188.984375	85008.195312	1.000000
0.000000	-35.375668	759.952271	1.000000
0.000000	183.978149	136.937637	1.000000
0.000000	-207157.828125	-53291.582031	1.000000
0.000000	351.717255	-63.853485	1.000000
0.000000	10389.010742	35441.144531	1.000000
0.000000	-3866.455811	11592.447266	1.000000
0.000000	354.170227	-149.732330	1.000000
0.000000	-61533.320312	-273296.843750	1.000000
0.000000	5210.188477	-8953.425781	1.000000
0.000000	4819.411133	891.116089	1.000000
0.000000	-206.960388	438.113983	1.000000
0.000000	-491.441040	-249.851669	1.000000
0.000000	-191.458542	5.827103	1.000000
0.000000	4805.882812	2755.213135	1.000000
0.000000	67.813240	-44.407875	1.000000
0.000000	-5691.016113	-1466.084839	1.000000
0.000000	-246298.265625	-73674.218750	1.000000
0.000000	-46785.105469	-6122.844238	1.000000
0.000000	418.236664	49.804615	1.000000
0.000000	503.388428	64.388191	1.000000
0.000000	-1.280986	174.962814	1.000000
0.000000	-53.098484	-81.304108	1.000000
0.000000	39.949642	172.533813	1.000000
0.000000	-536.726379	-331.242645	1.000000
0.000000	-4132.772461	3390.441895	1.000000
0.000000	-791.177002	377.707550	1.000000
0.000000	-98.273453	-195.503052	1.000000
0.000000	-192.647308	-68.108803	1.000000
0.000000	6976.942871	6286.673828	1.000000
0.000000	-833.397644	1747.930298	1.000000
0.000000	63.823036	1401.381348	1.000000
0.000000	-3358.840576	-11702.965820	1.000000
0.000000	238.780640	-64.929520	1.000000
0.000000	-18.175695	-200.395996	1.000000
0.000000	64.363274	120.066025	1.000000
0.000000	29405522.000000	-21550876.000000	1.000000
0.000000	-501.198547	1622.935181	1.000000
0.000000	541.711304	470.646149	1.000000
0.000000	1747.083130	26299.337891	1.000000
0.000000	3238.412598	-1587.884277	1.000000
0.000000	-54.958096	-195.650757	1.000000
0.000000	124.785980	-305.115021	1.000000
0.000000	5427.486816	-2847.401855	1.000000
0.000000	401054.062500	-1051564.750000	1.000000
0.000000	40265.171875	142594.250000	1.000000
0.000000	899154304.000000	-490293056.000000	1.000000
0.000000	5160.967773	-14819.615234	1.000000
0.000000	-11819835.000000	-661393.187500	1.000000
0.000000	10576.959961	-15175.227539	1.000000
0.000000	0.832722	-293.225067	1.000000
0.000000	-217.677612	-722.194031	1.000000
0.000000	-574.900757	924.617920	1.000000
0.000000	424421.437500	2508.576904	1.000000
0.000000	-9274.326172	10656.247070	1.000000
0.000000	-104.343773	556.639221	1.000000
0.000000	38.916866	-212.981155	1.000000
0.000000	3414.735840	-13214.094727	1.000000
0.000000	-935690816.000000	516809408.000000	1.000000
0.000000	1333545.500000	80174.734375	1.000000
0.000000	370644.937500	-121720.515625	1.000000
0.000000	282562.000000	227372.531250	1.000000
0.000000	24968.791016	-23171.980469	1.000000
0.000000	2203343.750000	933756.937500	1.000000
0.000000	-112.159294	155.432648	1.000000
0.000000	162.140640	-17.299358	1.000000
0.000000	-3214.188721	-428.248291	1.000000
0.000000	-1662.096802	1643.336548	1.000000
0.000000	63.518410	210.881973	1.000000
0.000000	31.594616	27.248325	1.000000
0.000000	-1138.722046	1120.712280	1.000000
0.000000	847.324768	-145.574158	1.000000
0.000000	217.178757	-259.265533	1.000000
0.000000	-4355021.000000	2416277.250000	1.000000
0.000000	1038.863037	573.398132	1.000000
0.000000	-46.552799	-88043.843750	1.000000
0.000000	1711789.125000	-2028472.500000	1.000000
0.000000	797.573364	-1588.704102	1.000000
0.000000	-327.782288	-5257.681152	1.000000
0.000000	691415.187500	-227364.718750	1.000000
0.000000	12310197.000000	-6573529.500000	1.000000
0.000000	-21926.591797	-21430.246094	1.000000
0.000000	170599.703125	-24479.839844	1.000000
0.000000	59.718388	115.767578	1.000000
0.000000	212.161423	-10.110029	1.000000
0.000000	699.896179	-1768.414795	1.000000
0.000000	-95.218391	-180.418869	1.000000
0.000000	76.865311	-191.823807	1.000000
0.000000	-859.123535	990.868103	1.000000
0.000000	-130.540024	-3132.619385	1.000000
0.000000	-53783.101562	119833.890625	1.000000
0.000000	63.951881	172.292801	1.000000
0.000000	-270.965790	5.265754	1.000000
0.000000	-213.231567	-1099.743530	1.000000
0.000000	-64685.964844	15586.644531	1.000000
0.000000	2409.289795	704.079407	1.000000
0.000000	55716.582031	149530.234375	1.000000
0.000000	-13151.772461	6629.448242	1.000000
0.000000	-41713.910156	-29835.429688	1.000000
0.000000	-8526.434570	13762.847656	1.000000
0.000000	228.571777	304.177368	1.000000
0.000000	-246.011765	111.234276	1.000000
0.000000	1490.771973	3239.383545	1.000000
0.000000	545.896851	-391.637299	1.000000
0.000000	1980.845947	189.203583	1.000000
0.000000	548.987061	-448.413147	1.000000
0.000000	14010.275391	-14150.988281	1.000000
0.000000	-223.373886	-87.816978	1.000000
0.000000	-1132.292480	1607.741333	1.000000
0.000000	165.891266	192.251999	1.000000
0.000000	-13429.174805	-2962.840088	1.000000
0.000000	-28606.253906	-61440.734375	1.000000
0.000000	1648.500732	7976.032227	1.000000
0.000000	-2586.822266	1920.941895	1.000000
0.000000	7.496257	-112.028160	1.000000
0.000000	128.823105	279.607971	1.000000
0.000000	-3883.131104	-16108.844727	1.000000
0.000000	672.059143	-54.542107	1.000000
0.000000	-8684.193359	12924.910156	1.000000
0.000000	-925.422241	-3084.388672	1.000000
0.000000	953.171692	472.950592	1.000000
0.000000	190.359634	-232.779694	1.000000
0.000000	-5744.862793	-20526.724609	1.000000
0.000000	-3.346754	-222.938736	1.000000
0.000000	22542.109375	-24499.888672	1.000000
0.000000	-232.065994	-101.610939	1.000000
0.000000	-3300464.250000	1376390.750000	1.000000
0.000000	-17953.869141	-1166.255493	1.000000
0.000000	-15.290659	485.660767	1.000000
0.000000	124.619637	-247.717621	1.000000
0.000000	6651.783691	2800.108398	1.000000
0.000000	-26229.755859	-23396.863281	1.000000
0.000000	-586712.625000	317398.281250	1.000000
0.000000	-108536.234375	249181.671875	1.000000
0.000000	38129.671875	-56191.003906	1.000000
0.000000	533.747070	-1643.448364	1.000000
0.000000	72.004829	77.957878	1.000000
0.000000	-196.609497	-524.862915	1.000000
0.000000	-359.577332	581.442261	1.000000
0.000000	4112436.000000	2116301.500000	1.000000
0.000000	69.786415	190.698776	1.000000
0.000000	-45235.277344	75863.875000	1.000000
0.000000	611.629333	1648.712646	1.000000
0.000000	4731.868652	12590.090820	1.000000
0.000000	629.492737	1710.794922	1.000000
0.000000	-44025.449219	2290.732178	1.000000
0.000000	245823.296875	-842228.687500	1.000000
0.000000	-132.341278	-97.246048	1.000000
0.000000	341.206757	-138.141602	1.000000
0.000000	-33022.097656	-139909.046875	1.000000
0.000000	-14302.901367	-13662.031250	1.000000
0.000000	-278.346924	-76.917946	1.000000
0.000000	-323468.281250	730136.875000	1.000000
0.000000	-31451.214844	-19724.121094	1.000000
0.000000	-329.732208	-1034.051147	1.000000
0.000000	119.621017	-255.609818	1.000000
0.000000	-3728.559082	-12744.781250	1.000000
0.000000	62.014458	-219.190811	1.000000
0.000000	3170.256348	3097.016113	1.000000
0.000000	-21.007593	276.153778	1.000000
0.000000	799308.937500	-982912.687500	1.000000
0.000000	-277.414398	390.535217	1.000000
0.000000	-3380.736572	-2061.400635	1.000000
0.000000	-4.840741	2795.414307	1.000000
0.000000	-242.340149	224.332779	1.000000
0.000000	19905.744141	10450.335938	1.000000
0.000000	-32.206581	603.739441	1.000000
0.000000	-3262.902344	-1879.897583	1.000000
0.000000	65067.214844	112561.007812	1.000000
0.000000	188.581268	140.869202	1.000000
0.000000	484892.843750	100708.984375	1.000000
0.000000	-164.189362	157.608429	1.000000
0.000000	78.864220	184.673386	1.000000
0.000000	301.190094	9.112876	1.000000
0.000000	-182.020554	-88.983917	1.000000
0.000000	-52465.019531	-3108.779541	1.000000
0.000000	11340.061523	1285.753296	1.000000
0.000000	-107.087204	-78.219032	1.000000
0.000000	-60.313499	1838.006104	1.000000
0.000000	-7867.519043	-93041.421875	1.000000
0.000000	-500.678558	1198.154541	1.000000
0.000000	29.701073	217.469238	1.000000
0.000000	222.595383	-43.524590	1.000000
0.000000	50.054836	229.692078	1.000000
0.000000	-42809.988281	-77790.195312	1.000000
0.000000	389.682526	-1019.978760	1.000000
0.000000	-73.450417	228.583313	1.000000
0.000000	-36.656235	-291.980072	1.000000
0.000000	-448.810547	599.578979	1.000000
0.000000	314.132416	146.122345	1.000000
0.000000	189.604706	890.444946	1.000000
0.000000	-127.286636	60.367790	1.000000
0.000000	150.178009	448.027557	1.000000
0.000000	-10883.250977	563.246521	1.000000
0.000000	28171368.000000	16549397.000000	1.000000
0.000000	227.727921	-550.293701	1.000000
0.000000	-32820.328125	266845.000000	1.000000
0.000000	-112.938576	8.217104	1.000000
0.000000	1385.587158	2739.084961	1.000000
0.000000	4657.146973	10651.852539	1.000000
0.000000	-48644.710938	-126250.796875	1.000000
0.000000	158.462280	-458.397308	1.000000
0.000000	1929694.125000	165155.921875	1.000000
0.000000	-180222.265625	-177937.812500	1.000000
0.000000	-70117.617188	13805.004883	1.000000
0.000000	193.159195	-23.931263	1.000000
0.000000	-131073.031250	14848.152344	1.000000
0.000000	-965.518250	180.752136	1.000000
0.000000	-1251.873901	1093.952026	1.000000
0.000000	-1155.732178	1053.657104	1.000000
0.000000	49232.019531	57443.718750	1.000000
0.000000	83969.398438	3754.344971	1.000000
0.000000	943.560242	-439.133789	1.000000
0.000000	-247.775452	-219.047409	1.000000
0.000000	-1589278.625000	-1200867.375000	1.000000
0.000000	-154.182327	111.523926	1.000000
0.000000	2590553.750000	19257.066406	1.000000
0.000000	93.321075	-69.560913	1.000000
0.000000	-10377.472656	13094.521484	1.000000
0.000000	1826645.375000	135463.796875	1.000000
0.000000	-1578.843140	671.616943	1.000000
0.000000	150.538055	22.287510	1.000000
0.000000	248.191910	34.513916	1.000000
0.000000	547.280945	1036.055542	1.000000
0.000000	-10533.702148	7326.720215	1.000000
0.000000	-250.836685	136.199005	1.000000
0.000000	27329.076172	25771.183594	1.000000
0.000000	-16.716589	209.137497	1.000000
0.000000	267.412689	373.811005	1.000000
0.000000	75.875305	-9083.267578	1.000000
0.000000	-5477.210449	9770.966797	1.000000
0.000000	459074.656250	25675.843750	1.000000
0.000000	-898.541687	1056.661621	1.000000
0.000000	2076.410156	-5334.772949	1.000000
0.000000	3484.634277	-1964.580811	1.000000
0.000000	72.156937	-32.710678	1.000000
0.000000	116.783241	114.720757	1.000000
0.000000	1020.265015	-626.417480	1.000000
0.000000	1193.252075	11855.502930	1.000000
0.000000	18163.433594	-23760.876953	1.000000
0.000000	194.311844	-7.553447	1.000000
0.000000	-20.359608	-82.931778	1.000000
0.000000	1251.773682	1104.427490	1.000000
0.000000	284.622009	-42.430065	1.000000
0.000000	86.507957	46.401833	1.000000
0.000000	-1556.581543	93.929710	1.000000
0.000000	75194.328125	-7422.255859	1.000000
0.000000	47.828514	279.971252	1.000000
0.000000	-337.549438	-720.712036	1.000000
0.000000	1186.758545	-9727.488281	1.000000
0.000000	189.620514	191.673767	1.000000
0.000000	139.454773	136.072250	1.000000
0.000000	-3921.635986	-4719.484863	1.000000
0.000000	386.365326	211.440536	1.000000
0.000000	-1925.111450	-2891.322510	1.000000
0.000000	-48.611580	154.465897	1.000000
0.000000	22223.468750	38960.000000	1.000000
0.000000	220.000946	-24.324984	1.000000
0.000000	754.478821	-552.054260	1.000000
0.000000	1139.844482	634.666443	1.000000
0.000000	-314.324860	503.568359	1.000000
0.000000	59.053860	-213.615875	1.000000
0.000000	9517.584961	4956.691895	1.000000
0.000000	-92740.000000	-330132.406250	1.000000
0.000000	7854.821777	16944.031250	1.000000
0.000000	126.195007	-84.954285	1.000000
0.000000	3356.188721	-1037.342407	1.000000
0.000000	-423429.250000	-81846.531250	1.000000
0.000000	-44105600.000000	-10494824.000000	1.000000
0.000000	5964.108398	-4701.527832	1.000000
0.000000	-238.112030	34.102551	1.000000
0.000000	910.551025	-1758.367065	1.000000
0.000000	5956.208008	438.547119	1.000000
0.000000	-138.717606	-50.434872	1.000000
0.000000	-351.471985	1023.088745	1.000000
0.000000	-18800.564453	200.573776	1.000000
0.000000	-495.847961	-153.311844	1.000000
0.000000	283.516571	-215.280792	1.000000
0.000000	14423.638672	-11090.823242	1.000000
