0.000000	31640.218750	455678.750000	1.000000
0.000000	214933.875000	175056.890625	1.000000
0.000000	1156.244873	-12575.920898	1.000000
0.000000	-723.823547	651.658752	1.000000
0.000000	16904.435547	27599.437500	1.000000
0.000000	-13891.782227	800.380066	1.000000
0.000000	-864.595398	-2365.828857	1.000000
0.000000	-595021.812500	1523932.125000	1.000000
0.000000	3469.905029	-2376.352539	1.000000
0.000000	9292453.000000	3386659.750000	1.000000
0.000000	78697400.000000	19959642.000000	1.000000
0.000000	-82.627708	-132.673706	1.000000
0.000000	-200.403351	-79.364372	1.000000
0.000000	99.911278	-44.110714	1.000000
0.000000	-73337376.000000	-31090268.000000	1.000000
0.000000	561.237366	-4616.265137	1.000000
0.000000	327.825195	-214.654343	1.000000
0.000000	-6067.024902	7634.248047	1.000000
0.000000	-987.810486	416.378693	1.000000
0.000000	-234.939438	99.655083	1.000000
0.000000	878.937805	7814.538086	1.000000
0.000000	10066.796875	84944.445312	1.000000
0.000000	-9.066712	626.475708	1.000000
0.000000	85.761627	226.555176	1.000000
0.000000	-207242.828125	-53195.957031	1.000000
0.000000	216.153290	-74.499237	1.000000
0.000000	10391.666992	35579.269531	1.000000
0.000000	-3732.979248	11619.009766	1.000000
0.000000	235.303024	-83.658119	1.000000
0.000000	-61671.445312	-273296.843750	1.000000
0.000000	5291.204102	-9062.332031	1.000000
0.000000	4687.926758	857.580933	1.000000
0.000000	-81.491547	385.547516	1.000000
0.000000	-391.914673	-342.568634	1.000000
0.000000	-85.167038	90.667923	1.000000
0.000000	4682.367188	2698.767822	1.000000
0.000000	194.286926	5.563551	1.000000
0.000000	-5586.094238	-1380.088745	1.000000
0.000000	-246340.765625	-73546.718750	1.000000
0.000000	-46891.355469	-6040.500488	1.000000
0.000000	313.397797	-36.790398	1.000000
0.000000	424.780029	175.381531	1.000000
0.935242	0.810756	39.285858	1.000000
0.918830	4.250923	40.763103	1.000000
0.000000	22.933704	38.596432	1.000000
0.000000	-485.427582	-457.165497	1.000000
0.000000	-4244.334961	3468.137207	1.000000
0.000000	-713.979736	265.730011	1.000000
0.000000	-68.286819	-62.797073	1.000000
0.000000	-58.718700	-42.254345	1.000000
0.000000	6841.474121	6301.283203	1.000000
0.000000	-759.188660	1861.817017	1.000000
0.000000	141.120544	1513.275879	1.000000
0.000000	-3279.817139	-11814.528320	1.000000
0.000000	113.187370	-117.079178	1.000000
0.000000	-20.944695	-66.128304	1.000000
0.000000	-71.554199	124.776718	1.000000
0.000000	29405522.000000	-21550876.000000	1.000000
0.000000	-391.628235	1542.583618	1.000000
0.000000	631.193726	368.297516	1.000000
0.000000	1817.141724	26416.212891	1.000000
0.000000	3186.615723	-1462.044434	1.000000
0.000000	16.007000	-78.298843	1.000000
0.000000	51.407070	-190.623566	1.000000
0.000000	5511.158691	-2740.487793	1.000000
0.000000	400969.062500	-1051564.750000	1.000000
0.000000	40382.046875	142679.250000	1.000000
0.000000	899154304.000000	-490293056.000000	1.000000
0.000000	5248.624023	-14716.021484	1.000000
0.000000	-11819835.000000	-661563.187500	1.000000
0.000000	10507.897461	-15292.102539	1.000000
0.000000	41.008694	-163.288239	1.000000
0.000000	-115.038452	-633.043640	1.000000
0.000000	-710.867554	929.266357	1.000000
0.000000	424591.437500	2542.444092	1.000000
0.000000	-9141.513672	10688.122070	1.000000
0.000000	27.666592	589.344299	1.000000
0.000000	50.828487	-77.512405	1.000000
0.000000	3401.454590	-13078.625977	1.000000
0.000000	-935690816.000000	516809408.000000	1.000000
0.000000	1333545.500000	80047.234375	1.000000
0.000000	370474.937500	-121699.265625	1.000000
0.000000	282732.000000	227330.031250	1.000000
0.000000	25090.978516	-23235.730469	1.000000
0.000000	2203343.750000	933926.937500	1.000000
0.000000	-43.400539	43.012165	1.000000
0.000000	293.373932	14.851616	1.000000
0.000000	-3299.188721	-534.498291	1.000000
0.000000	-1646.159302	1508.199829	1.000000
0.000000	0.807994	90.195122	1.000000
0.000000	66.531342	158.688293	1.000000
0.000000	-1007.569702	1156.571655	1.000000
0.000000	732.441956	-72.750549	1.000000
0.000000	186.922409	-391.829010	1.000000
0.000000	-4355021.000000	2416277.250000	1.000000
0.000000	921.178955	505.174011	1.000000
0.000000	86.544098	-88022.593750	1.000000
0.000000	1711789.125000	-2028472.500000	1.000000
0.000000	772.172974	-1722.180664	1.000000
0.000000	-439.593811	-5180.649902	1.000000
0.000000	691415.187500	-227237.218750	1.000000
0.000000	12310197.000000	-6573529.500000	1.000000
0.000000	-21894.716797	-21297.433594	1.000000
0.000000	170472.203125	-24400.152344	1.000000
0.000000	117.998947	-4.587687	1.000000
0.000000	81.672379	28.151121	1.000000
0.000000	831.546570	-1734.547607	1.000000
0.000000	-5.739400	-77.991737	1.000000
0.000000	27.371418	-65.153885	1.000000
0.000000	-820.109863	860.545837	1.000000
0.000000	1.313741	-3165.822510	1.000000
0.000000	-53644.976562	119833.890625	1.000000
0.000000	15.982256	44.075577	1.000000
0.000000	-139.358627	-29.224552	1.000000
0.000000	-344.038300	-1136.931030	1.000000
0.000000	-64802.839844	15661.019531	1.000000
0.000000	2368.781982	574.255188	1.000000
0.000000	55610.332031	149445.234375	1.000000
0.000000	-13021.616211	6671.948242	1.000000
0.000000	-41607.660156	-29915.117188	1.000000
0.000000	-8637.997070	13685.816406	1.000000
0.000000	105.716454	245.898682	1.000000
0.000000	-145.862839	19.220835	1.000000
0.000000	1392.822754	3333.680420	1.000000
0.000000	414.578522	-356.192963	1.000000
0.000000	2068.246826	293.434784	1.000000
0.000000	522.424561	-315.019592	1.000000
0.000000	14039.494141	-14018.175781	1.000000
0.000000	-107.408295	-16.788830	1.000000
0.000000	-1080.827637	1733.581177	1.000000
0.000000	68.689117	97.125046	1.000000
0.000000	-13561.987305	-2932.957275	1.000000
0.000000	-28521.253906	-61334.484375	1.000000
0.000000	1574.125732	7861.813477	1.000000
0.000000	-2669.830078	2028.520020	1.000000
0.000000	-116.948441	-57.159996	1.000000
0.000000	218.762070	381.624573	1.000000
0.000000	-3969.459229	-16215.094727	1.000000
0.000000	541.404846	-92.497429	1.000000
0.000000	-8548.724609	12914.285156	1.000000
0.000000	-966.428101	-2954.896484	1.000000
0.000000	967.947083	337.730865	1.000000
0.000000	57.463615	-203.934479	1.000000
0.000000	-5879.003418	-20547.974609	1.000000
0.000000	-10.500990	-87.131714	1.000000
0.000000	22579.296875	-24367.076172	1.000000
0.000000	-140.383865	-1.166581	1.000000
0.000000	-3300464.250000	1376390.750000	1.000000
0.000000	-17906.056641	-1039.419556	1.000000
0.534434	41.950661	362.936218	1.000000
0.031963	79.432678	-119.801109	1.000000
0.000000	6607.955566	2928.936523	1.000000
0.000000	-26357.255859	-23439.363281	1.000000
0.000000	-586712.625000	317313.281250	1.000000
0.000000	-108536.234375	249309.171875	1.000000
0.000000	38267.796875	-56191.003906	1.000000
0.000000	445.758759	-1539.854614	1.000000
0.000000	6.670589	-41.323647	1.000000
0.000000	-165.523071	-657.177368	1.000000
0.000000	-322.472839	450.621918	1.000000
0.000000	4112436.000000	2116301.500000	1.000000
0.000000	-63.534019	163.845749	1.000000
0.000000	-45182.152344	75736.375000	1.000000
0.000000	488.959412	1589.943115	1.000000
0.000000	4600.384277	12624.622070	1.000000
0.000000	642.940002	1846.263672	1.000000
0.000000	-43929.824219	2191.122803	1.000000
0.000000	245950.796875	-842228.687500	1.000000
0.000000	-9.307482	-39.285843	1.000000
0.000000	209.978821	-146.691727	1.000000
0.000000	-33075.222656	-139781.546875	1.000000
0.000000	-14257.745117	-13789.531250	1.000000
0.000000	-142.511459	-70.028297	1.000000
0.000000	-323298.281250	730136.875000	1.000000
0.000000	-31568.089844	-19793.183594	1.000000
0.000000	-206.797623	-975.945679	1.000000
0.031963	82.715332	-124.373665	1.000000
0.000000	-3858.715332	-12704.937500	1.000000
0.000000	22.680359	-88.993057	1.000000
0.000000	3129.748535	3226.508301	1.000000
0.000000	-85.425423	395.874603	1.000000
0.000000	799478.937500	-982912.687500	1.000000
0.000000	-143.308655	367.874084	1.000000
0.000000	-3510.892822	-2022.885132	1.000000
0.000000	23.739748	2662.601807	1.000000
0.000000	-146.383118	127.919220	1.000000
0.000000	19974.806641	10333.460938	1.000000
0.000000	-166.251831	626.649597	1.000000
0.000000	-3133.410156	-1837.397583	1.000000
0.000000	65024.714844	112433.507812	1.000000
0.000000	86.406784	51.441803	1.000000
0.000000	484892.843750	100581.484375	1.000000
0.000000	-65.825111	63.685131	1.000000
0.000000	80.586632	48.677189	1.000000
0.000000	277.864899	-124.867065	1.000000
0.000000	-46.363163	-80.380089	1.000000
0.000000	-52518.144531	-3232.295166	1.000000
0.000000	11268.342773	1170.206421	1.000000
0.000000	-144.055435	52.662933	1.000000
0.000000	-139.728165	1948.572510	1.000000
0.000000	-7860.878418	-92913.921875	1.000000
0.000000	-419.247894	1307.060791	1.000000
0.000000	116.224731	116.402031	1.000000
0.000000	89.951866	-6.095936	1.000000
0.000000	45.932579	92.860016	1.000000
0.000000	-42703.738281	-77875.195312	1.000000
0.000000	496.015533	-935.144775	1.000000
0.000000	-144.240082	112.455383	1.000000
0.000000	24.199146	-413.586517	1.000000
0.000000	-436.359375	464.110229	1.000000
0.000000	219.088486	243.407501	1.000000
0.000000	157.273163	758.296509	1.000000
0.000000	-64.476105	-57.705925	1.000000
0.534434	40.594097	366.801086	1.000000
0.000000	-10747.782227	573.207458	1.000000
0.000000	28171368.000000	16549397.000000	1.000000
0.000000	136.045792	-449.854279	1.000000
0.000000	-32873.453125	266930.000000	1.000000
0.000000	19.956383	14.426975	1.000000
0.000000	1272.364502	2814.124023	1.000000
0.000000	4789.959473	10619.977539	1.000000
0.000000	-48782.835938	-126250.796875	1.000000
0.000000	277.861420	-393.319183	1.000000
0.000000	1929694.125000	165070.921875	1.000000
0.000000	-180349.765625	-177937.812500	1.000000
0.000000	-70011.367188	13882.036133	1.000000
0.000000	113.504692	81.124954	1.000000
0.000000	-131030.531250	14717.996094	1.000000
0.000000	-844.160828	119.243355	1.000000
0.000000	-1166.541870	1199.869995	1.000000
0.000000	-1120.536865	922.301270	1.000000
0.000000	49200.144531	57316.218750	1.000000
0.000000	84075.648438	3836.024658	1.000000
0.000000	813.902039	-480.471680	1.000000
0.000000	-126.874573	-156.750046	1.000000
0.000000	-1589278.625000	-1200867.375000	1.000000
0.000000	-24.915335	68.162224	1.000000
0.000000	2590553.750000	19134.878906	1.000000
0.000000	47.627777	51.989063	1.000000
0.000000	-10297.785156	12982.958984	1.000000
0.000000	1826645.375000	135548.796875	1.000000
0.000000	-1594.448608	536.480225	1.000000
0.000000	18.083525	-3.334767	1.000000
0.000000	135.052261	110.009521	1.000000
0.000000	655.855164	1118.067261	1.000000
0.000000	-10440.733398	7227.110840	1.000000
0.000000	-117.526146	109.277405	1.000000
0.000000	27323.763672	25633.058594	1.000000
0.000000	-115.993134	116.171394	1.000000
0.000000	261.270111	237.932739	1.000000
0.000000	208.181580	-9115.142578	1.000000
0.000000	-5341.741699	9768.310547	1.000000
0.000000	458989.656250	25776.781250	1.000000
0.000000	-771.041687	1009.513184	1.000000
0.000000	1967.085693	-5415.788574	1.000000
0.000000	3481.978027	-1828.447998	1.000000
0.000000	-2.231822	-146.558746	1.000000
0.915170	0.360457	43.904400	1.000000
0.000000	1078.713135	-503.726349	1.000000
0.000000	1177.646606	11990.971680	1.000000
0.000000	18296.246094	-23734.314453	1.000000
0.000000	58.676674	2.332673	1.000000
0.000000	-21.758440	49.456253	1.000000
0.000000	1364.664307	1028.724365	1.000000
0.000000	148.655228	-38.954113	1.000000
0.000000	63.634830	-86.202042	1.000000
0.000000	-1686.073730	52.449448	1.000000
0.000000	75066.828125	-7436.865234	1.000000
0.000000	11.619278	148.868011	1.000000
0.000000	-473.516235	-720.712036	1.000000
0.000000	1195.391357	-9862.957031	1.000000
0.000000	107.396080	83.348572	1.000000
0.000000	35.720882	48.123592	1.000000
0.000000	-3984.057861	-4840.344238	1.000000
0.000000	252.223541	189.277451	1.000000
0.000000	-1815.873169	-2810.306885	1.000000
0.000000	-101.104218	35.555294	1.000000
0.000000	22202.218750	38821.875000	1.000000
0.000000	86.648689	-22.193722	1.000000
0.000000	618.512024	-554.378479	1.000000
0.000000	1022.305420	566.268005	1.000000
0.000000	-308.680328	367.684570	1.000000
0.000000	-26.732071	-108.075356	1.000000
0.000000	9448.522461	5073.566895	1.000000
0.000000	-92803.750000	-330047.406250	1.000000
0.000000	7719.353027	16938.718750	1.000000
0.000000	37.852356	18.567532	1.000000
0.000000	3311.696533	-1165.838501	1.000000
0.000000	-423514.250000	-81740.281250	1.000000
0.000000	-44105600.000000	-10494824.000000	1.000000
0.000000	5903.014648	-4822.387207	1.000000
0.000000	-186.521393	-91.680145	1.000000
0.000000	791.351807	-1823.777222	1.000000
0.000000	6062.458008	523.049072	1.000000
0.000000	-12.463536	0.129887	1.000000
0.000000	-215.658875	1029.729370	1.000000
0.000000	-18821.814453	334.863281	1.000000
0.000000	-359.881165	-149.534988	1.000000
0.000000	263.607727	-82.125092	1.000000
0.000000	14298.794922	-11143.948242	1.000000
