0.000000	31667.777344	455652.812500	1.000000
0.000000	214920.906250	175017.984375	1.000000
0.000000	1150.064453	-12534.583008	1.000000
0.000000	-765.313416	652.266663	1.000000
0.000000	16907.677734	27641.585938	1.000000
0.000000	-13932.309570	809.752014	1.000000
0.000000	-901.829895	-2347.591553	1.000000
0.000000	-594969.937500	1523932.125000	1.000000
0.000000	3448.628174	-2412.016602	1.000000
0.000000	9292453.000000	3386659.750000	1.000000
0.000000	78697400.000000	19959642.000000	1.000000
0.000000	-42.575298	-121.803696	1.000000
0.000000	-180.760254	-115.921303	1.000000
0.000000	101.437386	-2.638971	1.000000
0.000000	-73337376.000000	-31090268.000000	1.000000
0.000000	525.117371	-4636.528809	1.000000
0.000000	318.098633	-174.316971	1.000000
0.000000	-6045.545410	7598.583984	1.000000
0.000000	-987.911804	457.868561	1.000000
0.000000	-220.691544	60.673115	1.000000
0.000000	870.021790	7774.010742	1.000000
0.000000	10029.511719	84924.992188	1.000000
0.000000	-1.038472	585.745728	1.000000
0.000000	55.213230	254.645691	1.000000
0.000000	-207268.765625	-53166.777344	1.000000
0.000000	174.777405	-77.747757	1.000000
0.000000	10392.477539	35621.417969	1.000000
0.000000	-3692.249268	11627.115234	1.000000
0.000000	199.031052	-63.495766	1.000000
0.000000	-61713.593750	-273296.843750	1.000000
0.000000	5315.925781	-9095.564453	1.000000
0.000000	4647.804688	847.347778	1.000000
0.000000	-43.223148	369.488556	1.000000
0.000000	-361.544495	-370.861786	1.000000
0.000000	-52.732498	116.554764	1.000000
0.000000	4644.676758	2681.543701	1.000000
0.000000	232.876556	20.816713	1.000000
0.000000	-5554.077637	-1353.847290	1.000000
0.000000	-246353.734375	-73507.812500	1.000000
0.000000	-46923.777344	-6015.373535	1.000000
0.000000	281.406525	-63.215492	1.000000
0.000000	400.792908	209.247192	1.000000
0.163564	2.678641	0.182546	1.000000
0.000000	21.356003	76.114738	1.000000
0.000000	17.728474	-1.838022	1.000000
0.000000	-469.773895	-495.590485	1.000000
0.000000	-4278.377930	3491.845703	1.000000
0.000000	-690.423218	231.560379	1.000000
0.000000	-57.844254	-22.922903	1.000000
0.000000	-17.909052	-33.370354	1.000000
0.000000	6800.136230	6305.741211	1.000000
0.000000	-736.544006	1896.569214	1.000000
0.000000	164.702393	1547.420166	1.000000
0.000000	-3255.703369	-11848.571289	1.000000
0.000000	74.857368	-132.994476	1.000000
0.000000	-22.167486	-24.989187	1.000000
0.000000	-113.031403	126.214172	1.000000
0.000000	29405522.000000	-21550876.000000	1.000000
0.000000	-358.193176	1518.064575	1.000000
0.000000	658.499023	337.066132	1.000000
0.000000	1838.519897	26451.876953	1.000000
0.000000	3170.810059	-1423.644775	1.000000
0.000000	37.843113	-43.008389	1.000000
0.000000	29.015503	-155.681396	1.000000
0.000000	5536.690918	-2707.863281	1.000000
0.000000	400943.125000	-1051564.750000	1.000000
0.000000	40417.710938	142705.187500	1.000000
0.000000	899154304.000000	-490293056.000000	1.000000
0.000000	5275.372070	-14684.410156	1.000000
0.000000	-11819835.000000	-661615.062500	1.000000
0.000000	10486.823242	-15327.766602	1.000000
0.731738	53.918846	-123.982864	1.000000
0.000000	-83.718414	-605.839661	1.000000
0.000000	-752.357422	930.684814	1.000000
0.000000	424643.312500	2552.778564	1.000000
0.000000	-9100.986328	10697.848633	1.000000
0.000000	67.949829	599.324158	1.000000
0.000000	54.463284	-36.172382	1.000000
0.000000	3397.401855	-13037.288086	1.000000
0.000000	-935690816.000000	516809408.000000	1.000000
0.000000	1333545.500000	80008.328125	1.000000
0.000000	370423.062500	-121692.781250	1.000000
0.000000	282783.875000	227317.062500	1.000000
0.000000	25128.263672	-23255.183594	1.000000
0.000000	2203343.750000	933978.812500	1.000000
0.000000	-21.543510	7.734383	1.000000
0.000000	333.875946	23.902094	1.000000
0.000000	-3325.126221	-566.920166	1.000000
0.000000	-1641.296021	1466.963257	1.000000
0.000000	-18.327579	53.371315	1.000000
0.000000	77.195099	198.797699	1.000000
0.000000	-967.548950	1167.514038	1.000000
0.000000	697.385803	-50.528244	1.000000
0.000000	177.689774	-432.280365	1.000000
0.000000	-4355021.000000	2416277.250000	1.000000
0.000000	885.261597	484.378418	1.000000
0.000000	127.160095	-88016.109375	1.000000
0.000000	1711789.125000	-2028472.500000	1.000000
0.000000	764.422119	-1762.910645	1.000000
0.000000	-473.712769	-5157.144043	1.000000
0.000000	691415.187500	-227198.312500	1.000000
0.000000	12310197.000000	-6573529.500000	1.000000
0.000000	-21884.990234	-21256.906250	1.000000
0.000000	170433.296875	-24375.835938	1.000000
0.000000	135.856308	-42.048107	1.000000
0.000000	41.966492	40.218010	1.000000
0.000000	871.719299	-1724.213135	1.000000
0.069016	18.035955	-48.115814	1.000000
0.000000	12.267262	-26.500700	1.000000
0.000000	-808.204956	820.778381	1.000000
0.000000	41.547562	-3175.954346	1.000000
0.000000	-53602.828125	119833.890625	1.000000
0.163564	1.279027	4.699507	1.000000
0.000000	-99.211227	-39.736752	1.000000
0.000000	-383.957733	-1148.278687	1.000000
0.000000	-64838.503906	15683.714844	1.000000
0.000000	2356.421143	534.639709	1.000000
0.000000	55577.910156	149419.296875	1.000000
0.000000	-12981.899414	6684.916992	1.000000
0.000000	-41575.238281	-29939.433594	1.000000
0.000000	-8672.040039	13662.310547	1.000000
0.000000	68.222328	228.104645	1.000000
0.000000	-114.103821	-8.037737	1.000000
0.000000	1362.933838	3362.454834	1.000000
0.000000	374.507111	-345.377228	1.000000
0.000000	2094.994873	325.248749	1.000000
0.000000	514.319092	-274.314941	1.000000
0.000000	14048.410156	-13977.648438	1.000000
0.000000	-72.016525	4.885328	1.000000
0.000000	-1065.123291	1771.980835	1.000000
0.000000	39.028172	68.097336	1.000000
0.000000	-13602.514648	-2923.838623	1.000000
0.000000	-28495.316406	-61302.062500	1.000000
0.000000	1551.430420	7826.959961	1.000000
0.000000	-2695.159668	2061.347168	1.000000
0.000000	-154.919342	-40.417137	1.000000
0.000000	246.206680	412.754639	1.000000
0.000000	-3995.802002	-16247.516602	1.000000
0.000000	501.542694	-104.079384	1.000000
0.000000	-8507.386719	12911.042969	1.000000
0.000000	-978.940918	-2915.382324	1.000000
0.000000	972.455750	296.468964	1.000000
0.000000	16.907776	-195.132446	1.000000
0.000000	-5919.936035	-20554.458984	1.000000
0.000000	-12.684084	-45.687572	1.000000
0.000000	22590.644531	-24326.548828	1.000000
0.000000	-113.605713	28.666056	1.000000
0.000000	-3300464.250000	1376390.750000	1.000000
0.000000	-17891.466797	-1000.715942	1.000000
0.000000	59.308098	325.479919	1.000000
0.024473	66.247475	-81.232857	1.000000
0.000000	6594.581543	2968.248047	1.000000
0.000000	-26396.162109	-23452.332031	1.000000
0.000000	-586712.625000	317287.343750	1.000000
0.000000	-108536.234375	249348.078125	1.000000
0.000000	38309.945312	-56191.003906	1.000000
0.000000	418.909393	-1508.243286	1.000000
0.000000	-12.150322	-78.326416	1.000000
0.000000	-156.037140	-697.552734	1.000000
0.000000	-311.150513	410.702484	1.000000
0.000000	4112436.000000	2116301.500000	1.000000
0.000000	-104.213379	155.651627	1.000000
0.000000	-45165.941406	75697.468750	1.000000
0.000000	451.547607	1572.009766	1.000000
0.000000	4560.262207	12635.159180	1.000000
0.000000	647.043396	1887.601562	1.000000
0.000000	-43900.644531	2160.727295	1.000000
0.000000	245989.703125	-842228.687500	1.000000
0.000000	28.235226	-21.599457	1.000000
0.000000	168.602936	-149.895920	1.000000
0.000000	-33091.433594	-139742.640625	1.000000
0.000000	-14243.965820	-13828.437500	1.000000
0.000000	-101.063705	-67.925941	1.000000
0.000000	-323246.406250	730136.875000	1.000000
0.000000	-31603.753906	-19814.257812	1.000000
0.000000	-169.284500	-958.214966	1.000000
0.024473	70.852875	-83.859650	1.000000
0.000000	-3898.432129	-12692.779297	1.000000
0.069016	14.206900	-47.888489	1.000000
0.000000	3117.387695	3266.022461	1.000000
0.000000	-105.068520	432.425201	1.000000
0.000000	799530.812500	-982912.687500	1.000000
0.000000	-102.388695	360.959106	1.000000
0.000000	-3550.609619	-2011.132202	1.000000
0.000000	32.460960	2622.074463	1.000000
0.000000	-117.104462	98.505234	1.000000
0.000000	19995.880859	10297.796875	1.000000
0.000000	-207.159119	633.640564	1.000000
0.000000	-3093.895996	-1824.428833	1.000000
0.000000	65011.746094	112394.601562	1.000000
0.000000	56.612030	21.178139	1.000000
0.000000	484892.843750	100542.578125	1.000000
0.000000	-35.809551	35.027866	1.000000
0.000000	80.305138	9.413066	1.000000
0.000000	270.747284	-165.749023	1.000000
0.000000	-6.062095	-77.135620	1.000000
0.000000	-52534.355469	-3269.985596	1.000000
0.000000	11246.458008	1134.947632	1.000000
0.000000	-155.339767	92.601364	1.000000
0.000000	-163.955917	1982.311523	1.000000
0.000000	-7858.852051	-92875.015625	1.000000
0.000000	-394.399567	1340.293213	1.000000
0.000000	143.644012	85.246635	1.000000
0.000000	50.285732	6.106722	1.000000
0.000000	42.080841	52.345509	1.000000
0.000000	-42671.316406	-77901.132812	1.000000
0.000000	528.449890	-909.257935	1.000000
0.000000	-165.846222	77.019287	1.000000
0.000000	42.768902	-450.694366	1.000000
0.000000	-432.559937	422.772339	1.000000
0.000000	190.086105	273.093781	1.000000
0.000000	147.407288	717.971802	1.000000
0.011183	-48.667229	-86.332138	1.000000
0.000000	7.263203	342.022095	1.000000
0.000000	-10706.444336	576.247009	1.000000
0.000000	28171368.000000	16549397.000000	1.000000
0.000000	108.064743	-419.205475	1.000000
0.000000	-32889.664062	266955.937500	1.000000
0.000000	61.443085	15.481319	1.000000
0.000000	1237.814941	2837.021973	1.000000
0.000000	4830.486816	10610.250977	1.000000
0.000000	-48824.984375	-126250.796875	1.000000
0.000000	314.285370	-373.460785	1.000000
0.000000	1929694.125000	165044.984375	1.000000
0.000000	-180388.671875	-177937.812500	1.000000
0.000000	-69978.945312	13905.541992	1.000000
0.000000	88.555046	114.287720	1.000000
0.000000	-131017.562500	14678.279297	1.000000
0.000000	-807.128967	100.474129	1.000000
0.000000	-1140.503052	1232.190552	1.000000
0.000000	-1109.797119	882.229858	1.000000
0.000000	49190.417969	57277.312500	1.000000
0.000000	84108.070312	3860.948975	1.000000
0.000000	774.337219	-493.085815	1.000000
0.000000	-89.982025	-137.740189	1.000000
0.000000	-1589278.625000	-1200867.375000	1.000000
0.000000	15.124871	57.251507	1.000000
0.000000	2590553.750000	19097.593750	1.000000
0.000000	34.790226	89.978615	1.000000
0.000000	-10273.468750	12948.916016	1.000000
0.000000	1826645.375000	135574.734375	1.000000
0.000000	-1599.210571	495.243652	1.000000
0.000000	-22.369915	-12.595884	1.000000
0.000000	100.533073	133.046783	1.000000
0.000000	688.986267	1143.092896	1.000000
0.000000	-10412.364258	7196.715332	1.000000
0.000000	-76.846825	101.064285	1.000000
0.000000	27322.142578	25590.910156	1.000000
0.000000	-146.287323	87.808586	1.000000
0.000000	259.395721	196.480865	1.000000
0.000000	248.556946	-9124.869141	1.000000
0.000000	-5300.403809	9767.500000	1.000000
0.000000	458963.718750	25807.582031	1.000000
0.000000	-732.135437	995.125977	1.000000
0.000000	1933.751953	-5440.510254	1.000000
0.000000	3481.167480	-1786.907471	1.000000
0.000000	-24.931799	-181.298279	1.000000
0.000000	-35.002529	22.256004	1.000000
0.000000	1096.545166	-466.263885	1.000000
0.000000	1172.884644	12032.309570	1.000000
0.000000	18336.773438	-23726.208984	1.000000
0.000000	16.993404	5.007339	1.000000
0.000000	-24.082430	90.890244	1.000000
0.000000	1399.112549	1005.583496	1.000000
0.000000	107.168541	-37.893436	1.000000
0.731738	56.332005	-126.818787	1.000000
0.000000	-1725.587891	39.794151	1.000000
0.000000	75027.921875	-7441.323242	1.000000
0.000000	0.570827	108.862961	1.000000
0.000000	-515.006104	-720.712036	1.000000
0.000000	1198.025635	-9904.294922	1.000000
0.000000	82.300789	50.294769	1.000000
0.000000	5.950459	22.988960	1.000000
0.000000	-4003.105713	-4877.224121	1.000000
0.000000	211.278259	182.514450	1.000000
0.000000	-1782.539429	-2785.585205	1.000000
0.000000	-118.594299	-2.078494	1.000000
0.000000	22195.734375	38779.726562	1.000000
0.000000	45.147598	-22.329868	1.000000
0.000000	577.022156	-555.087708	1.000000
0.000000	986.438721	545.396423	1.000000
0.000000	-306.957916	326.220032	1.000000
0.011183	-50.608521	-83.316467	1.000000
0.000000	9427.448242	5109.230957	1.000000
0.000000	-92823.203125	-330021.468750	1.000000
0.000000	7678.015137	16937.097656	1.000000
0.000000	9.195341	48.570312	1.000000
0.000000	3298.119873	-1205.048706	1.000000
0.000000	-423540.187500	-81707.859375	1.000000
0.000000	-44105600.000000	-10494824.000000	1.000000
0.000000	5884.372070	-4859.267090	1.000000
0.000000	-170.766388	-130.073807	1.000000
0.000000	754.978516	-1843.736938	1.000000
0.000000	6094.879883	548.834595	1.000000
0.000000	26.399374	15.157984	1.000000
0.000000	-174.207001	1031.755737	1.000000
0.000000	-18828.298828	375.846558	1.000000
0.000000	-318.391296	-148.382492	1.000000
0.000000	258.871094	-40.894852	1.000000
0.000000	14260.699219	-11160.159180	1.000000
