0.000000	31366.625000	455936.250000	1.000000
0.000000	215062.625000	175443.140625	1.000000
0.000000	1217.602295	-12986.311523	1.000000
0.000000	-311.924133	645.623596	1.000000
0.000000	16872.248047	27181.000000	1.000000
0.000000	-13489.438477	707.338074	1.000000
0.000000	-494.930450	-2546.883545	1.000000
0.000000	-595536.812500	1523932.125000	1.000000
0.000000	3681.135498	-2022.290039	1.000000
0.000000	9292453.000000	3386659.750000	1.000000
0.000000	78697400.000000	19959642.000000	1.000000
0.000000	-480.200806	-240.552124	1.000000
0.000000	-395.504211	283.524780	1.000000
0.000000	84.760521	-455.810577	1.000000
0.000000	-73337376.000000	-31090268.000000	1.000000
0.000000	919.826233	-4415.093262	1.000000
0.000000	424.387695	-615.160034	1.000000
0.000000	-6280.267090	7988.310547	1.000000
0.000000	-986.804626	4.406857	1.000000
0.656238	-376.286133	486.655182	1.000000
0.000000	967.453430	8216.881836	1.000000
0.000000	10436.953125	85137.570312	1.000000
0.000000	-88.776543	1030.831177	1.000000
0.000000	388.125214	-49.757088	1.000000
0.000000	-206985.328125	-53485.644531	1.000000
0.000000	626.877869	-42.248871	1.000000
0.000000	10383.620117	35160.832031	1.000000
0.000000	-4137.128906	11538.541016	1.000000
0.000000	595.400696	-283.824127	1.000000
0.000000	-61253.007812	-273296.843750	1.000000
0.000000	5045.774414	-8732.410156	1.000000
0.000000	5086.247070	959.172729	1.000000
0.000000	-461.498962	544.915710	1.000000
0.000000	-693.269714	-61.769142	1.000000
0.000000	-407.108734	-166.344009	1.000000
0.000000	5056.546875	2869.763916	1.000000
0.000000	-188.862518	-145.853714	1.000000
0.000000	-5903.945801	-1640.606323	1.000000
0.000000	-246212.015625	-73932.968750	1.000000
0.000000	-46569.480469	-6289.953613	1.000000
0.000000	631.092102	225.524033	1.000000
0.000000	662.757874	-160.863464	1.000000
0.000000	-3.759147	450.920166	1.000000
0.000000	-176.382828	-326.400024	1.000000
0.000000	74.257996	446.419281	1.000000
0.000000	-640.832825	-75.633896	1.000000
0.000000	-3906.366211	3232.766113	1.000000
0.000000	-947.842041	605.024963	1.000000
0.000000	-159.002213	-464.697388	1.000000
0.000000	-462.703674	-124.878822	1.000000
0.000000	7251.864746	6257.025391	1.000000
0.000000	-983.998230	1516.807251	1.000000
0.000000	-93.049088	1174.301270	1.000000
0.000000	-3519.211670	-11476.559570	1.000000
0.000000	495.446228	36.156273	1.000000
0.000000	-11.353186	-476.328613	1.000000
0.000000	340.185944	110.506088	1.000000
0.000000	29405522.000000	-21550876.000000	1.000000
0.000000	-723.561829	1786.001587	1.000000
0.000000	359.973724	678.488586	1.000000
0.000000	1604.905396	26062.150391	1.000000
0.000000	3343.529785	-1843.265137	1.000000
0.000000	-200.169373	-430.333069	1.000000
0.000000	273.701996	-537.435669	1.000000
0.000000	5257.682129	-3064.374512	1.000000
0.000000	401226.562500	-1051564.750000	1.000000
0.000000	40027.984375	142421.750000	1.000000
0.000000	899154304.000000	-490293056.000000	1.000000
0.000000	4983.077148	-15029.849609	1.000000
0.000000	-11819835.000000	-661048.187500	1.000000
0.000000	10717.116211	-14938.040039	1.000000
0.000000	-80.700714	-556.888977	1.000000
0.000000	-426.043457	-903.116882	1.000000
0.000000	-299.098206	915.184326	1.000000
0.000000	424076.437500	2439.846436	1.000000
0.000000	-9543.857422	10591.559570	1.000000
0.656238	-372.229889	490.271454	1.000000
0.000000	14.743556	-487.903046	1.000000
0.000000	3441.688965	-13489.016602	1.000000
0.000000	-935690816.000000	516809408.000000	1.000000
0.000000	1333545.500000	80433.484375	1.000000
0.000000	370989.937500	-121763.640625	1.000000
0.000000	282217.000000	227458.781250	1.000000
0.000000	24720.822266	-23042.605469	1.000000
0.000000	2203343.750000	933411.937500	1.000000
0.000000	-257.537689	390.057190	1.000000
0.000000	-107.220268	-77.483208	1.000000
0.000000	-3041.688721	-212.640244	1.000000
0.000000	-1694.440552	1917.584595	1.000000
0.000000	190.787689	455.818481	1.000000
0.000000	-39.314152	-239.496796	1.000000
0.000000	-1404.884155	1047.938843	1.000000
0.000000	1080.469238	-293.373901	1.000000
0.000000	278.550354	9.838130	1.000000
0.000000	-4355021.000000	2416277.250000	1.000000
0.000000	1277.398193	711.869812	1.000000
0.000000	-316.653381	-88086.968750	1.000000
0.000000	1711789.125000	-2028472.500000	1.000000
0.000000	849.121216	-1317.825195	1.000000
0.000000	-100.865631	-5414.009277	1.000000
0.000000	691415.187500	-227623.468750	1.000000
0.000000	12310197.000000	-6573529.500000	1.000000
0.000000	-21991.279297	-21699.777344	1.000000
0.000000	170858.453125	-24641.558594	1.000000
0.000000	-59.343426	361.105499	1.000000
0.000000	476.288055	-90.368538	1.000000
0.000000	432.723328	-1837.145264	1.000000
0.000000	-276.815063	-388.294830	1.000000
0.000000	177.328491	-448.889252	1.000000
0.000000	-938.298340	1255.050903	1.000000
0.000000	-398.089294	-3065.236572	1.000000
0.000000	-54063.414062	119833.890625	1.000000
0.000000	157.264801	427.536377	1.000000
0.000000	-537.953796	75.179451	1.000000
0.000000	52.192348	-1024.274780	1.000000
0.000000	-64448.777344	15435.707031	1.000000
0.000000	2491.496826	967.546204	1.000000
0.000000	55932.207031	149702.734375	1.000000
0.000000	-13415.913086	6543.198242	1.000000
0.000000	-41929.535156	-29673.710938	1.000000
0.000000	-8300.028320	13919.175781	1.000000
0.000000	477.888184	422.434204	1.000000
0.000000	-449.335266	297.949951	1.000000
0.000000	1689.551270	3048.016357	1.000000
0.000000	812.395874	-463.568451	1.000000
0.000000	1803.629150	-22.323364	1.000000
0.000000	602.893311	-718.994690	1.000000
0.000000	13950.978516	-14420.519531	1.000000
0.000000	-458.708374	-231.943710	1.000000
0.000000	-1236.735840	1352.360474	1.000000
0.000000	363.154449	385.303741	1.000000
0.000000	-13159.643555	-3023.484619	1.000000
0.000000	-28778.753906	-61656.359375	1.000000
0.000000	1799.438232	8207.829102	1.000000
0.000000	-2418.365234	1702.621582	1.000000
0.000000	260.029572	-223.378250	1.000000
0.000000	-49.485096	75.559410	1.000000
0.000000	-3707.935791	-15893.219727	1.000000
0.000000	937.210510	22.479172	1.000000
0.000000	-8959.115234	12946.472656	1.000000
0.000000	-842.204468	-3347.181641	1.000000
0.000000	923.186340	747.222595	1.000000
0.000000	460.059357	-291.369324	1.000000
0.000000	-5472.636230	-20483.599609	1.000000
0.000000	11.172125	-498.534454	1.000000
0.000000	22466.640625	-24769.419922	1.000000
0.000000	-418.200165	-305.443970	1.000000
0.000000	-3300464.250000	1376390.750000	1.000000
0.000000	-18050.900391	-1423.657837	1.000000
0.000000	-131.366394	735.987915	1.000000
0.000000	216.598724	-507.981049	1.000000
0.000000	6740.729004	2538.663086	1.000000
0.000000	-25971.005859	-23310.613281	1.000000
0.000000	-586712.625000	317570.781250	1.000000
0.000000	-108536.234375	248922.921875	1.000000
0.000000	37849.359375	-56191.003906	1.000000
0.000000	712.311523	-1853.682739	1.000000
0.000000	204.580521	320.030609	1.000000
0.000000	-259.701599	-256.182007	1.000000
0.000000	-434.877625	846.930542	1.000000
0.000000	4112436.000000	2116301.500000	1.000000
0.000000	337.607697	245.075790	1.000000
0.000000	-45343.089844	76122.625000	1.000000
0.000000	860.608826	1767.980225	1.000000
0.000000	4998.704590	12520.012695	1.000000
0.000000	602.202698	1435.873047	1.000000
0.000000	-44219.511719	2492.880615	1.000000
0.000000	245564.546875	-842228.687500	1.000000
0.000000	-381.994598	-214.840073	1.000000
0.000000	616.465515	-116.853859	1.000000
0.000000	-32914.285156	-140167.796875	1.000000
0.000000	-14394.541992	-13403.281250	1.000000
0.000000	-553.942627	-90.899879	1.000000
0.000000	-323813.281250	730136.875000	1.000000
0.000000	-31214.027344	-19583.964844	1.000000
0.000000	-579.262451	-1151.971069	1.000000
0.000000	194.167984	-521.272583	1.000000
0.000000	-3464.418457	-12825.640625	1.000000
0.000000	141.828796	-483.343170	1.000000
0.000000	3252.463379	2834.223145	1.000000
0.000000	109.904083	36.819496	1.000000
0.000000	798963.937500	-982912.687500	1.000000
0.000000	-549.640930	436.523987	1.000000
0.000000	-3116.595947	-2139.564697	1.000000
0.000000	-62.837002	3064.945557	1.000000
0.000000	-437.076477	419.925018	1.000000
0.000000	19765.587891	10687.523438	1.000000
0.000000	239.833710	557.245300	1.000000
0.000000	-3525.695312	-1966.147583	1.000000
0.000000	65153.464844	112819.757812	1.000000
0.000000	392.077362	327.299103	1.000000
0.000000	484892.843750	100967.734375	1.000000
0.000000	-363.810944	348.176819	1.000000
0.000000	78.089546	460.745850	1.000000
0.000000	348.526520	281.006653	1.000000
0.000000	-457.447815	-106.545563	1.000000
0.000000	-52357.207031	-2858.115479	1.000000
0.000000	11485.608398	1520.245483	1.000000
0.000000	-33.141045	-345.136139	1.000000
0.000000	100.853645	1613.621338	1.000000
0.000000	-7880.995605	-93300.171875	1.000000
0.000000	-666.091797	977.138916	1.000000
0.000000	-152.642899	424.671387	1.000000
0.000000	486.399078	-124.678764	1.000000
0.000000	65.173859	505.287781	1.000000
0.000000	-43025.613281	-77617.695312	1.000000
0.000000	173.921127	-1192.470947	1.000000
0.000000	70.205109	464.254700	1.000000
0.000000	-160.161728	-45.176384	1.000000
0.000000	-474.079102	874.500854	1.000000
0.000000	507.015717	-51.297852	1.000000
0.000000	255.218719	1158.628540	1.000000
0.000000	-256.409454	304.293549	1.000000
0.000000	372.501190	611.496765	1.000000
0.000000	-11158.172852	543.031677	1.000000
0.000000	28171368.000000	16549397.000000	1.000000
0.000000	413.860138	-754.126709	1.000000
0.000000	-32712.515625	266672.500000	1.000000
0.000000	-388.868896	1.204630	1.000000
0.000000	1615.362549	2586.799805	1.000000
0.000000	4387.615723	10716.540039	1.000000
0.000000	-48364.398438	-126250.796875	1.000000
0.000000	-83.852600	-590.467651	1.000000
0.000000	1929694.125000	165328.421875	1.000000
0.000000	-179963.515625	-177937.812500	1.000000
0.000000	-70333.242188	13648.676758	1.000000
0.000000	359.089386	-244.457947	1.000000
0.000000	-131159.281250	15112.292969	1.000000
0.000000	-1211.545532	305.578796	1.000000
0.000000	-1425.047729	879.228149	1.000000
0.000000	-1227.157959	1320.493042	1.000000
0.000000	49296.707031	57702.468750	1.000000
0.000000	83753.773438	3588.583252	1.000000
0.000000	1206.456177	-355.242188	1.000000
0.000000	-493.051727	-345.534027	1.000000
0.000000	-1589278.625000	-1200867.375000	1.000000
0.000000	-420.512878	184.054245	1.000000
0.000000	2590553.750000	19505.035156	1.000000
0.000000	189.188354	-328.362091	1.000000
0.000000	-10539.191406	13320.927734	1.000000
0.000000	1826645.375000	135291.296875	1.000000
0.000000	-1547.173218	945.864990	1.000000
0.000000	418.576630	83.752510	1.000000
0.000000	476.007629	-113.937149	1.000000
0.000000	326.939148	869.932556	1.000000
0.000000	-10722.374023	7528.868652	1.000000
0.000000	-521.378662	190.863312	1.000000
0.000000	27339.857422	26051.496094	1.000000
0.000000	184.756134	397.809357	1.000000
0.000000	279.878510	649.491150	1.000000
0.000000	-192.623138	-9018.580078	1.000000
0.000000	-5752.132324	9776.357422	1.000000
0.000000	459247.156250	25471.000000	1.000000
0.000000	-1157.291748	1152.345215	1.000000
0.000000	2298.773438	-5170.358887	1.000000
0.000000	3490.024902	-2240.850342	1.000000
0.000000	223.110016	198.334213	1.000000
0.000000	352.793549	257.744690	1.000000
0.000000	901.334351	-875.396973	1.000000
0.000000	1224.921997	11580.581055	1.000000
0.000000	17893.902344	-23814.783203	1.000000
0.000000	469.570648	-27.618675	1.000000
0.000000	-4.900424	-358.520599	1.000000
0.000000	1022.672119	1258.060303	1.000000
0.000000	560.554626	-49.484203	1.000000
0.000000	130.767410	318.809479	1.000000
0.000000	-1293.788574	178.091034	1.000000
0.000000	75453.078125	-7392.607422	1.000000
0.000000	121.317894	545.986389	1.000000
0.000000	-61.557667	-720.712036	1.000000
0.000000	1169.239014	-9452.566406	1.000000
0.000000	356.527924	411.510193	1.000000
0.000000	349.979431	314.580109	1.000000
0.000000	-3794.956299	-4474.211426	1.000000
0.000000	658.591919	256.418579	1.000000
0.000000	-2146.500488	-3055.736572	1.000000
0.000000	67.709381	404.793030	1.000000
0.000000	22266.593750	39240.312500	1.000000
0.000000	495.944550	-23.419527	1.000000
0.000000	1030.419312	-547.337463	1.000000
0.000000	1378.379639	773.475037	1.000000
0.000000	-325.779938	779.169189	1.000000
0.000000	233.154190	-427.741425	1.000000
0.000000	9657.741211	4719.504395	1.000000
0.000000	-92610.625000	-330304.906250	1.000000
0.000000	8129.743652	16954.812500	1.000000
0.000000	304.254089	-295.853882	1.000000
0.000000	3446.481689	-776.251221	1.000000
0.000000	-423256.750000	-82062.156250	1.000000
0.000000	-44105600.000000	-10494824.000000	1.000000
0.000000	6088.092773	-4456.254395	1.000000
0.000000	-342.892303	289.467926	1.000000
0.000000	1152.455322	-1625.622925	1.000000
0.000000	5740.583008	267.057861	1.000000
0.000000	-394.940735	-153.054245	1.000000
0.000000	-627.067688	1009.612183	1.000000
0.000000	-18757.439453	-71.926941	1.000000
0.000000	-771.780579	-160.976639	1.000000
0.000000	315.018036	-489.516327	1.000000
0.000000	14676.998047	-10983.010742	1.000000
