0.000000	31584.769531	455730.937500	1.000000
0.000000	214959.968750	175135.171875	1.000000
0.000000	1168.680176	-12659.094727	1.000000
0.000000	-640.343933	650.435608	1.000000
0.000000	16897.912109	27514.632812	1.000000
0.000000	-13810.239258	781.523254	1.000000
0.000000	-789.677795	-2402.523193	1.000000
0.000000	-595126.187500	1523932.125000	1.000000
0.000000	3512.715088	-2304.594727	1.000000
0.000000	9292453.000000	3386659.750000	1.000000
0.000000	78697400.000000	19959642.000000	1.000000
0.000000	-163.209534	-154.537415	1.000000
0.000000	-239.926208	-5.814912	1.000000
0.000000	96.840675	-127.552109	1.000000
0.000000	-73337376.000000	-31090268.000000	1.000000
0.000000	633.912537	-4575.493652	1.000000
0.000000	347.395508	-295.827576	1.000000
0.000000	-6110.242676	7706.005859	1.000000
0.000000	-987.606628	332.899078	1.000000
0.000000	-263.600128	178.089218	1.000000
0.000000	896.877258	7896.081055	1.000000
0.000000	10141.816406	84983.585938	1.000000
0.000000	-25.219229	708.426392	1.000000
0.000000	147.224640	170.035706	1.000000
0.000000	-207190.640625	-53254.667969	1.000000
0.000000	299.390289	-67.963058	1.000000
0.000000	10390.036133	35494.464844	1.000000
0.000000	-3814.929932	11602.701172	1.000000
0.000000	308.283997	-124.225746	1.000000
0.000000	-61586.640625	-273296.843750	1.000000
0.000000	5241.462891	-8995.466797	1.000000
0.000000	4768.654297	878.170532	1.000000
0.000000	-158.542725	417.798431	1.000000
0.000000	-453.020935	-285.641449	1.000000
0.000000	-150.426895	38.579243	1.000000
0.000000	4758.202148	2733.423584	1.000000
0.000000	116.639458	-25.110418	1.000000
0.000000	-5650.513184	-1432.887817	1.000000
0.000000	-246314.671875	-73625.000000	1.000000
0.000000	-46826.121094	-6091.057129	1.000000
0.000000	377.765778	16.376215	1.000000
0.000000	473.043274	107.238304	1.000000
0.000000	-0.809571	122.460449	1.000000
0.000000	-29.446407	-34.432545	1.000000
0.000000	33.424793	120.446007	1.000000
0.000000	-516.923523	-379.852570	1.000000
0.000000	-4175.838867	3420.434570	1.000000
0.000000	-761.376587	334.480927	1.000000
0.000000	-86.721786	-144.297607	1.000000
0.000000	-141.265625	-57.310154	1.000000
0.000000	6924.647949	6292.313477	1.000000
0.000000	-804.750793	1791.893921	1.000000
0.000000	93.663506	1444.575928	1.000000
0.000000	-3328.335205	-11746.032227	1.000000
0.000000	190.298889	-85.060822	1.000000
0.000000	-19.473455	-147.908813	1.000000
0.000000	11.895399	121.884491	1.000000
0.000000	29405522.000000	-21550876.000000	1.000000
0.000000	-458.901184	1591.917114	1.000000
0.000000	576.254150	431.136566	1.000000
0.000000	1774.127808	26344.455078	1.000000
0.000000	3218.417480	-1539.306396	1.000000
0.000000	-27.332970	-150.998199	1.000000
0.000000	96.459564	-260.927094	1.000000
0.000000	5459.786621	-2806.129883	1.000000
0.000000	401021.250000	-1051564.750000	1.000000
0.000000	40310.289062	142627.062500	1.000000
0.000000	899154304.000000	-490293056.000000	1.000000
0.000000	5194.805664	-14779.625000	1.000000
0.000000	-11819835.000000	-661458.812500	1.000000
0.000000	10550.299805	-15220.344727	1.000000
0.000000	16.341946	-243.072937	1.000000
0.000000	-178.055878	-687.779358	1.000000
0.000000	-627.387939	926.412354	1.000000
0.000000	424487.062500	2521.650635	1.000000
0.000000	-9223.056641	10668.551758	1.000000
0.000000	-53.385834	569.264343	1.000000
0.000000	43.515102	-160.686234	1.000000
0.000000	3409.608887	-13161.799805	1.000000
0.000000	-935690816.000000	516809408.000000	1.000000
0.000000	1333545.500000	80125.515625	1.000000
0.000000	370579.312500	-121712.312500	1.000000
0.000000	282627.625000	227356.125000	1.000000
0.000000	25015.958984	-23196.589844	1.000000
0.000000	2203343.750000	933822.562500	1.000000
0.000000	-84.505791	110.809044	1.000000
0.000000	211.881927	-3.357362	1.000000
0.000000	-3247.001221	-469.263916	1.000000
0.000000	-1655.944458	1591.169800	1.000000
0.000000	39.309578	164.290787	1.000000
0.000000	45.080967	77.986237	1.000000
0.000000	-1088.093384	1134.555054	1.000000
0.000000	802.976624	-117.459030	1.000000
0.000000	205.498917	-310.438934	1.000000
0.000000	-4355021.000000	2416277.250000	1.000000
0.000000	993.446411	547.058411	1.000000
0.000000	4.826309	-88035.640625	1.000000
0.000000	1711789.125000	-2028472.500000	1.000000
0.000000	787.768066	-1640.229980	1.000000
0.000000	-370.944824	-5227.944824	1.000000
0.000000	691415.187500	-227315.500000	1.000000
0.000000	12310197.000000	-6573529.500000	1.000000
0.000000	-21914.287109	-21378.976562	1.000000
0.000000	170550.484375	-24449.078125	1.000000
0.000000	82.309784	68.375305	1.000000
0.000000	161.318375	6.278578	1.000000
0.000000	750.717102	-1755.341064	1.000000
0.000000	-60.675934	-140.877243	1.000000
0.000000	57.759399	-142.925491	1.000000
0.000000	-844.063110	940.559875	1.000000
0.000000	-79.638992	-3145.436768	1.000000
0.000000	-53729.781250	119833.890625	1.000000
0.000000	45.390709	123.186203	1.000000
0.000000	-220.137131	-8.071159	1.000000
0.000000	-263.718475	-1114.098999	1.000000
0.000000	-64731.082031	15615.355469	1.000000
0.000000	2393.652588	653.963440	1.000000
0.000000	55675.566406	149497.421875	1.000000
0.000000	-13101.528320	6645.854492	1.000000
0.000000	-41672.894531	-29866.191406	1.000000
0.000000	-8569.500977	13733.111328	1.000000
0.000000	181.147461	281.682861	1.000000
0.000000	-207.351334	75.714104	1.000000
0.000000	1452.960693	3275.784912	1.000000
0.000000	495.204132	-377.954742	1.000000
0.000000	2014.555664	229.434143	1.000000
0.000000	538.733154	-396.919312	1.000000
0.000000	14021.554688	-14099.718750	1.000000
0.000000	-178.609177	-60.396317	1.000000
0.000000	-1112.425537	1656.319214	1.000000
0.000000	128.368378	155.530197	1.000000
0.000000	-13480.444336	-2951.304443	1.000000
0.000000	-28573.441406	-61399.718750	1.000000
0.000000	1619.789795	7931.940430	1.000000
0.000000	-2618.865723	1962.470215	1.000000
0.000000	-40.542088	-90.847435	1.000000
0.000000	163.542191	318.989380	1.000000
0.000000	-3916.456299	-16149.860352	1.000000
0.000000	621.622742	-69.193977	1.000000
0.000000	-8631.898438	12920.808594	1.000000
0.000000	-941.251709	-3034.400879	1.000000
0.000000	958.875427	420.751801	1.000000
0.000000	139.058060	-221.644592	1.000000
0.000000	-5796.645020	-20534.927734	1.000000
0.000000	-6.108500	-170.515640	1.000000
0.000000	22556.464844	-24448.619141	1.000000
0.000000	-196.673996	-62.838234	1.000000
0.000000	-3300464.250000	1376390.750000	1.000000
0.000000	-17935.412109	-1117.293091	1.000000
0.000000	6.791283	438.044189	1.000000
0.000000	107.115898	-198.226501	1.000000
0.000000	6634.864746	2849.839844	1.000000
0.000000	-26278.974609	-23413.269531	1.000000
0.000000	-586712.625000	317365.468750	1.000000
0.000000	-108536.234375	249230.890625	1.000000
0.000000	38182.992188	-56191.003906	1.000000
0.000000	499.780975	-1603.458130	1.000000
0.000000	46.783897	31.911436	1.000000
0.000000	-184.609222	-575.940186	1.000000
0.000000	-345.253906	530.941772	1.000000
0.000000	4112436.000000	2116301.500000	1.000000
0.000000	18.321074	180.332718	1.000000
0.000000	-45214.769531	75814.656250	1.000000
0.000000	564.269104	1626.025879	1.000000
0.000000	4681.111816	12603.420898	1.000000
0.000000	634.683777	1763.089844	1.000000
0.000000	-43988.535156	2252.280029	1.000000
0.000000	245872.515625	-842228.687500	1.000000
0.000000	-84.845596	-74.871704	1.000000
0.000000	288.847748	-142.195099	1.000000
0.000000	-33042.605469	-139859.828125	1.000000
0.000000	-14285.469727	-13711.250000	1.000000
0.000000	-225.914627	-74.258339	1.000000
0.000000	-323402.656250	730136.875000	1.000000
0.000000	-31496.332031	-19750.781250	1.000000
0.000000	-282.275848	-1011.620728	1.000000
0.000000	105.433777	-205.061264	1.000000
0.000000	-3778.803223	-12729.400391	1.000000
0.000000	46.829865	-168.930649	1.000000
0.000000	3154.619141	3147.003906	1.000000
0.000000	-45.854176	322.392487	1.000000
0.000000	799374.562500	-982912.687500	1.000000
0.000000	-225.641571	381.787354	1.000000
0.000000	-3430.980713	-2046.532593	1.000000
0.000000	6.192083	2744.144775	1.000000
0.000000	-205.297913	187.114304	1.000000
0.000000	19932.404297	10405.218750	1.000000
0.000000	-83.951218	612.583435	1.000000
0.000000	-3212.914551	-1863.491333	1.000000
0.000000	65050.808594	112511.789062	1.000000
0.000000	147.980331	107.845184	1.000000
0.000000	484892.843750	100659.765625	1.000000
0.000000	-126.217873	121.351265	1.000000
0.000000	79.529121	132.170181	1.000000
0.000000	292.185883	-42.608936	1.000000
0.000000	-129.629501	-85.643387	1.000000
0.000000	-52485.527344	-3156.460205	1.000000
0.000000	11312.375977	1241.148804	1.000000
0.000000	-121.354553	-27.694517	1.000000
0.000000	-90.971077	1880.687988	1.000000
0.000000	-7864.955566	-92992.203125	1.000000
0.000000	-469.243927	1240.195557	1.000000
0.000000	61.056160	179.088181	1.000000
0.000000	172.415329	-28.087652	1.000000
0.000000	50.506630	176.237701	1.000000
0.000000	-42768.972656	-77823.007812	1.000000
0.000000	430.730194	-987.230347	1.000000
0.000000	-100.775475	183.754517	1.000000
0.000000	-13.164373	-338.923737	1.000000
0.000000	-444.004028	547.284058	1.000000
0.000000	277.442657	183.677277	1.000000
0.000000	177.123779	839.431763	1.000000
0.000000	-102.717316	13.969602	1.000000
0.000000	107.892853	416.913361	1.000000
0.000000	-10830.956055	567.091736	1.000000
0.000000	28171368.000000	16549397.000000	1.000000
0.000000	192.335922	-511.521149	1.000000
0.000000	-32840.835938	266877.812500	1.000000
0.000000	-60.459133	9.550913	1.000000
0.000000	1341.879883	2768.052246	1.000000
0.000000	4708.416504	10639.547852	1.000000
0.000000	-48698.031250	-126250.796875	1.000000
0.000000	204.556793	-433.275238	1.000000
0.000000	1929694.125000	165123.109375	1.000000
0.000000	-180271.484375	-177937.812500	1.000000
0.000000	-70076.601562	13834.741211	1.000000
0.000000	163.704590	14.403807	1.000000
0.000000	-131056.625000	14797.908203	1.000000
0.000000	-918.670715	157.007935	1.000000
0.000000	-1218.933228	1134.839478	1.000000
0.000000	-1142.145752	1002.926880	1.000000
0.000000	49219.714844	57394.500000	1.000000
0.000000	84010.414062	3785.875732	1.000000
0.000000	893.508362	-455.091431	1.000000
0.000000	-201.104156	-194.998795	1.000000
0.000000	-1589278.625000	-1200867.375000	1.000000
0.000000	-103.525497	97.721207	1.000000
0.000000	2590553.750000	19209.898438	1.000000
0.000000	75.080338	-20.330599	1.000000
0.000000	-10346.710938	13051.455078	1.000000
0.000000	1826645.375000	135496.609375	1.000000
0.000000	-1584.867310	619.450195	1.000000
0.000000	99.364647	10.571622	1.000000
0.000000	204.516678	63.657440	1.000000
0.000000	589.193787	1067.714478	1.000000
0.000000	-10497.813477	7288.268066	1.000000
0.000000	-199.374893	125.802597	1.000000
0.000000	27327.025391	25717.863281	1.000000
0.000000	-55.039764	173.248825	1.000000
0.000000	265.041473	321.355865	1.000000
0.000000	126.944565	-9095.572266	1.000000
0.000000	-5424.915527	9769.941406	1.000000
0.000000	459041.843750	25714.808594	1.000000
0.000000	-849.322937	1038.460938	1.000000
0.000000	2034.154785	-5366.047363	1.000000
0.000000	3483.608887	-1912.029541	1.000000
0.000000	43.440857	-76.661133	1.000000
0.000000	71.882347	87.507851	1.000000
0.000000	1042.834229	-579.057251	1.000000
0.000000	1187.227905	11907.797852	1.000000
0.000000	18214.703125	-23750.623047	1.000000
0.000000	141.952835	-3.737255	1.000000
0.000000	-23.299595	-30.514191	1.000000
0.000000	1295.352783	1075.203857	1.000000
0.000000	232.134842	-41.088245	1.000000
0.000000	78.088539	-5.419377	1.000000
0.000000	-1606.569336	77.915993	1.000000
0.000000	75145.109375	-7427.895508	1.000000
0.000000	33.849556	229.366211	1.000000
0.000000	-390.036621	-720.712036	1.000000
0.000000	1190.091064	-9779.783203	1.000000
0.000000	157.881470	149.857056	1.000000
0.000000	99.410759	102.122200	1.000000
0.000000	-3945.732666	-4766.140137	1.000000
0.000000	334.583099	202.884933	1.000000
0.000000	-1882.942261	-2860.048096	1.000000
0.000000	-70.737587	106.852882	1.000000
0.000000	22215.265625	38906.679688	1.000000
0.000000	167.497742	-24.497217	1.000000
0.000000	701.991638	-552.951477	1.000000
0.000000	1094.470947	608.262634	1.000000
0.000000	-312.145905	451.113220	1.000000
0.000000	25.937315	-172.872620	1.000000
0.000000	9490.924805	5001.809082	1.000000
0.000000	-92764.609375	-330099.593750	1.000000
0.000000	7802.526855	16941.980469	1.000000
0.000000	92.325073	-44.843884	1.000000
0.000000	3339.013428	-1086.945679	1.000000
0.000000	-423462.062500	-81805.515625	1.000000
0.000000	-44105600.000000	-10494824.000000	1.000000
0.000000	5940.524414	-4748.183105	1.000000
0.000000	-218.221222	-14.430891	1.000000
0.000000	864.536621	-1783.617310	1.000000
0.000000	5997.223633	471.167358	1.000000
0.000000	-89.979515	-30.916290	1.000000
0.000000	-299.048889	1025.652222	1.000000
0.000000	-18808.767578	252.404068	1.000000
0.000000	-443.360779	-151.853867	1.000000
0.000000	277.524445	-163.130066	1.000000
0.000000	14375.445312	-11111.331055	1.000000
