0.000000	31410.121094	455895.312500	1.000000
0.000000	215042.156250	175381.734375	1.000000
0.000000	1207.847656	-12921.067383	1.000000
0.000000	-377.408142	646.583069	1.000000
0.000000	16877.365234	27247.523438	1.000000
0.000000	-13553.403320	722.129944	1.000000
0.000000	-553.709778	-2518.099365	1.000000
0.000000	-595454.937500	1523932.125000	1.000000
0.000000	3647.553955	-2078.579102	1.000000
0.000000	9292453.000000	3386659.750000	1.000000
0.000000	78697400.000000	19959642.000000	1.000000
0.000000	-416.995544	-223.401550	1.000000
0.000000	-364.481262	225.836487	1.000000
0.000000	87.169197	-390.366547	1.000000
0.000000	-73337376.000000	-31090268.000000	1.000000
0.000000	862.817566	-4447.075684	1.000000
0.000000	409.036133	-551.515015	1.000000
0.000000	-6246.365723	7932.021484	1.000000
0.000000	-986.964539	69.906494	1.000000
0.000000	-353.813751	425.133270	1.000000
0.000000	953.381165	8152.916992	1.000000
0.000000	10378.105469	85106.867188	1.000000
0.000000	-76.103508	966.546509	1.000000
0.000000	339.911713	-5.422915	1.000000
0.000000	-207026.265625	-53439.589844	1.000000
0.000000	561.553772	-47.376053	1.000000
0.000000	10384.899414	35227.355469	1.000000
0.000000	-4073.050049	11551.333984	1.000000
0.000000	538.152161	-252.001617	1.000000
0.000000	-61319.531250	-273296.843750	1.000000
0.000000	5084.792969	-8784.861328	1.000000
0.000000	5022.921875	943.021606	1.000000
0.000000	-401.092163	519.569641	1.000000
0.000000	-645.376038	-106.404861	1.000000
0.000000	-355.936859	-125.486465	1.000000
0.000000	4997.059570	2842.578857	1.000000
0.000000	-127.955986	-121.784355	1.000000
0.000000	-5853.413574	-1599.189087	1.000000
0.000000	-246232.484375	-73871.562500	1.000000
0.000000	-46620.652344	-6250.295410	1.000000
0.000000	580.559875	183.826950	1.000000
0.000000	624.938660	-107.408997	1.000000
0.000000	-3.171032	385.436157	1.000000
0.000000	-146.879044	-267.912170	1.000000
0.000000	66.112473	381.415009	1.000000
0.000000	-616.126404	-136.300552	1.000000
0.000000	-3960.096680	3270.185547	1.000000
0.000000	-910.662476	551.054626	1.000000
0.000000	-144.590134	-400.812500	1.000000
0.000000	-398.618896	-111.406227	1.000000
0.000000	7186.620605	6264.061523	1.000000
0.000000	-948.257874	1571.657104	1.000000
0.000000	-55.819550	1228.191650	1.000000
0.000000	-3481.152588	-11530.290039	1.000000
0.000000	434.959473	11.037165	1.000000
0.000000	-12.972296	-410.844604	1.000000
0.000000	274.741913	112.774841	1.000000
0.000000	29405522.000000	-21550876.000000	1.000000
0.000000	-670.790833	1747.302856	1.000000
0.000000	403.110016	629.155701	1.000000
0.000000	1638.646851	26118.439453	1.000000
0.000000	3318.583496	-1782.658447	1.000000
0.000000	-165.708313	-374.643677	1.000000
0.000000	238.361420	-482.287567	1.000000
0.000000	5297.979980	-3012.882812	1.000000
0.000000	401185.625000	-1051564.750000	1.000000
0.000000	40084.273438	142462.687500	1.000000
0.000000	899154304.000000	-490293056.000000	1.000000
0.000000	5025.293945	-14979.957031	1.000000
0.000000	-11819835.000000	-661130.062500	1.000000
0.000000	10683.854492	-14994.329102	1.000000
0.000000	-61.351345	-494.294708	1.000000
0.000000	-376.590637	-860.180481	1.000000
0.000000	-364.542236	917.423096	1.000000
0.000000	424158.312500	2456.157471	1.000000
0.000000	-9479.892578	10606.911133	1.000000
0.000000	-308.669342	506.018494	1.000000
0.000000	20.480129	-422.658905	1.000000
0.000000	3435.292480	-13423.772461	1.000000
0.000000	-935690816.000000	516809408.000000	1.000000
0.000000	1333545.500000	80372.078125	1.000000
0.000000	370908.062500	-121753.406250	1.000000
0.000000	282298.875000	227438.312500	1.000000
0.000000	24779.669922	-23073.308594	1.000000
0.000000	2203343.750000	933493.812500	1.000000
0.000000	-223.036667	334.367798	1.000000
0.000000	-43.295406	-63.201054	1.000000
0.000000	-3082.626221	-263.795166	1.000000
0.000000	-1686.764771	1852.500366	1.000000
0.000000	160.584290	397.690430	1.000000
0.000000	-22.486986	-176.191589	1.000000
0.000000	-1341.718872	1065.209351	1.000000
0.000000	1025.139648	-258.313171	1.000000
0.000000	263.998352	-54.022129	1.000000
0.000000	-4355021.000000	2416277.250000	1.000000
0.000000	1220.789307	679.007874	1.000000
0.000000	-252.567520	-88076.734375	1.000000
0.000000	1711789.125000	-2028472.500000	1.000000
0.000000	836.887939	-1382.109863	1.000000
0.000000	-154.721069	-5376.909668	1.000000
0.000000	691415.187500	-227562.062500	1.000000
0.000000	12310197.000000	-6573529.500000	1.000000
0.000000	-21975.927734	-21635.812500	1.000000
0.000000	170797.046875	-24603.179688	1.000000
0.000000	-31.153996	301.977997	1.000000
0.000000	413.602509	-71.319008	1.000000
0.000000	496.128479	-1820.834229	1.000000
0.000000	-233.718750	-338.961945	1.000000
0.000000	153.481598	-387.882782	1.000000
0.000000	-919.508667	1192.365356	1.000000
0.000000	-334.604187	-3081.227783	1.000000
0.000000	-53996.890625	119833.890625	1.000000
0.000000	134.117523	366.250061	1.000000
0.000000	-474.605011	58.588566	1.000000
0.000000	-10.798415	-1042.184937	1.000000
0.000000	-64505.066406	15471.527344	1.000000
0.000000	2471.987549	905.020569	1.000000
0.000000	55881.035156	149661.796875	1.000000
0.000000	-13353.227539	6563.666992	1.000000
0.000000	-41878.363281	-29712.089844	1.000000
0.000000	-8353.758789	13882.076172	1.000000
0.000000	418.720703	394.369629	1.000000
0.000000	-401.081787	253.653244	1.000000
0.000000	1642.377197	3093.431396	1.000000
0.000000	749.150635	-446.497833	1.000000
0.000000	1845.686035	27.878258	1.000000
0.000000	590.100342	-654.789978	1.000000
0.000000	13965.050781	-14356.554688	1.000000
0.000000	-402.859070	-197.742508	1.000000
0.000000	-1211.949463	1412.967163	1.000000
0.000000	316.340179	339.488922	1.000000
0.000000	-13223.608398	-3009.092529	1.000000
0.000000	-28737.816406	-61605.187500	1.000000
0.000000	1763.617920	8152.819336	1.000000
0.000000	-2458.343262	1754.433105	1.000000
0.000000	200.102509	-196.952774	1.000000
0.000000	-6.160398	124.682411	1.000000
0.000000	-3749.512939	-15944.391602	1.000000
0.000000	874.285095	4.201041	1.000000
0.000000	-8893.871094	12941.355469	1.000000
0.000000	-861.953613	-3284.815918	1.000000
0.000000	930.302429	682.138367	1.000000
0.000000	396.054535	-277.456970	1.000000
0.000000	-5537.240723	-20493.833984	1.000000
0.000000	7.726519	-433.130402	1.000000
0.000000	22484.550781	-24705.455078	1.000000
0.000000	-374.024445	-257.070557	1.000000
0.000000	-3300464.250000	1376390.750000	1.000000
0.000000	-18027.873047	-1362.571411	1.000000
0.000000	-103.821526	676.580566	1.000000
0.000000	194.770721	-446.214996	1.000000
0.000000	6719.620605	2600.708984	1.000000
0.000000	-26032.412109	-23331.082031	1.000000
0.000000	-586712.625000	317529.843750	1.000000
0.000000	-108536.234375	248984.328125	1.000000
0.000000	37915.882812	-56191.003906	1.000000
0.000000	669.934814	-1803.790161	1.000000
0.000000	173.117813	262.582184	1.000000
0.000000	-244.724884	-319.946960	1.000000
0.000000	-417.007446	783.925171	1.000000
0.000000	4112436.000000	2116301.500000	1.000000
0.000000	273.402985	232.142899	1.000000
0.000000	-45317.503906	76061.218750	1.000000
0.000000	801.521301	1739.675781	1.000000
0.000000	4935.379395	12536.643555	1.000000
0.000000	608.679138	1501.117188	1.000000
0.000000	-44173.457031	2444.906982	1.000000
0.000000	245625.953125	-842228.687500	1.000000
0.000000	-322.747162	-186.935410	1.000000
0.000000	551.141418	-121.901085	1.000000
0.000000	-32939.871094	-140106.390625	1.000000
0.000000	-14372.793945	-13464.687500	1.000000
0.000000	-488.538574	-87.581703	1.000000
0.000000	-323731.406250	730136.875000	1.000000
0.000000	-31270.316406	-19617.226562	1.000000
0.000000	-520.015015	-1123.986450	1.000000
0.000000	176.477707	-458.221344	1.000000
0.000000	-3527.104004	-12806.451172	1.000000
0.000000	122.881912	-420.657623	1.000000
0.000000	3232.954102	2896.588867	1.000000
0.000000	78.901123	94.517784	1.000000
0.000000	799045.812500	-982912.687500	1.000000
0.000000	-485.036469	425.609985	1.000000
0.000000	-3179.281494	-2121.014893	1.000000
0.000000	-49.074566	3000.980713	1.000000
0.000000	-390.861877	373.510529	1.000000
0.000000	19798.849609	10631.234375	1.000000
0.000000	175.269196	568.279236	1.000000
0.000000	-3463.329590	-1945.678833	1.000000
0.000000	65132.996094	112758.351562	1.000000
0.000000	343.783905	283.043427	1.000000
0.000000	484892.843750	100906.328125	1.000000
0.000000	-316.436981	302.961670	1.000000
0.000000	78.919090	395.261841	1.000000
0.000000	337.292694	216.482117	1.000000
0.000000	-392.083740	-102.377853	1.000000
0.000000	-52382.792969	-2917.602783	1.000000
0.000000	11451.067383	1464.596069	1.000000
0.000000	-50.941261	-282.090790	1.000000
0.000000	62.604671	1666.872070	1.000000
0.000000	-7877.797363	-93238.765625	1.000000
0.000000	-626.833374	1029.590088	1.000000
0.000000	-109.366692	375.498413	1.000000
0.000000	423.793488	-105.419350	1.000000
0.000000	61.585827	439.883728	1.000000
0.000000	-42974.441406	-77658.632812	1.000000
0.000000	225.112991	-1151.533447	1.000000
0.000000	36.113846	408.325439	1.000000
0.000000	-130.857834	-103.754189	1.000000
0.000000	-468.082397	809.256714	1.000000
0.000000	461.240875	-4.448291	1.000000
0.000000	239.647278	1094.983521	1.000000
0.000000	-225.766022	246.405380	1.000000
0.000000	319.730194	572.718079	1.000000
0.000000	-11092.928711	547.829041	1.000000
0.000000	28171368.000000	16549397.000000	1.000000
0.000000	369.684418	-705.753296	1.000000
0.000000	-32738.101562	266713.437500	1.000000
0.000000	-323.384888	2.868953	1.000000
0.000000	1560.832520	2622.939941	1.000000
0.000000	4451.580566	10701.188477	1.000000
0.000000	-48430.921875	-126250.796875	1.000000
0.000000	-26.347475	-559.124878	1.000000
0.000000	1929694.125000	165287.484375	1.000000
0.000000	-180024.921875	-177937.812500	1.000000
0.000000	-70282.070312	13685.776367	1.000000
0.000000	319.711029	-192.126709	1.000000
0.000000	-131138.812500	15049.607422	1.000000
0.000000	-1153.177612	275.955078	1.000000
0.000000	-1383.950317	930.160156	1.000000
0.000000	-1210.207275	1257.167847	1.000000
0.000000	49281.355469	57641.062500	1.000000
0.000000	83804.945312	3627.921631	1.000000
0.000000	1144.090454	-375.151245	1.000000
0.000000	-434.843719	-315.510529	1.000000
0.000000	-1589278.625000	-1200867.375000	1.000000
0.000000	-357.307617	166.843704	1.000000
0.000000	2590553.750000	19446.187500	1.000000
0.000000	166.440857	-266.955841	1.000000
0.000000	-10500.812500	13267.197266	1.000000
0.000000	1826645.375000	135332.234375	1.000000
0.000000	-1554.689087	880.780762	1.000000
0.000000	354.731720	69.140541	1.000000
0.000000	421.517578	-77.577133	1.000000
0.000000	379.230408	909.350891	1.000000
0.000000	-10677.598633	7480.895020	1.000000
0.000000	-457.173950	177.890442	1.000000
0.000000	27337.298828	25984.972656	1.000000
0.000000	136.942413	353.033966	1.000000
0.000000	276.920135	584.087097	1.000000
0.000000	-128.898163	-9033.931641	1.000000
0.000000	-5686.888184	9775.078125	1.000000
0.000000	459206.218750	25519.613281	1.000000
0.000000	-1095.885498	1129.637695	1.000000
0.000000	2246.002441	-5209.377441	1.000000
0.000000	3488.745605	-2175.286377	1.000000
0.000000	187.289703	143.504349	1.000000
0.000000	296.784332	223.803345	1.000000
0.000000	929.558838	-816.309448	1.000000
0.000000	1217.406128	11645.825195	1.000000
0.000000	17957.867188	-23801.990234	1.000000
0.000000	404.246552	-22.856293	1.000000
0.000000	-8.569129	-293.116547	1.000000
0.000000	1077.042236	1221.600342	1.000000
0.000000	495.070618	-47.810123	1.000000
0.000000	120.265816	254.164993	1.000000
0.000000	-1356.154297	158.122009	1.000000
0.000000	75391.671875	-7399.643555	1.000000
0.000000	103.877480	482.839600	1.000000
0.000000	-127.061478	-720.712036	1.000000
0.000000	1173.396729	-9517.810547	1.000000
0.000000	316.909698	359.338867	1.000000
0.000000	300.006897	272.203400	1.000000
0.000000	-3825.019775	-4532.419434	1.000000
0.000000	593.987427	245.744431	1.000000
0.000000	-2094.049316	-3016.718018	1.000000
0.000000	40.104549	345.385681	1.000000
0.000000	22256.359375	39173.789062	1.000000
0.000000	430.460541	-23.634409	1.000000
0.000000	964.927429	-548.456848	1.000000
0.000000	1321.770752	740.533142	1.000000
0.000000	-323.061432	713.765137	1.000000
0.000000	191.836899	-376.929352	1.000000
0.000000	9624.479492	4775.793457	1.000000
0.000000	-92641.328125	-330263.968750	1.000000
0.000000	8064.499512	16952.253906	1.000000
0.000000	261.997314	-245.801407	1.000000
0.000000	3425.053467	-838.217163	1.000000
0.000000	-423297.687500	-82010.984375	1.000000
0.000000	-44105600.000000	-10494824.000000	1.000000
0.000000	6058.668945	-4514.462402	1.000000
0.000000	-318.025970	228.861237	1.000000
0.000000	1095.046875	-1657.125610	1.000000
0.000000	5791.754883	307.755493	1.000000
0.000000	-334.134155	-128.707626	1.000000
0.000000	-561.663635	1012.810425	1.000000
0.000000	-18767.673828	-7.256713	1.000000
0.000000	-706.296570	-159.157639	1.000000
0.000000	307.542145	-424.432098	1.000000
0.000000	14616.871094	-11008.596680	1.000000
