0.000000	31692.347656	455629.687500	1.000000
0.000000	214909.343750	174983.296875	1.000000
0.000000	1144.554199	-12497.727539	1.000000
0.000000	-802.304382	652.808655	1.000000
0.000000	16910.568359	27679.164062	1.000000
0.000000	-13968.442383	818.107727	1.000000
0.000000	-935.026917	-2331.331787	1.000000
0.000000	-594923.687500	1523932.125000	1.000000
0.000000	3429.658447	-2443.813477	1.000000
0.000000	9292453.000000	3386659.750000	1.000000
0.000000	78697400.000000	19959642.000000	1.000000
0.000000	-6.866908	-112.109940	1.000000
0.000000	-163.247131	-148.510681	1.000000
0.000000	102.798012	34.336056	1.000000
0.000000	-73337376.000000	-31090268.000000	1.000000
0.000000	492.914001	-4654.595215	1.000000
0.000000	309.426758	-138.353531	1.000000
0.000000	-6026.395020	7566.787109	1.000000
0.000000	-988.002136	494.859528	1.000000
0.000000	-207.988602	25.920689	1.000000
0.000000	862.072571	7737.877930	1.000000
0.000000	9996.269531	84907.648438	1.000000
0.000000	6.119282	549.432251	1.000000
0.000000	27.975510	279.690247	1.000000
0.000000	-207291.890625	-53140.761719	1.000000
0.000000	137.888062	-80.644028	1.000000
0.000000	10393.200195	35658.996094	1.000000
0.000000	-3655.935791	11634.341797	1.000000
0.000000	166.692184	-45.519691	1.000000
0.000000	-61751.171875	-273296.843750	1.000000
0.000000	5337.966797	-9125.193359	1.000000
0.000000	4612.033203	838.224243	1.000000
0.000000	-9.103189	355.170929	1.000000
0.000000	-334.467468	-396.087006	1.000000
0.000000	-23.814957	139.634598	1.000000
0.000000	4611.073242	2666.187256	1.000000
0.000000	267.285461	34.416168	1.000000
0.000000	-5525.532715	-1330.451294	1.000000
0.000000	-246365.296875	-73473.125000	1.000000
0.000000	-46952.683594	-5992.971191	1.000000
0.000000	252.882965	-86.775215	1.000000
0.000000	379.406799	239.440674	1.000000
0.000000	8.262350	-31.316410	1.000000
0.000000	38.025085	109.148033	1.000000
0.000000	13.107540	-38.553165	1.000000
0.000000	-455.817596	-529.860657	1.000000
0.000000	-4308.729492	3512.983398	1.000000
0.000000	-669.421021	201.095901	1.000000
0.000000	-49.700256	13.169819	1.000000
1.071044	13.092069	-24.202282	1.000000
0.000000	6763.280762	6309.715820	1.000000
0.000000	-716.354797	1927.553101	1.000000
0.000000	185.727173	1577.862061	1.000000
0.000000	-3234.204346	-11878.922852	1.000000
0.000000	40.609535	-147.293915	1.000000
0.663752	-23.017649	11.941861	1.000000
0.000000	-150.011078	127.495758	1.000000
0.000000	29405522.000000	-21550876.000000	1.000000
0.000000	-328.383606	1496.204224	1.000000
0.000000	682.843506	309.221283	1.000000
0.000000	1857.579956	26483.673828	1.000000
0.000000	3156.718262	-1389.408936	1.000000
0.000000	57.312489	-11.544612	1.000000
0.000000	9.050958	-124.528145	1.000000
0.000000	5559.454590	-2678.776367	1.000000
0.000000	400920.000000	-1051564.750000	1.000000
0.000000	40449.507812	142728.312500	1.000000
0.000000	899154304.000000	-490293056.000000	1.000000
0.000000	5299.219727	-14656.226562	1.000000
0.000000	-11819835.000000	-661661.312500	1.000000
0.000000	10468.034180	-15359.563477	1.000000
0.000000	65.430733	-90.808167	1.000000
0.000000	-55.794521	-581.585510	1.000000
0.000000	-789.348389	931.949463	1.000000
0.000000	424689.562500	2561.992432	1.000000
0.000000	-9064.853516	10706.520508	1.000000
0.000000	103.862457	608.221863	1.000000
0.000000	57.480526	0.113025	1.000000
0.000000	3393.788574	-13000.432617	1.000000
0.000000	-935690816.000000	516809408.000000	1.000000
0.000000	1333545.500000	79973.640625	1.000000
0.000000	370376.812500	-121687.000000	1.000000
0.000000	282830.125000	227305.500000	1.000000
0.000000	25161.505859	-23272.527344	1.000000
0.000000	2203343.750000	934025.062500	1.000000
0.000000	-2.050382	-23.820475	1.000000
0.000000	369.986176	31.971285	1.000000
0.000000	-3348.251221	-595.826416	1.000000
0.000000	-1636.960083	1430.198120	1.000000
0.969989	-35.394199	20.540897	1.000000
0.000000	86.702545	234.557892	1.000000
0.000000	-931.867798	1177.269897	1.000000
0.000000	666.130920	-30.714569	1.000000
0.000000	169.458267	-468.345428	1.000000
0.000000	-4355021.000000	2416277.250000	1.000000
0.000000	853.238892	465.837769	1.000000
0.000000	163.371948	-88010.328125	1.000000
0.000000	1711789.125000	-2028472.500000	1.000000
0.000000	757.511719	-1799.224121	1.000000
0.000000	-504.132080	-5136.187012	1.000000
0.000000	691415.187500	-227163.625000	1.000000
0.000000	12310197.000000	-6573529.500000	1.000000
0.000000	-21876.318359	-21220.773438	1.000000
0.000000	170398.609375	-24354.156250	1.000000
0.000000	151.777328	-75.446518	1.000000
0.000000	7.307245	50.939640	1.000000
0.000000	907.535950	-1714.999268	1.000000
0.000000	40.700138	-20.061768	1.000000
0.000000	-2.215306	7.032804	1.000000
0.000000	-797.590942	785.323059	1.000000
0.000000	77.418900	-3184.987549	1.000000
0.000000	-53565.250000	119833.890625	1.000000
0.000000	-11.686222	-30.046968	1.000000
0.000000	-63.417160	-49.108700	1.000000
0.000000	-419.548553	-1158.395874	1.000000
0.000000	-64870.300781	15703.949219	1.000000
0.000000	2345.400635	499.311798	1.000000
0.000000	55549.003906	149396.171875	1.000000
0.000000	-12946.489258	6696.479492	1.000000
0.000000	-41546.332031	-29961.113281	1.000000
0.000000	-8702.391602	13641.353516	1.000000
0.000000	34.793835	212.240082	1.000000
0.000000	-86.857422	-33.069649	1.000000
0.000000	1336.285889	3388.109131	1.000000
0.000000	338.780792	-335.734283	1.000000
0.000000	2118.842529	353.613007	1.000000
0.000000	507.107880	-238.024048	1.000000
0.000000	14056.359375	-13941.515625	1.000000
0.969989	-40.616982	22.528864	1.000000
0.000000	-1051.121826	1806.216675	1.000000
0.000000	13.113014	41.202866	1.000000
0.000000	-13638.647461	-2915.708740	1.000000
0.000000	-28472.191406	-61273.156250	1.000000
0.000000	1531.196045	7795.885742	1.000000
0.000000	-2717.742676	2090.614746	1.000000
0.000000	-188.771271	-25.490385	1.000000
0.000000	270.682129	440.509155	1.000000
0.000000	-4019.288330	-16276.422852	1.000000
0.000000	466.019623	-114.405464	1.000000
0.000000	-8470.531250	12908.152344	1.000000
0.000000	-990.096924	-2880.152832	1.000000
0.000000	976.475525	259.681244	1.000000
0.000000	-19.249973	-187.284851	1.000000
0.000000	-5956.430176	-20560.240234	1.000000
0.000000	-14.630457	-8.738948	1.000000
0.000000	22600.761719	-24290.416016	1.000000
0.000000	-88.662781	55.994144	1.000000
0.000000	-3300464.250000	1376390.750000	1.000000
0.000000	-17878.458984	-966.209106	1.000000
0.000000	74.868645	291.921570	1.000000
0.131475	55.257904	-46.814575	1.000000
0.000000	6582.657715	3003.296875	1.000000
0.000000	-26430.849609	-23463.894531	1.000000
0.000000	-586712.625000	317264.218750	1.000000
0.000000	-108536.234375	249382.765625	1.000000
0.000000	38347.523438	-56191.003906	1.000000
0.000000	394.971405	-1480.059692	1.000000
0.000000	-29.924561	-110.778198	1.000000
0.000000	-147.579803	-733.550049	1.000000
0.000000	-301.055908	375.111664	1.000000
0.000000	4112436.000000	2116301.500000	1.000000
0.000000	-140.481689	148.346024	1.000000
0.000000	-45151.488281	75662.781250	1.000000
0.000000	418.192505	1556.020996	1.000000
0.000000	4524.490723	12644.553711	1.000000
0.000000	650.701843	1924.457031	1.000000
0.000000	-43874.628906	2133.627686	1.000000
0.000000	246024.390625	-842228.687500	1.000000
0.000000	61.187737	-6.845433	1.000000
0.000000	131.713593	-152.752670	1.000000
0.000000	-33105.886719	-139707.953125	1.000000
0.000000	-14231.680664	-13863.125000	1.000000
0.000000	-64.103531	-66.031494	1.000000
0.000000	-323200.156250	730136.875000	1.000000
0.000000	-31635.550781	-19833.046875	1.000000
0.000000	-135.839066	-942.406860	1.000000
0.131475	59.510765	-47.770622	1.000000
0.000000	-3933.842285	-12681.939453	1.000000
0.570606	6.239890	-18.107544	1.000000
0.000000	3106.367188	3301.251953	1.000000
0.000000	-122.581642	465.012482	1.000000
0.000000	799577.062500	-982912.687500	1.000000
0.000000	-65.905846	354.793945	1.000000
0.000000	-3586.019775	-2000.653687	1.000000
0.000000	40.235161	2585.941650	1.000000
0.000000	-91.004150	72.280716	1.000000
0.000000	20014.669922	10266.000000	1.000000
0.000000	-243.630676	639.873474	1.000000
0.000000	-3058.666504	-1812.866333	1.000000
0.000000	65000.183594	112359.914062	1.000000
0.000000	29.328794	-3.813646	1.000000
0.000000	484892.843750	100507.890625	1.000000
0.000000	-9.048689	9.476770	1.000000
0.000000	80.773735	-27.583881	1.000000
0.000000	264.401459	-202.197998	1.000000
0.000000	30.862919	-74.781342	1.000000
0.000000	-52548.808594	-3303.589111	1.000000
0.000000	11226.946289	1103.512085	1.000000
0.000000	-165.400497	128.209091	1.000000
0.000000	-185.556564	2012.392090	1.000000
0.000000	-7857.045410	-92840.328125	1.000000
0.000000	-372.245636	1369.922119	1.000000
0.000000	168.090118	57.469536	1.000000
0.000000	14.920765	16.986086	1.000000
0.000000	40.054016	15.400342	1.000000
0.000000	-42642.410156	-77924.257812	1.000000
0.000000	557.356140	-886.178101	1.000000
0.000000	-185.109528	45.425663	1.000000
0.000000	59.325069	-483.778473	1.000000
0.000000	-429.172485	385.916870	1.000000
0.000000	164.228561	299.561066	1.000000
0.000000	138.611206	682.019653	1.000000
0.000000	-32.017738	-118.010391	1.000000
0.000000	-22.540588	320.093994	1.000000
0.000000	-10669.588867	578.956970	1.000000
0.000000	28171368.000000	16549397.000000	1.000000
0.000000	83.116165	-391.880035	1.000000
0.000000	-32904.117188	266979.062500	1.000000
0.000000	98.428604	16.421337	1.000000
0.000000	1207.011719	2857.437012	1.000000
0.000000	4866.619629	10601.579102	1.000000
0.000000	-48862.562500	-126250.796875	1.000000
0.000000	346.759735	-355.755707	1.000000
0.000000	1929694.125000	165021.859375	1.000000
0.000000	-180423.359375	-177937.812500	1.000000
0.000000	-69950.039062	13926.499023	1.000000
0.000000	66.310783	143.851501	1.000000
0.000000	-131006.000000	14642.869141	1.000000
0.000000	-774.112610	83.740120	1.000000
0.000000	-1117.287720	1261.006470	1.000000
0.000000	-1100.221924	846.503540	1.000000
0.000000	49181.746094	57242.625000	1.000000
0.000000	84136.976562	3883.170654	1.000000
0.000000	739.062561	-504.332153	1.000000
0.000000	-57.090469	-120.791634	1.000000
0.000000	-1589278.625000	-1200867.375000	1.000000
0.000000	49.551418	48.576881	1.000000
0.000000	2590553.750000	19064.351562	1.000000
0.000000	21.936567	124.671761	1.000000
0.000000	-10251.789062	12918.564453	1.000000
0.000000	1826645.375000	135597.859375	1.000000
0.000000	-1603.456177	458.478516	1.000000
0.000000	-58.437424	-20.852797	1.000000
0.000000	69.758080	153.586029	1.000000
0.000000	718.524841	1165.404907	1.000000
0.000000	-10387.071289	7169.615723	1.000000
0.000000	-40.578514	93.741745	1.000000
0.000000	27320.697266	25553.332031	1.000000
0.000000	-173.296600	62.521099	1.000000
0.000000	257.724579	159.523773	1.000000
0.000000	284.554260	-9133.541016	1.000000
0.000000	-5263.548340	9766.777344	1.000000
0.000000	458940.593750	25835.042969	1.000000
0.000000	-697.447937	982.298828	1.000000
0.000000	1904.032715	-5462.551270	1.000000
0.000000	3480.444824	-1749.871338	1.000000
0.000000	-45.169491	-212.270874	1.000000
0.000000	-66.486099	4.758689	1.000000
0.000000	1112.443604	-432.863617	1.000000
0.000000	1168.639038	12069.165039	1.000000
0.000000	18372.906250	-23718.982422	1.000000
0.663752	-20.519379	7.414192	1.000000
0.000000	-26.154421	127.830399	1.000000
0.000000	1429.825439	984.942627	1.000000
0.000000	70.183220	-36.947773	1.000000
0.000000	49.895309	-161.056732	1.000000
0.000000	-1760.817383	28.511116	1.000000
0.000000	74993.234375	-7445.297852	1.000000
0.876361	-9.924412	73.229614	1.000000
0.000000	-551.997070	-720.712036	1.000000
0.000000	1200.374268	-9941.150391	1.000000
0.000000	59.920780	20.834652	1.000000
0.000000	-21.724182	-0.599308	1.000000
0.000000	-4020.088135	-4910.104980	1.000000
0.000000	174.772827	176.484787	1.000000
0.000000	-1752.820190	-2763.544189	1.000000
0.000000	-134.187866	-35.631481	1.000000
0.000000	22189.953125	38742.148438	1.000000
1.094433	8.708979	-21.303215	1.000000
0.000000	540.031189	-555.720032	1.000000
0.000000	954.461182	526.788025	1.000000
0.000000	-305.422272	289.251648	1.000000
0.000000	-73.293388	-55.648781	1.000000
0.000000	9408.659180	5141.027832	1.000000
0.000000	-92840.546875	-329998.343750	1.000000
0.000000	7641.159668	16935.652344	1.000000
0.876361	-14.031245	76.807816	1.000000
0.000000	3286.015381	-1240.007202	1.000000
0.000000	-423563.312500	-81678.953125	1.000000
0.000000	-44105600.000000	-10494824.000000	1.000000
0.000000	5867.750977	-4892.147949	1.000000
0.000000	-156.719757	-164.309647	1.000000
0.000000	722.549316	-1861.532349	1.000000
0.000000	6123.786133	571.824097	1.000000
0.000000	60.753754	28.907307	1.000000
0.000000	-137.249908	1033.562378	1.000000
0.000000	-18834.080078	412.385864	1.000000
0.000000	-281.400330	-147.354965	1.000000
0.000000	254.651672	-4.135552	1.000000
0.000000	14226.734375	-11174.612305	1.000000
