0.000000	31431.703125	455875.000000	1.000000
0.000000	215032.000000	175351.265625	1.000000
0.000000	1203.007568	-12888.694336	1.000000
0.000000	-409.900208	647.059143	1.000000
0.000000	16879.904297	27280.531250	1.000000
0.000000	-13585.141602	729.469421	1.000000
0.000000	-582.869324	-2503.817139	1.000000
0.000000	-595414.312500	1523932.125000	1.000000
0.000000	3630.891357	-2106.508789	1.000000
0.000000	9292453.000000	3386659.750000	1.000000
0.000000	78697400.000000	19959642.000000	1.000000
0.000000	-385.634155	-214.891724	1.000000
0.000000	-349.088196	197.212524	1.000000
0.000000	88.364342	-357.894318	1.000000
0.000000	-73337376.000000	-31090268.000000	1.000000
0.000000	834.530823	-4462.944824	1.000000
0.000000	401.418945	-519.935425	1.000000
0.000000	-6229.544434	7904.091797	1.000000
0.000000	-987.043884	102.408478	1.000000
0.000000	-342.665680	394.605011	1.000000
0.000000	946.398743	8121.178711	1.000000
0.000000	10348.906250	85091.632812	1.000000
0.000000	-69.815361	934.649536	1.000000
0.000000	315.988983	16.574585	1.000000
0.000000	-207046.578125	-53416.738281	1.000000
0.000000	529.141052	-49.920074	1.000000
0.000000	10385.534180	35260.363281	1.000000
0.000000	-4041.153076	11557.681641	1.000000
0.000000	509.746399	-236.211823	1.000000
0.000000	-61352.539062	-273296.843750	1.000000
0.000000	5104.153320	-8810.886719	1.000000
0.000000	4991.500977	935.007690	1.000000
0.000000	-371.119324	506.993378	1.000000
0.000000	-621.612000	-128.552231	1.000000
0.000000	-330.546234	-105.213638	1.000000
0.000000	4967.542969	2829.090088	1.000000
0.000000	-97.730232	-109.837868	1.000000
0.000000	-5828.340332	-1578.638550	1.000000
0.000000	-246242.640625	-73841.093750	1.000000
0.000000	-46646.042969	-6230.617676	1.000000
0.000000	555.486633	163.137558	1.000000
0.000000	606.173401	-80.882736	1.000000
0.000000	-2.879220	352.944092	1.000000
0.000000	-132.239761	-238.897324	1.000000
0.000000	62.071987	349.160980	1.000000
0.000000	-603.867493	-166.402328	1.000000
0.000000	-3986.756836	3288.752441	1.000000
0.000000	-892.214600	524.275452	1.000000
0.000000	-137.439102	-369.113892	1.000000
0.000000	-366.821106	-104.721352	1.000000
0.000000	7154.247559	6267.552734	1.000000
0.000000	-930.524109	1598.872681	1.000000
0.000000	-37.346878	1254.931152	1.000000
0.000000	-3462.268311	-11556.950195	1.000000
0.000000	404.946960	-1.426481	1.000000
0.000000	-13.775671	-378.352539	1.000000
0.000000	242.265488	113.900558	1.000000
0.000000	29405522.000000	-21550876.000000	1.000000
0.000000	-644.606750	1728.101196	1.000000
0.000000	424.513519	604.677551	1.000000
0.000000	1655.388794	26146.369141	1.000000
0.000000	3306.205566	-1752.586426	1.000000
0.000000	-148.609314	-347.011536	1.000000
0.000000	220.826019	-454.933136	1.000000
0.000000	5317.975098	-2987.333496	1.000000
0.000000	401165.312500	-1051564.750000	1.000000
0.000000	40112.203125	142483.000000	1.000000
0.000000	899154304.000000	-490293056.000000	1.000000
0.000000	5046.241211	-14955.201172	1.000000
0.000000	-11819835.000000	-661170.687500	1.000000
0.000000	10667.350586	-15022.258789	1.000000
0.000000	-51.750515	-463.250702	1.000000
0.000000	-352.052979	-838.876160	1.000000
0.000000	-397.014465	918.533936	1.000000
0.000000	424198.937500	2464.250732	1.000000
0.000000	-9448.154297	10614.528320	1.000000
0.000000	-277.129425	513.834045	1.000000
0.000000	23.326656	-390.285858	1.000000
0.000000	3432.118652	-13391.399414	1.000000
0.000000	-935690816.000000	516809408.000000	1.000000
0.000000	1333545.500000	80341.609375	1.000000
0.000000	370867.437500	-121748.328125	1.000000
0.000000	282339.500000	227428.156250	1.000000
0.000000	24808.869141	-23088.542969	1.000000
0.000000	2203343.750000	933534.437500	1.000000
0.000000	-205.917831	306.735657	1.000000
0.000000	-11.577675	-56.114491	1.000000
0.000000	-3102.938721	-289.185791	1.000000
0.000000	-1682.956177	1820.206665	1.000000
0.000000	145.597870	368.848267	1.000000
0.000000	-14.137091	-144.780609	1.000000
0.000000	-1310.377319	1073.778687	1.000000
0.000000	997.686096	-240.908020	1.000000
0.000000	256.777893	-85.710037	1.000000
0.000000	-4355021.000000	2416277.250000	1.000000
0.000000	1192.700928	662.702332	1.000000
0.000000	-220.759811	-88071.656250	1.000000
0.000000	1711789.125000	-2028472.500000	1.000000
0.000000	830.817993	-1414.006836	1.000000
0.000000	-181.440735	-5358.501465	1.000000
0.000000	691415.187500	-227531.593750	1.000000
0.000000	12310197.000000	-6573529.500000	1.000000
0.000000	-21968.310547	-21604.074219	1.000000
0.000000	170766.578125	-24584.136719	1.000000
0.000000	-17.168076	272.639923	1.000000
0.000000	382.498993	-61.867508	1.000000
0.000000	527.589050	-1812.740967	1.000000
0.000000	-212.335083	-314.483795	1.000000
0.000000	141.649170	-357.612396	1.000000
0.000000	-910.185547	1161.261841	1.000000
0.000000	-303.103943	-3089.162354	1.000000
0.000000	-53963.882812	119833.890625	1.000000
0.000000	122.629913	335.840820	1.000000
0.000000	-443.164276	50.356449	1.000000
0.000000	-42.053288	-1051.071655	1.000000
0.000000	-64532.996094	15489.300781	1.000000
0.000000	2462.307373	873.996399	1.000000
0.000000	55855.644531	149641.484375	1.000000
0.000000	-13322.124023	6573.823242	1.000000
0.000000	-41852.972656	-29731.132812	1.000000
0.000000	-8380.418945	13863.667969	1.000000
0.000000	389.362793	380.444458	1.000000
0.000000	-377.139221	231.664566	1.000000
0.000000	1618.970215	3115.965576	1.000000
0.000000	717.769409	-438.027679	1.000000
0.000000	1866.553955	52.787849	1.000000
0.000000	583.752686	-622.932678	1.000000
0.000000	13972.033203	-14324.816406	1.000000
0.000000	-375.147583	-180.772446	1.000000
0.000000	-1199.650879	1443.039185	1.000000
0.000000	293.111725	316.756378	1.000000
0.000000	-13255.346680	-3001.951416	1.000000
0.000000	-28717.503906	-61579.796875	1.000000
0.000000	1745.844482	8125.524414	1.000000
0.000000	-2478.179688	1780.141113	1.000000
0.000000	170.367706	-183.840897	1.000000
0.000000	15.336090	149.060699	1.000000
0.000000	-3770.142822	-15969.782227	1.000000
0.000000	843.062561	-4.868344	1.000000
0.000000	-8861.498047	12938.816406	1.000000
0.000000	-871.752808	-3253.871094	1.000000
0.000000	933.833313	649.844666	1.000000
0.000000	364.296417	-270.553894	1.000000
0.000000	-5569.296387	-20498.912109	1.000000
0.000000	6.016867	-400.678009	1.000000
0.000000	22493.437500	-24673.716797	1.000000
0.000000	-352.105194	-233.068466	1.000000
0.000000	-3300464.250000	1376390.750000	1.000000
0.000000	-18016.447266	-1332.261353	1.000000
0.000000	-90.154228	647.103638	1.000000
0.000000	183.940033	-415.567719	1.000000
0.000000	6709.146973	2631.495117	1.000000
0.000000	-26062.880859	-23341.238281	1.000000
0.000000	-586712.625000	317509.531250	1.000000
0.000000	-108536.234375	249014.796875	1.000000
0.000000	37948.890625	-56191.003906	1.000000
0.000000	648.908203	-1779.034302	1.000000
0.000000	157.506546	234.077255	1.000000
0.000000	-237.296143	-351.586060	1.000000
0.000000	-408.140564	752.662964	1.000000
0.000000	4112436.000000	2116301.500000	1.000000
0.000000	241.545670	225.725815	1.000000
0.000000	-45304.808594	76030.750000	1.000000
0.000000	772.203064	1725.631592	1.000000
0.000000	4903.958496	12544.895508	1.000000
0.000000	611.892639	1533.490234	1.000000
0.000000	-44150.605469	2421.103271	1.000000
0.000000	245656.421875	-842228.687500	1.000000
0.000000	-293.349579	-173.089584	1.000000
0.000000	518.728699	-124.405434	1.000000
0.000000	-32952.566406	-140075.921875	1.000000
0.000000	-14362.002930	-13495.156250	1.000000
0.000000	-456.086182	-85.935280	1.000000
0.000000	-323690.781250	730136.875000	1.000000
0.000000	-31298.246094	-19633.730469	1.000000
0.000000	-490.631866	-1110.100952	1.000000
0.000000	167.700089	-426.939301	1.000000
0.000000	-3558.207520	-12796.929688	1.000000
0.000000	113.484406	-389.554108	1.000000
0.000000	3223.273926	2927.533691	1.000000
0.000000	63.518051	123.146706	1.000000
0.000000	799086.437500	-982912.687500	1.000000
0.000000	-452.980804	420.194641	1.000000
0.000000	-3210.385010	-2111.810791	1.000000
0.000000	-42.245876	2969.242432	1.000000
0.000000	-367.930969	350.480438	1.000000
0.000000	19815.353516	10603.304688	1.000000
0.000000	143.233368	573.754089	1.000000
0.000000	-3432.384766	-1935.522583	1.000000
0.000000	65122.839844	112727.882812	1.000000
0.000000	319.821503	261.084503	1.000000
0.000000	484892.843750	100875.859375	1.000000
0.000000	-292.930817	280.526672	1.000000
0.000000	79.330696	362.769775	1.000000
0.000000	331.718658	184.466125	1.000000
0.000000	-359.651184	-100.309906	1.000000
0.000000	-52395.488281	-2947.119385	1.000000
0.000000	11433.928711	1436.983765	1.000000
0.000000	-59.773430	-250.810394	1.000000
0.000000	43.626171	1693.294189	1.000000
0.000000	-7876.210449	-93208.296875	1.000000
0.000000	-607.354004	1055.615479	1.000000
0.000000	-87.893761	351.099609	1.000000
0.000000	392.729645	-95.863152	1.000000
0.000000	59.805508	407.431335	1.000000
0.000000	-42949.050781	-77678.945312	1.000000
0.000000	250.513535	-1131.220947	1.000000
0.000000	19.197397	380.574280	1.000000
0.000000	-116.313744	-132.818695	1.000000
0.000000	-465.106934	776.883667	1.000000
0.000000	438.528168	18.798065	1.000000
0.000000	231.920990	1063.403931	1.000000
0.000000	-210.561401	217.682236	1.000000
0.000000	293.546112	553.476746	1.000000
0.000000	-11060.555664	550.209412	1.000000
0.000000	28171368.000000	16549397.000000	1.000000
0.000000	347.765167	-681.751221	1.000000
0.000000	-32750.796875	266733.750000	1.000000
0.000000	-290.892822	3.694799	1.000000
0.000000	1533.775635	2640.872070	1.000000
0.000000	4483.318848	10693.571289	1.000000
0.000000	-48463.929688	-126250.796875	1.000000
0.000000	2.185060	-543.573120	1.000000
0.000000	1929694.125000	165267.171875	1.000000
0.000000	-180055.390625	-177937.812500	1.000000
0.000000	-70256.679688	13704.184570	1.000000
0.000000	300.172150	-166.160828	1.000000
0.000000	-131128.656250	15018.503906	1.000000
0.000000	-1124.216431	261.256287	1.000000
0.000000	-1363.558472	955.431763	1.000000
0.000000	-1201.796631	1225.746948	1.000000
0.000000	49273.738281	57610.593750	1.000000
0.000000	83830.335938	3647.440674	1.000000
0.000000	1113.145630	-385.029785	1.000000
0.000000	-405.961884	-300.613373	1.000000
0.000000	-1589278.625000	-1200867.375000	1.000000
0.000000	-325.946228	158.304123	1.000000
0.000000	2590553.750000	19416.988281	1.000000
0.000000	155.153931	-236.480728	1.000000
0.000000	-10481.769531	13240.537109	1.000000
0.000000	1826645.375000	135352.546875	1.000000
0.000000	-1558.418335	848.487061	1.000000
0.000000	323.052948	61.889603	1.000000
0.000000	394.480530	-59.535904	1.000000
0.000000	405.176453	928.909607	1.000000
0.000000	-10655.381836	7457.091309	1.000000
0.000000	-425.316650	171.453522	1.000000
0.000000	27336.029297	25951.964844	1.000000
0.000000	113.218056	330.817169	1.000000
0.000000	275.452240	551.634705	1.000000
0.000000	-97.283714	-9041.548828	1.000000
0.000000	-5654.515137	9774.443359	1.000000
0.000000	459185.906250	25543.734375	1.000000
0.000000	-1065.416748	1118.370605	1.000000
0.000000	2219.818359	-5228.737793	1.000000
0.000000	3488.110840	-2142.754639	1.000000
0.000000	169.516266	116.298691	1.000000
0.000000	268.993500	206.962219	1.000000
0.000000	943.563354	-786.991211	1.000000
0.000000	1213.676880	11678.198242	1.000000
0.000000	17989.605469	-23795.642578	1.000000
0.000000	371.833832	-20.493279	1.000000
0.000000	-10.389741	-260.664154	1.000000
0.000000	1104.019775	1203.509521	1.000000
0.000000	462.578552	-46.979473	1.000000
0.000000	115.053795	222.089493	1.000000
0.000000	-1387.099121	148.213715	1.000000
0.000000	75361.203125	-7403.134766	1.000000
0.000000	95.223839	451.517883	1.000000
0.000000	-159.563461	-720.712036	1.000000
0.000000	1175.459717	-9550.183594	1.000000
0.000000	297.251801	333.452332	1.000000
0.000000	275.211365	251.179062	1.000000
0.000000	-3839.936768	-4561.301270	1.000000
0.000000	561.931763	240.448105	1.000000
0.000000	-2068.023926	-2997.357666	1.000000
0.000000	26.407497	315.908752	1.000000
0.000000	22251.281250	39140.781250	1.000000
0.000000	397.968475	-23.741030	1.000000
0.000000	932.435364	-549.012268	1.000000
0.000000	1293.682373	724.187927	1.000000
0.000000	-321.712555	681.312744	1.000000
0.000000	171.335953	-351.717255	1.000000
0.000000	9607.975586	4803.723145	1.000000
0.000000	-92656.562500	-330243.656250	1.000000
0.000000	8032.126465	16950.984375	1.000000
0.000000	241.030212	-220.966202	1.000000
0.000000	3414.421143	-868.963623	1.000000
0.000000	-423318.000000	-81985.593750	1.000000
0.000000	-44105600.000000	-10494824.000000	1.000000
0.000000	6044.069336	-4543.344238	1.000000
0.000000	-305.687714	198.789215	1.000000
0.000000	1066.561768	-1672.756714	1.000000
0.000000	5817.145508	327.948975	1.000000
0.000000	-303.962952	-116.622581	1.000000
0.000000	-529.211243	1014.397339	1.000000
0.000000	-18772.751953	24.831490	1.000000
0.000000	-673.804504	-158.255081	1.000000
0.000000	303.832733	-392.138397	1.000000
0.000000	14587.037109	-11021.291992	1.000000
