0.000000	31384.554688	455919.375000	1.000000
0.000000	215054.187500	175417.828125	1.000000
0.000000	1213.581299	-12959.416992	1.000000
0.000000	-338.917542	646.019104	1.000000
0.000000	16874.357422	27208.421875	1.000000
0.000000	-13515.805664	713.435486	1.000000
0.000000	-519.166931	-2535.018311	1.000000
0.000000	-595503.062500	1523932.125000	1.000000
0.000000	3667.292725	-2045.493164	1.000000
0.000000	9292453.000000	3386659.750000	1.000000
0.000000	78697400.000000	19959642.000000	1.000000
0.000000	-454.146729	-233.482422	1.000000
0.000000	-382.716125	259.744873	1.000000
0.000000	85.753410	-428.833649	1.000000
0.000000	-73337376.000000	-31090268.000000	1.000000
0.000000	896.326477	-4428.276855	1.000000
0.000000	418.059570	-588.924683	1.000000
0.000000	-6266.292480	7965.107422	1.000000
0.000000	-986.870544	31.406631	1.000000
0.000000	-367.019928	461.297516	1.000000
0.000000	961.652649	8190.514648	1.000000
0.000000	10412.695312	85124.914062	1.000000
0.000000	-83.552544	1004.332153	1.000000
0.000000	368.250946	-31.481359	1.000000
0.000000	-207002.203125	-53466.660156	1.000000
0.000000	599.950378	-44.362366	1.000000
0.000000	10384.147461	35188.253906	1.000000
0.000000	-4110.761719	11543.814453	1.000000
0.000000	571.802063	-270.706451	1.000000
0.000000	-61280.429688	-273296.843750	1.000000
0.000000	5061.858398	-8754.031250	1.000000
0.000000	5060.143555	952.515015	1.000000
0.000000	-436.598450	534.467712	1.000000
0.000000	-673.527283	-80.168747	1.000000
0.000000	-386.014984	-149.501968	1.000000
0.000000	5032.025391	2858.557861	1.000000
0.000000	-163.756012	-135.933060	1.000000
0.000000	-5883.115723	-1623.533569	1.000000
0.000000	-246220.453125	-73907.656250	1.000000
0.000000	-46590.574219	-6273.605957	1.000000
0.000000	610.262024	208.335922	1.000000
0.000000	647.168274	-138.830383	1.000000
0.000000	-3.516718	423.926758	1.000000
0.000000	-164.220963	-302.290527	1.000000
0.000000	70.900299	419.623627	1.000000
0.000000	-630.648499	-100.641525	1.000000
0.000000	-3928.514648	3248.190918	1.000000
0.000000	-932.516113	582.777649	1.000000
0.000000	-153.061356	-438.363159	1.000000
0.000000	-436.287048	-119.325233	1.000000
0.000000	7224.970215	6259.925781	1.000000
0.000000	-969.265564	1539.417114	1.000000
0.000000	-77.702560	1196.515625	1.000000
0.000000	-3503.523193	-11498.708008	1.000000
0.000000	470.512756	25.801588	1.000000
0.000000	-12.020605	-449.335205	1.000000
0.000000	313.209015	111.441299	1.000000
0.000000	29405522.000000	-21550876.000000	1.000000
0.000000	-701.808899	1770.049438	1.000000
0.000000	377.755096	658.152893	1.000000
0.000000	1618.814087	26085.353516	1.000000
0.000000	3333.246582	-1818.282227	1.000000
0.000000	-185.964050	-407.377136	1.000000
0.000000	259.134125	-514.693970	1.000000
0.000000	5274.293457	-3043.148926	1.000000
0.000000	401209.687500	-1051564.750000	1.000000
0.000000	40051.187500	142438.625000	1.000000
0.000000	899154304.000000	-490293056.000000	1.000000
0.000000	5000.479492	-15009.283203	1.000000
0.000000	-11819835.000000	-661081.937500	1.000000
0.000000	10703.405273	-14961.243164	1.000000
0.000000	-72.724640	-531.082092	1.000000
0.000000	-405.658325	-885.417908	1.000000
0.000000	-326.075134	916.107178	1.000000
0.000000	424110.187500	2446.570068	1.000000
0.000000	-9517.490234	10597.887695	1.000000
0.000000	-346.032013	496.760071	1.000000
0.000000	17.108089	-461.008514	1.000000
0.000000	3439.052246	-13462.122070	1.000000
0.000000	-935690816.000000	516809408.000000	1.000000
0.000000	1333545.500000	80408.171875	1.000000
0.000000	370956.187500	-121759.421875	1.000000
0.000000	282250.750000	227450.343750	1.000000
0.000000	24745.080078	-23055.261719	1.000000
0.000000	2203343.750000	933445.687500	1.000000
0.000000	-243.315903	367.101257	1.000000
0.000000	-80.869560	-71.595909	1.000000
0.000000	-3058.563721	-233.725754	1.000000
0.000000	-1691.276489	1890.755981	1.000000
0.000000	178.337433	431.857300	1.000000
0.000000	-32.378345	-213.401520	1.000000
0.000000	-1378.846558	1055.057983	1.000000
0.000000	1057.661621	-278.921387	1.000000
0.000000	272.551819	-16.486156	1.000000
0.000000	-4355021.000000	2416277.250000	1.000000
0.000000	1254.063232	698.323669	1.000000
0.000000	-290.236755	-88082.750000	1.000000
0.000000	1711789.125000	-2028472.500000	1.000000
0.000000	844.078491	-1344.324219	1.000000
0.000000	-123.067627	-5398.716309	1.000000
0.000000	691415.187500	-227598.156250	1.000000
0.000000	12310197.000000	-6573529.500000	1.000000
0.000000	-21984.951172	-21673.410156	1.000000
0.000000	170833.140625	-24625.738281	1.000000
0.000000	-47.723324	336.732330	1.000000
0.000000	450.448212	-82.516060	1.000000
0.000000	458.859802	-1830.421631	1.000000
0.000000	-259.050171	-367.959137	1.000000
0.000000	167.498474	-423.741547	1.000000
0.000000	-930.552979	1229.211060	1.000000
0.000000	-371.919861	-3071.828369	1.000000
0.000000	-54035.992188	119833.890625	1.000000
0.000000	147.723175	402.273315	1.000000
0.000000	-511.850189	68.340462	1.000000
0.000000	26.226847	-1031.657593	1.000000
0.000000	-64471.980469	15450.472656	1.000000
0.000000	2483.454834	941.772278	1.000000
0.000000	55911.113281	149685.859375	1.000000
0.000000	-13390.073242	6551.635742	1.000000
0.000000	-41908.441406	-29689.531250	1.000000
0.000000	-8322.176758	13903.882812	1.000000
0.000000	453.498535	410.865601	1.000000
0.000000	-429.444519	279.690674	1.000000
0.000000	1670.105469	3066.737061	1.000000
0.000000	786.325317	-456.531708	1.000000
0.000000	1820.965576	-1.629597	1.000000
0.000000	597.619873	-692.528625	1.000000
0.000000	13956.779297	-14394.152344	1.000000
0.000000	-435.686523	-217.845505	1.000000
0.000000	-1226.518555	1377.343384	1.000000
0.000000	343.856964	366.418243	1.000000
0.000000	-13186.010742	-3017.552002	1.000000
0.000000	-28761.878906	-61635.265625	1.000000
0.000000	1784.672607	8185.153320	1.000000
0.000000	-2434.844727	1723.979004	1.000000
0.000000	235.326813	-212.485306	1.000000
0.000000	-31.625467	95.808586	1.000000
0.000000	-3725.074463	-15914.313477	1.000000
0.000000	911.271790	14.944882	1.000000
0.000000	-8932.220703	12944.363281	1.000000
0.000000	-850.345337	-3321.473633	1.000000
0.000000	926.119690	720.393982	1.000000
0.000000	433.675690	-285.634460	1.000000
0.000000	-5499.267090	-20487.818359	1.000000
0.000000	9.751799	-471.574005	1.000000
0.000000	22474.023438	-24743.052734	1.000000
0.000000	-399.990326	-285.503784	1.000000
0.000000	-3300464.250000	1376390.750000	1.000000
0.000000	-18041.408203	-1398.477173	1.000000
0.000000	-120.012016	711.499390	1.000000
0.000000	207.600922	-482.520233	1.000000
0.000000	6732.027832	2564.239258	1.000000
0.000000	-25996.318359	-23319.050781	1.000000
0.000000	-586712.625000	317553.906250	1.000000
0.000000	-108536.234375	248948.234375	1.000000
0.000000	37876.781250	-56191.003906	1.000000
0.000000	694.843262	-1833.116333	1.000000
0.000000	191.611160	296.349579	1.000000
0.000000	-253.525085	-282.466797	1.000000
0.000000	-427.511292	820.958862	1.000000
0.000000	4112436.000000	2116301.500000	1.000000
0.000000	311.141632	239.744675	1.000000
0.000000	-45332.542969	76097.312500	1.000000
0.000000	836.252136	1756.312744	1.000000
0.000000	4972.601074	12526.868164	1.000000
0.000000	604.872375	1462.767578	1.000000
0.000000	-44200.527344	2473.105225	1.000000
0.000000	245589.859375	-842228.687500	1.000000
0.000000	-357.571991	-203.337387	1.000000
0.000000	589.538025	-118.934395	1.000000
0.000000	-32924.832031	-140142.484375	1.000000
0.000000	-14385.577148	-13428.593750	1.000000
0.000000	-526.982178	-89.532082	1.000000
0.000000	-323779.531250	730136.875000	1.000000
0.000000	-31237.230469	-19597.675781	1.000000
0.000000	-554.839844	-1140.435425	1.000000
0.000000	186.875809	-495.278534	1.000000
0.000000	-3490.258301	-12817.730469	1.000000
0.000000	134.017517	-457.503326	1.000000
0.000000	3244.421387	2859.931152	1.000000
0.000000	97.124237	60.603523	1.000000
0.000000	798997.687500	-982912.687500	1.000000
0.000000	-523.010071	432.025085	1.000000
0.000000	-3142.435791	-2131.918213	1.000000
0.000000	-57.163937	3038.578369	1.000000
0.000000	-418.026184	400.792328	1.000000
0.000000	19779.298828	10664.320312	1.000000
0.000000	213.219330	561.793640	1.000000
0.000000	-3499.987305	-1957.710083	1.000000
0.000000	65145.027344	112794.445312	1.000000
0.000000	372.170135	309.056305	1.000000
0.000000	484892.843750	100942.421875	1.000000
0.000000	-344.282745	329.538513	1.000000
0.000000	78.431496	433.752441	1.000000
0.000000	343.895782	254.408752	1.000000
0.000000	-430.503845	-104.827576	1.000000
0.000000	-52367.753906	-2882.636963	1.000000
0.000000	11471.370117	1497.306030	1.000000
0.000000	-40.478539	-319.147980	1.000000
0.000000	85.086891	1635.572021	1.000000
0.000000	-7879.677246	-93274.859375	1.000000
0.000000	-649.908936	998.760010	1.000000
0.000000	-134.803848	404.401611	1.000000
0.000000	460.592194	-116.739769	1.000000
0.000000	63.694820	478.327332	1.000000
0.000000	-43004.519531	-77634.570312	1.000000
0.000000	195.023117	-1175.595947	1.000000
0.000000	56.152222	441.199890	1.000000
0.000000	-148.082260	-69.322960	1.000000
0.000000	-471.607178	847.606323	1.000000
0.000000	488.146698	-31.985945	1.000000
0.000000	248.799957	1132.393188	1.000000
0.000000	-243.777649	280.431244	1.000000
0.000000	350.748260	595.511658	1.000000
0.000000	-11131.278320	545.009216	1.000000
0.000000	28171368.000000	16549397.000000	1.000000
0.000000	395.650299	-734.186523	1.000000
0.000000	-32723.062500	266689.375000	1.000000
0.000000	-361.875488	1.890653	1.000000
0.000000	1592.884521	2601.697266	1.000000
0.000000	4413.982910	10710.211914	1.000000
0.000000	-48391.820312	-126250.796875	1.000000
0.000000	-60.147182	-577.547729	1.000000
0.000000	1929694.125000	165311.546875	1.000000
0.000000	-179988.828125	-177937.812500	1.000000
0.000000	-70312.148438	13663.969727	1.000000
0.000000	342.857086	-222.886292	1.000000
0.000000	-131150.843750	15086.453125	1.000000
0.000000	-1187.485474	293.367493	1.000000
0.000000	-1408.106812	900.223022	1.000000
0.000000	-1220.170654	1294.389526	1.000000
0.000000	49290.378906	57677.156250	1.000000
0.000000	83774.867188	3604.799072	1.000000
0.000000	1180.748169	-363.448975	1.000000
0.000000	-469.057587	-333.157928	1.000000
0.000000	-1589278.625000	-1200867.375000	1.000000
0.000000	-394.458801	176.959824	1.000000
0.000000	2590553.750000	19480.777344	1.000000
0.000000	179.811523	-303.049591	1.000000
0.000000	-10523.371094	13298.779297	1.000000
0.000000	1826645.375000	135308.171875	1.000000
0.000000	-1550.271362	919.036377	1.000000
0.000000	392.258881	77.729256	1.000000
0.000000	453.546082	-98.949051	1.000000
0.000000	348.494324	886.181335	1.000000
0.000000	-10703.916992	7509.093262	1.000000
0.000000	-494.912598	185.515717	1.000000
0.000000	27338.802734	26024.074219	1.000000
0.000000	165.046661	379.352325	1.000000
0.000000	278.659027	622.530701	1.000000
0.000000	-166.354828	-9024.908203	1.000000
0.000000	-5725.237793	9775.830078	1.000000
0.000000	459230.281250	25491.039062	1.000000
0.000000	-1131.979248	1142.984863	1.000000
0.000000	2277.020508	-5186.442871	1.000000
0.000000	3489.497559	-2213.823975	1.000000
0.000000	208.344391	175.732590	1.000000
0.000000	329.705780	243.753601	1.000000
0.000000	912.968872	-851.040283	1.000000
0.000000	1221.823853	11607.475586	1.000000
0.000000	17920.269531	-23809.509766	1.000000
0.000000	442.643158	-25.655556	1.000000
0.000000	-6.412674	-331.560150	1.000000
0.000000	1045.084229	1243.031006	1.000000
0.000000	533.561218	-48.794125	1.000000
0.000000	126.440056	292.162140	1.000000
0.000000	-1319.496582	169.859528	1.000000
0.000000	75427.765625	-7395.507812	1.000000
0.000000	114.128716	519.948792	1.000000
0.000000	-88.559128	-720.712036	1.000000
0.000000	1170.952881	-9479.460938	1.000000
0.000000	340.196747	390.004456	1.000000
0.000000	329.380066	297.111847	1.000000
0.000000	-3807.348877	-4498.205566	1.000000
0.000000	631.961060	252.018539	1.000000
0.000000	-2124.879395	-3039.652588	1.000000
0.000000	56.330288	380.304504	1.000000
0.000000	22262.375000	39212.890625	1.000000
0.000000	468.951141	-23.508104	1.000000
0.000000	1003.418030	-547.798889	1.000000
0.000000	1355.044678	759.895935	1.000000
0.000000	-324.659332	752.208740	1.000000
0.000000	216.122635	-406.795990	1.000000
0.000000	9644.030273	4742.707520	1.000000
0.000000	-92623.281250	-330288.031250	1.000000
0.000000	8102.849121	16953.757812	1.000000
0.000000	286.835266	-275.221558	1.000000
0.000000	3437.648682	-801.794434	1.000000
0.000000	-423273.625000	-82041.062500	1.000000
0.000000	-44105600.000000	-10494824.000000	1.000000
0.000000	6075.963867	-4480.248535	1.000000
0.000000	-332.642059	264.485016	1.000000
0.000000	1128.790771	-1638.608765	1.000000
0.000000	5761.676758	283.833984	1.000000
0.000000	-369.875427	-143.018234	1.000000
0.000000	-600.107239	1010.930542	1.000000
0.000000	-18761.658203	-45.268692	1.000000
0.000000	-744.787170	-160.226822	1.000000
0.000000	311.936371	-462.687714	1.000000
0.000000	14652.212891	-10993.557617	1.000000
