0.000000	31467.230469	455841.562500	1.000000
0.000000	215015.281250	175301.109375	1.000000
0.000000	1195.040039	-12835.403320	1.000000
0.000000	-463.387146	647.842834	1.000000
0.000000	16884.083984	27334.867188	1.000000
0.000000	-13637.387695	741.551331	1.000000
0.000000	-630.870422	-2480.306396	1.000000
0.000000	-595347.437500	1523932.125000	1.000000
0.000000	3603.462158	-2152.485352	1.000000
0.000000	9292453.000000	3386659.750000	1.000000
0.000000	78697400.000000	19959642.000000	1.000000
0.000000	-334.008484	-200.883240	1.000000
0.000000	-323.748840	150.093079	1.000000
0.000000	90.331734	-304.440033	1.000000
0.000000	-73337376.000000	-31090268.000000	1.000000
0.000000	787.966492	-4489.067871	1.000000
0.000000	388.879883	-467.922913	1.000000
0.000000	-6201.854004	7858.115234	1.000000
0.000000	-987.174500	155.911743	1.000000
0.000000	-324.314240	344.350800	1.000000
0.000000	934.904602	8068.932617	1.000000
0.000000	10300.839844	85066.554688	1.000000
0.000000	-59.464108	882.142212	1.000000
0.422749	275.665649	52.702820	1.000000
0.000000	-207080.015625	-53379.121094	1.000000
0.000000	475.806915	-54.107925	1.000000
0.000000	10386.579102	35314.699219	1.000000
0.000000	-3988.645752	11568.130859	1.000000
0.000000	462.986145	-210.219391	1.000000
0.000000	-61406.875000	-273296.843750	1.000000
0.000000	5136.023438	-8853.728516	1.000000
0.000000	4939.777344	921.815552	1.000000
0.000000	-321.779419	486.290863	1.000000
0.000000	-582.492737	-165.010208	1.000000
0.000000	-288.749359	-71.841446	1.000000
0.000000	4918.954102	2806.885498	1.000000
0.000000	-47.973991	-90.172112	1.000000
0.000000	-5787.065918	-1544.809204	1.000000
0.000000	-246259.359375	-73790.937500	1.000000
0.000000	-46687.839844	-6198.225098	1.000000
0.000000	514.212219	129.079636	1.000000
0.000000	575.282898	-37.218937	1.000000
0.000000	-2.398852	299.457153	1.000000
0.000000	-108.134529	-191.141129	1.000000
0.000000	55.422855	296.065887	1.000000
0.000000	-583.687439	-215.954483	1.000000
0.000000	-4030.643555	3319.316406	1.000000
0.000000	-861.846558	480.216400	1.000000
0.000000	-125.667404	-316.933105	1.000000
0.000000	-314.477051	-93.717018	1.000000
0.000000	7100.956543	6273.299805	1.000000
0.000000	-901.331604	1643.673706	1.000000
0.000000	-6.939415	1298.948486	1.000000
0.000000	-3431.181885	-11600.836914	1.000000
0.000000	355.541748	-21.943409	1.000000
0.000000	-15.098150	-324.865601	1.000000
0.000000	188.794876	115.753662	1.000000
0.000000	29405522.000000	-21550876.000000	1.000000
0.000000	-601.503723	1696.492310	1.000000
0.000000	459.746979	564.382751	1.000000
0.000000	1682.948608	26192.345703	1.000000
0.000000	3285.829590	-1703.083252	1.000000
0.000000	-120.461723	-301.524780	1.000000
0.000000	191.960052	-409.903534	1.000000
0.000000	5350.890137	-2945.275391	1.000000
0.000000	401131.875000	-1051564.750000	1.000000
0.000000	40158.179688	142516.437500	1.000000
0.000000	899154304.000000	-490293056.000000	1.000000
0.000000	5080.723633	-14914.449219	1.000000
0.000000	-11819835.000000	-661237.562500	1.000000
0.000000	10640.182617	-15068.235352	1.000000
0.000000	-35.946072	-412.147491	1.000000
0.000000	-311.660217	-803.805969	1.000000
0.000000	-450.468750	920.362549	1.000000
0.000000	424265.812500	2477.573486	1.000000
0.000000	-9395.908203	10627.067383	1.000000
0.000000	-225.200195	526.699646	1.000000
0.000000	28.012478	-336.994843	1.000000
0.000000	3426.894043	-13338.108398	1.000000
0.000000	-935690816.000000	516809408.000000	1.000000
0.000000	1333545.500000	80291.453125	1.000000
0.000000	370800.562500	-121739.968750	1.000000
0.000000	282406.375000	227411.437500	1.000000
0.000000	24856.935547	-23113.621094	1.000000
0.000000	2203343.750000	933601.312500	1.000000
0.000000	-177.737595	261.248901	1.000000
0.000000	40.634598	-44.448917	1.000000
0.000000	-3136.376221	-330.982666	1.000000
0.000000	-1676.686646	1767.046265	1.000000
0.000000	120.927925	321.369629	1.000000
0.000000	-0.391891	-93.073311	1.000000
0.000000	-1258.784302	1087.885132	1.000000
0.000000	952.493225	-212.254303	1.000000
0.000000	244.876663	-137.874496	1.000000
0.000000	-4355021.000000	2416277.250000	1.000000
0.000000	1146.463135	635.860901	1.000000
0.000000	-168.399429	-88063.296875	1.000000
0.000000	1711789.125000	-2028472.500000	1.000000
0.000000	820.825928	-1466.514160	1.000000
0.000000	-225.425415	-5328.198730	1.000000
0.000000	691415.187500	-227481.437500	1.000000
0.000000	12310197.000000	-6573529.500000	1.000000
0.000000	-21955.771484	-21551.828125	1.000000
0.000000	170716.421875	-24552.789062	1.000000
0.000000	5.855185	224.344955	1.000000
0.000000	331.297821	-46.312050	1.000000
0.000000	579.377991	-1799.418213	1.000000
0.000000	-177.134277	-274.188995	1.000000
0.000000	122.173615	-307.782684	1.000000
0.000000	-894.838257	1110.060669	1.000000
0.000000	-251.248184	-3102.223877	1.000000
0.000000	-53909.546875	119833.890625	1.000000
0.000000	103.715195	285.782532	1.000000
0.000000	-391.407990	36.805119	1.000000
0.000000	-93.505783	-1065.700562	1.000000
0.000000	-64578.972656	15518.558594	1.000000
0.000000	2446.372314	822.925842	1.000000
0.000000	55813.847656	149608.046875	1.000000
0.000000	-13270.922852	6590.541992	1.000000
0.000000	-41811.175781	-29762.480469	1.000000
0.000000	-8424.305664	13833.365234	1.000000
0.000000	341.035156	357.521484	1.000000
0.000000	-337.726074	195.467819	1.000000
0.000000	1580.438721	3153.060303	1.000000
0.000000	666.111084	-424.084503	1.000000
0.000000	1900.905762	93.792870	1.000000
0.000000	573.303467	-570.490662	1.000000
0.000000	13983.527344	-14272.570312	1.000000
0.000000	-329.530212	-152.837112	1.000000
0.000000	-1179.405518	1492.542358	1.000000
0.000000	254.874115	279.335114	1.000000
0.000000	-13307.592773	-2990.196045	1.000000
0.000000	-28684.066406	-61538.000000	1.000000
0.000000	1716.586670	8080.592773	1.000000
0.000000	-2510.833496	1822.460449	1.000000
0.000000	121.418549	-162.256729	1.000000
0.000000	50.723694	189.192230	1.000000
0.000000	-3804.102783	-16011.579102	1.000000
0.000000	791.665466	-19.797911	1.000000
0.000000	-8808.207031	12934.636719	1.000000
0.000000	-887.883789	-3202.931152	1.000000
0.000000	939.645691	596.684265	1.000000
0.000000	312.017670	-259.190369	1.000000
0.000000	-5622.064941	-20507.271484	1.000000
0.000000	3.202517	-347.256378	1.000000
0.000000	22508.066406	-24621.470703	1.000000
0.000000	-316.022736	-193.557358	1.000000
0.000000	-3300464.250000	1376390.750000	1.000000
0.000000	-17997.638672	-1282.366333	1.000000
0.000000	-67.655754	598.580078	1.000000
0.000000	166.111053	-365.117584	1.000000
0.000000	6691.905762	2682.173828	1.000000
0.000000	-26113.037109	-23357.957031	1.000000
0.000000	-586712.625000	317476.093750	1.000000
0.000000	-108536.234375	249064.953125	1.000000
0.000000	38003.226562	-56191.003906	1.000000
0.000000	614.295166	-1738.282349	1.000000
0.000000	131.807999	187.153732	1.000000
0.000000	-225.067291	-403.668884	1.000000
0.000000	-393.544312	701.200562	1.000000
0.000000	4112436.000000	2116301.500000	1.000000
0.000000	189.103653	215.162308	1.000000
0.000000	-45283.910156	75980.593750	1.000000
0.000000	723.940735	1702.512695	1.000000
0.000000	4852.234863	12558.479492	1.000000
0.000000	617.182556	1586.781250	1.000000
0.000000	-44112.988281	2381.918701	1.000000
0.000000	245706.578125	-842228.687500	1.000000
0.000000	-244.956635	-150.297226	1.000000
0.000000	465.372406	-128.529022	1.000000
0.000000	-32973.464844	-140025.765625	1.000000
0.000000	-14344.239258	-13545.312500	1.000000
0.000000	-402.664551	-83.225014	1.000000
0.000000	-323623.906250	730136.875000	1.000000
0.000000	-31344.222656	-19660.898438	1.000000
0.000000	-442.271576	-1087.243286	1.000000
0.000000	153.250778	-375.444244	1.000000
0.000000	-3609.408691	-12781.255859	1.000000
0.000000	98.014664	-338.352936	1.000000
0.000000	3207.338867	2978.473633	1.000000
0.000000	38.199104	170.281631	1.000000
0.000000	799153.312500	-982912.687500	1.000000
0.000000	-400.212250	411.280151	1.000000
0.000000	-3261.586182	-2096.659424	1.000000
0.000000	-31.004623	2916.996338	1.000000
0.000000	-330.183167	312.569366	1.000000
0.000000	19842.521484	10557.328125	1.000000
0.000000	90.503265	582.766541	1.000000
0.000000	-3381.444824	-1918.803833	1.000000
0.000000	65106.121094	112677.726562	1.000000
0.000000	280.375702	224.950775	1.000000
0.000000	484892.843750	100825.703125	1.000000
0.000000	-254.236053	243.589722	1.000000
0.000000	80.008263	309.282837	1.000000
0.000000	322.542938	131.762878	1.000000
0.000000	-306.262207	-96.905746	1.000000
0.000000	-52416.386719	-2995.708252	1.000000
0.000000	11405.715820	1391.529663	1.000000
0.000000	-74.312538	-199.331665	1.000000
0.000000	12.385921	1736.789062	1.000000
0.000000	-7873.598145	-93158.140625	1.000000
0.000000	-575.287964	1098.457275	1.000000
0.000000	-52.547333	310.935425	1.000000
0.000000	341.593781	-80.132179	1.000000
0.000000	56.874828	354.009705	1.000000
0.000000	-42907.253906	-77712.382812	1.000000
0.000000	292.340912	-1097.783447	1.000000
0.000000	-8.649550	334.891602	1.000000
0.000000	-92.370338	-180.656525	1.000000
0.000000	-460.208862	723.592651	1.000000
0.000000	401.139557	57.064247	1.000000
0.000000	219.202332	1011.419067	1.000000
0.000000	-185.532257	170.399521	1.000000
0.000000	250.445190	521.802551	1.000000
0.000000	-11007.264648	554.127869	1.000000
0.000000	28171368.000000	16549397.000000	1.000000
0.000000	311.682709	-642.240112	1.000000
0.000000	-32771.695312	266767.187500	1.000000
0.000000	-237.405884	5.054071	1.000000
0.000000	1489.235840	2670.391113	1.000000
0.000000	4535.564941	10681.032227	1.000000
0.000000	-48518.265625	-126250.796875	1.000000
0.000000	49.153728	-517.972534	1.000000
0.000000	1929694.125000	165233.734375	1.000000
0.000000	-180105.546875	-177937.812500	1.000000
0.000000	-70214.882812	13734.487305	1.000000
0.000000	268.008148	-123.416122	1.000000
0.000000	-131111.937500	14967.302734	1.000000
0.000000	-1076.541870	237.059814	1.000000
0.000000	-1329.990356	997.032715	1.000000
0.000000	-1187.951416	1174.023315	1.000000
0.000000	49261.199219	57560.437500	1.000000
0.000000	83872.132812	3679.572021	1.000000
0.000000	1062.205688	-401.291382	1.000000
0.000000	-358.417938	-276.090363	1.000000
0.000000	-1589278.625000	-1200867.375000	1.000000
0.000000	-274.320557	144.246658	1.000000
0.000000	2590553.750000	19368.921875	1.000000
0.000000	136.573914	-186.308151	1.000000
0.000000	-10450.421875	13196.650391	1.000000
0.000000	1826645.375000	135385.984375	1.000000
0.000000	-1564.557251	795.326660	1.000000
0.422749	271.847198	50.034248	1.000000
0.000000	349.973389	-29.837265	1.000000
0.000000	447.887634	961.106262	1.000000
0.000000	-10618.809570	7417.906738	1.000000
0.000000	-372.874634	160.857361	1.000000
0.000000	27333.939453	25897.628906	1.000000
0.000000	74.164101	294.244904	1.000000
0.000000	273.035858	498.204620	1.000000
0.000000	-45.240238	-9054.087891	1.000000
0.000000	-5601.224121	9773.398438	1.000000
0.000000	459152.468750	25583.441406	1.000000
0.000000	-1015.260437	1099.823242	1.000000
0.000000	2176.715332	-5260.607910	1.000000
0.000000	3487.065918	-2089.202393	1.000000
0.000000	140.258453	71.513992	1.000000
0.000000	223.245514	179.239136	1.000000
0.000000	966.616943	-738.728882	1.000000
0.000000	1207.537964	11731.489258	1.000000
0.000000	18041.851562	-23785.193359	1.000000
0.000000	318.477509	-16.603394	1.000000
0.000000	-13.386748	-207.242523	1.000000
0.000000	1148.428955	1173.729248	1.000000
0.000000	409.091614	-45.612095	1.000000
0.000000	106.474007	169.288284	1.000000
0.000000	-1438.039062	131.903137	1.000000
0.000000	75311.046875	-7408.881836	1.000000
0.000000	80.978615	399.957520	1.000000
0.000000	-213.066727	-720.712036	1.000000
0.000000	1178.855713	-9603.474609	1.000000
0.000000	264.891876	290.839111	1.000000
0.000000	234.402740	216.582352	1.000000
0.000000	-3864.492432	-4608.845215	1.000000
0.000000	509.163177	231.729538	1.000000
0.000000	-2025.112671	-2965.487549	1.000000
0.000000	3.859494	267.385193	1.000000
0.000000	22242.921875	39086.445312	1.000000
0.000000	344.481537	-23.916544	1.000000
0.000000	878.948425	-549.926575	1.000000
0.000000	1247.444580	697.281189	1.000000
0.000000	-319.492096	627.891113	1.000000
0.000000	137.588242	-310.214264	1.000000
0.000000	9580.807617	4849.699707	1.000000
0.000000	-92681.640625	-330210.218750	1.000000
0.000000	7978.835449	16948.894531	1.000000
0.000000	206.515137	-180.083633	1.000000
0.000000	3396.918701	-919.577026	1.000000
0.000000	-423351.437500	-81943.796875	1.000000
0.000000	-44105600.000000	-10494824.000000	1.000000
0.000000	6020.036133	-4590.888184	1.000000
0.000000	-285.377045	149.286041	1.000000
0.000000	1019.670898	-1698.487915	1.000000
0.000000	5858.942383	361.190552	1.000000
0.000000	-254.296524	-96.728249	1.000000
0.000000	-475.789612	1017.009644	1.000000
0.000000	-18781.111328	77.654160	1.000000
0.000000	-620.317566	-156.769333	1.000000
0.000000	297.726471	-338.977997	1.000000
0.000000	14537.925781	-11042.190430	1.000000
