0.000000	31425.062500	455881.250000	1.000000
0.000000	215035.125000	175360.640625	1.000000
0.000000	1204.496826	-12898.655273	1.000000
0.000000	-399.902649	646.912659	1.000000
0.000000	16879.123047	27270.375000	1.000000
0.000000	-13575.375977	727.211121	1.000000
0.000000	-573.897156	-2508.211670	1.000000
0.000000	-595426.812500	1523932.125000	1.000000
0.000000	3636.018311	-2097.915039	1.000000
0.000000	9292453.000000	3386659.750000	1.000000
0.000000	78697400.000000	19959642.000000	1.000000
0.000000	-395.283813	-217.510132	1.000000
0.000000	-353.824524	206.019897	1.000000
0.000000	87.996605	-367.885773	1.000000
0.000000	-73337376.000000	-31090268.000000	1.000000
0.000000	843.234436	-4458.062012	1.000000
0.000000	403.762695	-529.652222	1.000000
0.000000	-6234.720215	7912.685547	1.000000
0.000000	-987.019470	92.407867	1.000000
0.000000	-346.095856	403.998322	1.000000
0.000000	948.547180	8130.944336	1.000000
0.000000	10357.890625	85096.320312	1.000000
0.000000	-71.750175	944.463989	1.000000
0.000000	323.349823	9.806168	1.000000
0.000000	-207040.328125	-53423.769531	1.000000
0.000000	539.114197	-49.137299	1.000000
0.000000	10385.338867	35250.207031	1.000000
0.000000	-4050.967529	11555.728516	1.000000
0.000000	518.486633	-241.070221	1.000000
0.000000	-61342.382812	-273296.843750	1.000000
0.000000	5098.196289	-8802.878906	1.000000
0.000000	5001.168945	937.473511	1.000000
0.000000	-380.341736	510.863007	1.000000
0.000000	-628.924011	-121.737656	1.000000
0.000000	-338.358734	-111.451431	1.000000
0.000000	4976.625000	2833.240479	1.000000
0.000000	-107.030464	-113.513710	1.000000
0.000000	-5836.055176	-1584.961792	1.000000
0.000000	-246239.515625	-73850.468750	1.000000
0.000000	-46638.230469	-6236.672363	1.000000
0.000000	563.201477	169.503525	1.000000
0.000000	611.947327	-89.044662	1.000000
0.000000	-2.969008	362.941650	1.000000
0.000000	-136.744156	-247.823715	1.000000
0.000000	63.314816	359.085297	1.000000
0.000000	-607.639465	-157.140244	1.000000
0.000000	-3978.553711	3283.039551	1.000000
0.000000	-897.890869	532.515198	1.000000
0.000000	-139.639420	-378.867310	1.000000
0.000000	-376.605042	-106.778236	1.000000
0.000000	7164.208496	6266.478516	1.000000
0.000000	-935.980652	1590.498657	1.000000
0.000000	-43.030777	1246.703613	1.000000
0.000000	-3468.078857	-11548.747070	1.000000
0.000000	414.181580	2.408486	1.000000
0.000000	-13.528479	-388.350098	1.000000
0.000000	252.259995	113.554184	1.000000
0.000000	29405522.000000	-21550876.000000	1.000000
0.000000	-652.663391	1734.009399	1.000000
0.000000	417.927826	612.209290	1.000000
0.000000	1650.237427	26137.775391	1.000000
0.000000	3310.014160	-1761.839355	1.000000
0.000000	-153.870544	-355.513733	1.000000
0.000000	226.221527	-463.349884	1.000000
0.000000	5311.822754	-2995.194824	1.000000
0.000000	401171.562500	-1051564.750000	1.000000
0.000000	40103.609375	142476.750000	1.000000
0.000000	899154304.000000	-490293056.000000	1.000000
0.000000	5039.795898	-14962.818359	1.000000
0.000000	-11819835.000000	-661158.187500	1.000000
0.000000	10672.428711	-15013.665039	1.000000
0.000000	-54.704617	-472.802704	1.000000
0.000000	-359.603027	-845.431335	1.000000
0.000000	-387.023010	918.192139	1.000000
0.000000	424186.437500	2461.760498	1.000000
0.000000	-9457.919922	10612.184570	1.000000
0.000000	-286.834015	511.429260	1.000000
0.000000	22.450802	-400.246796	1.000000
0.000000	3433.095215	-13401.360352	1.000000
0.000000	-935690816.000000	516809408.000000	1.000000
0.000000	1333545.500000	80350.984375	1.000000
0.000000	370879.937500	-121749.890625	1.000000
0.000000	282327.000000	227431.281250	1.000000
0.000000	24799.884766	-23083.855469	1.000000
0.000000	2203343.750000	933521.937500	1.000000
0.000000	-211.185165	315.237854	1.000000
0.000000	-21.336901	-58.294971	1.000000
0.000000	-3096.688721	-281.373291	1.000000
0.000000	-1684.128052	1830.143188	1.000000
0.000000	150.209076	377.722778	1.000000
0.000000	-16.706289	-154.445526	1.000000
0.000000	-1320.020874	1071.141968	1.000000
0.000000	1006.133362	-246.263855	1.000000
0.000000	258.999573	-75.959671	1.000000
0.000000	-4355021.000000	2416277.250000	1.000000
0.000000	1201.343506	667.719421	1.000000
0.000000	-230.546799	-88073.218750	1.000000
0.000000	1711789.125000	-2028472.500000	1.000000
0.000000	832.685669	-1404.192383	1.000000
0.000000	-173.219299	-5364.165527	1.000000
0.000000	691415.187500	-227540.968750	1.000000
0.000000	12310197.000000	-6573529.500000	1.000000
0.000000	-21970.654297	-21613.839844	1.000000
0.000000	170775.953125	-24589.996094	1.000000
0.000000	-21.471436	281.667023	1.000000
0.000000	392.069305	-64.775276	1.000000
0.000000	517.908875	-1815.231201	1.000000
0.000000	-218.914673	-322.015533	1.000000
0.000000	145.289917	-366.926361	1.000000
0.000000	-913.054199	1170.832153	1.000000
0.000000	-312.796326	-3086.720947	1.000000
0.000000	-53974.039062	119833.890625	1.000000
0.000000	126.165375	345.197510	1.000000
0.000000	-452.838348	52.889408	1.000000
0.000000	-32.436436	-1048.337280	1.000000
0.000000	-64524.402344	15483.832031	1.000000
0.000000	2465.285889	883.542297	1.000000
0.000000	55863.457031	149647.734375	1.000000
0.000000	-13331.694336	6570.698242	1.000000
0.000000	-41860.785156	-29725.273438	1.000000
0.000000	-8372.215820	13869.332031	1.000000
0.000000	398.395996	384.729126	1.000000
0.000000	-384.506165	238.430313	1.000000
0.000000	1626.172363	3109.031982	1.000000
0.000000	727.425171	-440.633881	1.000000
0.000000	1860.133057	45.123360	1.000000
0.000000	585.705811	-632.734924	1.000000
0.000000	13969.884766	-14334.582031	1.000000
0.000000	-383.674194	-185.994003	1.000000
0.000000	-1203.435059	1433.786255	1.000000
0.000000	300.258942	323.751007	1.000000
0.000000	-13245.581055	-3004.148682	1.000000
0.000000	-28723.753906	-61587.609375	1.000000
0.000000	1751.313232	8133.922852	1.000000
0.000000	-2472.076172	1772.230957	1.000000
0.000000	179.516876	-187.875320	1.000000
0.000000	8.721786	141.559479	1.000000
0.000000	-3763.795166	-15961.969727	1.000000
0.000000	852.669495	-2.077765	1.000000
0.000000	-8871.458984	12939.597656	1.000000
0.000000	-868.737671	-3263.392578	1.000000
0.000000	932.746887	659.781189	1.000000
0.000000	374.068146	-272.677917	1.000000
0.000000	-5559.433105	-20497.349609	1.000000
0.000000	6.542914	-410.663361	1.000000
0.000000	22490.703125	-24683.482422	1.000000
0.000000	-358.849579	-240.453720	1.000000
0.000000	-3300464.250000	1376390.750000	1.000000
0.000000	-18019.962891	-1341.587524	1.000000
0.000000	-94.359550	656.173462	1.000000
0.000000	187.272552	-424.997650	1.000000
0.000000	6712.369629	2622.022461	1.000000
0.000000	-26053.505859	-23338.113281	1.000000
0.000000	-586712.625000	317515.781250	1.000000
0.000000	-108536.234375	249005.421875	1.000000
0.000000	37938.734375	-56191.003906	1.000000
0.000000	655.377930	-1786.651489	1.000000
0.000000	162.310013	242.848007	1.000000
0.000000	-239.581909	-341.850952	1.000000
0.000000	-410.868835	762.282104	1.000000
0.000000	4112436.000000	2116301.500000	1.000000
0.000000	251.347916	227.700302	1.000000
0.000000	-45308.714844	76040.125000	1.000000
0.000000	781.224060	1729.952881	1.000000
0.000000	4913.626465	12542.356445	1.000000
0.000000	610.903870	1523.529297	1.000000
0.000000	-44157.636719	2428.427490	1.000000
0.000000	245647.046875	-842228.687500	1.000000
0.000000	-302.394989	-177.349838	1.000000
0.000000	528.701843	-123.634865	1.000000
0.000000	-32948.660156	-140085.296875	1.000000
0.000000	-14365.323242	-13485.781250	1.000000
0.000000	-466.071533	-86.441872	1.000000
0.000000	-323703.281250	730136.875000	1.000000
0.000000	-31289.652344	-19628.652344	1.000000
0.000000	-499.671173	-1114.373413	1.000000
0.000000	170.400894	-436.564545	1.000000
0.000000	-3548.637207	-12799.859375	1.000000
0.000000	116.375946	-399.124420	1.000000
0.000000	3226.252441	2918.012207	1.000000
0.000000	68.251251	114.337807	1.000000
0.000000	799073.937500	-982912.687500	1.000000
0.000000	-462.844086	421.860901	1.000000
0.000000	-3200.814697	-2114.642822	1.000000
0.000000	-44.347012	2979.008057	1.000000
0.000000	-374.986633	357.566620	1.000000
0.000000	19810.275391	10611.898438	1.000000
0.000000	153.090546	572.069519	1.000000
0.000000	-3441.906250	-1938.647583	1.000000
0.000000	65125.964844	112737.257812	1.000000
0.000000	327.194550	267.841095	1.000000
0.000000	484892.843750	100885.234375	1.000000
0.000000	-300.163483	287.429749	1.000000
0.000000	79.204048	372.767334	1.000000
0.000000	333.433746	194.317200	1.000000
0.000000	-369.630432	-100.946198	1.000000
0.000000	-52391.582031	-2938.037354	1.000000
0.000000	11439.202148	1445.479858	1.000000
0.000000	-57.055840	-260.433990	1.000000
0.000000	49.465710	1685.164307	1.000000
0.000000	-7876.698730	-93217.671875	1.000000
0.000000	-613.347656	1047.607666	1.000000
0.000000	-94.500816	358.606934	1.000000
0.000000	402.287750	-98.803520	1.000000
0.000000	60.353298	417.416687	1.000000
0.000000	-42956.863281	-77672.695312	1.000000
0.000000	242.697983	-1137.470947	1.000000
0.000000	24.402552	389.113098	1.000000
0.000000	-120.789146	-123.876335	1.000000
0.000000	-466.022461	786.844604	1.000000
0.000000	445.516693	11.645391	1.000000
0.000000	234.298309	1073.120728	1.000000
0.000000	-215.239746	226.520126	1.000000
0.000000	301.602753	559.397156	1.000000
0.000000	-11070.516602	549.476990	1.000000
0.000000	28171368.000000	16549397.000000	1.000000
0.000000	354.509552	-689.136475	1.000000
0.000000	-32746.890625	266727.500000	1.000000
0.000000	-300.890381	3.440693	1.000000
0.000000	1542.100830	2635.354492	1.000000
0.000000	4473.553223	10695.915039	1.000000
0.000000	-48453.773438	-126250.796875	1.000000
0.000000	-6.594211	-548.358276	1.000000
0.000000	1929694.125000	165273.421875	1.000000
0.000000	-180046.015625	-177937.812500	1.000000
0.000000	-70264.492188	13698.520508	1.000000
0.000000	306.184113	-174.150330	1.000000
0.000000	-131131.781250	15028.074219	1.000000
0.000000	-1133.127563	265.778992	1.000000
0.000000	-1369.832886	947.655884	1.000000
0.000000	-1204.384521	1235.414917	1.000000
0.000000	49276.082031	57619.968750	1.000000
0.000000	83822.523438	3641.434814	1.000000
0.000000	1122.667114	-381.990234	1.000000
0.000000	-414.848602	-305.197113	1.000000
0.000000	-1589278.625000	-1200867.375000	1.000000
0.000000	-335.595886	160.931686	1.000000
0.000000	2590553.750000	19425.972656	1.000000
0.000000	158.626831	-245.858780	1.000000
0.000000	-10487.628906	13248.740234	1.000000
0.000000	1826645.375000	135346.296875	1.000000
0.000000	-1557.270874	858.423584	1.000000
0.000000	332.800262	64.121162	1.000000
0.000000	402.799622	-65.087051	1.000000
0.000000	397.193054	922.891541	1.000000
0.000000	-10662.217773	7464.415527	1.000000
0.000000	-435.118896	173.434113	1.000000
0.000000	27336.419922	25962.121094	1.000000
0.000000	120.517860	337.653107	1.000000
0.000000	275.903900	561.620056	1.000000
0.000000	-107.011192	-9039.205078	1.000000
0.000000	-5664.476074	9774.638672	1.000000
0.000000	459192.156250	25536.312500	1.000000
0.000000	-1074.791748	1121.837402	1.000000
0.000000	2227.875000	-5222.780762	1.000000
0.000000	3488.306152	-2152.764404	1.000000
0.000000	174.985016	124.669662	1.000000
0.000000	277.544525	212.144104	1.000000
0.000000	939.254272	-796.012207	1.000000
0.000000	1214.824341	11668.237305	1.000000
0.000000	17979.839844	-23797.595703	1.000000
0.000000	381.806976	-21.220360	1.000000
0.000000	-9.829553	-270.649506	1.000000
0.000000	1095.718994	1209.075928	1.000000
0.000000	472.576111	-47.235058	1.000000
0.000000	116.657494	231.958878	1.000000
0.000000	-1377.577637	151.262421	1.000000
0.000000	75370.578125	-7402.060547	1.000000
0.000000	97.886497	461.155334	1.000000
0.000000	-149.562851	-720.712036	1.000000
0.000000	1174.824951	-9540.222656	1.000000
0.000000	303.300385	341.417419	1.000000
0.000000	282.840759	257.646515	1.000000
0.000000	-3835.346924	-4552.414551	1.000000
0.000000	571.795044	242.077744	1.000000
0.000000	-2076.031738	-3003.314697	1.000000
0.000000	30.621975	324.978577	1.000000
0.000000	22252.843750	39150.937500	1.000000
0.000000	407.966034	-23.708223	1.000000
0.000000	942.432922	-548.841370	1.000000
0.000000	1302.324951	729.217224	1.000000
0.000000	-322.127594	691.298096	1.000000
0.000000	177.643936	-359.474823	1.000000
0.000000	9613.053711	4795.129395	1.000000
0.000000	-92651.875000	-330249.906250	1.000000
0.000000	8042.087402	16951.375000	1.000000
0.000000	247.481628	-228.607803	1.000000
0.000000	3417.692627	-859.503174	1.000000
0.000000	-423311.750000	-81993.406250	1.000000
0.000000	-44105600.000000	-10494824.000000	1.000000
0.000000	6048.561523	-4534.457520	1.000000
0.000000	-309.484100	208.042145	1.000000
0.000000	1075.326416	-1667.947144	1.000000
0.000000	5809.333008	321.735596	1.000000
0.000000	-313.246399	-120.341148	1.000000
0.000000	-539.196594	1013.909058	1.000000
0.000000	-18771.189453	14.958269	1.000000
0.000000	-683.802063	-158.532791	1.000000
0.000000	304.974091	-402.074921	1.000000
0.000000	14596.216797	-11017.385742	1.000000
