0.000000	31485.824219	455824.062500	1.000000
0.000000	215006.531250	175274.859375	1.000000
0.000000	1190.870117	-12807.512695	1.000000
0.000000	-491.380310	648.252991	1.000000
0.000000	16886.271484	27363.304688	1.000000
0.000000	-13664.731445	747.874573	1.000000
0.000000	-655.992493	-2468.001709	1.000000
0.000000	-595312.437500	1523932.125000	1.000000
0.000000	3589.106689	-2176.547852	1.000000
0.000000	9292453.000000	3386659.750000	1.000000
0.000000	78697400.000000	19959642.000000	1.000000
0.000000	-306.989441	-193.551697	1.000000
0.000000	-310.487122	125.431992	1.000000
0.000000	91.361397	-276.463959	1.000000
0.000000	-73337376.000000	-31090268.000000	1.000000
0.000000	763.596375	-4502.739746	1.000000
0.000000	382.317383	-440.698792	1.000000
0.000000	-6187.361816	7834.052734	1.000000
0.000000	-987.242859	183.913452	1.000000
0.000000	-314.709747	318.049530	1.000000
0.000000	928.888977	8041.588867	1.000000
0.000000	10275.683594	85053.429688	1.000000
0.000000	-54.046627	854.661743	1.000000
0.000000	255.010254	71.618729	1.000000
0.000000	-207097.515625	-53359.433594	1.000000
0.000000	447.899200	-56.299698	1.000000
0.000000	10387.125977	35343.136719	1.000000
0.000000	-3961.165283	11573.599609	1.000000
0.000000	438.513489	-196.615875	1.000000
0.000000	-61435.312500	-273296.843750	1.000000
0.000000	5152.703125	-8876.150391	1.000000
0.000000	4912.707031	914.911255	1.000000
0.000000	-295.956665	475.455902	1.000000
0.000000	-562.019104	-184.091019	1.000000
0.000000	-266.874359	-54.374447	1.000000
0.000000	4893.524414	2795.264404	1.000000
0.000000	-21.933344	-79.879753	1.000000
0.000000	-5765.464355	-1527.104126	1.000000
0.000000	-246268.109375	-73764.687500	1.000000
0.000000	-46709.714844	-6181.271973	1.000000
0.000000	492.626007	111.250916	1.000000
0.000000	559.115906	-14.367639	1.000000
0.000000	-2.147444	271.463989	1.000000
0.000000	-95.517952	-166.147232	1.000000
0.000000	51.942936	268.277802	1.000000
0.000000	-573.125916	-241.888321	1.000000
0.000000	-4053.612305	3335.312500	1.000000
0.000000	-845.953003	457.162201	1.000000
0.000000	-119.506516	-289.623535	1.000000
0.000000	-287.082031	-87.957741	1.000000
0.000000	7073.065918	6276.307617	1.000000
0.000000	-886.053284	1667.120972	1.000000
0.000000	8.974722	1321.985596	1.000000
0.000000	-3414.912354	-11623.805664	1.000000
0.000000	327.894714	-27.919497	1.000000
0.000000	-15.790289	-296.872437	1.000000
0.000000	160.810257	116.723511	1.000000
0.000000	29405522.000000	-21550876.000000	1.000000
0.000000	-578.945129	1679.949341	1.000000
0.000000	478.186920	543.293884	1.000000
0.000000	1697.372437	26216.408203	1.000000
0.000000	3275.165527	-1677.175049	1.000000
0.000000	-105.730278	-277.718628	1.000000
0.000000	176.852631	-386.336639	1.000000
0.000000	5368.116699	-2923.263672	1.000000
0.000000	401114.375000	-1051564.750000	1.000000
0.000000	40182.242188	142533.937500	1.000000
0.000000	899154304.000000	-490293056.000000	1.000000
0.000000	5098.770508	-14893.121094	1.000000
0.000000	-11819835.000000	-661272.562500	1.000000
0.000000	10625.963867	-15092.297852	1.000000
0.000000	-27.674587	-385.401886	1.000000
0.000000	-290.520081	-785.451477	1.000000
0.000000	-478.444824	921.319580	1.000000
0.000000	424300.812500	2484.546143	1.000000
0.000000	-9368.564453	10633.629883	1.000000
0.000000	-198.018799	533.433044	1.000000
0.000000	30.464870	-309.104218	1.000000
0.000000	3424.159668	-13310.217773	1.000000
0.000000	-935690816.000000	516809408.000000	1.000000
0.000000	1333545.500000	80265.203125	1.000000
0.000000	370765.562500	-121735.593750	1.000000
0.000000	282441.375000	227402.687500	1.000000
0.000000	24882.091797	-23126.746094	1.000000
0.000000	2203343.750000	933636.312500	1.000000
0.000000	-162.989059	237.449402	1.000000
0.000000	67.961258	-38.343571	1.000000
0.000000	-3153.876221	-352.857666	1.000000
0.000000	-1673.405396	1739.223999	1.000000
0.000000	108.016548	296.520996	1.000000
0.000000	6.801849	-66.011543	1.000000
0.000000	-1231.782349	1095.267944	1.000000
0.000000	928.840881	-197.257965	1.000000
0.000000	238.647415	-165.175522	1.000000
0.000000	-4355021.000000	2416277.250000	1.000000
0.000000	1122.263916	621.813049	1.000000
0.000000	-140.995865	-88058.921875	1.000000
0.000000	1711789.125000	-2028472.500000	1.000000
0.000000	815.596436	-1493.994629	1.000000
0.000000	-248.445435	-5312.339355	1.000000
0.000000	691415.187500	-227455.187500	1.000000
0.000000	12310197.000000	-6573529.500000	1.000000
0.000000	-21949.208984	-21524.484375	1.000000
0.000000	170690.171875	-24536.382812	1.000000
0.000000	17.904640	199.069077	1.000000
0.000000	304.500946	-38.170876	1.000000
0.000000	606.482483	-1792.445557	1.000000
0.000000	-158.711426	-253.100143	1.000000
0.000000	111.983795	-281.703583	1.000000
0.000000	-886.806030	1083.263794	1.000000
0.000000	-224.100967	-3109.059814	1.000000
0.000000	-53881.109375	119833.890625	1.000000
0.000000	93.815903	259.583801	1.000000
0.000000	-364.320587	29.712488	1.000000
0.000000	-120.435104	-1073.356812	1.000000
0.000000	-64603.035156	15533.871094	1.000000
0.000000	2438.032471	796.197327	1.000000
0.000000	55791.972656	149590.546875	1.000000
0.000000	-13244.125977	6599.291992	1.000000
0.000000	-41789.300781	-29778.886719	1.000000
0.000000	-8447.274414	13817.505859	1.000000
0.000000	315.742188	345.524414	1.000000
0.000000	-317.098633	176.523727	1.000000
0.000000	1560.272705	3172.474365	1.000000
0.000000	639.074951	-416.787140	1.000000
0.000000	1918.884277	115.253441	1.000000
0.000000	567.834717	-543.044373	1.000000
0.000000	13989.542969	-14245.226562	1.000000
0.000000	-305.655701	-138.216751	1.000000
0.000000	-1168.809814	1518.450562	1.000000
0.000000	234.861908	259.750153	1.000000
0.000000	-13334.936523	-2984.043701	1.000000
0.000000	-28666.566406	-61516.125000	1.000000
0.000000	1701.274170	8057.077148	1.000000
0.000000	-2527.923340	1844.608887	1.000000
0.000000	95.796600	-150.960342	1.000000
0.000000	69.244812	210.195648	1.000000
0.000000	-3821.876221	-16033.454102	1.000000
0.000000	764.766052	-27.611174	1.000000
0.000000	-8780.316406	12932.449219	1.000000
0.000000	-896.326172	-3176.270996	1.000000
0.000000	942.687683	568.862000	1.000000
0.000000	284.656830	-253.247070	1.000000
0.000000	-5649.682129	-20511.646484	1.000000
0.000000	1.729586	-319.297394	1.000000
0.000000	22515.722656	-24594.126953	1.000000
0.000000	-297.138458	-172.878647	1.000000
0.000000	-3300464.250000	1376390.750000	1.000000
0.000000	-17987.794922	-1256.253052	1.000000
0.000000	-55.879379	573.184570	1.000000
0.000000	156.779999	-338.713776	1.000000
0.000000	6682.882324	2708.697266	1.000000
0.000000	-26139.287109	-23366.707031	1.000000
0.000000	-586712.625000	317458.593750	1.000000
0.000000	-108536.234375	249091.203125	1.000000
0.000000	38031.664062	-56191.003906	1.000000
0.000000	596.179932	-1716.954224	1.000000
0.000000	118.358284	162.595627	1.000000
0.000000	-218.667145	-430.927185	1.000000
0.000000	-385.905151	674.266968	1.000000
0.000000	4112436.000000	2116301.500000	1.000000
0.000000	161.657364	209.633743	1.000000
0.000000	-45272.972656	75954.343750	1.000000
0.000000	698.681946	1690.413086	1.000000
0.000000	4825.164551	12565.588867	1.000000
0.000000	619.951111	1614.671875	1.000000
0.000000	-44093.300781	2361.410889	1.000000
0.000000	245732.828125	-842228.687500	1.000000
0.000000	-219.629486	-138.368515	1.000000
0.000000	437.447601	-130.690887	1.000000
0.000000	-32984.402344	-139999.515625	1.000000
0.000000	-14334.942383	-13571.562500	1.000000
0.000000	-374.705566	-81.806557	1.000000
0.000000	-323588.906250	730136.875000	1.000000
0.000000	-31368.285156	-19675.117188	1.000000
0.000000	-416.961517	-1075.280396	1.000000
0.000000	145.688522	-348.493561	1.000000
0.000000	-3636.205566	-12773.052734	1.000000
0.000000	89.918350	-311.556061	1.000000
0.000000	3198.999023	3005.133789	1.000000
0.000000	24.947496	194.950821	1.000000
0.000000	799188.312500	-982912.687500	1.000000
0.000000	-372.595062	406.614624	1.000000
0.000000	-3288.383057	-2088.729736	1.000000
0.000000	-25.120377	2889.652588	1.000000
0.000000	-310.427307	292.728058	1.000000
0.000000	19856.740234	10533.265625	1.000000
0.000000	62.907352	587.483337	1.000000
0.000000	-3354.784668	-1910.053833	1.000000
0.000000	65097.371094	112651.476562	1.000000
0.000000	259.731171	206.040863	1.000000
0.000000	484892.843750	100799.453125	1.000000
0.000000	-233.984589	224.252563	1.000000
0.000000	80.362877	281.289673	1.000000
0.000000	317.740692	104.179863	1.000000
0.000000	-278.320312	-95.124130	1.000000
0.000000	-52427.324219	-3021.137939	1.000000
0.000000	11390.950195	1367.740601	1.000000
0.000000	-81.921791	-172.389526	1.000000
0.000000	-3.963785	1759.552734	1.000000
0.000000	-7872.230957	-93131.890625	1.000000
0.000000	-558.505737	1120.879150	1.000000
0.000000	-34.049713	289.914917	1.000000
0.000000	314.831085	-71.899147	1.000000
0.000000	55.341015	326.050720	1.000000
0.000000	-42885.378906	-77729.882812	1.000000
0.000000	314.233002	-1080.283447	1.000000
0.000000	-23.223713	310.982910	1.000000
0.000000	-79.839211	-205.693146	1.000000
0.000000	-457.645386	695.702026	1.000000
0.000000	381.571686	77.092804	1.000000
0.000000	212.545837	984.212036	1.000000
0.000000	-172.432892	145.653427	1.000000
0.000000	227.895142	505.218414	1.000000
0.000000	-10979.374023	556.178650	1.000000
0.000000	28171368.000000	16549397.000000	1.000000
0.000000	292.798431	-621.561401	1.000000
0.000000	-32782.632812	266784.687500	1.000000
0.000000	-209.412720	5.765436	1.000000
0.000000	1465.925293	2685.840332	1.000000
0.000000	4562.908691	10674.469727	1.000000
0.000000	-48546.703125	-126250.796875	1.000000
0.000000	73.736176	-504.574066	1.000000
0.000000	1929694.125000	165216.234375	1.000000
0.000000	-180131.796875	-177937.812500	1.000000
0.000000	-70193.007812	13750.346680	1.000000
0.000000	251.174637	-101.041245	1.000000
0.000000	-131103.187500	14940.505859	1.000000
0.000000	-1051.590698	224.396240	1.000000
0.000000	-1312.421997	1018.805176	1.000000
0.000000	-1180.705322	1146.953003	1.000000
0.000000	49254.636719	57534.187500	1.000000
0.000000	83894.007812	3696.388428	1.000000
0.000000	1035.545532	-409.802124	1.000000
0.000000	-333.535126	-263.255890	1.000000
0.000000	-1589278.625000	-1200867.375000	1.000000
0.000000	-247.301529	136.889481	1.000000
0.000000	2590553.750000	19343.765625	1.000000
0.000000	126.849289	-160.049606	1.000000
0.000000	-10434.015625	13173.681641	1.000000
0.000000	1826645.375000	135403.484375	1.000000
0.000000	-1567.770142	767.504395	1.000000
0.000000	244.599640	43.822430	1.000000
0.000000	328.471130	-19.055550	1.000000
0.000000	470.241150	977.956848	1.000000
0.000000	-10599.668945	7397.398926	1.000000
0.000000	-345.428345	155.311707	1.000000
0.000000	27332.845703	25869.191406	1.000000
0.000000	53.724648	275.104279	1.000000
0.000000	271.771210	470.228546	1.000000
0.000000	-18.001163	-9060.650391	1.000000
0.000000	-5573.333496	9772.851562	1.000000
0.000000	459134.968750	25604.222656	1.000000
0.000000	-989.010437	1090.116211	1.000000
0.000000	2154.156738	-5277.287598	1.000000
0.000000	3486.519043	-2061.175049	1.000000
0.000000	124.945099	48.073822	1.000000
0.000000	199.302643	164.729858	1.000000
0.000000	978.682373	-713.470093	1.000000
0.000000	1204.325073	11759.379883	1.000000
0.000000	18069.195312	-23779.724609	1.000000
0.000000	290.552704	-14.567942	1.000000
0.000000	-14.955276	-179.283539	1.000000
0.000000	1171.671143	1158.143311	1.000000
0.000000	381.098450	-44.896458	1.000000
0.000000	101.983650	141.654007	1.000000
0.000000	-1464.699219	123.364449	1.000000
0.000000	75284.796875	-7411.889648	1.000000
0.000000	73.523170	372.972656	1.000000
0.000000	-241.068436	-720.712036	1.000000
0.000000	1180.633057	-9631.365234	1.000000
0.000000	247.959900	268.536865	1.000000
0.000000	213.048981	198.475662	1.000000
0.000000	-3877.343994	-4633.728027	1.000000
0.000000	481.545990	227.166550	1.000000
0.000000	-2002.622437	-2948.807861	1.000000
0.000000	-7.941506	241.989700	1.000000
0.000000	22238.546875	39058.007812	1.000000
0.000000	316.488373	-24.008402	1.000000
0.000000	850.955261	-550.405090	1.000000
0.000000	1223.245361	683.199158	1.000000
0.000000	-318.329987	599.932129	1.000000
0.000000	119.925896	-288.493073	1.000000
0.000000	9566.588867	4873.762207	1.000000
0.000000	-92694.765625	-330192.718750	1.000000
0.000000	7950.944824	16947.800781	1.000000
0.000000	188.451172	-158.687149	1.000000
0.000000	3387.758545	-946.066284	1.000000
0.000000	-423368.937500	-81921.921875	1.000000
0.000000	-44105600.000000	-10494824.000000	1.000000
0.000000	6007.458008	-4615.770996	1.000000
0.000000	-274.747162	123.378601	1.000000
0.000000	995.129883	-1711.954712	1.000000
0.000000	5880.817383	378.588013	1.000000
0.000000	-228.302872	-86.316261	1.000000
0.000000	-447.830627	1018.376831	1.000000
0.000000	-18785.486328	105.301254	1.000000
0.000000	-592.324402	-155.991745	1.000000
0.000000	294.530670	-311.155731	1.000000
0.000000	14512.222656	-11053.127930	1.000000
