0.000000	31589.417969	455726.562500	1.000000
0.000000	214957.781250	175128.609375	1.000000
0.000000	1167.637695	-12652.122070	1.000000
0.000000	-647.342224	650.538147	1.000000
0.000000	16898.458984	27521.742188	1.000000
0.000000	-13817.075195	783.104065	1.000000
0.000000	-795.958313	-2399.447021	1.000000
0.000000	-595117.437500	1523932.125000	1.000000
0.000000	3509.126221	-2310.610352	1.000000
0.000000	9292453.000000	3386659.750000	1.000000
0.000000	78697400.000000	19959642.000000	1.000000
0.000000	-156.454773	-152.704529	1.000000
0.000000	-236.612915	-11.980717	1.000000
0.000000	97.098091	-120.557022	1.000000
0.000000	-73337376.000000	-31090268.000000	1.000000
0.000000	627.820007	-4578.911621	1.000000
0.000000	345.754883	-289.021545	1.000000
0.000000	-6106.619629	7699.990234	1.000000
0.000000	-987.623718	339.897369	1.000000
0.000000	-261.199005	171.513901	1.000000
0.000000	895.373352	7889.245117	1.000000
0.000000	10135.527344	84980.304688	1.000000
0.000000	-23.865126	701.556274	1.000000
0.000000	142.072052	174.773865	1.000000
0.000000	-207195.015625	-53249.746094	1.000000
0.000000	292.413361	-68.511002	1.000000
0.000000	10390.172852	35501.574219	1.000000
0.000000	-3808.059814	11604.068359	1.000000
0.000000	302.165833	-120.824867	1.000000
0.000000	-61593.750000	-273296.843750	1.000000
0.000000	5245.632812	-9001.072266	1.000000
0.000000	4761.886719	876.444458	1.000000
0.000000	-152.087036	415.089691	1.000000
0.000000	-447.898254	-290.413788	1.000000
0.000000	-144.956009	42.946232	1.000000
0.000000	4751.844727	2730.518311	1.000000
0.000000	123.149620	-22.537596	1.000000
0.000000	-5645.112793	-1428.461548	1.000000
0.000000	-246316.859375	-73618.437500	1.000000
0.000000	-46831.589844	-6086.818848	1.000000
0.000000	372.369659	11.919114	1.000000
0.000000	468.997253	112.951653	1.000000
0.000000	-0.746711	115.461090	1.000000
0.268900	-26.261019	-28.138346	1.000000
0.000000	32.554813	113.500053	1.000000
0.000000	-514.283142	-386.333893	1.000000
0.000000	-4181.581055	3424.433594	1.000000
0.000000	-757.403198	328.717377	1.000000
0.000000	-85.181564	-137.470215	1.000000
0.000000	-134.414734	-55.870335	1.000000
0.000000	6917.675293	6293.065430	1.000000
0.000000	-800.931213	1797.755737	1.000000
0.000000	97.642235	1450.335205	1.000000
0.000000	-3324.267822	-11751.774414	1.000000
0.000000	183.834656	-87.744995	1.000000
0.292804	-19.653664	-140.917542	1.000000
0.000000	4.899615	122.126953	1.000000
0.000000	29405522.000000	-21550876.000000	1.000000
0.000000	-453.261536	1587.781372	1.000000
0.000000	580.859863	425.868622	1.000000
0.000000	1777.733765	26350.470703	1.000000
0.000000	3215.751465	-1532.829346	1.000000
0.292804	-23.642672	-145.037720	1.000000
0.000000	92.682709	-255.035034	1.000000
0.000000	5464.093262	-2800.626953	1.000000
0.000000	401016.875000	-1051564.750000	1.000000
0.000000	40316.304688	142631.437500	1.000000
0.000000	899154304.000000	-490293056.000000	1.000000
0.000000	5199.317383	-14774.292969	1.000000
0.000000	-11819835.000000	-661467.562500	1.000000
0.000000	10546.745117	-15226.360352	1.000000
0.000000	18.409817	-236.384399	1.000000
0.000000	-172.772980	-683.190735	1.000000
0.000000	-634.386230	926.651611	1.000000
0.000000	424495.812500	2523.393799	1.000000
0.000000	-9216.220703	10670.192383	1.000000
0.000000	-46.591019	570.947693	1.000000
0.000000	44.128201	-153.713577	1.000000
0.000000	3408.925293	-13154.827148	1.000000
0.000000	-935690816.000000	516809408.000000	1.000000
0.000000	1333545.500000	80118.953125	1.000000
0.000000	370570.562500	-121711.218750	1.000000
0.000000	282636.375000	227353.937500	1.000000
0.000000	25022.248047	-23199.871094	1.000000
0.000000	2203343.750000	933831.312500	1.000000
0.000000	-80.818657	104.858574	1.000000
0.000000	218.713593	-1.830856	1.000000
0.000000	-3251.376221	-474.732666	1.000000
0.000000	-1655.124146	1584.214233	1.000000
0.000000	36.081734	158.078629	1.000000
0.000000	46.879139	84.751678	1.000000
0.000000	-1081.342896	1136.400757	1.000000
0.000000	797.063538	-113.711014	1.000000
0.000000	203.941605	-317.262054	1.000000
0.000000	-4355021.000000	2416277.250000	1.000000
0.000000	987.388062	543.546448	1.000000
0.000000	11.676933	-88034.546875	1.000000
0.000000	1711789.125000	-2028472.500000	1.000000
0.000000	786.460693	-1647.100098	1.000000
0.000000	-376.699829	-5223.979980	1.000000
0.000000	691415.187500	-227308.937500	1.000000
0.000000	12310197.000000	-6573529.500000	1.000000
0.000000	-21912.646484	-21372.140625	1.000000
0.000000	170543.921875	-24444.976562	1.000000
0.000000	85.321869	62.056503	1.000000
0.000000	154.621292	8.314138	1.000000
0.000000	757.493225	-1753.597900	1.000000
0.000000	-56.070755	-135.605026	1.000000
0.000000	55.211945	-136.405716	1.000000
0.000000	-842.055054	933.852112	1.000000
0.000000	-72.852188	-3147.145752	1.000000
0.000000	-53722.671875	119833.890625	1.000000
0.000000	42.915886	116.638657	1.000000
0.000000	-213.365280	-9.844498	1.000000
0.000000	-270.451874	-1116.013062	1.000000
0.000000	-64737.097656	15619.183594	1.000000
0.000000	2391.567627	647.281311	1.000000
0.000000	55670.097656	149493.046875	1.000000
0.000000	-13094.829102	6648.041992	1.000000
0.000000	-41667.425781	-29870.292969	1.000000
0.000000	-8575.243164	13729.146484	1.000000
0.000000	174.824219	278.683594	1.000000
0.000000	-202.196609	70.978081	1.000000
0.000000	1447.919189	3280.638428	1.000000
0.000000	488.445099	-376.130402	1.000000
0.000000	2019.050293	234.798218	1.000000
0.000000	537.365967	-390.053467	1.000000
0.000000	14023.058594	-14092.882812	1.000000
0.000000	-172.640549	-56.740692	1.000000
0.000000	-1109.776611	1662.796265	1.000000
0.000000	123.365326	150.633957	1.000000
0.000000	-13487.280273	-2949.766357	1.000000
0.000000	-28569.066406	-61394.250000	1.000000
0.000000	1615.961670	7926.061523	1.000000
0.000000	-2623.138184	1968.007324	1.000000
0.000000	-46.947041	-88.023338	1.000000
0.000000	168.171402	324.240234	1.000000
0.000000	-3920.899658	-16155.329102	1.000000
0.000000	614.897888	-71.147560	1.000000
0.000000	-8624.925781	12920.261719	1.000000
0.000000	-943.362305	-3027.735840	1.000000
0.000000	959.635925	413.791962	1.000000
0.000000	132.217850	-220.159912	1.000000
0.000000	-5803.549316	-20536.021484	1.000000
0.000000	-6.476732	-163.525894	1.000000
0.000000	22558.378906	-24441.783203	1.000000
0.000000	-191.955063	-57.668022	1.000000
0.000000	-3300464.250000	1376390.750000	1.000000
0.000000	-17932.951172	-1110.764771	1.000000
0.000000	9.735542	431.695312	1.000000
0.000000	104.782066	-191.627686	1.000000
0.000000	6632.608887	2856.470703	1.000000
0.000000	-26285.537109	-23415.457031	1.000000
0.000000	-586712.625000	317361.093750	1.000000
0.000000	-108536.234375	249237.453125	1.000000
0.000000	38190.101562	-56191.003906	1.000000
0.000000	495.252167	-1598.126099	1.000000
0.000000	43.420937	25.771910	1.000000
0.000000	-183.009186	-582.750488	1.000000
0.000000	-343.344116	524.208374	1.000000
0.000000	4112436.000000	2116301.500000	1.000000
0.000000	11.458968	178.950577	1.000000
0.000000	-45212.035156	75808.093750	1.000000
0.000000	557.954407	1623.000977	1.000000
0.000000	4674.344238	12605.198242	1.000000
0.000000	635.375916	1770.062500	1.000000
0.000000	-43983.613281	2247.153076	1.000000
0.000000	245879.078125	-842228.687500	1.000000
0.000000	-78.512741	-71.888458	1.000000
0.000000	281.866547	-142.735565	1.000000
0.000000	-33045.339844	-139853.265625	1.000000
0.000000	-14283.145508	-13717.812500	1.000000
0.000000	-218.922745	-73.903725	1.000000
0.000000	-323393.906250	730136.875000	1.000000
0.000000	-31502.347656	-19754.335938	1.000000
0.000000	-275.948334	-1008.630005	1.000000
0.000000	103.542145	-198.321457	1.000000
0.000000	-3785.502441	-12727.349609	1.000000
0.000000	44.805252	-162.229294	1.000000
0.000000	3152.534180	3153.668945	1.000000
0.000000	-49.166935	328.557648	1.000000
0.000000	799383.312500	-982912.687500	1.000000
0.000000	-218.739410	380.620972	1.000000
0.000000	-3437.679932	-2044.550171	1.000000
0.000000	7.663145	2737.308838	1.000000
0.000000	-200.358948	182.151840	1.000000
0.000000	19935.958984	10399.203125	1.000000
0.000000	-90.850174	613.762634	1.000000
0.000000	-3206.249512	-1861.303833	1.000000
0.000000	65048.621094	112505.226562	1.000000
0.000000	142.819199	103.116638	1.000000
0.000000	484892.843750	100653.203125	1.000000
0.000000	-121.155006	116.516975	1.000000
0.000000	79.617775	125.170189	1.000000
0.000000	290.985321	-49.505222	1.000000
0.000000	-122.644020	-85.197983	1.000000
0.000000	-52488.261719	-3162.817627	1.000000
0.000000	11308.684570	1235.201538	1.000000
0.000000	-123.256866	-20.957914	1.000000
0.000000	-95.058754	1886.378906	1.000000
0.000000	-7864.613770	-92985.640625	1.000000
0.000000	-465.052643	1245.801025	1.000000
0.000000	65.680756	173.833054	1.000000
0.156633	165.619476	-25.983049	1.000000
0.000000	50.123177	169.247955	1.000000
0.000000	-42763.503906	-77827.382812	1.000000
0.000000	436.203217	-982.863892	1.000000
0.000000	-104.418816	177.777344	1.000000
0.000000	-10.032125	-345.182892	1.000000
0.000000	-443.363159	540.311401	1.000000
0.000000	272.550690	188.684601	1.000000
0.000000	175.459656	832.630005	1.000000
0.000000	-99.441406	7.783212	1.000000
0.000000	102.254272	412.764801	1.000000
0.000000	-10823.983398	567.604431	1.000000
0.000000	28171368.000000	16549397.000000	1.000000
0.000000	187.616989	-506.351471	1.000000
0.000000	-32843.570312	266882.187500	1.000000
0.000000	-53.461376	9.728754	1.000000
0.000000	1336.052246	2771.914551	1.000000
0.000000	4715.252441	10637.907227	1.000000
0.000000	-48705.140625	-126250.796875	1.000000
0.000000	210.702728	-429.925629	1.000000
0.000000	1929694.125000	165118.734375	1.000000
0.000000	-180278.046875	-177937.812500	1.000000
0.000000	-70071.132812	13838.706055	1.000000
0.000000	159.496216	19.997221	1.000000
0.000000	-131054.437500	14791.208984	1.000000
0.000000	-912.424377	153.842041	1.000000
0.000000	-1214.541138	1140.291138	1.000000
0.000000	-1140.334229	996.167847	1.000000
0.000000	49218.074219	57387.937500	1.000000
0.000000	84015.882812	3790.079834	1.000000
0.000000	886.834778	-457.219116	1.000000
0.000000	-194.881317	-191.792313	1.000000
0.000000	-1589278.625000	-1200867.375000	1.000000
0.000000	-96.771805	95.880844	1.000000
0.000000	2590553.750000	19203.609375	1.000000
0.999001	72.715088	-13.730784	1.000000
0.000000	-10342.609375	13045.712891	1.000000
0.000000	1826645.375000	135500.984375	1.000000
0.000000	-1585.670532	612.494629	1.000000
0.000000	92.541527	9.009503	1.000000
0.000000	198.693314	67.543243	1.000000
0.000000	594.782166	1071.935669	1.000000
0.000000	-10493.028320	7283.141113	1.000000
0.000000	-192.513321	124.417252	1.000000
0.000000	27326.751953	25710.753906	1.000000
0.000000	-60.149628	168.463669	1.000000
0.000000	264.725311	314.361847	1.000000
0.000000	133.754700	-9097.212891	1.000000
0.000000	-5417.942871	9769.804688	1.000000
0.000000	459037.468750	25720.003906	1.000000
0.000000	-842.760437	1036.034180	1.000000
0.000000	2028.532227	-5370.217285	1.000000
0.000000	3483.472168	-1905.022705	1.000000
0.000000	39.612198	-82.520813	1.000000
0.000000	65.895561	83.879463	1.000000
0.000000	1045.842041	-572.742554	1.000000
0.000000	1186.424683	11914.770508	1.000000
0.000000	18221.539062	-23749.255859	1.000000
0.000000	134.971634	-3.228398	1.000000
0.268900	-23.723394	-23.569984	1.000000
0.000000	1301.163330	1071.307373	1.000000
0.000000	225.136551	-40.909336	1.000000
0.999001	76.899269	-12.364601	1.000000
0.000000	-1613.234375	75.780830	1.000000
0.000000	75138.546875	-7428.647461	1.000000
0.000000	31.985699	222.617859	1.000000
0.000000	-397.034912	-720.712036	1.000000
0.000000	1190.535400	-9786.755859	1.000000
0.000000	153.649597	144.281494	1.000000
0.000000	94.071251	97.595528	1.000000
0.000000	-3948.945557	-4772.360840	1.000000
0.000000	327.678802	201.744186	1.000000
0.000000	-1877.319702	-2855.878174	1.000000
0.000000	-73.687721	100.505074	1.000000
0.000000	22214.171875	38899.570312	1.000000
0.156633	160.602966	-24.566393	1.000000
0.000000	694.993347	-553.071106	1.000000
0.000000	1088.421143	604.742126	1.000000
0.000000	-311.855377	444.119202	1.000000
0.000000	21.521994	-167.440186	1.000000
0.000000	9487.370117	5007.824707	1.000000
0.000000	-92767.890625	-330095.218750	1.000000
0.000000	7795.554199	16941.707031	1.000000
0.000000	87.809082	-39.495831	1.000000
0.000000	3336.723389	-1093.559448	1.000000
0.000000	-423466.437500	-81800.046875	1.000000
0.000000	-44105600.000000	-10494824.000000	1.000000
0.000000	5937.379883	-4754.403809	1.000000
0.000000	-215.563751	-20.906906	1.000000
0.000000	858.401367	-1786.984009	1.000000
0.000000	6002.692383	475.516724	1.000000
0.000000	-83.481102	-28.313560	1.000000
0.000000	-292.059143	1025.994019	1.000000
0.000000	-18809.861328	259.315796	1.000000
0.000000	-436.362488	-151.659470	1.000000
0.000000	276.725494	-156.176636	1.000000
0.000000	14369.019531	-11114.065430	1.000000
