0.000000	31664.789062	455655.625000	1.000000
0.000000	214922.312500	175022.203125	1.000000
0.000000	1150.734619	-12539.065430	1.000000
0.000000	-760.814514	652.200745	1.000000
0.000000	16907.326172	27637.015625	1.000000
0.000000	-13927.915039	808.735779	1.000000
0.000000	-897.792419	-2349.569092	1.000000
0.000000	-594975.562500	1523932.125000	1.000000
0.000000	3450.935303	-2408.149414	1.000000
0.000000	9292453.000000	3386659.750000	1.000000
0.000000	78697400.000000	19959642.000000	1.000000
0.000000	-46.918331	-122.982666	1.000000
0.000000	-182.890228	-111.957298	1.000000
0.000000	101.271904	-7.135904	1.000000
0.000000	-73337376.000000	-31090268.000000	1.000000
0.000000	529.033997	-4634.331543	1.000000
0.000000	319.153320	-178.690903	1.000000
0.000000	-6047.874512	7602.451172	1.000000
0.000000	-987.900818	453.369659	1.000000
0.000000	-222.236496	64.899834	1.000000
0.000000	870.988586	7778.405273	1.000000
0.000000	10033.554688	84927.101562	1.000000
0.000000	-1.909010	590.162231	1.000000
0.000000	58.525951	251.599731	1.000000
0.000000	-207265.953125	-53169.941406	1.000000
0.000000	179.263947	-77.395508	1.000000
0.000000	10392.389648	35616.847656	1.000000
0.000000	-3696.665771	11626.236328	1.000000
0.000000	202.964157	-65.682045	1.000000
0.000000	-61709.023438	-273296.843750	1.000000
0.000000	5313.245117	-9091.960938	1.000000
0.000000	4652.155273	848.457397	1.000000
0.000000	-47.372890	371.229889	1.000000
0.000000	-364.837646	-367.793854	1.000000
0.000000	-56.249496	113.747757	1.000000
0.000000	4648.763672	2683.411377	1.000000
0.000000	228.692139	19.162756	1.000000
0.000000	-5557.549316	-1356.692749	1.000000
0.000000	-246352.328125	-73512.031250	1.000000
0.000000	-46920.261719	-6018.098145	1.000000
0.000000	284.875458	-60.350121	1.000000
0.000000	403.393921	205.575012	1.000000
0.183716	2.680274	4.391289	1.000000
0.000000	19.328682	72.097176	1.000000
0.696867	18.109541	2.335779	1.000000
0.000000	-471.471283	-491.423920	1.000000
0.000000	-4274.686523	3489.274902	1.000000
0.000000	-692.977539	235.265518	1.000000
0.000000	-58.834740	-27.312628	1.000000
0.617403	-22.311256	-34.328835	1.000000
0.000000	6804.618652	6305.257812	1.000000
0.000000	-738.999451	1892.800903	1.000000
0.000000	162.145325	1543.717773	1.000000
0.000000	-3258.318115	-11844.879883	1.000000
0.000000	79.013634	-131.268250	1.000000
0.617403	-22.057825	-29.454899	1.000000
0.000000	-108.533875	126.058304	1.000000
0.000000	29405522.000000	-21550876.000000	1.000000
0.000000	-361.818665	1520.723267	1.000000
0.000000	655.538208	340.452667	1.000000
0.000000	1836.201782	26448.009766	1.000000
0.000000	3172.523926	-1427.808594	1.000000
0.000000	35.475216	-46.835064	1.000000
0.000000	31.443653	-159.470306	1.000000
0.000000	5533.922363	-2711.400879	1.000000
0.000000	400945.937500	-1051564.750000	1.000000
0.000000	40413.843750	142702.375000	1.000000
0.000000	899154304.000000	-490293056.000000	1.000000
0.000000	5272.471680	-14687.837891	1.000000
0.000000	-11819835.000000	-661609.437500	1.000000
0.000000	10489.108398	-15323.899414	1.000000
0.000000	51.938869	-127.934555	1.000000
0.000000	-87.114563	-608.789490	1.000000
0.000000	-747.858521	930.531006	1.000000
0.000000	424637.687500	2551.657959	1.000000
0.000000	-9105.380859	10696.793945	1.000000
0.000000	63.582043	598.242004	1.000000
0.000000	54.069149	-40.655148	1.000000
0.000000	3397.841309	-13041.770508	1.000000
0.000000	-935690816.000000	516809408.000000	1.000000
0.000000	1333545.500000	80012.546875	1.000000
0.000000	370428.687500	-121693.484375	1.000000
0.000000	282778.250000	227318.468750	1.000000
0.000000	25124.220703	-23253.074219	1.000000
0.000000	2203343.750000	933973.187500	1.000000
0.000000	-23.913639	11.559682	1.000000
0.000000	329.484161	22.920706	1.000000
0.000000	-3322.313721	-563.404541	1.000000
0.000000	-1641.823364	1471.434692	1.000000
0.000000	-16.252708	57.364502	1.000000
0.000000	76.038788	194.448486	1.000000
0.000000	-971.888550	1166.327515	1.000000
0.000000	701.187073	-52.938026	1.000000
0.000000	178.690903	-427.894073	1.000000
0.000000	-4355021.000000	2416277.250000	1.000000
0.000000	889.156250	486.633362	1.000000
0.000000	122.755951	-88016.812500	1.000000
0.000000	1711789.125000	-2028472.500000	1.000000
0.000000	765.262573	-1758.494141	1.000000
0.000000	-470.013123	-5159.692871	1.000000
0.000000	691415.187500	-227202.531250	1.000000
0.000000	12310197.000000	-6573529.500000	1.000000
0.000000	-21886.044922	-21261.300781	1.000000
0.000000	170437.515625	-24378.472656	1.000000
0.000000	133.919968	-37.986256	1.000000
0.000000	46.272102	38.909607	1.000000
0.000000	867.363220	-1725.333740	1.000000
0.204258	17.163975	-51.367840	1.000000
0.000000	13.904998	-30.692156	1.000000
0.000000	-809.495850	825.090515	1.000000
0.000000	37.184959	-3174.855713	1.000000
0.000000	-53607.398438	119833.890625	1.000000
0.183716	2.827792	9.200022	1.000000
0.000000	-103.564560	-38.596920	1.000000
0.000000	-379.629120	-1147.048218	1.000000
0.000000	-64834.636719	15681.253906	1.000000
0.000000	2357.761475	538.935364	1.000000
0.000000	55581.425781	149422.109375	1.000000
0.000000	-12986.206055	6683.510742	1.000000
0.000000	-41578.753906	-29936.796875	1.000000
0.000000	-8668.348633	13664.859375	1.000000
0.000000	72.287956	230.034119	1.000000
0.000000	-117.417572	-4.993322	1.000000
0.000000	1366.174805	3359.334717	1.000000
0.000000	378.852203	-346.550018	1.000000
0.000000	2092.094482	321.799042	1.000000
0.000000	515.197998	-278.728699	1.000000
0.000000	14047.443359	-13982.042969	1.000000
0.000000	-75.854187	2.535126	1.000000
0.000000	-1066.826172	1767.817017	1.000000
0.000000	42.244419	71.244919	1.000000
0.000000	-13598.120117	-2924.827393	1.000000
0.000000	-28498.128906	-61305.578125	1.000000
0.000000	1553.891357	7830.739258	1.000000
0.000000	-2692.413086	2057.787598	1.000000
0.000000	-150.802216	-42.232628	1.000000
0.000000	243.230759	409.379089	1.000000
0.000000	-3992.945557	-16244.000977	1.000000
0.000000	505.863068	-102.823509	1.000000
0.000000	-8511.869141	12911.394531	1.000000
0.000000	-977.584106	-2919.666992	1.000000
0.000000	971.966858	300.943146	1.000000
0.000000	21.305397	-196.086884	1.000000
0.000000	-5915.497559	-20553.755859	1.000000
0.000000	-12.447363	-50.181324	1.000000
0.000000	22589.414062	-24330.943359	1.000000
0.000000	-116.639313	25.342520	1.000000
0.000000	-3300464.250000	1376390.750000	1.000000
0.000000	-17893.048828	-1004.912720	1.000000
0.000000	57.415359	329.561340	1.000000
0.025369	67.651192	-85.417809	1.000000
0.000000	6596.031738	2963.985352	1.000000
0.000000	-26391.943359	-23450.925781	1.000000
0.000000	-586712.625000	317290.156250	1.000000
0.000000	-108536.234375	249343.859375	1.000000
0.000000	38305.375000	-56191.003906	1.000000
0.000000	421.820770	-1511.671021	1.000000
0.904892	-11.086664	-73.860603	1.000000
0.000000	-157.065735	-693.174683	1.000000
0.000000	-312.378235	415.031097	1.000000
0.000000	4112436.000000	2116301.500000	1.000000
0.000000	-99.802368	156.540146	1.000000
0.000000	-45167.699219	75701.687500	1.000000
0.000000	455.604309	1573.954346	1.000000
0.000000	4564.612793	12634.016602	1.000000
0.000000	646.598450	1883.119141	1.000000
0.000000	-43903.808594	2164.023193	1.000000
0.000000	245985.484375	-842228.687500	1.000000
0.000000	24.164276	-23.517258	1.000000
0.000000	173.089478	-149.548477	1.000000
0.000000	-33089.675781	-139746.859375	1.000000
0.000000	-14245.459961	-13824.218750	1.000000
0.000000	-105.557800	-68.153908	1.000000
0.000000	-323252.031250	730136.875000	1.000000
0.000000	-31599.886719	-19811.972656	1.000000
0.000000	-173.352188	-960.137573	1.000000
0.025369	72.165176	-88.249977	1.000000
0.000000	-3894.125488	-12694.097656	1.000000
0.204258	13.419657	-52.333099	1.000000
0.000000	3118.728027	3261.737793	1.000000
0.000000	-102.938545	428.461884	1.000000
0.000000	799525.187500	-982912.687500	1.000000
0.000000	-106.825798	361.708923	1.000000
0.000000	-3546.302979	-2012.406616	1.000000
0.000000	31.515360	2626.468994	1.000000
0.000000	-120.278824	101.694702	1.000000
0.000000	19993.595703	10301.664062	1.000000
0.000000	-202.723389	632.882507	1.000000
0.000000	-3098.180664	-1825.835083	1.000000
0.000000	65013.152344	112398.820312	1.000000
0.000000	59.930244	24.217747	1.000000
0.000000	484892.843750	100546.796875	1.000000
0.000000	-39.064251	38.135281	1.000000
0.000000	80.248146	13.912740	1.000000
0.000000	271.519073	-161.316040	1.000000
0.904892	-9.454914	-77.940758	1.000000
0.000000	-52532.597656	-3265.898682	1.000000
0.000000	11248.831055	1138.770874	1.000000
0.000000	-154.116165	88.270691	1.000000
0.000000	-161.328812	1978.653076	1.000000
0.000000	-7859.071777	-92879.234375	1.000000
0.000000	-397.093964	1336.689697	1.000000
0.000000	140.670837	88.624931	1.000000
0.000000	54.586880	4.783556	1.000000
0.000000	42.327347	56.838917	1.000000
0.000000	-42674.832031	-77898.320312	1.000000
0.000000	524.934265	-912.064941	1.000000
0.000000	-163.503387	80.861755	1.000000
0.000000	40.755314	-446.670624	1.000000
0.000000	-432.971924	427.254761	1.000000
0.000000	193.230942	269.874786	1.000000
0.000000	148.477081	722.344360	1.000000
0.128375	-48.515285	-86.209419	1.000000
0.000000	10.887996	344.689026	1.000000
0.000000	-10710.926758	575.917419	1.000000
0.000000	28171368.000000	16549397.000000	1.000000
0.000000	111.099030	-422.528839	1.000000
0.000000	-32887.906250	266953.125000	1.000000
0.000000	56.944527	15.366993	1.000000
0.000000	1241.561279	2834.539062	1.000000
0.000000	4826.092285	10611.305664	1.000000
0.000000	-48820.414062	-126250.796875	1.000000
0.000000	310.335785	-375.614105	1.000000
0.000000	1929694.125000	165047.796875	1.000000
0.000000	-180384.453125	-177937.812500	1.000000
0.000000	-69982.460938	13902.993164	1.000000
0.000000	91.260429	110.691757	1.000000
0.000000	-131018.968750	14682.585938	1.000000
0.000000	-811.144470	102.509346	1.000000
0.000000	-1143.326538	1228.685913	1.000000
0.000000	-1110.961670	886.574951	1.000000
0.000000	49191.472656	57281.531250	1.000000
0.000000	84104.554688	3858.246338	1.000000
0.000000	778.627380	-491.718018	1.000000
0.000000	-93.982422	-139.801498	1.000000
0.000000	-1589278.625000	-1200867.375000	1.000000
0.000000	10.783126	58.434597	1.000000
0.000000	2590553.750000	19101.636719	1.000000
0.000000	36.353374	85.759178	1.000000
0.000000	-10276.105469	12952.607422	1.000000
0.000000	1826645.375000	135571.921875	1.000000
0.000000	-1598.694214	499.715088	1.000000
0.000000	-17.983452	-11.591665	1.000000
0.000000	104.275978	130.548767	1.000000
0.000000	685.393738	1140.379272	1.000000
0.000000	-10415.440430	7200.011230	1.000000
0.000000	-81.257835	101.954865	1.000000
0.000000	27322.318359	25595.480469	1.000000
0.000000	-143.002411	90.884071	1.000000
0.000000	259.598969	200.975647	1.000000
0.000000	244.178894	-9123.814453	1.000000
0.000000	-5304.886230	9767.587891	1.000000
0.000000	458966.531250	25804.242188	1.000000
0.000000	-736.354187	996.686035	1.000000
0.000000	1937.366455	-5437.829590	1.000000
0.000000	3481.255371	-1791.411865	1.000000
0.000000	-22.470346	-177.531342	1.000000
0.000000	-31.153919	24.588196	1.000000
0.000000	1094.611572	-470.326080	1.000000
0.000000	1173.401001	12027.827148	1.000000
0.000000	18332.378906	-23727.087891	1.000000
0.696867	21.659838	4.971518	1.000000
0.000000	-23.830431	86.397522	1.000000
0.000000	1395.377197	1008.093872	1.000000
0.000000	111.666756	-38.008450	1.000000
0.000000	57.703968	-122.724411	1.000000
0.000000	-1721.303223	41.166412	1.000000
0.000000	75032.140625	-7440.839844	1.000000
0.000000	1.768852	113.200500	1.000000
0.000000	-510.507202	-720.712036	1.000000
0.000000	1197.739990	-9899.812500	1.000000
0.000000	85.021965	53.878716	1.000000
0.000000	9.382742	25.899136	1.000000
0.000000	-4001.040283	-4873.225098	1.000000
0.000000	215.718109	183.247787	1.000000
0.000000	-1786.153931	-2788.265869	1.000000
0.000000	-116.697784	2.002307	1.000000
0.000000	22196.437500	38784.296875	1.000000
0.000000	49.647530	-22.315105	1.000000
0.000000	581.521057	-555.010803	1.000000
0.000000	990.327881	547.659607	1.000000
0.000000	-307.144684	330.716187	1.000000
0.128375	-50.027676	-82.954056	1.000000
0.000000	9429.733398	5105.363770	1.000000
0.000000	-92821.093750	-330024.281250	1.000000
0.000000	7682.497559	16937.273438	1.000000
0.000000	12.098650	45.132278	1.000000
0.000000	3299.592041	-1200.796997	1.000000
0.000000	-423537.375000	-81711.375000	1.000000
0.000000	-44105600.000000	-10494824.000000	1.000000
0.000000	5886.393555	-4855.268066	1.000000
0.000000	-172.474762	-125.910339	1.000000
0.000000	758.922607	-1841.572632	1.000000
0.000000	6091.364258	546.038574	1.000000
0.000000	22.221994	13.484886	1.000000
0.000000	-178.701782	1031.536011	1.000000
0.000000	-18827.595703	371.402588	1.000000
0.000000	-322.890198	-148.507462	1.000000
0.000000	259.384705	-45.365601	1.000000
0.000000	14264.830078	-11158.401367	1.000000
