0.000000	31686.039062	455635.625000	1.000000
0.000000	214912.312500	174992.203125	1.000000
0.000000	1145.968994	-12507.190430	1.000000
0.000000	-792.806702	652.669495	1.000000
0.000000	16909.826172	27669.515625	1.000000
0.000000	-13959.165039	815.962341	1.000000
0.000000	-926.503357	-2335.506592	1.000000
0.000000	-594935.562500	1523932.125000	1.000000
0.000000	3434.529053	-2435.649414	1.000000
0.000000	9292453.000000	3386659.750000	1.000000
0.000000	78697400.000000	19959642.000000	1.000000
0.000000	-16.035172	-114.598877	1.000000
0.000000	-167.743744	-140.143677	1.000000
0.000000	102.448662	24.842449	1.000000
0.000000	-73337376.000000	-31090268.000000	1.000000
0.000000	501.182434	-4649.956543	1.000000
0.000000	311.653320	-147.587387	1.000000
0.000000	-6031.312012	7574.951172	1.000000
0.000000	-987.978943	485.361847	1.000000
0.000000	-211.250168	34.843609	1.000000
0.000000	864.113586	7747.155273	1.000000
0.000000	10004.804688	84912.101562	1.000000
0.000000	4.281480	558.755981	1.000000
0.000000	34.968822	273.259888	1.000000
0.000000	-207285.953125	-53147.441406	1.000000
0.000000	147.359650	-79.900391	1.000000
0.000000	10393.014648	35649.347656	1.000000
0.000000	-3665.259521	11632.486328	1.000000
0.000000	174.995407	-50.135170	1.000000
0.000000	-61741.523438	-273296.843750	1.000000
0.000000	5332.307617	-9117.585938	1.000000
0.000000	4621.217773	840.566772	1.000000
0.000000	-17.863613	358.847076	1.000000
0.000000	-341.419678	-389.610260	1.000000
0.000000	-31.239731	133.708694	1.000000
0.000000	4619.701172	2670.130127	1.000000
0.000000	258.448792	30.924231	1.000000
0.000000	-5532.861816	-1336.458374	1.000000
0.000000	-246362.328125	-73482.031250	1.000000
0.000000	-46945.261719	-5998.723145	1.000000
0.000000	260.207489	-80.726097	1.000000
0.000000	384.897827	231.688293	1.000000
0.785723	4.720020	-25.931646	1.000000
0.000000	33.745186	100.666512	1.000000
0.000000	14.288589	-29.126625	1.000000
0.000000	-459.400970	-521.058777	1.000000
0.000000	-4300.936523	3507.556152	1.000000
0.000000	-674.813477	208.917862	1.000000
0.000000	-51.791283	3.902803	1.000000
0.749015	8.832855	-26.596807	1.000000
0.000000	6772.743652	6308.695312	1.000000
0.000000	-721.538513	1919.597778	1.000000
0.000000	180.328918	1570.045898	1.000000
0.000000	-3239.724365	-11871.129883	1.000000
0.000000	49.383148	-143.649658	1.000000
0.000000	-22.847265	2.502323	1.000000
0.000000	-140.516296	127.166702	1.000000
0.000000	29405522.000000	-21550876.000000	1.000000
0.000000	-336.037415	1501.817017	1.000000
0.000000	676.592896	316.370636	1.000000
0.000000	1852.686157	26475.509766	1.000000
0.000000	3160.336426	-1398.199219	1.000000
0.000000	52.313595	-19.623150	1.000000
0.000000	14.176871	-132.526947	1.000000
0.000000	5553.609863	-2686.244629	1.000000
0.000000	400925.937500	-1051564.750000	1.000000
0.000000	40441.343750	142722.375000	1.000000
0.000000	899154304.000000	-490293056.000000	1.000000
0.000000	5293.096680	-14663.462891	1.000000
0.000000	-11819835.000000	-661649.437500	1.000000
0.000000	10472.858398	-15351.399414	1.000000
0.000000	62.624336	-99.884018	1.000000
0.000000	-62.964169	-587.812927	1.000000
0.000000	-779.850708	931.624756	1.000000
0.000000	424677.687500	2559.626709	1.000000
0.000000	-9074.130859	10704.293945	1.000000
0.000000	94.641647	605.937317	1.000000
0.512737	56.846920	-8.789728	1.000000
0.000000	3394.716309	-13009.895508	1.000000
0.000000	-935690816.000000	516809408.000000	1.000000
0.000000	1333545.500000	79982.546875	1.000000
0.000000	370388.687500	-121688.484375	1.000000
0.000000	282818.250000	227308.468750	1.000000
0.000000	25152.970703	-23268.074219	1.000000
0.000000	2203343.750000	934013.187500	1.000000
0.436990	-7.049074	-15.729974	1.000000
0.000000	360.714630	29.899466	1.000000
0.000000	-3342.313721	-588.404541	1.000000
0.000000	-1638.073364	1439.637817	1.000000
0.000000	-31.007347	28.968637	1.000000
0.000000	84.261444	225.376221	1.000000
0.000000	-941.029175	1174.765015	1.000000
0.000000	674.155823	-35.801796	1.000000
0.000000	171.571762	-459.085480	1.000000
0.000000	-4355021.000000	2416277.250000	1.000000
0.000000	861.460938	470.598206	1.000000
0.000000	154.074310	-88011.812500	1.000000
0.000000	1711789.125000	-2028472.500000	1.000000
0.000000	759.286011	-1789.900391	1.000000
0.000000	-496.321716	-5141.567871	1.000000
0.000000	691415.187500	-227172.531250	1.000000
0.000000	12310197.000000	-6573529.500000	1.000000
0.000000	-21878.544922	-21230.050781	1.000000
0.000000	170407.515625	-24359.722656	1.000000
0.000000	147.689499	-66.870773	1.000000
0.462073	16.075142	48.298260	1.000000
0.000000	898.339783	-1717.364990	1.000000
0.000000	34.450253	-27.216194	1.000000
0.000000	1.242210	-1.815667	1.000000
0.000000	-800.316162	794.426453	1.000000
0.000000	68.208237	-3182.668213	1.000000
0.000000	-53574.898438	119833.890625	1.000000
0.436990	-8.332714	-21.175171	1.000000
0.000000	-72.607529	-46.702389	1.000000
0.000000	-410.410370	-1155.798218	1.000000
0.000000	-64862.136719	15698.753906	1.000000
0.000000	2348.230225	508.386200	1.000000
0.000000	55556.425781	149402.109375	1.000000
0.000000	-12955.581055	6693.510742	1.000000
0.000000	-41553.753906	-29955.546875	1.000000
0.000000	-8694.598633	13646.734375	1.000000
0.000000	43.376827	216.313416	1.000000
0.000000	-93.853119	-26.642492	1.000000
0.000000	1343.127930	3381.522217	1.000000
0.000000	347.953766	-338.210175	1.000000
0.000000	2112.719482	346.330292	1.000000
0.000000	508.957550	-247.341980	1.000000
0.000000	14054.318359	-13950.792969	1.000000
0.000000	-48.724995	17.569262	1.000000
0.000000	-1054.716797	1797.426392	1.000000
0.462073	20.224403	47.726192	1.000000
0.000000	-13629.370117	-2917.796143	1.000000
0.000000	-28478.128906	-61280.578125	1.000000
0.000000	1536.391357	7803.864258	1.000000
0.000000	-2711.944336	2083.100098	1.000000
0.000000	-180.079559	-29.322725	1.000000
0.000000	264.396729	433.382996	1.000000
0.000000	-4013.258057	-16269.000977	1.000000
0.000000	475.140411	-111.754173	1.000000
0.000000	-8479.994141	12908.894531	1.000000
0.000000	-987.232544	-2889.198242	1.000000
0.000000	975.443420	269.126740	1.000000
0.000000	-9.966225	-189.299774	1.000000
0.000000	-5947.060059	-20558.755859	1.000000
0.000000	-14.130713	-18.225758	1.000000
0.000000	22598.164062	-24299.693359	1.000000
0.000000	-95.067047	48.977428	1.000000
0.000000	-3300464.250000	1376390.750000	1.000000
0.000000	-17881.798828	-975.068970	1.000000
0.000000	70.873589	300.537903	1.000000
0.022808	57.849392	-55.624542	1.000000
0.000000	6585.719238	2994.297852	1.000000
0.000000	-26421.943359	-23460.925781	1.000000
0.000000	-586712.625000	317270.156250	1.000000
0.000000	-108536.234375	249373.859375	1.000000
0.000000	38337.875000	-56191.003906	1.000000
0.000000	401.117645	-1487.296021	1.000000
0.000000	-25.360905	-102.445984	1.000000
0.000000	-149.751282	-724.307495	1.000000
0.000000	-303.647766	384.249847	1.000000
0.000000	4112436.000000	2116301.500000	1.000000
0.000000	-131.169556	150.221786	1.000000
0.000000	-45155.199219	75671.687500	1.000000
0.000000	426.756653	1560.126221	1.000000
0.000000	4533.675293	12642.141602	1.000000
0.000000	649.762512	1914.994141	1.000000
0.000000	-43881.308594	2140.585693	1.000000
0.000000	246015.484375	-842228.687500	1.000000
0.512737	52.395321	-11.454858	1.000000
0.000000	141.185181	-152.019180	1.000000
0.000000	-33102.175781	-139716.859375	1.000000
0.000000	-14234.834961	-13854.218750	1.000000
0.000000	-73.599792	-66.532814	1.000000
0.000000	-323212.031250	730136.875000	1.000000
0.000000	-31627.386719	-19828.222656	1.000000
0.000000	-144.426407	-946.465698	1.000000
0.022808	62.653088	-57.063885	1.000000
0.000000	-3924.750488	-12684.722656	1.000000
0.754688	7.225450	-23.085651	1.000000
0.000000	3109.196777	3292.206543	1.000000
0.000000	-118.085030	456.645477	1.000000
0.000000	799565.187500	-982912.687500	1.000000
0.000000	-75.273064	356.376892	1.000000
0.000000	-3576.927979	-2003.344116	1.000000
0.000000	38.239082	2595.218994	1.000000
0.000000	-97.705582	79.014038	1.000000
0.000000	20009.845703	10274.164062	1.000000
0.000000	-234.266357	638.273132	1.000000
0.000000	-3067.711914	-1815.835083	1.000000
0.000000	65003.152344	112368.820312	1.000000
0.000000	36.334053	2.603134	1.000000
0.000000	484892.843750	100516.796875	1.000000
0.000000	-15.919722	16.037230	1.000000
0.000000	80.653419	-18.084751	1.000000
0.000000	266.030792	-192.839478	1.000000
0.000000	21.382271	-75.385818	1.000000
0.000000	-52545.097656	-3294.961182	1.000000
0.000000	11231.956055	1111.583374	1.000000
0.000000	-162.817337	119.066589	1.000000
0.000000	-180.010452	2004.668701	1.000000
0.000000	-7857.509277	-92849.234375	1.000000
0.000000	-377.933807	1362.314697	1.000000
0.000000	161.813416	64.601494	1.000000
0.000000	24.000944	14.192736	1.000000
0.000000	40.574417	24.886065	1.000000
0.000000	-42649.832031	-77918.320312	1.000000
0.000000	549.934265	-892.104004	1.000000
0.000000	-180.163544	53.537540	1.000000
0.000000	55.074162	-475.283905	1.000000
0.000000	-430.042236	395.379761	1.000000
0.000000	170.867661	292.765411	1.000000
0.000000	140.869659	691.250610	1.000000
0.000000	-36.462891	-109.614395	1.000000
0.000000	-14.888229	325.724182	1.000000
0.000000	-10679.051758	578.261169	1.000000
0.000000	28171368.000000	16549397.000000	1.000000
0.000000	89.521881	-398.896027	1.000000
0.000000	-32900.406250	266973.125000	1.000000
0.000000	88.932373	16.179981	1.000000
0.000000	1214.920654	2852.195312	1.000000
0.000000	4857.342285	10603.805664	1.000000
0.000000	-48852.914062	-126250.796875	1.000000
0.000000	338.421722	-360.301605	1.000000
0.000000	1929694.125000	165027.796875	1.000000
0.000000	-180414.453125	-177937.812500	1.000000
0.000000	-69957.460938	13921.118164	1.000000
0.000000	72.022148	136.261475	1.000000
0.000000	-131008.968750	14651.960938	1.000000
0.000000	-782.589783	88.036690	1.000000
0.000000	-1123.248413	1253.607788	1.000000
0.000000	-1102.680420	855.676514	1.000000
0.000000	49183.972656	57251.531250	1.000000
0.000000	84129.554688	3877.465088	1.000000
0.000000	748.119568	-501.444580	1.000000
0.000000	-65.535156	-125.143288	1.000000
0.000000	-1589278.625000	-1200867.375000	1.000000
0.000000	40.385693	51.074516	1.000000
0.000000	2590553.750000	19072.886719	1.000000
0.000000	25.236910	115.764061	1.000000
0.000000	-10257.355469	12926.357422	1.000000
0.000000	1826645.375000	135591.921875	1.000000
0.000000	-1602.366089	467.918213	1.000000
0.000000	-49.176750	-18.732779	1.000000
0.000000	77.659767	148.312439	1.000000
0.000000	710.940613	1159.676147	1.000000
0.000000	-10393.565430	7176.573730	1.000000
0.000000	-49.890648	95.621857	1.000000
0.000000	27321.068359	25562.980469	1.000000
0.000000	-166.361786	69.013954	1.000000
0.000000	258.153656	169.012756	1.000000
0.000000	275.311707	-9131.314453	1.000000
0.000000	-5273.011230	9766.962891	1.000000
0.000000	458946.531250	25827.992188	1.000000
0.000000	-706.354187	985.592285	1.000000
0.000000	1911.663330	-5456.892090	1.000000
0.000000	3480.630371	-1759.380615	1.000000
0.000000	-39.973454	-204.318451	1.000000
0.000000	-58.361176	9.682205	1.000000
0.000000	1108.361572	-441.439362	1.000000
0.000000	1169.729126	12059.702148	1.000000
0.000000	18363.628906	-23720.837891	1.000000
0.379707	-10.642736	6.975160	1.000000
0.000000	-25.622423	118.345764	1.000000
0.000000	1421.939697	990.242310	1.000000
0.000000	79.679451	-37.190578	1.000000
0.000000	51.418098	-151.680817	1.000000
0.000000	-1751.771973	31.408112	1.000000
0.000000	75002.140625	-7444.277344	1.000000
0.000000	-6.750437	82.355774	1.000000
0.000000	-542.499390	-720.712036	1.000000
0.000000	1199.771240	-9931.687500	1.000000
0.000000	65.671379	28.392874	1.000000
0.379707	-14.815626	5.235407	1.000000
0.000000	-4015.727783	-4901.662598	1.000000
0.000000	184.145844	178.032944	1.000000
0.000000	-1760.450806	-2769.203369	1.000000
0.000000	-130.184113	-27.016598	1.000000
0.000000	22191.437500	38751.796875	1.000000
0.000000	18.390135	-20.832819	1.000000
0.000000	549.528870	-555.557678	1.000000
0.000000	962.671631	531.565857	1.000000
0.000000	-305.816559	298.743530	1.000000
0.000000	-67.292175	-63.000637	1.000000
0.000000	9413.483398	5132.863770	1.000000
0.000000	-92836.093750	-330004.281250	1.000000
0.000000	7650.622559	16936.023438	1.000000
0.000000	-8.546880	69.580521	1.000000
0.000000	3289.123291	-1231.031372	1.000000
0.000000	-423557.375000	-81686.375000	1.000000
0.000000	-44105600.000000	-10494824.000000	1.000000
0.000000	5872.018555	-4883.705566	1.000000
0.000000	-160.326324	-155.519363	1.000000
0.000000	730.875732	-1856.963257	1.000000
0.000000	6116.364258	565.921387	1.000000
0.000000	51.928623	25.382950	1.000000
0.000000	-146.738892	1033.098511	1.000000
0.000000	-18832.595703	403.004150	1.000000
0.000000	-290.898010	-147.618790	1.000000
0.000000	255.733063	-13.573655	1.000000
0.000000	14235.455078	-11170.901367	1.000000
