0.000000	31381.566406	455922.187500	1.000000
0.000000	215055.593750	175422.046875	1.000000
0.000000	1214.251465	-12963.899414	1.000000
0.000000	-334.418640	645.953186	1.000000
0.000000	16874.005859	27203.851562	1.000000
0.000000	-13511.411133	712.419250	1.000000
0.000000	-515.129456	-2536.995850	1.000000
0.000000	-595508.687500	1523932.125000	1.000000
0.000000	3669.599854	-2041.625977	1.000000
0.000000	9292453.000000	3386659.750000	1.000000
0.000000	78697400.000000	19959642.000000	1.000000
0.000000	-458.489075	-234.660706	1.000000
0.000000	-384.847473	263.708191	1.000000
0.000000	85.587929	-433.329803	1.000000
0.000000	-73337376.000000	-31090268.000000	1.000000
0.000000	900.243103	-4426.079590	1.000000
0.000000	419.114258	-593.297241	1.000000
0.000000	-6268.621582	7968.974609	1.000000
0.000000	-986.859558	26.906700	1.000000
0.000000	-368.563507	465.524506	1.000000
0.000000	962.619446	8194.909180	1.000000
0.000000	10416.738281	85127.023438	1.000000
0.000000	-84.423210	1008.748657	1.000000
0.000000	371.563324	-34.527290	1.000000
0.000000	-206999.390625	-53469.824219	1.000000
0.000000	604.438293	-44.010117	1.000000
0.000000	10384.059570	35183.683594	1.000000
0.000000	-4115.156250	11542.935547	1.000000
0.000000	575.735168	-272.892731	1.000000
0.000000	-61275.859375	-273296.843750	1.000000
0.000000	5059.177734	-8750.427734	1.000000
0.000000	5064.494141	953.624634	1.000000
0.000000	-440.748535	536.209045	1.000000
0.000000	-676.817688	-77.102188	1.000000
0.000000	-389.530609	-152.308975	1.000000
0.000000	5036.112305	2860.425537	1.000000
0.000000	-167.940430	-137.586502	1.000000
0.000000	-5886.587402	-1626.379028	1.000000
0.000000	-246219.046875	-73911.875000	1.000000
0.000000	-46587.058594	-6276.330566	1.000000
0.000000	613.733704	211.200607	1.000000
0.000000	649.766541	-142.502563	1.000000
0.000000	-3.557123	428.425659	1.000000
0.000000	-166.247940	-306.308777	1.000000
0.000000	71.459915	424.089569	1.000000
0.000000	-632.345886	-96.473587	1.000000
0.000000	-3924.823242	3245.620117	1.000000
0.000000	-935.070435	586.485535	1.000000
0.000000	-154.051498	-442.752197	1.000000
0.000000	-440.689819	-120.250832	1.000000
0.000000	7229.452637	6259.442383	1.000000
0.000000	-971.721008	1535.648804	1.000000
0.000000	-80.260315	1192.813232	1.000000
0.000000	-3506.137939	-11495.016602	1.000000
0.000000	474.668335	27.527300	1.000000
0.000000	-11.909369	-453.834106	1.000000
0.000000	317.705170	111.285431	1.000000
0.000000	29405522.000000	-21550876.000000	1.000000
0.000000	-705.434387	1772.708130	1.000000
0.000000	374.791534	661.542175	1.000000
0.000000	1616.495972	26081.486328	1.000000
0.000000	3334.960449	-1822.446045	1.000000
0.000000	-188.331604	-411.203125	1.000000
0.000000	261.562103	-518.484253	1.000000
0.000000	5271.524902	-3046.686523	1.000000
0.000000	401212.500000	-1051564.750000	1.000000
0.000000	40047.320312	142435.812500	1.000000
0.000000	899154304.000000	-490293056.000000	1.000000
0.000000	4997.579102	-15012.710938	1.000000
0.000000	-11819835.000000	-661076.312500	1.000000
0.000000	10705.690430	-14957.375977	1.000000
0.000000	-74.053986	-535.383240	1.000000
0.000000	-409.055847	-888.367737	1.000000
0.000000	-321.578979	915.953369	1.000000
0.000000	424104.562500	2445.449463	1.000000
0.000000	-9521.884766	10596.833008	1.000000
0.000000	-350.399078	495.677917	1.000000
0.000000	16.713955	-465.490936	1.000000
0.000000	3439.491699	-13466.604492	1.000000
0.000000	-935690816.000000	516809408.000000	1.000000
0.000000	1333545.500000	80412.390625	1.000000
0.000000	370961.812500	-121760.125000	1.000000
0.000000	282245.125000	227451.750000	1.000000
0.000000	24741.037109	-23053.152344	1.000000
0.000000	2203343.750000	933440.062500	1.000000
0.000000	-245.686203	370.927246	1.000000
0.000000	-85.261345	-72.577126	1.000000
0.000000	-3055.751221	-230.211502	1.000000
0.000000	-1691.803833	1895.227417	1.000000
0.000000	180.412476	435.850830	1.000000
0.000000	-33.534313	-217.750732	1.000000
0.000000	-1383.186157	1053.871460	1.000000
0.000000	1061.462891	-281.330139	1.000000
0.000000	273.551575	-12.098758	1.000000
0.000000	-4355021.000000	2416277.250000	1.000000
0.000000	1257.952393	700.581360	1.000000
0.000000	-294.639526	-88083.453125	1.000000
0.000000	1711789.125000	-2028472.500000	1.000000
0.000000	844.918945	-1339.907715	1.000000
0.000000	-119.367294	-5401.265137	1.000000
0.000000	691415.187500	-227602.375000	1.000000
0.000000	12310197.000000	-6573529.500000	1.000000
0.000000	-21986.005859	-21677.804688	1.000000
0.000000	170837.359375	-24628.375000	1.000000
0.000000	-49.660007	340.794525	1.000000
0.000000	454.754852	-83.824806	1.000000
0.000000	454.503723	-1831.542236	1.000000
0.000000	-262.010986	-371.348419	1.000000
0.000000	169.136810	-427.932831	1.000000
0.000000	-931.843872	1233.517700	1.000000
0.000000	-376.281433	-3070.729736	1.000000
0.000000	-54040.562500	119833.890625	1.000000
0.000000	149.313446	406.483826	1.000000
0.000000	-516.200867	69.480293	1.000000
0.000000	30.554430	-1030.427124	1.000000
0.000000	-64468.113281	15448.011719	1.000000
0.000000	2484.795166	946.067932	1.000000
0.000000	55914.628906	149688.671875	1.000000
0.000000	-13394.379883	6550.229492	1.000000
0.000000	-41911.957031	-29686.894531	1.000000
0.000000	-8318.485352	13906.431641	1.000000
0.000000	457.563477	412.793701	1.000000
0.000000	-432.759644	282.733887	1.000000
0.000000	1673.346436	3063.616943	1.000000
0.000000	790.670410	-457.704498	1.000000
0.000000	1818.076172	-5.078533	1.000000
0.000000	598.498779	-696.939636	1.000000
0.000000	13955.812500	-14398.546875	1.000000
0.000000	-439.523499	-220.195206	1.000000
0.000000	-1228.221436	1373.179565	1.000000
0.000000	347.073212	369.565826	1.000000
0.000000	-13181.616211	-3018.540771	1.000000
0.000000	-28764.691406	-61638.781250	1.000000
0.000000	1787.133545	8188.932617	1.000000
0.000000	-2432.098145	1720.419434	1.000000
0.000000	239.443939	-214.300797	1.000000
0.000000	-34.602055	92.433723	1.000000
0.000000	-3722.218018	-15910.797852	1.000000
0.000000	915.594910	16.200657	1.000000
0.000000	-8936.703125	12944.714844	1.000000
0.000000	-848.988525	-3325.758301	1.000000
0.000000	925.630798	724.865417	1.000000
0.000000	438.072968	-286.590271	1.000000
0.000000	-5494.828613	-20487.115234	1.000000
0.000000	9.988520	-476.067413	1.000000
0.000000	22472.792969	-24747.447266	1.000000
0.000000	-403.025299	-288.827148	1.000000
0.000000	-3300464.250000	1376390.750000	1.000000
0.000000	-18042.990234	-1402.673950	1.000000
0.000000	-121.904411	715.580811	1.000000
0.000000	209.100555	-486.763702	1.000000
0.000000	6733.478027	2559.976562	1.000000
0.000000	-25992.099609	-23317.644531	1.000000
0.000000	-586712.625000	317556.718750	1.000000
0.000000	-108536.234375	248944.015625	1.000000
0.000000	37872.210938	-56191.003906	1.000000
0.000000	697.754639	-1836.544067	1.000000
0.000000	193.772720	300.296417	1.000000
0.000000	-254.553680	-278.085999	1.000000
0.000000	-428.739014	825.287476	1.000000
0.000000	4112436.000000	2116301.500000	1.000000
0.000000	315.552643	240.633194	1.000000
0.000000	-45334.300781	76101.531250	1.000000
0.000000	840.311584	1758.257324	1.000000
0.000000	4976.951660	12525.725586	1.000000
0.000000	604.427429	1458.285156	1.000000
0.000000	-44203.691406	2476.401123	1.000000
0.000000	245585.640625	-842228.687500	1.000000
0.000000	-361.642426	-205.254501	1.000000
0.000000	594.025940	-118.587639	1.000000
0.000000	-32923.074219	-140146.703125	1.000000
0.000000	-14387.071289	-13424.375000	1.000000
0.000000	-531.475586	-89.760048	1.000000
0.000000	-323785.156250	730136.875000	1.000000
0.000000	-31233.363281	-19595.390625	1.000000
0.000000	-558.910278	-1142.358032	1.000000
0.000000	188.091171	-499.609894	1.000000
0.000000	-3485.951660	-12819.048828	1.000000
0.000000	135.319397	-461.809967	1.000000
0.000000	3245.761719	2855.646484	1.000000
0.000000	99.254211	56.639519	1.000000
0.000000	798992.062500	-982912.687500	1.000000
0.000000	-527.448547	432.774902	1.000000
0.000000	-3138.129150	-2133.192627	1.000000
0.000000	-58.109447	3042.972900	1.000000
0.000000	-421.201233	403.981110	1.000000
0.000000	19777.013672	10668.187500	1.000000
0.000000	217.655060	561.035583	1.000000
0.000000	-3504.271973	-1959.116333	1.000000
0.000000	65146.433594	112798.664062	1.000000
0.000000	375.488007	312.096771	1.000000
0.000000	484892.843750	100946.640625	1.000000
0.000000	-347.537445	332.644897	1.000000
0.000000	78.374504	438.251343	1.000000
0.000000	344.667572	258.841736	1.000000
0.000000	-434.994507	-105.113907	1.000000
0.000000	-52365.996094	-2878.550049	1.000000
0.000000	11473.743164	1501.129272	1.000000
0.000000	-39.255623	-323.479340	1.000000
0.000000	87.714684	1631.913574	1.000000
0.000000	-7879.896973	-93279.078125	1.000000
0.000000	-652.606079	995.156494	1.000000
0.000000	-137.777023	407.779907	1.000000
0.000000	464.893341	-118.062935	1.000000
0.000000	63.941326	482.820740	1.000000
0.000000	-43008.035156	-77631.757812	1.000000
0.000000	191.506119	-1178.408447	1.000000
0.000000	58.494370	445.042358	1.000000
0.000000	-150.095505	-65.298531	1.000000
0.000000	-472.019165	852.088745	1.000000
0.000000	491.291534	-35.204597	1.000000
0.000000	249.869751	1136.765747	1.000000
0.000000	-245.882904	284.408295	1.000000
0.000000	354.373749	598.175842	1.000000
0.000000	-11135.760742	544.679626	1.000000
0.000000	28171368.000000	16549397.000000	1.000000
0.000000	398.685272	-737.509888	1.000000
0.000000	-32721.304688	266686.562500	1.000000
0.000000	-366.374390	1.776316	1.000000
0.000000	1596.630859	2599.214355	1.000000
0.000000	4409.588379	10711.266602	1.000000
0.000000	-48387.250000	-126250.796875	1.000000
0.000000	-64.097809	-579.701050	1.000000
0.000000	1929694.125000	165314.359375	1.000000
0.000000	-179984.609375	-177937.812500	1.000000
0.000000	-70315.664062	13661.420898	1.000000
0.000000	345.562469	-226.481567	1.000000
0.000000	-131152.250000	15090.759766	1.000000
0.000000	-1191.495483	295.402710	1.000000
0.000000	-1410.930298	896.723877	1.000000
0.000000	-1221.335205	1298.740112	1.000000
0.000000	49291.433594	57681.375000	1.000000
0.000000	83771.351562	3602.096436	1.000000
0.000000	1185.032837	-362.081177	1.000000
0.000000	-473.056610	-335.220612	1.000000
0.000000	-1589278.625000	-1200867.375000	1.000000
0.000000	-398.801147	178.142227	1.000000
0.000000	2590553.750000	19484.820312	1.000000
0.000000	181.374329	-307.268341	1.000000
0.000000	-10526.007812	13302.470703	1.000000
0.000000	1826645.375000	135305.359375	1.000000
0.000000	-1549.755005	923.507812	1.000000
0.000000	396.645172	78.733131	1.000000
0.000000	457.289673	-101.447067	1.000000
0.000000	344.901794	883.473206	1.000000
0.000000	-10706.993164	7512.389160	1.000000
0.000000	-499.323608	186.406982	1.000000
0.000000	27338.978516	26028.644531	1.000000
0.000000	168.331573	382.428497	1.000000
0.000000	278.862274	627.024109	1.000000
0.000000	-170.732880	-9023.853516	1.000000
0.000000	-5729.720215	9775.917969	1.000000
0.000000	459233.093750	25487.699219	1.000000
0.000000	-1136.197998	1144.544922	1.000000
0.000000	2280.645996	-5183.762207	1.000000
0.000000	3489.585449	-2218.328369	1.000000
0.000000	210.805328	179.499527	1.000000
0.000000	333.553741	246.085449	1.000000
0.000000	911.029785	-855.099731	1.000000
0.000000	1222.340210	11602.993164	1.000000
0.000000	17915.875000	-23810.388672	1.000000
0.000000	447.131073	-25.982742	1.000000
0.000000	-6.160633	-336.053558	1.000000
0.000000	1041.348877	1245.535889	1.000000
0.000000	538.060120	-48.909138	1.000000
0.000000	127.161720	296.603363	1.000000
0.000000	-1315.211914	171.231445	1.000000
0.000000	75431.984375	-7395.024414	1.000000
0.000000	115.326912	524.288391	1.000000
0.000000	-84.058853	-720.712036	1.000000
0.000000	1170.667236	-9474.978516	1.000000
0.000000	342.918610	393.588745	1.000000
0.000000	332.813293	300.023224	1.000000
0.000000	-3805.283447	-4494.206543	1.000000
0.000000	636.399536	252.751877	1.000000
0.000000	-2128.482910	-3042.333252	1.000000
0.000000	58.226803	384.385925	1.000000
0.000000	22263.078125	39217.460938	1.000000
0.000000	473.450043	-23.493341	1.000000
0.000000	1007.916931	-547.721985	1.000000
0.000000	1358.933838	762.159119	1.000000
0.000000	-324.846100	756.702148	1.000000
0.000000	218.961227	-410.286896	1.000000
0.000000	9646.315430	4738.840332	1.000000
0.000000	-92621.171875	-330290.843750	1.000000
0.000000	8107.331543	16953.933594	1.000000
0.000000	289.738403	-278.660278	1.000000
0.000000	3439.120850	-797.537231	1.000000
0.000000	-423270.812500	-82044.578125	1.000000
0.000000	-44105600.000000	-10494824.000000	1.000000
0.000000	6077.985352	-4476.249512	1.000000
0.000000	-334.350433	268.648834	1.000000
0.000000	1132.734863	-1636.444458	1.000000
0.000000	5758.161133	281.037964	1.000000
0.000000	-374.052979	-144.690903	1.000000
0.000000	-604.600647	1010.710815	1.000000
0.000000	-18760.955078	-49.711632	1.000000
0.000000	-749.286072	-160.351791	1.000000
0.000000	312.449982	-467.159149	1.000000
0.000000	14656.343750	-10991.799805	1.000000
