0.000000	31657.484375	455662.500000	1.000000
0.000000	214925.750000	175032.515625	1.000000
0.000000	1152.372803	-12550.022461	1.000000
0.000000	-749.817200	652.039612	1.000000
0.000000	16906.466797	27625.843750	1.000000
0.000000	-13917.172852	806.251648	1.000000
0.000000	-887.923035	-2354.403076	1.000000
0.000000	-594989.312500	1523932.125000	1.000000
0.000000	3456.574951	-2398.696289	1.000000
0.000000	9292453.000000	3386659.750000	1.000000
0.000000	78697400.000000	19959642.000000	1.000000
0.000000	-57.534634	-125.864594	1.000000
0.000000	-188.096832	-102.267509	1.000000
0.000000	100.867393	-18.128433	1.000000
0.000000	-73337376.000000	-31090268.000000	1.000000
0.000000	538.607971	-4628.960449	1.000000
0.000000	321.731445	-189.382736	1.000000
0.000000	-6053.567871	7611.904297	1.000000
0.000000	-987.873962	442.372345	1.000000
0.000000	-226.013046	75.232475	1.000000
0.000000	873.351868	7789.147461	1.000000
0.000000	10043.437500	84932.257812	1.000000
0.000000	-4.036991	600.958130	1.000000
0.000000	66.623444	244.154053	1.000000
0.000000	-207259.078125	-53177.675781	1.000000
0.000000	190.231049	-76.534454	1.000000
0.000000	10392.174805	35605.675781	1.000000
0.000000	-3707.461670	11624.087891	1.000000
0.000000	212.578415	-71.026283	1.000000
0.000000	-61697.851562	-273296.843750	1.000000
0.000000	5306.692383	-9083.152344	1.000000
0.000000	4662.790039	851.169800	1.000000
0.000000	-57.516705	375.486481	1.000000
0.000000	-372.887573	-360.294464	1.000000
0.000000	-64.846603	106.886185	1.000000
0.000000	4658.753906	2687.976807	1.000000
0.000000	218.463562	15.119749	1.000000
0.000000	-5566.035645	-1363.648315	1.000000
0.000000	-246348.890625	-73522.343750	1.000000
0.000000	-46911.667969	-6024.758301	1.000000
0.000000	293.355072	-53.345879	1.000000
0.000000	409.751953	196.598572	1.000000
0.000000	2.506872	15.126486	1.000000
0.000000	14.373009	62.276466	1.000000
0.000000	19.701359	12.797916	1.000000
0.000000	-475.620453	-481.238983	1.000000
0.000000	-4265.663086	3482.990723	1.000000
0.000000	-699.221436	244.322525	1.000000
0.000000	-61.255928	-38.043064	1.000000
0.000000	-33.274517	-36.906445	1.000000
0.000000	6815.575684	6304.076172	1.000000
0.000000	-745.001648	1883.589478	1.000000
0.000000	155.894714	1534.667480	1.000000
0.000000	-3264.709717	-11835.856445	1.000000
0.000000	89.173393	-127.048965	1.000000
0.000000	-21.587395	-40.136471	1.000000
0.000000	-97.539917	125.677292	1.000000
0.000000	29405522.000000	-21550876.000000	1.000000
0.000000	-370.680969	1527.222290	1.000000
0.000000	648.300659	348.730865	1.000000
0.000000	1830.535278	26438.556641	1.000000
0.000000	3176.713379	-1437.986816	1.000000
0.000000	29.687191	-56.189159	1.000000
0.000000	37.378750	-168.732086	1.000000
0.000000	5527.154785	-2720.048340	1.000000
0.000000	400952.812500	-1051564.750000	1.000000
0.000000	40404.390625	142695.500000	1.000000
0.000000	899154304.000000	-490293056.000000	1.000000
0.000000	5265.381836	-14696.216797	1.000000
0.000000	-11819835.000000	-661595.687500	1.000000
0.000000	10494.694336	-15314.446289	1.000000
0.000000	48.689358	-138.445099	1.000000
0.000000	-95.416260	-616.000183	1.000000
0.000000	-736.861206	930.155029	1.000000
0.000000	424623.937500	2548.918701	1.000000
0.000000	-9116.123047	10694.215820	1.000000
0.000000	52.904476	595.596741	1.000000
0.000000	53.105709	-51.613018	1.000000
0.000000	3398.915527	-13052.727539	1.000000
0.000000	-935690816.000000	516809408.000000	1.000000
0.000000	1333545.500000	80022.859375	1.000000
0.000000	370442.437500	-121695.203125	1.000000
0.000000	282764.500000	227321.906250	1.000000
0.000000	25114.337891	-23247.917969	1.000000
0.000000	2203343.750000	933959.437500	1.000000
0.000000	-29.707287	20.910419	1.000000
0.000000	318.748688	20.521757	1.000000
0.000000	-3315.438721	-554.810791	1.000000
0.000000	-1643.112427	1482.364868	1.000000
0.000000	-11.180601	67.125359	1.000000
0.000000	73.212250	183.817078	1.000000
0.000000	-982.496460	1163.427124	1.000000
0.000000	710.479065	-58.828606	1.000000
0.000000	181.138107	-417.172028	1.000000
0.000000	-4355021.000000	2416277.250000	1.000000
0.000000	898.676514	492.145447	1.000000
0.000000	111.990265	-88018.531250	1.000000
0.000000	1711789.125000	-2028472.500000	1.000000
0.000000	767.317017	-1747.698242	1.000000
0.000000	-460.969543	-5165.923340	1.000000
0.000000	691415.187500	-227212.843750	1.000000
0.000000	12310197.000000	-6573529.500000	1.000000
0.000000	-21888.623047	-21272.042969	1.000000
0.000000	170447.828125	-24384.917969	1.000000
0.000000	129.186691	-28.057117	1.000000
0.000000	56.796928	35.711288	1.000000
0.000000	856.715027	-1728.072998	1.000000
0.000000	11.366386	-58.412617	1.000000
0.000000	17.908451	-40.937572	1.000000
0.000000	-812.651367	835.631287	1.000000
0.000000	26.520603	-3172.170166	1.000000
0.000000	-53618.570312	119833.890625	1.000000
0.000000	6.791048	19.754135	1.000000
0.000000	-114.206039	-35.810665	1.000000
0.000000	-369.048065	-1144.040405	1.000000
0.000000	-64825.183594	15675.238281	1.000000
0.000000	2361.037842	549.435852	1.000000
0.000000	55590.019531	149428.984375	1.000000
0.000000	-12996.733398	6680.073242	1.000000
0.000000	-41587.347656	-29930.351562	1.000000
0.000000	-8659.325195	13671.089844	1.000000
0.000000	82.226158	234.750610	1.000000
0.000000	-125.517853	2.448622	1.000000
0.000000	1374.097168	3351.707764	1.000000
0.000000	389.473541	-349.416840	1.000000
0.000000	2085.004639	313.366425	1.000000
0.000000	517.346436	-289.517883	1.000000
0.000000	14045.080078	-13992.785156	1.000000
0.000000	-85.235138	-3.209812	1.000000
0.000000	-1070.988770	1757.638794	1.000000
0.000000	50.106358	78.939011	1.000000
0.000000	-13587.377930	-2927.244385	1.000000
0.000000	-28505.003906	-61314.171875	1.000000
0.000000	1559.906982	7839.977539	1.000000
0.000000	-2685.699219	2049.086426	1.000000
0.000000	-140.738129	-46.670494	1.000000
0.000000	235.956284	401.127747	1.000000
0.000000	-3985.963135	-16235.407227	1.000000
0.000000	516.426819	-99.753593	1.000000
0.000000	-8522.826172	12912.253906	1.000000
0.000000	-974.267456	-2930.140625	1.000000
0.000000	970.771790	311.880035	1.000000
0.000000	32.055138	-198.419952	1.000000
0.000000	-5904.647949	-20552.037109	1.000000
0.000000	-11.868711	-61.166050	1.000000
0.000000	22586.406250	-24341.685547	1.000000
0.000000	-124.054779	17.218321	1.000000
0.000000	-3300464.250000	1376390.750000	1.000000
0.000000	-17896.916016	-1015.171509	1.000000
0.000000	52.788666	339.538147	1.000000
0.027593	71.109077	-95.641533	1.000000
0.000000	6599.576660	2953.565430	1.000000
0.000000	-26381.630859	-23447.488281	1.000000
0.000000	-586712.625000	317297.031250	1.000000
0.000000	-108536.234375	249333.546875	1.000000
0.000000	38294.203125	-56191.003906	1.000000
0.000000	428.937469	-1520.049927	1.000000
0.000000	-5.819476	-64.127602	1.000000
0.000000	-159.580078	-682.472778	1.000000
0.000000	-315.379333	425.612152	1.000000
0.000000	4112436.000000	2116301.500000	1.000000
0.000000	-89.019897	158.712082	1.000000
0.000000	-45171.996094	75712.000000	1.000000
0.000000	465.520691	1578.707764	1.000000
0.000000	4575.247559	12631.223633	1.000000
0.000000	645.510803	1872.162109	1.000000
0.000000	-43911.542969	2172.079834	1.000000
0.000000	245975.171875	-842228.687500	1.000000
0.000000	14.213104	-28.205215	1.000000
0.000000	184.056580	-148.699173	1.000000
0.000000	-33085.378906	-139757.171875	1.000000
0.000000	-14249.112305	-13813.906250	1.000000
0.000000	-116.543365	-68.711159	1.000000
0.000000	-323265.781250	730136.875000	1.000000
0.000000	-31590.433594	-19806.386719	1.000000
0.000000	-183.295425	-964.837280	1.000000
0.027593	75.346420	-98.987839	1.000000
0.000000	-3883.598145	-12697.320312	1.000000
0.000000	15.161361	-64.102310	1.000000
0.000000	3122.004395	3251.264160	1.000000
0.000000	-97.731941	418.773773	1.000000
0.000000	799511.437500	-982912.687500	1.000000
0.000000	-117.672050	363.541809	1.000000
0.000000	-3535.775635	-2015.521851	1.000000
0.000000	29.203691	2637.211182	1.000000
0.000000	-128.038391	109.491180	1.000000
0.000000	19988.009766	10311.117188	1.000000
0.000000	-191.880493	631.029480	1.000000
0.000000	-3108.654297	-1829.272583	1.000000
0.000000	65016.589844	112409.132812	1.000000
0.000000	68.041855	31.647900	1.000000
0.000000	484892.843750	100557.109375	1.000000
0.000000	-47.020184	45.731182	1.000000
0.000000	80.108833	24.911772	1.000000
0.000000	273.405670	-150.479858	1.000000
0.000000	-20.415577	-78.725731	1.000000
0.000000	-52528.300781	-3255.908447	1.000000
0.000000	11254.631836	1148.116577	1.000000
0.000000	-151.125137	77.684601	1.000000
0.000000	-154.906998	1969.710205	1.000000
0.000000	-7859.608887	-92889.546875	1.000000
0.000000	-403.680267	1327.881104	1.000000
0.000000	133.403076	96.882988	1.000000
0.000000	65.100792	1.549111	1.000000
0.000000	42.929916	67.822800	1.000000
0.000000	-42683.425781	-77891.445312	1.000000
0.000000	516.340515	-918.926514	1.000000
0.000000	-157.776459	90.254456	1.000000
0.000000	35.833210	-436.834808	1.000000
0.000000	-433.979004	438.211792	1.000000
0.000000	200.918320	262.006134	1.000000
0.000000	151.092133	733.032837	1.000000
0.000000	-53.618992	-80.075577	1.000000
0.000000	19.748621	351.208191	1.000000
0.000000	-10721.883789	575.111755	1.000000
0.000000	28171368.000000	16549397.000000	1.000000
0.000000	118.516174	-430.652618	1.000000
0.000000	-32883.609375	266946.250000	1.000000
0.000000	45.948051	15.087528	1.000000
0.000000	1250.718994	2828.469727	1.000000
0.000000	4815.350098	10613.883789	1.000000
0.000000	-48809.242188	-126250.796875	1.000000
0.000000	300.681244	-380.877777	1.000000
0.000000	1929694.125000	165054.671875	1.000000
0.000000	-180374.140625	-177937.812500	1.000000
0.000000	-69991.054688	13896.762695	1.000000
0.000000	97.873589	101.901627	1.000000
0.000000	-131022.406250	14693.113281	1.000000
0.000000	-820.960144	107.484322	1.000000
0.000000	-1150.228394	1220.119019	1.000000
0.000000	-1113.808350	897.196289	1.000000
0.000000	49194.050781	57291.843750	1.000000
0.000000	84095.960938	3851.639893	1.000000
0.000000	789.114441	-488.374512	1.000000
0.000000	-103.761169	-144.840256	1.000000
0.000000	-1589278.625000	-1200867.375000	1.000000
0.000000	0.170048	61.326595	1.000000
0.000000	2590553.750000	19111.519531	1.000000
0.000000	40.174404	75.445000	1.000000
0.000000	-10282.550781	12961.630859	1.000000
0.000000	1826645.375000	135565.046875	1.000000
0.000000	-1597.432007	510.645264	1.000000
0.000000	-7.260822	-9.136908	1.000000
0.000000	113.425301	124.442505	1.000000
0.000000	676.612000	1133.745972	1.000000
0.000000	-10422.959961	7208.067871	1.000000
0.000000	-92.040306	104.131836	1.000000
0.000000	27322.748047	25606.652344	1.000000
0.000000	-134.972626	98.401924	1.000000
0.000000	260.095795	211.962891	1.000000
0.000000	233.476990	-9121.236328	1.000000
0.000000	-5315.843262	9767.802734	1.000000
0.000000	458973.406250	25796.078125	1.000000
0.000000	-746.666687	1000.499512	1.000000
0.000000	1946.201904	-5431.276855	1.000000
0.000000	3481.470215	-1802.422607	1.000000
0.000000	-16.453463	-168.323273	1.000000
0.000000	-21.746532	30.289108	1.000000
0.000000	1089.885010	-480.255890	1.000000
0.000000	1174.663208	12016.870117	1.000000
0.000000	18321.636719	-23729.236328	1.000000
0.000000	32.744514	4.222698	1.000000
0.000000	-23.214434	75.415314	1.000000
0.000000	1386.246338	1014.230347	1.000000
0.000000	122.662392	-38.289593	1.000000
0.000000	59.467197	-111.866409	1.000000
0.000000	-1710.829590	44.520828	1.000000
0.000000	75042.453125	-7439.658203	1.000000
0.000000	4.697357	123.803375	1.000000
0.000000	-499.509888	-720.712036	1.000000
0.000000	1197.041748	-9888.855469	1.000000
0.000000	91.673729	62.639473	1.000000
0.591439	17.744518	32.930904	1.000000
0.000000	-3995.991455	-4863.449707	1.000000
0.000000	226.571075	185.040390	1.000000
0.000000	-1794.989380	-2794.818604	1.000000
0.000000	-112.061859	11.977634	1.000000
0.000000	22198.156250	38795.468750	1.000000
0.000000	60.647362	-22.279018	1.000000
0.000000	592.518372	-554.822815	1.000000
0.000000	999.834717	553.191833	1.000000
0.000000	-307.601227	341.706787	1.000000
0.000000	-43.132507	-87.901711	1.000000
0.000000	9435.319336	5095.910645	1.000000
0.000000	-92815.937500	-330031.156250	1.000000
0.000000	7693.454590	16937.703125	1.000000
0.591439	19.223850	36.810188	1.000000
0.000000	3303.190674	-1190.403931	1.000000
0.000000	-423530.500000	-81719.968750	1.000000
0.000000	-44105600.000000	-10494824.000000	1.000000
0.000000	5891.334961	-4845.492676	1.000000
0.000000	-176.650787	-115.733795	1.000000
0.000000	768.563721	-1836.282104	1.000000
0.000000	6082.770508	539.203857	1.000000
0.000000	11.672476	9.796825	1.000000
0.000000	-189.689026	1030.998901	1.000000
0.000000	-18825.876953	360.539551	1.000000
0.000000	-333.887512	-148.812943	1.000000
0.000000	260.640198	-56.294098	1.000000
0.000000	14274.927734	-11154.104492	1.000000
