0.000000	31647.523438	455671.875000	1.000000
0.000000	214930.437500	175046.578125	1.000000
0.000000	1154.606689	-12564.963867	1.000000
0.000000	-734.820862	651.819885	1.000000
0.000000	16905.294922	27610.609375	1.000000
0.000000	-13902.524414	802.864197	1.000000
0.000000	-874.464783	-2360.994873	1.000000
0.000000	-595008.062500	1523932.125000	1.000000
0.000000	3464.265381	-2385.805664	1.000000
0.000000	9292453.000000	3386659.750000	1.000000
0.000000	78697400.000000	19959642.000000	1.000000
0.000000	-72.011406	-129.793457	1.000000
0.000000	-195.196747	-89.054161	1.000000
0.000000	100.315788	-33.118435	1.000000
0.000000	-73337376.000000	-31090268.000000	1.000000
0.000000	551.663391	-4621.636230	1.000000
0.000000	325.247070	-203.962509	1.000000
0.000000	-6061.331543	7624.794922	1.000000
0.000000	-987.837341	427.376007	1.000000
0.000000	-231.162888	89.322441	1.000000
0.000000	876.574524	7803.795898	1.000000
0.000000	10056.914062	84939.289062	1.000000
0.000000	-6.938784	615.679810	1.000000
0.000000	77.664703	234.000854	1.000000
0.000000	-207249.703125	-53188.222656	1.000000
0.000000	205.186188	-75.360291	1.000000
0.000000	10391.881836	35590.441406	1.000000
0.000000	-3722.183350	11621.158203	1.000000
0.000000	225.688766	-78.313881	1.000000
0.000000	-61682.617188	-273296.843750	1.000000
0.000000	5297.756836	-9071.140625	1.000000
0.000000	4677.291992	854.868530	1.000000
0.000000	-71.348572	381.290924	1.000000
0.000000	-383.864746	-350.068024	1.000000
0.000000	-76.569931	97.529495	1.000000
0.000000	4672.376953	2694.202393	1.000000
0.000000	204.515503	9.606558	1.000000
0.000000	-5577.607910	-1373.133179	1.000000
0.000000	-246344.203125	-73536.406250	1.000000
0.000000	-46899.949219	-6033.840332	1.000000
0.000000	304.918182	-43.794640	1.000000
0.000000	418.421997	184.357971	1.000000
0.000000	2.372189	30.125702	1.000000
0.000000	7.615273	48.884590	1.000000
0.000000	21.566174	27.681530	1.000000
0.000000	-481.278412	-467.350433	1.000000
0.000000	-4253.358398	3474.421387	1.000000
0.000000	-707.735840	256.673004	1.000000
0.000000	-64.557358	-52.675480	1.000000
0.000000	-47.953854	-39.991772	1.000000
0.000000	6830.517090	6302.464844	1.000000
0.000000	-753.186462	1871.028442	1.000000
0.000000	147.371155	1522.326172	1.000000
0.000000	-3273.425537	-11823.551758	1.000000
0.000000	103.027611	-121.297165	1.000000
0.000000	-21.216606	-55.131664	1.000000
0.000000	-82.548157	125.157730	1.000000
0.000000	29405522.000000	-21550876.000000	1.000000
0.000000	-382.765930	1536.084595	1.000000
0.000000	638.431274	360.019318	1.000000
0.000000	1822.808228	26425.666016	1.000000
0.000000	3182.426270	-1451.866211	1.000000
0.000000	21.794773	-68.944748	1.000000
0.000000	45.472012	-181.361786	1.000000
0.000000	5517.926270	-2731.840332	1.000000
0.000000	400962.187500	-1051564.750000	1.000000
0.000000	40391.500000	142686.125000	1.000000
0.000000	899154304.000000	-490293056.000000	1.000000
0.000000	5255.713867	-14707.642578	1.000000
0.000000	-11819835.000000	-661576.937500	1.000000
0.000000	10502.311523	-15301.555664	1.000000
0.000000	44.258205	-152.777679	1.000000
0.000000	-106.736755	-625.832947	1.000000
0.000000	-721.864868	929.642334	1.000000
0.000000	424605.187500	2545.183350	1.000000
0.000000	-9130.771484	10690.700195	1.000000
0.000000	38.344158	591.989563	1.000000
0.000000	51.791927	-66.555374	1.000000
0.000000	3400.380371	-13067.668945	1.000000
0.000000	-935690816.000000	516809408.000000	1.000000
0.000000	1333545.500000	80036.921875	1.000000
0.000000	370461.187500	-121697.546875	1.000000
0.000000	282745.750000	227326.593750	1.000000
0.000000	25100.861328	-23240.886719	1.000000
0.000000	2203343.750000	933940.687500	1.000000
0.000000	-37.607311	33.661427	1.000000
0.000000	304.109406	17.250463	1.000000
0.000000	-3306.063721	-543.092041	1.000000
0.000000	-1644.870239	1497.269653	1.000000
0.000000	-4.264078	80.434837	1.000000
0.000000	69.357880	169.319702	1.000000
0.000000	-996.961792	1159.472046	1.000000
0.000000	723.149963	-66.860809	1.000000
0.000000	184.475204	-402.551056	1.000000
0.000000	-4355021.000000	2416277.250000	1.000000
0.000000	911.658691	499.661926	1.000000
0.000000	97.309784	-88020.875000	1.000000
0.000000	1711789.125000	-2028472.500000	1.000000
0.000000	770.118530	-1732.976562	1.000000
0.000000	-448.637390	-5174.419434	1.000000
0.000000	691415.187500	-227226.906250	1.000000
0.000000	12310197.000000	-6573529.500000	1.000000
0.000000	-21892.138672	-21286.691406	1.000000
0.000000	170461.890625	-24393.707031	1.000000
0.000000	122.732224	-14.517040	1.000000
0.000000	71.148392	31.349859	1.000000
0.000000	842.194763	-1731.808350	1.000000
0.000000	1.497652	-69.708504	1.000000
0.000000	23.367855	-54.908520	1.000000
0.000000	-816.954346	850.005066	1.000000
0.000000	11.978103	-3168.508057	1.000000
0.000000	-53633.804688	119833.890625	1.000000
0.000000	12.093668	33.785736	1.000000
0.000000	-128.717148	-32.011227	1.000000
0.000000	-354.619354	-1139.938843	1.000000
0.000000	-64812.292969	15667.035156	1.000000
0.000000	2365.505615	563.754700	1.000000
0.000000	55601.738281	149438.359375	1.000000
0.000000	-13011.088867	6675.385742	1.000000
0.000000	-41599.066406	-29921.562500	1.000000
0.000000	-8647.020508	13679.585938	1.000000
0.000000	95.778252	241.182190	1.000000
0.000000	-137.762558	11.778933	1.000000
0.000000	1384.900391	3341.307373	1.000000
0.000000	403.957184	-353.326141	1.000000
0.000000	2075.336670	301.867401	1.000000
0.000000	520.276123	-304.230408	1.000000
0.000000	14041.857422	-14007.433594	1.000000
0.000000	-98.027344	-11.043858	1.000000
0.000000	-1076.665039	1743.759399	1.000000
0.000000	60.827183	89.430954	1.000000
0.000000	-13572.729492	-2930.540283	1.000000
0.000000	-28514.378906	-61325.890625	1.000000
0.000000	1568.110107	7852.575195	1.000000
0.000000	-2676.543945	2037.221191	1.000000
0.000000	-127.014206	-52.722130	1.000000
0.000000	226.036545	389.875916	1.000000
0.000000	-3976.441650	-16223.688477	1.000000
0.000000	530.837219	-95.567345	1.000000
0.000000	-8537.767578	12913.425781	1.000000
0.000000	-969.744751	-2944.422852	1.000000
0.000000	969.142151	326.793976	1.000000
0.000000	46.713875	-201.601410	1.000000
0.000000	-5889.853027	-20549.693359	1.000000
0.000000	-11.079641	-76.146149	1.000000
0.000000	22582.304688	-24356.333984	1.000000
0.000000	-132.968399	6.957628	1.000000
0.000000	-3300464.250000	1376390.750000	1.000000
0.000000	-17902.189453	-1029.160767	1.000000
0.000000	46.479538	353.142883	1.000000
0.030293	75.885582	-109.577042	1.000000
0.000000	6604.410645	2939.356445	1.000000
0.000000	-26367.568359	-23442.800781	1.000000
0.000000	-586712.625000	317306.406250	1.000000
0.000000	-108536.234375	249319.484375	1.000000
0.000000	38278.968750	-56191.003906	1.000000
0.000000	438.642059	-1531.475708	1.000000
0.000000	1.386333	-50.971474	1.000000
0.000000	-163.008728	-667.879272	1.000000
0.000000	-319.471741	440.040863	1.000000
0.000000	4112436.000000	2116301.500000	1.000000
0.000000	-74.316528	161.673813	1.000000
0.000000	-45177.855469	75726.062500	1.000000
0.000000	479.043030	1585.189697	1.000000
0.000000	4589.749512	12627.415039	1.000000
0.000000	644.027649	1857.220703	1.000000
0.000000	-43922.089844	2183.066162	1.000000
0.000000	245961.109375	-842228.687500	1.000000
0.000000	0.643541	-34.597885	1.000000
0.000000	199.011719	-147.541031	1.000000
0.000000	-33079.519531	-139771.234375	1.000000
0.000000	-14254.092773	-13799.843750	1.000000
0.000000	-131.524216	-69.471046	1.000000
0.000000	-323284.531250	730136.875000	1.000000
0.000000	-31577.542969	-19798.769531	1.000000
0.000000	-196.854385	-971.245972	1.000000
0.030293	79.623283	-113.636078	1.000000
0.000000	-3869.242676	-12701.714844	1.000000
0.000000	19.499245	-78.462357	1.000000
0.000000	3126.472168	3236.981934	1.000000
0.000000	-90.632027	405.562714	1.000000
0.000000	799492.687500	-982912.687500	1.000000
0.000000	-132.462402	366.041199	1.000000
0.000000	-3521.420166	-2019.769897	1.000000
0.000000	26.051416	2651.859619	1.000000
0.000000	-138.621887	120.122742	1.000000
0.000000	19980.392578	10324.007812	1.000000
0.000000	-177.094727	628.502625	1.000000
0.000000	-3122.936523	-1833.960083	1.000000
0.000000	65021.277344	112423.195312	1.000000
0.221982	78.463768	42.525299	1.000000
0.000000	484892.843750	100571.171875	1.000000
0.000000	-57.869183	56.089230	1.000000
0.221982	80.558159	39.164642	1.000000
0.000000	275.978302	-135.703247	1.000000
0.000000	-35.385151	-79.680168	1.000000
0.000000	-52522.441406	-3242.285400	1.000000
0.000000	11262.541992	1160.860718	1.000000
0.000000	-147.046463	63.249023	1.000000
0.000000	-146.149979	1957.515381	1.000000
0.000000	-7860.341309	-92903.609375	1.000000
0.000000	-412.661591	1315.869385	1.000000
0.000000	123.492493	108.143974	1.000000
0.000000	79.437950	-2.861512	1.000000
0.000000	45.330009	81.876129	1.000000
0.000000	-42695.144531	-77882.070312	1.000000
0.000000	504.615997	-928.283203	1.000000
0.000000	-149.967010	103.062683	1.000000
0.000000	29.121250	-423.422333	1.000000
0.000000	-435.352295	453.153198	1.000000
0.000000	211.401108	251.276154	1.000000
0.000000	154.658112	747.608032	1.000000
0.000000	-60.637653	-66.818741	1.000000
0.000000	31.831293	360.097961	1.000000
0.000000	-10736.825195	574.013123	1.000000
0.000000	28171368.000000	16549397.000000	1.000000
0.000000	128.630325	-441.730499	1.000000
0.000000	-32877.750000	266936.875000	1.000000
0.000000	30.952858	14.706440	1.000000
0.000000	1263.206787	2820.193359	1.000000
0.000000	4800.701660	10617.399414	1.000000
0.000000	-48794.007812	-126250.796875	1.000000
0.000000	287.515961	-388.055511	1.000000
0.000000	1929694.125000	165064.046875	1.000000
0.000000	-180360.078125	-177937.812500	1.000000
0.000000	-70002.773438	13888.266602	1.000000
0.000000	106.891533	89.915085	1.000000
0.000000	-131027.093750	14707.468750	1.000000
0.000000	-834.345154	114.268379	1.000000
0.000000	-1159.640015	1208.436890	1.000000
0.000000	-1117.690186	911.679932	1.000000
0.000000	49197.566406	57305.906250	1.000000
0.000000	84084.242188	3842.631104	1.000000
0.000000	803.414978	-483.815186	1.000000
0.000000	-117.095825	-151.711288	1.000000
0.000000	-1589278.625000	-1200867.375000	1.000000
0.000000	-14.302356	65.270226	1.000000
0.000000	2590553.750000	19124.996094	1.000000
0.000000	43.806747	62.304081	1.000000
0.000000	-10291.339844	12973.935547	1.000000
0.000000	1826645.375000	135555.671875	1.000000
0.000000	-1595.710815	525.550049	1.000000
0.000000	7.360897	-5.789511	1.000000
0.000000	125.901649	116.115784	1.000000
0.000000	664.636902	1124.700562	1.000000
0.000000	-10433.213867	7219.054199	1.000000
0.000000	-106.743675	107.100433	1.000000
0.000000	27323.333984	25621.886719	1.000000
0.000000	-124.022919	108.653542	1.000000
0.000000	260.773285	226.945496	1.000000
0.000000	218.883484	-9117.720703	1.000000
0.000000	-5330.784668	9768.095703	1.000000
0.000000	458982.781250	25784.945312	1.000000
0.000000	-760.729187	1005.699707	1.000000
0.000000	1958.250244	-5422.341309	1.000000
0.000000	3481.763184	-1817.437256	1.000000
0.000000	-8.248621	-155.766815	1.000000
0.000000	-8.918278	38.063080	1.000000
0.000000	1083.439697	-493.796539	1.000000
0.000000	1176.384399	12001.928711	1.000000
0.000000	18306.988281	-23732.166016	1.000000
0.000000	47.705376	3.132305	1.000000
0.000000	-22.374437	60.439301	1.000000
0.000000	1373.795166	1022.598267	1.000000
0.000000	137.657913	-38.672970	1.000000
0.000000	61.871601	-97.060043	1.000000
0.000000	-1696.547363	49.095032	1.000000
0.000000	75056.515625	-7438.046875	1.000000
0.000000	8.690773	138.263458	1.000000
0.000000	-484.513550	-720.712036	1.000000
0.000000	1196.089600	-9873.914062	1.000000
0.000000	100.744316	74.586975	1.000000
0.000000	27.331064	41.009411	1.000000
0.000000	-3989.106689	-4850.119629	1.000000
0.000000	241.370575	187.484848	1.000000
0.000000	-1807.037720	-2803.754150	1.000000
0.000000	-105.740143	25.580166	1.000000
0.000000	22200.500000	38810.703125	1.000000
0.000000	75.648018	-22.229809	1.000000
0.000000	607.514709	-554.566467	1.000000
0.000000	1012.798584	560.735779	1.000000
0.000000	-308.223785	356.693970	1.000000
0.000000	-33.670532	-99.540352	1.000000
0.000000	9442.936523	5083.020020	1.000000
0.000000	-92808.906250	-330040.531250	1.000000
0.000000	7708.395996	16938.289062	1.000000
0.000000	30.755724	26.972034	1.000000
0.000000	3308.097900	-1176.231567	1.000000
0.000000	-423521.125000	-81731.687500	1.000000
0.000000	-44105600.000000	-10494824.000000	1.000000
0.000000	5898.073242	-4832.162598	1.000000
0.000000	-182.345367	-101.856689	1.000000
0.000000	781.710693	-1829.067749	1.000000
0.000000	6071.051758	529.883789	1.000000
0.000000	-2.252155	4.219736	1.000000
0.000000	-204.671631	1030.266479	1.000000
0.000000	-18823.533203	345.726318	1.000000
0.000000	-348.883850	-149.229507	1.000000
0.000000	262.352234	-71.196594	1.000000
0.000000	14288.697266	-11148.245117	1.000000
