0.000000	31549.574219	455764.062500	1.000000
0.000000	214976.531250	175184.859375	1.000000
0.000000	1176.573242	-12711.887695	1.000000
0.000000	-587.356873	649.659241	1.000000
0.000000	16893.771484	27460.804688	1.000000
0.000000	-13758.481445	769.554260	1.000000
0.000000	-742.125305	-2425.814209	1.000000
0.000000	-595192.437500	1523932.125000	1.000000
0.000000	3539.887939	-2259.047852	1.000000
0.000000	9292453.000000	3386659.750000	1.000000
0.000000	78697400.000000	19959642.000000	1.000000
0.000000	-214.352722	-168.414978	1.000000
0.000000	-265.018372	40.868565	1.000000
0.000000	94.891670	-180.522934	1.000000
0.000000	-73337376.000000	-31090268.000000	1.000000
0.000000	680.041687	-4549.614746	1.000000
0.000000	359.817383	-347.358948	1.000000
0.000000	-6137.674316	7751.552734	1.000000
0.000000	-987.477234	279.912018	1.000000
0.000000	-281.780060	227.873764	1.000000
0.000000	908.263977	7947.838867	1.000000
0.000000	10189.433594	85008.429688	1.000000
0.000000	-35.472408	760.442993	1.000000
0.000000	184.346191	136.599197	1.000000
0.000000	-207157.515625	-53291.933594	1.000000
0.000000	352.215607	-63.814346	1.000000
0.000000	10389.000977	35440.636719	1.000000
0.000000	-3866.946533	11592.349609	1.000000
0.000000	354.607239	-149.975250	1.000000
0.000000	-61532.812500	-273296.843750	1.000000
0.000000	5209.890625	-8953.025391	1.000000
0.000000	4819.894531	891.239380	1.000000
0.000000	-207.421509	438.307465	1.000000
0.000000	-491.806946	-249.510941	1.000000
0.000000	-191.849319	5.515180	1.000000
0.000000	4806.336914	2755.420654	1.000000
0.000000	67.348228	-44.591667	1.000000
0.000000	-5691.401855	-1466.401001	1.000000
0.000000	-246298.109375	-73674.687500	1.000000
0.000000	-46784.714844	-6123.146973	1.000000
0.000000	418.622101	50.122990	1.000000
0.000000	503.677429	63.980099	1.000000
0.000000	-1.285475	175.462845	1.000000
0.000000	-53.323742	-81.750504	1.000000
0.000000	40.011784	173.029877	1.000000
0.000000	-536.914978	-330.779694	1.000000
0.000000	-4132.362305	3390.156250	1.000000
0.000000	-791.460815	378.119232	1.000000
0.000000	-98.383469	-195.990723	1.000000
0.000000	-193.136658	-68.211647	1.000000
0.000000	6977.440918	6286.620117	1.000000
0.000000	-833.670471	1747.511597	1.000000
0.000000	63.538841	1400.969971	1.000000
0.000000	-3359.131104	-11702.555664	1.000000
0.000000	239.242371	-64.737793	1.000000
0.000000	-18.163336	-200.895874	1.000000
0.000000	64.862999	120.048706	1.000000
0.000000	29405522.000000	-21550876.000000	1.000000
0.000000	-501.601379	1623.230591	1.000000
0.000000	541.382324	471.022430	1.000000
0.000000	1746.825562	26298.908203	1.000000
0.000000	3238.603027	-1588.346924	1.000000
0.000000	-55.221195	-196.076019	1.000000
0.000000	125.055756	-305.535858	1.000000
0.000000	5427.179199	-2847.794922	1.000000
0.000000	401054.375000	-1051564.750000	1.000000
0.000000	40264.742188	142593.937500	1.000000
0.000000	899154304.000000	-490293056.000000	1.000000
0.000000	5160.645508	-14819.996094	1.000000
0.000000	-11819835.000000	-661392.562500	1.000000
0.000000	10577.213867	-15174.797852	1.000000
0.000000	0.685014	-293.702667	1.000000
0.000000	-218.054962	-722.521790	1.000000
0.000000	-574.400879	924.600830	1.000000
0.000000	424420.812500	2508.452393	1.000000
0.000000	-9274.814453	10656.129883	1.000000
0.000000	-104.829079	556.518982	1.000000
0.000000	38.873074	-213.479202	1.000000
0.000000	3414.784668	-13214.592773	1.000000
0.000000	-935690816.000000	516809408.000000	1.000000
0.000000	1333545.500000	80175.203125	1.000000
0.000000	370645.562500	-121720.593750	1.000000
0.000000	282561.375000	227372.687500	1.000000
0.000000	24968.341797	-23171.746094	1.000000
0.000000	2203343.750000	933756.312500	1.000000
0.000000	-112.422661	155.857605	1.000000
0.000000	161.652664	-17.408401	1.000000
0.000000	-3213.876221	-427.857666	1.000000
0.000000	-1662.155396	1643.833374	1.000000
0.000000	63.748970	211.325699	1.000000
0.000000	31.466156	26.765118	1.000000
0.000000	-1139.204224	1120.580444	1.000000
0.000000	847.747131	-145.841949	1.000000
0.000000	217.289993	-258.778168	1.000000
0.000000	-4355021.000000	2416277.250000	1.000000
0.000000	1039.295166	573.648987	1.000000
0.000000	-47.042110	-88043.921875	1.000000
0.000000	1711789.125000	-2028472.500000	1.000000
0.000000	797.666748	-1588.213379	1.000000
0.000000	-327.371216	-5257.964355	1.000000
0.000000	691415.187500	-227365.187500	1.000000
0.000000	12310197.000000	-6573529.500000	1.000000
0.000000	-21926.708984	-21430.734375	1.000000
0.000000	170600.171875	-24480.132812	1.000000
0.000000	59.503201	116.218933	1.000000
0.000000	212.639786	-10.255426	1.000000
0.000000	699.412170	-1768.539307	1.000000
0.000000	-95.547371	-180.795456	1.000000
0.000000	77.047272	-192.289505	1.000000
0.000000	-859.266968	991.347229	1.000000
0.000000	-131.024796	-3132.497314	1.000000
0.000000	-53783.609375	119833.890625	1.000000
0.000000	64.128654	172.760483	1.000000
0.000000	-271.449493	5.392421	1.000000
0.000000	-212.750763	-1099.606812	1.000000
0.000000	-64685.535156	15586.371094	1.000000
0.000000	2409.438721	704.556702	1.000000
0.000000	55716.972656	149530.546875	1.000000
0.000000	-13152.250977	6629.291992	1.000000
0.000000	-41714.300781	-29835.136719	1.000000
0.000000	-8526.024414	13763.130859	1.000000
0.000000	229.023438	304.391602	1.000000
0.000000	-246.379959	111.572563	1.000000
0.000000	1491.132080	3239.036865	1.000000
0.000000	546.379639	-391.767609	1.000000
0.000000	1980.524902	188.820435	1.000000
0.000000	549.084717	-448.903564	1.000000
0.000000	14010.167969	-14151.476562	1.000000
0.000000	-223.800217	-88.078133	1.000000
0.000000	-1132.481689	1607.278687	1.000000
0.000000	166.248627	192.601730	1.000000
0.000000	-13428.686523	-2962.949951	1.000000
0.000000	-28606.566406	-61441.125000	1.000000
0.000000	1648.774170	7976.452148	1.000000
0.000000	-2586.517090	1920.546387	1.000000
0.000000	7.953763	-112.229881	1.000000
0.000000	128.492447	279.232910	1.000000
0.000000	-3882.813721	-16108.454102	1.000000
0.000000	672.539490	-54.402565	1.000000
0.000000	-8684.691406	12924.949219	1.000000
0.000000	-925.271484	-3084.864746	1.000000
0.000000	953.117371	473.447723	1.000000
0.000000	190.848221	-232.885742	1.000000
0.000000	-5744.369629	-20526.646484	1.000000
0.000000	-3.320452	-223.438004	1.000000
0.000000	22541.972656	-24500.376953	1.000000
0.000000	-232.403061	-101.980202	1.000000
0.000000	-3300464.250000	1376390.750000	1.000000
0.000000	-17954.044922	-1166.721802	1.000000
0.000000	-15.500963	486.114258	1.000000
0.000000	124.786339	-248.188965	1.000000
0.000000	6651.944824	2799.634766	1.000000
0.000000	-26229.287109	-23396.707031	1.000000
0.000000	-586712.625000	317398.593750	1.000000
0.000000	-108536.234375	249181.203125	1.000000
0.000000	38129.164062	-56191.003906	1.000000
0.000000	534.070557	-1643.829224	1.000000
0.000000	72.245003	78.396416	1.000000
0.000000	-196.723785	-524.376465	1.000000
0.000000	-359.713745	581.923218	1.000000
0.000000	4112436.000000	2116301.500000	1.000000
0.000000	70.276527	190.797501	1.000000
0.000000	-45235.472656	75864.343750	1.000000
0.000000	612.080383	1648.928711	1.000000
0.000000	4732.352051	12589.963867	1.000000
0.000000	629.443298	1710.296875	1.000000
0.000000	-44025.800781	2291.098389	1.000000
0.000000	245822.828125	-842228.687500	1.000000
0.000000	-132.793549	-97.459137	1.000000
0.000000	341.705414	-138.102997	1.000000
0.000000	-33021.902344	-139909.515625	1.000000
0.000000	-14303.067383	-13661.562500	1.000000
0.000000	-278.846191	-76.943275	1.000000
0.000000	-323468.906250	730136.875000	1.000000
0.000000	-31450.785156	-19723.867188	1.000000
0.000000	-330.184174	-1034.264771	1.000000
0.000000	119.756134	-256.091217	1.000000
0.000000	-3728.080566	-12744.927734	1.000000
0.000000	62.159073	-219.669479	1.000000
0.000000	3170.405273	3096.540039	1.000000
0.000000	-20.770948	275.713409	1.000000
0.000000	799308.312500	-982912.687500	1.000000
0.000000	-277.907562	390.618530	1.000000
0.000000	-3380.258057	-2061.542236	1.000000
0.000000	-4.945817	2795.902588	1.000000
0.000000	-242.692932	224.687241	1.000000
0.000000	19905.490234	10450.765625	1.000000
0.000000	-31.713760	603.655212	1.000000
0.000000	-3263.378418	-1880.053833	1.000000
0.000000	65067.371094	112561.476562	1.000000
0.000000	188.949921	141.206879	1.000000
0.000000	484892.843750	100709.453125	1.000000
0.000000	-164.550995	157.953735	1.000000
0.000000	78.857887	185.173416	1.000000
0.000000	301.275848	9.605458	1.000000
0.000000	-182.519516	-89.015732	1.000000
0.000000	-52464.824219	-3108.325439	1.000000
0.000000	11340.325195	1286.178101	1.000000
0.000000	-106.951324	-78.700218	1.000000
0.000000	-60.021523	1837.599609	1.000000
0.000000	-7867.543457	-93041.890625	1.000000
0.000000	-500.977936	1197.754150	1.000000
0.000000	29.370758	217.844604	1.000000
0.000000	223.073288	-43.671608	1.000000
0.000000	50.082226	230.191345	1.000000
0.000000	-42810.378906	-77789.882812	1.000000
0.000000	389.291595	-1020.290649	1.000000
0.000000	-73.190178	229.010254	1.000000
0.000000	-36.879967	-291.532990	1.000000
0.000000	-448.856323	600.077026	1.000000
0.000000	314.481842	145.764679	1.000000
0.000000	189.723572	890.930786	1.000000
0.000000	-127.520630	60.809685	1.000000
0.000000	150.580688	448.323883	1.000000
0.000000	-10883.749023	563.209900	1.000000
0.000000	28171368.000000	16549397.000000	1.000000
0.000000	228.064987	-550.662964	1.000000
0.000000	-32820.132812	266844.687500	1.000000
0.000000	-113.438377	8.204401	1.000000
0.000000	1386.003418	2738.809082	1.000000
0.000000	4656.658691	10651.969727	1.000000
0.000000	-48644.203125	-126250.796875	1.000000
0.000000	158.023285	-458.636566	1.000000
0.000000	1929694.125000	165156.234375	1.000000
0.000000	-180221.796875	-177937.812500	1.000000
0.000000	-70118.007812	13804.721680	1.000000
0.000000	193.459793	-24.330795	1.000000
0.000000	-131073.187500	14848.630859	1.000000
0.000000	-965.964417	180.978271	1.000000
0.000000	-1252.187622	1093.562622	1.000000
0.000000	-1155.861572	1054.140503	1.000000
0.000000	49232.136719	57444.187500	1.000000
0.000000	83969.007812	3754.044678	1.000000
0.000000	944.036926	-438.981812	1.000000
0.000000	-248.219940	-219.276443	1.000000
0.000000	-1589278.625000	-1200867.375000	1.000000
0.000000	-154.664810	111.655380	1.000000
0.000000	2590553.750000	19257.515625	1.000000
0.000000	93.494797	-70.029739	1.000000
0.000000	-10377.765625	13094.931641	1.000000
0.000000	1826645.375000	135463.484375	1.000000
0.000000	-1578.785767	672.113770	1.000000
0.000000	151.025421	22.399090	1.000000
0.000000	248.607864	34.236359	1.000000
0.000000	546.881775	1035.754028	1.000000
0.000000	-10534.043945	7327.086426	1.000000
0.000000	-251.326797	136.298035	1.000000
0.000000	27329.095703	25771.691406	1.000000
0.000000	-16.351618	209.479294	1.000000
0.000000	267.435272	374.310577	1.000000
0.000000	75.388931	-9083.150391	1.000000
0.000000	-5477.708496	9770.976562	1.000000
0.000000	459074.968750	25675.472656	1.000000
0.000000	-899.010437	1056.834961	1.000000
0.000000	2076.812988	-5334.475098	1.000000
0.000000	3484.644043	-1965.081299	1.000000
0.000000	72.430450	-32.292091	1.000000
0.000000	117.210869	114.979927	1.000000
0.000000	1020.049561	-626.868530	1.000000
0.000000	1193.309448	11855.004883	1.000000
0.000000	18162.945312	-23760.974609	1.000000
0.000000	194.810501	-7.589792	1.000000
0.000000	-20.331608	-83.430969	1.000000
0.000000	1251.358643	1104.705811	1.000000
0.000000	285.121887	-42.442844	1.000000
0.000000	86.588142	46.895378	1.000000
0.000000	-1556.105469	94.082222	1.000000
0.000000	75194.796875	-7422.202148	1.000000
0.000000	47.961647	280.453125	1.000000
0.000000	-337.049561	-720.712036	1.000000
0.000000	1186.726807	-9726.990234	1.000000
0.000000	189.922791	192.072021	1.000000
0.000000	139.836090	136.395584	1.000000
0.000000	-3921.406494	-4719.040527	1.000000
0.000000	386.858490	211.522018	1.000000
0.000000	-1925.513062	-2891.620361	1.000000
0.000000	-48.400856	154.919388	1.000000
0.000000	22223.546875	38960.507812	1.000000
0.000000	220.500977	-24.323343	1.000000
0.000000	754.978699	-552.045715	1.000000
0.000000	1140.276611	634.917908	1.000000
0.000000	-314.345612	504.067932	1.000000
0.000000	59.369259	-214.003906	1.000000
0.000000	9517.838867	4956.262207	1.000000
0.000000	-92739.765625	-330132.718750	1.000000
0.000000	7855.319824	16944.050781	1.000000
0.000000	126.517578	-85.336288	1.000000
0.000000	3356.352295	-1036.869995	1.000000
0.000000	-423428.937500	-81846.921875	1.000000
0.000000	-44105600.000000	-10494824.000000	1.000000
0.000000	5964.333008	-4701.083496	1.000000
0.000000	-238.301849	34.565121	1.000000
0.000000	910.989258	-1758.126587	1.000000
0.000000	5955.817383	438.236450	1.000000
0.000000	-139.181778	-50.620762	1.000000
0.000000	-351.971252	1023.064331	1.000000
0.000000	-18800.486328	200.080154	1.000000
0.000000	-496.347839	-153.325729	1.000000
0.000000	283.573639	-215.777466	1.000000
0.000000	14424.097656	-11090.627930	1.000000
