0.000000	31370.609375	455932.500000	1.000000
0.000000	215060.750000	175437.515625	1.000000
0.000000	1216.708740	-12980.334961	1.000000
0.000000	-317.922668	645.711487	1.000000
0.000000	16872.716797	27187.093750	1.000000
0.000000	-13495.297852	708.693054	1.000000
0.000000	-500.317413	-2544.246826	1.000000
0.000000	-595529.312500	1523932.125000	1.000000
0.000000	3678.059326	-2027.446289	1.000000
0.000000	9292453.000000	3386659.750000	1.000000
0.000000	78697400.000000	19959642.000000	1.000000
0.000000	-474.411011	-238.981079	1.000000
0.000000	-392.662415	278.240356	1.000000
0.000000	84.981163	-449.815704	1.000000
0.000000	-73337376.000000	-31090268.000000	1.000000
0.000000	914.604065	-4418.022949	1.000000
0.000000	422.981445	-609.329956	1.000000
0.000000	-6277.161621	7983.154297	1.000000
0.000000	-986.819275	10.406845	1.000000
0.000000	-374.223297	481.023468	1.000000
0.000000	966.164368	8211.022461	1.000000
0.000000	10431.562500	85134.757812	1.000000
0.000000	-87.615654	1024.942505	1.000000
0.000000	383.708710	-45.695808	1.000000
0.000000	-206989.078125	-53481.425781	1.000000
0.000000	620.893982	-42.718536	1.000000
0.000000	10383.737305	35166.925781	1.000000
0.000000	-4131.269531	11539.712891	1.000000
0.000000	590.156555	-280.909088	1.000000
0.000000	-61259.101562	-273296.843750	1.000000
0.000000	5049.348633	-8737.214844	1.000000
0.000000	5080.446289	957.693237	1.000000
0.000000	-455.965515	542.593933	1.000000
0.000000	-688.882507	-65.858139	1.000000
0.000000	-402.421234	-162.601334	1.000000
0.000000	5051.097656	2867.273682	1.000000
0.000000	-183.283295	-143.649124	1.000000
0.000000	-5899.316895	-1636.812378	1.000000
0.000000	-246213.890625	-73927.343750	1.000000
0.000000	-46574.167969	-6286.320801	1.000000
0.000000	626.463196	221.704453	1.000000
0.000000	659.293518	-155.967224	1.000000
0.000000	-3.705274	444.921631	1.000000
0.000000	-173.680191	-321.042358	1.000000
0.000000	73.511841	440.464691	1.000000
0.000000	-638.569641	-81.191147	1.000000
0.000000	-3911.288086	3236.193848	1.000000
0.000000	-944.436279	600.081116	1.000000
0.000000	-157.682022	-458.845337	1.000000
0.000000	-456.833313	-123.644691	1.000000
0.000000	7245.888184	6257.669922	1.000000
0.000000	-980.724304	1521.831665	1.000000
0.000000	-89.638748	1179.237793	1.000000
0.000000	-3515.725342	-11481.481445	1.000000
0.000000	489.905457	33.855095	1.000000
0.000000	-11.501501	-470.330078	1.000000
0.000000	334.191071	110.713913	1.000000
0.000000	29405522.000000	-21550876.000000	1.000000
0.000000	-718.727844	1782.456665	1.000000
0.000000	363.925140	673.969543	1.000000
0.000000	1607.996216	26067.306641	1.000000
0.000000	3341.244629	-1837.713379	1.000000
0.000000	-197.012634	-425.231750	1.000000
0.000000	270.464691	-532.381958	1.000000
0.000000	5261.373535	-3059.657715	1.000000
0.000000	401222.812500	-1051564.750000	1.000000
0.000000	40033.140625	142425.500000	1.000000
0.000000	899154304.000000	-490293056.000000	1.000000
0.000000	4986.944336	-15025.279297	1.000000
0.000000	-11819835.000000	-661055.687500	1.000000
0.000000	10714.069336	-14943.196289	1.000000
0.000000	-78.928253	-551.154114	1.000000
0.000000	-421.513428	-899.183777	1.000000
0.000000	-305.093079	915.389404	1.000000
0.000000	424083.937500	2441.340576	1.000000
0.000000	-9537.998047	10592.965820	1.000000
0.000000	-366.411652	491.710022	1.000000
0.000000	15.268954	-481.926483	1.000000
0.000000	3441.103027	-13483.040039	1.000000
0.000000	-935690816.000000	516809408.000000	1.000000
0.000000	1333545.500000	80427.859375	1.000000
0.000000	370982.437500	-121762.703125	1.000000
0.000000	282224.500000	227456.906250	1.000000
0.000000	24726.212891	-23045.417969	1.000000
0.000000	2203343.750000	933419.437500	1.000000
0.000000	-254.377304	384.955872	1.000000
0.000000	-101.364555	-76.174919	1.000000
0.000000	-3045.438721	-217.325912	1.000000
0.000000	-1693.737427	1911.622681	1.000000
0.000000	188.020966	450.493774	1.000000
0.000000	-37.772861	-233.697845	1.000000
0.000000	-1399.098022	1049.520874	1.000000
0.000000	1075.400879	-290.162231	1.000000
0.000000	277.217346	3.988292	1.000000
0.000000	-4355021.000000	2416277.250000	1.000000
0.000000	1272.212646	708.859558	1.000000
0.000000	-310.783020	-88086.031250	1.000000
0.000000	1711789.125000	-2028472.500000	1.000000
0.000000	848.000610	-1323.713867	1.000000
0.000000	-105.799408	-5410.610840	1.000000
0.000000	691415.187500	-227617.843750	1.000000
0.000000	12310197.000000	-6573529.500000	1.000000
0.000000	-21989.873047	-21693.917969	1.000000
0.000000	170852.828125	-24638.042969	1.000000
0.000000	-56.761181	355.689240	1.000000
0.000000	470.545868	-88.623543	1.000000
0.000000	438.531433	-1835.651123	1.000000
0.000000	-272.867310	-383.775787	1.000000
0.000000	175.144043	-443.300873	1.000000
0.000000	-936.577148	1249.308716	1.000000
0.000000	-392.273865	-3066.701416	1.000000
0.000000	-54057.320312	119833.890625	1.000000
0.000000	155.144440	421.922363	1.000000
0.000000	-532.153015	73.659676	1.000000
0.000000	46.422237	-1025.915405	1.000000
0.000000	-64453.933594	15438.988281	1.000000
0.000000	2489.709717	961.818665	1.000000
0.000000	55927.519531	149698.984375	1.000000
0.000000	-13410.170898	6545.073242	1.000000
0.000000	-41924.847656	-29677.226562	1.000000
0.000000	-8304.950195	13915.777344	1.000000
0.000000	472.468262	419.863403	1.000000
0.000000	-444.915100	293.892334	1.000000
0.000000	1685.229980	3052.176514	1.000000
0.000000	806.602417	-462.004730	1.000000
0.000000	1807.481689	-17.724670	1.000000
0.000000	601.721436	-713.113342	1.000000
0.000000	13952.267578	-14414.660156	1.000000
0.000000	-453.592407	-228.810776	1.000000
0.000000	-1234.465332	1357.912231	1.000000
0.000000	358.866119	381.106964	1.000000
0.000000	-13165.502930	-3022.166260	1.000000
0.000000	-28775.003906	-61651.671875	1.000000
0.000000	1796.156982	8202.790039	1.000000
0.000000	-2422.027344	1707.367676	1.000000
0.000000	254.540070	-220.957596	1.000000
0.000000	-45.516285	80.059227	1.000000
0.000000	-3711.744385	-15897.907227	1.000000
0.000000	931.446350	20.804901	1.000000
0.000000	-8953.138672	12946.003906	1.000000
0.000000	-844.013550	-3341.468750	1.000000
0.000000	923.838196	741.260681	1.000000
0.000000	454.196320	-290.094910	1.000000
0.000000	-5478.554199	-20484.537109	1.000000
0.000000	10.856497	-492.543243	1.000000
0.000000	22468.281250	-24763.560547	1.000000
0.000000	-414.153534	-301.012817	1.000000
0.000000	-3300464.250000	1376390.750000	1.000000
0.000000	-18048.791016	-1418.062134	1.000000
0.000000	-128.843201	730.546021	1.000000
0.000000	214.599213	-502.323090	1.000000
0.000000	6738.795410	2544.346680	1.000000
0.000000	-25976.630859	-23312.488281	1.000000
0.000000	-586712.625000	317567.031250	1.000000
0.000000	-108536.234375	248928.546875	1.000000
0.000000	37855.453125	-56191.003906	1.000000
0.000000	708.429688	-1849.112427	1.000000
0.000000	201.698441	314.768158	1.000000
0.000000	-258.328308	-262.023071	1.000000
0.000000	-433.240662	841.159058	1.000000
0.000000	4112436.000000	2116301.500000	1.000000
0.000000	331.726349	243.891098	1.000000
0.000000	-45340.746094	76117.000000	1.000000
0.000000	855.196228	1765.387451	1.000000
0.000000	4992.903809	12521.536133	1.000000
0.000000	602.795959	1441.849609	1.000000
0.000000	-44215.292969	2488.486084	1.000000
0.000000	245570.171875	-842228.687500	1.000000
0.000000	-376.567352	-212.283920	1.000000
0.000000	610.481628	-117.316200	1.000000
0.000000	-32916.628906	-140162.171875	1.000000
0.000000	-14392.549805	-13408.906250	1.000000
0.000000	-547.951416	-90.595924	1.000000
0.000000	-323805.781250	730136.875000	1.000000
0.000000	-31219.183594	-19587.011719	1.000000
0.000000	-573.835205	-1149.407593	1.000000
0.000000	192.547501	-515.493774	1.000000
0.000000	-3470.160645	-12823.882812	1.000000
0.000000	140.092957	-477.600983	1.000000
0.000000	3250.676270	2839.936035	1.000000
0.000000	107.064117	42.104836	1.000000
0.000000	798971.437500	-982912.687500	1.000000
0.000000	-543.722961	435.524231	1.000000
0.000000	-3122.338135	-2137.865479	1.000000
0.000000	-61.576321	3059.086182	1.000000
0.000000	-432.843079	415.673309	1.000000
0.000000	19768.634766	10682.367188	1.000000
0.000000	233.919403	558.256042	1.000000
0.000000	-3519.982422	-1964.272583	1.000000
0.000000	65151.589844	112814.132812	1.000000
0.000000	387.653534	323.245148	1.000000
0.000000	484892.843750	100962.109375	1.000000
0.000000	-359.471344	344.034973	1.000000
0.000000	78.165535	454.747314	1.000000
0.000000	347.497467	275.096008	1.000000
0.000000	-451.460266	-106.163788	1.000000
0.000000	-52359.550781	-2863.564697	1.000000
0.000000	11482.444336	1515.147827	1.000000
0.000000	-34.771599	-339.360992	1.000000
0.000000	97.349922	1618.499268	1.000000
0.000000	-7880.702637	-93294.546875	1.000000
0.000000	-662.495605	981.943604	1.000000
0.000000	-148.678665	420.166992	1.000000
0.000000	480.664215	-122.914543	1.000000
0.000000	64.845184	499.296570	1.000000
0.000000	-43020.925781	-77621.445312	1.000000
0.000000	178.610458	-1188.720947	1.000000
0.000000	67.082245	459.131409	1.000000
0.000000	-157.477402	-50.542290	1.000000
0.000000	-473.529785	868.524292	1.000000
0.000000	502.822601	-47.006317	1.000000
0.000000	253.792328	1152.798462	1.000000
0.000000	-253.602173	298.990814	1.000000
0.000000	367.667206	607.944519	1.000000
0.000000	-11152.196289	543.471130	1.000000
0.000000	28171368.000000	16549397.000000	1.000000
0.000000	409.813507	-749.695557	1.000000
0.000000	-32714.859375	266676.250000	1.000000
0.000000	-382.870361	1.357080	1.000000
0.000000	1610.367432	2590.110352	1.000000
0.000000	4393.475098	10715.133789	1.000000
0.000000	-48370.492188	-126250.796875	1.000000
0.000000	-78.584656	-587.596558	1.000000
0.000000	1929694.125000	165324.671875	1.000000
0.000000	-179969.140625	-177937.812500	1.000000
0.000000	-70328.554688	13652.075195	1.000000
0.000000	355.482208	-239.664246	1.000000
0.000000	-131157.406250	15106.550781	1.000000
0.000000	-1206.198853	302.865173	1.000000
0.000000	-1421.283081	883.893677	1.000000
0.000000	-1225.605225	1314.692261	1.000000
0.000000	49295.300781	57696.843750	1.000000
0.000000	83758.460938	3592.186768	1.000000
0.000000	1200.743286	-357.065918	1.000000
0.000000	-487.719696	-342.783783	1.000000
0.000000	-1589278.625000	-1200867.375000	1.000000
0.000000	-414.723083	182.477707	1.000000
0.000000	2590553.750000	19499.644531	1.000000
0.000000	187.104614	-322.737091	1.000000
0.000000	-10535.675781	13316.005859	1.000000
0.000000	1826645.375000	135295.046875	1.000000
0.000000	-1547.861694	939.903076	1.000000
0.000000	412.728241	82.414009	1.000000
0.000000	471.016174	-110.606461	1.000000
0.000000	331.729187	873.543396	1.000000
0.000000	-10718.272461	7524.474121	1.000000
0.000000	-515.497314	189.674957	1.000000
0.000000	27339.623047	26045.402344	1.000000
0.000000	180.376251	393.707794	1.000000
0.000000	279.607513	643.499939	1.000000
0.000000	-186.785736	-9019.986328	1.000000
0.000000	-5746.155762	9776.240234	1.000000
0.000000	459243.406250	25475.453125	1.000000
0.000000	-1151.666748	1150.265137	1.000000
0.000000	2293.939453	-5173.933105	1.000000
0.000000	3489.907715	-2234.844482	1.000000
0.000000	219.828766	193.311630	1.000000
0.000000	347.662933	254.635559	1.000000
0.000000	903.919800	-869.984375	1.000000
0.000000	1224.233521	11586.557617	1.000000
0.000000	17899.761719	-23813.611328	1.000000
0.000000	463.586761	-27.182426	1.000000
0.000000	-5.236479	-352.529388	1.000000
0.000000	1027.652588	1254.720459	1.000000
0.000000	554.556091	-49.330853	1.000000
0.000000	129.806107	312.887848	1.000000
0.000000	-1299.501465	176.261810	1.000000
0.000000	75447.453125	-7393.251953	1.000000
0.000000	119.720299	540.200256	1.000000
0.000000	-67.557846	-720.712036	1.000000
0.000000	1169.619873	-9458.542969	1.000000
0.000000	352.898773	406.731140	1.000000
0.000000	345.401794	310.698273	1.000000
0.000000	-3797.710205	-4479.543457	1.000000
0.000000	652.673950	255.440781	1.000000
0.000000	-2141.695801	-3052.162354	1.000000
0.000000	65.180695	399.351135	1.000000
0.000000	22265.656250	39234.218750	1.000000
0.000000	489.946014	-23.439211	1.000000
0.000000	1024.413452	-547.440002	1.000000
0.000000	1373.194092	770.457458	1.000000
0.000000	-325.530914	773.177979	1.000000
0.000000	229.369400	-423.086884	1.000000
0.000000	9654.694336	4724.660645	1.000000
0.000000	-92613.437500	-330301.156250	1.000000
0.000000	8123.767090	16954.578125	1.000000
0.000000	300.383240	-291.268921	1.000000
0.000000	3444.518799	-781.927490	1.000000
0.000000	-423260.500000	-82057.468750	1.000000
0.000000	-44105600.000000	-10494824.000000	1.000000
0.000000	6085.397461	-4461.586426	1.000000
0.000000	-340.614471	283.916168	1.000000
0.000000	1147.196533	-1628.508667	1.000000
0.000000	5745.270508	270.785889	1.000000
0.000000	-389.370667	-150.824020	1.000000
0.000000	-621.076477	1009.905151	1.000000
0.000000	-18758.376953	-66.002563	1.000000
0.000000	-765.782043	-160.810013	1.000000
0.000000	314.333221	-483.554413	1.000000
0.000000	14671.490234	-10985.354492	1.000000
