0.000000	31446.312500	455861.250000	1.000000
0.000000	215025.125000	175330.640625	1.000000
0.000000	1199.731201	-12866.780273	1.000000
0.000000	-431.894836	647.381409	1.000000
0.000000	16881.623047	27302.875000	1.000000
0.000000	-13606.625977	734.437683	1.000000
0.000000	-602.608093	-2494.149170	1.000000
0.000000	-595386.812500	1523932.125000	1.000000
0.000000	3619.612061	-2125.415039	1.000000
0.000000	9292453.000000	3386659.750000	1.000000
0.000000	78697400.000000	19959642.000000	1.000000
0.000000	-364.404907	-209.131226	1.000000
0.000000	-338.668274	177.836304	1.000000
0.000000	89.173363	-335.913116	1.000000
0.000000	-73337376.000000	-31090268.000000	1.000000
0.000000	815.382874	-4473.687012	1.000000
0.000000	396.262695	-498.550049	1.000000
0.000000	-6218.157715	7885.185547	1.000000
0.000000	-987.097595	124.409821	1.000000
0.000000	-335.119293	373.939728	1.000000
0.000000	941.672180	8099.694336	1.000000
0.000000	10329.140625	85081.320312	1.000000
0.000000	-65.558769	913.057739	1.000000
0.000000	299.795135	31.465103	1.000000
0.000000	-207060.328125	-53401.269531	1.000000
0.000000	507.203094	-51.642181	1.000000
0.000000	10385.963867	35282.707031	1.000000
0.000000	-4019.561279	11561.978516	1.000000
0.000000	490.517883	-225.523346	1.000000
0.000000	-61374.882812	-273296.843750	1.000000
0.000000	5117.258789	-8828.503906	1.000000
0.000000	4970.231445	929.582886	1.000000
0.000000	-350.830017	498.480194	1.000000
0.000000	-605.525574	-143.544296	1.000000
0.000000	-313.358734	-91.490494	1.000000
0.000000	4947.562500	2819.959229	1.000000
0.000000	-77.269722	-101.751015	1.000000
0.000000	-5811.367676	-1564.727417	1.000000
0.000000	-246249.515625	-73820.468750	1.000000
0.000000	-46663.230469	-6217.297363	1.000000
0.000000	538.513977	149.132431	1.000000
0.000000	593.470764	-62.926601	1.000000
0.000000	-2.681685	330.949463	1.000000
0.000000	-122.328178	-219.259262	1.000000
0.000000	59.337765	327.327484	1.000000
0.000000	-595.569153	-186.778915	1.000000
0.000000	-4004.803711	3301.320801	1.000000
0.000000	-879.726807	506.152374	1.000000
0.000000	-132.598404	-347.656372	1.000000
0.000000	-345.296448	-100.196205	1.000000
0.000000	7132.333496	6269.916016	1.000000
0.000000	-918.519714	1617.295532	1.000000
0.000000	-24.842781	1273.031738	1.000000
0.000000	-3449.485107	-11574.997070	1.000000
0.000000	384.630798	-9.863426	1.000000
0.000000	-14.319494	-356.357910	1.000000
0.000000	220.277573	114.662582	1.000000
0.000000	29405522.000000	-21550876.000000	1.000000
0.000000	-626.882141	1715.103149	1.000000
0.000000	439.002045	588.107727	1.000000
0.000000	1666.721802	26165.275391	1.000000
0.000000	3297.826660	-1732.229980	1.000000
0.000000	-137.034607	-328.306702	1.000000
0.000000	208.955902	-436.416290	1.000000
0.000000	5331.510254	-2970.038574	1.000000
0.000000	401151.562500	-1051564.750000	1.000000
0.000000	40131.109375	142496.750000	1.000000
0.000000	899154304.000000	-490293056.000000	1.000000
0.000000	5060.420898	-14938.443359	1.000000
0.000000	-11819835.000000	-661198.187500	1.000000
0.000000	10656.178711	-15041.165039	1.000000
0.000000	-45.251492	-442.236298	1.000000
0.000000	-335.442871	-824.454773	1.000000
0.000000	-418.995667	919.285889	1.000000
0.000000	424226.437500	2469.729248	1.000000
0.000000	-9426.669922	10619.684570	1.000000
0.000000	-255.779266	519.124573	1.000000
0.000000	25.253536	-368.371796	1.000000
0.000000	3429.970215	-13369.485352	1.000000
0.000000	-935690816.000000	516809408.000000	1.000000
0.000000	1333545.500000	80320.984375	1.000000
0.000000	370839.937500	-121744.890625	1.000000
0.000000	282367.000000	227421.281250	1.000000
0.000000	24828.634766	-23098.855469	1.000000
0.000000	2203343.750000	933561.937500	1.000000
0.000000	-194.329697	288.030823	1.000000
0.000000	9.892851	-51.317432	1.000000
0.000000	-3116.688721	-306.373291	1.000000
0.000000	-1680.378052	1798.346313	1.000000
0.000000	135.453217	349.324341	1.000000
0.000000	-8.484854	-123.517799	1.000000
0.000000	-1289.161499	1079.579468	1.000000
0.000000	979.102112	-229.125183	1.000000
0.000000	251.884567	-107.160843	1.000000
0.000000	-4355021.000000	2416277.250000	1.000000
0.000000	1173.687256	651.664734	1.000000
0.000000	-199.228439	-88068.218750	1.000000
0.000000	1711789.125000	-2028472.500000	1.000000
0.000000	826.709106	-1435.598633	1.000000
0.000000	-199.527893	-5346.040527	1.000000
0.000000	691415.187500	-227510.968750	1.000000
0.000000	12310197.000000	-6573529.500000	1.000000
0.000000	-21963.154297	-21582.589844	1.000000
0.000000	170745.953125	-24571.246094	1.000000
0.000000	-7.700677	252.780319	1.000000
0.000000	361.444305	-55.470871	1.000000
0.000000	548.885437	-1807.262451	1.000000
0.000000	-197.859985	-297.913971	1.000000
0.000000	133.639526	-337.121674	1.000000
0.000000	-903.874512	1140.207153	1.000000
0.000000	-281.780701	-3094.533447	1.000000
0.000000	-53941.539062	119833.890625	1.000000
0.000000	114.851898	315.256104	1.000000
0.000000	-421.881317	44.783939	1.000000
0.000000	-63.210361	-1057.087280	1.000000
0.000000	-64551.902344	15501.332031	1.000000
0.000000	2455.754639	852.995422	1.000000
0.000000	55838.457031	149627.734375	1.000000
0.000000	-13301.069336	6580.698242	1.000000
0.000000	-41835.785156	-29744.023438	1.000000
0.000000	-8398.465820	13851.207031	1.000000
0.000000	369.489746	371.018188	1.000000
0.000000	-360.931946	216.779922	1.000000
0.000000	1603.125488	3131.219482	1.000000
0.000000	696.526733	-432.294037	1.000000
0.000000	1880.679932	69.649727	1.000000
0.000000	579.455811	-601.367737	1.000000
0.000000	13976.759766	-14303.332031	1.000000
0.000000	-356.389038	-169.285019	1.000000
0.000000	-1191.325684	1463.395630	1.000000
0.000000	277.387848	301.368195	1.000000
0.000000	-13276.831055	-2997.117432	1.000000
0.000000	-28703.753906	-61562.609375	1.000000
0.000000	1733.813232	8107.047852	1.000000
0.000000	-2491.607422	1797.543457	1.000000
0.000000	150.239532	-174.965164	1.000000
0.000000	29.887558	165.563385	1.000000
0.000000	-3784.107666	-15986.969727	1.000000
0.000000	821.927307	-11.007648	1.000000
0.000000	-8839.583984	12937.097656	1.000000
0.000000	-878.386108	-3232.923828	1.000000
0.000000	936.223450	627.984314	1.000000
0.000000	342.798615	-265.881042	1.000000
0.000000	-5590.995605	-20502.349609	1.000000
0.000000	4.859564	-378.710236	1.000000
0.000000	22499.453125	-24652.232422	1.000000
0.000000	-337.267548	-216.820908	1.000000
0.000000	-3300464.250000	1376390.750000	1.000000
0.000000	-18008.712891	-1311.743774	1.000000
0.000000	-80.902519	627.150024	1.000000
0.000000	176.608490	-394.821869	1.000000
0.000000	6702.057129	2652.334961	1.000000
0.000000	-26083.505859	-23348.113281	1.000000
0.000000	-586712.625000	317495.781250	1.000000
0.000000	-108536.234375	249035.421875	1.000000
0.000000	37971.234375	-56191.003906	1.000000
0.000000	634.674805	-1762.276489	1.000000
0.000000	146.938919	214.781601	1.000000
0.000000	-232.267456	-373.003296	1.000000
0.000000	-402.138367	731.500854	1.000000
0.000000	4112436.000000	2116301.500000	1.000000
0.000000	219.980728	221.381943	1.000000
0.000000	-45296.214844	76010.125000	1.000000
0.000000	752.356873	1716.124756	1.000000
0.000000	4882.688965	12550.481445	1.000000
0.000000	614.067932	1555.404297	1.000000
0.000000	-44135.136719	2404.989990	1.000000
0.000000	245677.046875	-842228.687500	1.000000
0.000000	-273.449677	-163.717026	1.000000
0.000000	496.787811	-126.100685	1.000000
0.000000	-32961.160156	-140055.296875	1.000000
0.000000	-14354.698242	-13515.781250	1.000000
0.000000	-434.118408	-84.820778	1.000000
0.000000	-323663.281250	730136.875000	1.000000
0.000000	-31317.152344	-19644.902344	1.000000
0.000000	-470.745392	-1100.701538	1.000000
0.000000	161.758316	-405.763763	1.000000
0.000000	-3579.262207	-12790.484375	1.000000
0.000000	107.123016	-368.499420	1.000000
0.000000	3216.721191	2948.480957	1.000000
0.000000	53.106522	142.528793	1.000000
0.000000	799113.937500	-982912.687500	1.000000
0.000000	-431.281586	416.528870	1.000000
0.000000	-3231.439697	-2105.580322	1.000000
0.000000	-37.623379	2947.758057	1.000000
0.000000	-352.408508	334.890839	1.000000
0.000000	19826.525391	10584.398438	1.000000
0.000000	121.548569	577.460144	1.000000
0.000000	-3411.437500	-1928.647583	1.000000
0.000000	65115.964844	112707.257812	1.000000
0.000000	303.600800	246.224426	1.000000
0.000000	484892.843750	100855.234375	1.000000
0.000000	-277.018951	265.339905	1.000000
0.000000	79.609322	340.775146	1.000000
0.000000	327.945465	162.793762	1.000000
0.000000	-337.696838	-98.910065	1.000000
0.000000	-52404.082031	-2967.099854	1.000000
0.000000	11422.327148	1418.292358	1.000000
0.000000	-65.752129	-229.641571	1.000000
0.000000	30.779266	1711.179932	1.000000
0.000000	-7875.136230	-93187.671875	1.000000
0.000000	-594.167969	1073.232666	1.000000
0.000000	-73.358238	334.583496	1.000000
0.000000	371.701813	-89.394341	1.000000
0.000000	58.600368	385.463562	1.000000
0.000000	-42931.863281	-77692.695312	1.000000
0.000000	267.712311	-1117.470947	1.000000
0.000000	7.746356	361.788879	1.000000
0.000000	-106.467857	-152.490326	1.000000
0.000000	-463.092773	754.969604	1.000000
0.000000	423.153412	34.533691	1.000000
0.000000	226.690887	1042.026978	1.000000
0.000000	-200.269043	198.238876	1.000000
0.000000	275.821503	540.451843	1.000000
0.000000	-11038.641602	551.820740	1.000000
0.000000	28171368.000000	16549397.000000	1.000000
0.000000	332.927521	-665.503662	1.000000
0.000000	-32759.390625	266747.500000	1.000000
0.000000	-268.898193	4.253786	1.000000
0.000000	1515.460205	2653.010742	1.000000
0.000000	4504.803223	10688.415039	1.000000
0.000000	-48486.273438	-126250.796875	1.000000
0.000000	21.499424	-533.045776	1.000000
0.000000	1929694.125000	165253.421875	1.000000
0.000000	-180076.015625	-177937.812500	1.000000
0.000000	-70239.492188	13716.645508	1.000000
0.000000	286.945831	-148.583923	1.000000
0.000000	-131121.781250	14997.449219	1.000000
0.000000	-1104.611938	251.306335	1.000000
0.000000	-1349.754761	972.538696	1.000000
0.000000	-1196.103271	1204.477417	1.000000
0.000000	49268.582031	57589.968750	1.000000
0.000000	83847.523438	3660.653564	1.000000
0.000000	1092.198364	-391.716797	1.000000
0.000000	-386.411102	-290.529144	1.000000
0.000000	-1589278.625000	-1200867.375000	1.000000
0.000000	-304.716980	152.523483	1.000000
0.000000	2590553.750000	19397.222656	1.000000
0.000000	147.513550	-215.849014	1.000000
0.000000	-10468.878906	13222.490234	1.000000
0.000000	1826645.375000	135366.296875	1.000000
0.000000	-1560.942749	826.626709	1.000000
0.000000	301.608856	56.980087	1.000000
0.000000	376.178528	-47.323380	1.000000
0.000000	422.739929	942.149353	1.000000
0.000000	-10640.342773	7440.978027	1.000000
0.000000	-403.751709	167.096222	1.000000
0.000000	27335.169922	25929.621094	1.000000
0.000000	97.158485	315.778107	1.000000
0.000000	274.458588	529.666931	1.000000
0.000000	-75.883263	-9046.705078	1.000000
0.000000	-5632.601074	9774.013672	1.000000
0.000000	459172.156250	25560.062500	1.000000
0.000000	-1044.791748	1110.743652	1.000000
0.000000	2202.093750	-5241.843262	1.000000
0.000000	3487.681152	-2120.733154	1.000000
0.000000	157.485016	97.882553	1.000000
0.000000	250.181244	195.562073	1.000000
0.000000	953.043335	-767.145020	1.000000
0.000000	1211.152466	11700.112305	1.000000
0.000000	18011.089844	-23791.345703	1.000000
0.000000	349.892914	-18.893700	1.000000
0.000000	-11.622155	-238.696381	1.000000
0.000000	1122.281494	1191.263428	1.000000
0.000000	440.583923	-46.417187	1.000000
0.000000	111.525658	200.376846	1.000000
0.000000	-1408.046387	141.506561	1.000000
0.000000	75340.578125	-7405.498047	1.000000
0.000000	89.365990	430.315491	1.000000
0.000000	-181.564804	-720.712036	1.000000
0.000000	1176.856201	-9572.097656	1.000000
0.000000	283.944916	315.929138	1.000000
0.000000	258.426697	236.952377	1.000000
0.000000	-3850.034424	-4580.852051	1.000000
0.000000	540.232544	236.862900	1.000000
0.000000	-2050.406738	-2984.252197	1.000000
0.000000	17.135647	295.955139	1.000000
0.000000	22247.843750	39118.437500	1.000000
0.000000	375.973846	-23.813204	1.000000
0.000000	910.440735	-549.388245	1.000000
0.000000	1274.668701	713.123474	1.000000
0.000000	-320.799469	659.344971	1.000000
0.000000	157.458389	-334.650604	1.000000
0.000000	9596.803711	4822.629395	1.000000
0.000000	-92666.875000	-330229.906250	1.000000
0.000000	8010.212402	16950.125000	1.000000
0.000000	226.837097	-204.154678	1.000000
0.000000	3407.223877	-889.776611	1.000000
0.000000	-423331.750000	-81968.406250	1.000000
0.000000	-44105600.000000	-10494824.000000	1.000000
0.000000	6034.186523	-4562.895020	1.000000
0.000000	-297.335663	178.432770	1.000000
0.000000	1047.279541	-1683.337769	1.000000
0.000000	5834.333008	341.618408	1.000000
0.000000	-283.539368	-108.441734	1.000000
0.000000	-507.243469	1015.471558	1.000000
0.000000	-18776.189453	46.552528	1.000000
0.000000	-651.809875	-157.644119	1.000000
0.000000	301.321747	-370.278046	1.000000
0.000000	14566.841797	-11029.885742	1.000000
