0.000000	31517.367188	455794.375000	1.000000
0.000000	214991.687500	175230.328125	1.000000
0.000000	1183.796143	-12760.198242	1.000000
0.000000	-538.868713	648.948792	1.000000
0.000000	16889.982422	27411.546875	1.000000
0.000000	-13711.118164	758.601501	1.000000
0.000000	-698.610291	-2447.127686	1.000000
0.000000	-595253.062500	1523932.125000	1.000000
0.000000	3564.753662	-2217.368164	1.000000
0.000000	9292453.000000	3386659.750000	1.000000
0.000000	78697400.000000	19959642.000000	1.000000
0.000000	-261.153564	-181.114258	1.000000
0.000000	-287.989563	83.589722	1.000000
0.000000	93.108147	-228.996292	1.000000
0.000000	-73337376.000000	-31090268.000000	1.000000
0.000000	722.254211	-4525.933105	1.000000
0.000000	371.184570	-394.515015	1.000000
0.000000	-6162.776855	7793.232422	1.000000
0.000000	-987.358826	231.416351	1.000000
0.000000	-298.416412	273.431305	1.000000
0.000000	918.683899	7995.202148	1.000000
0.000000	10233.007812	85031.164062	1.000000
0.000000	-44.856258	808.043091	1.000000
0.000000	220.046265	103.770523	1.000000
0.000000	-207127.203125	-53326.035156	1.000000
0.000000	400.555756	-60.017883	1.000000
0.000000	10388.053711	35391.378906	1.000000
0.000000	-3914.546631	11582.876953	1.000000
0.000000	396.997375	-173.538483	1.000000
0.000000	-61483.554688	-273296.843750	1.000000
0.000000	5180.999023	-8914.187500	1.000000
0.000000	4866.784180	903.198608	1.000000
0.000000	-252.150208	457.075165	1.000000
0.000000	-527.287048	-216.460251	1.000000
0.000000	-229.754745	-24.741308	1.000000
0.000000	4850.384766	2775.550049	1.000000
0.000000	22.242104	-62.419502	1.000000
0.000000	-5728.818848	-1497.068726	1.000000
0.000000	-246282.953125	-73720.156250	1.000000
0.000000	-46746.824219	-6152.512207	1.000000
0.000000	456.009491	81.005325	1.000000
0.000000	531.689758	24.398457	1.000000
0.000000	-1.720949	223.965805	1.000000
0.000000	-75.175652	-125.050903	1.000000
0.000000	46.039501	221.148010	1.000000
0.000000	-555.209045	-285.873383	1.000000
0.000000	-4092.577148	3362.448730	1.000000
0.000000	-818.990723	418.052399	1.000000
0.000000	-109.055008	-243.294800	1.000000
0.000000	-240.603546	-78.187538	1.000000
0.000000	7025.751465	6281.410156	1.000000
0.000000	-860.134705	1706.897583	1.000000
0.000000	35.971931	1361.066406	1.000000
0.000000	-3387.312256	-11662.770508	1.000000
0.000000	284.030273	-46.136749	1.000000
0.000000	-16.964453	-249.384033	1.000000
0.000000	113.336357	118.368790	1.000000
0.000000	29405522.000000	-21550876.000000	1.000000
0.000000	-540.676086	1651.885376	1.000000
0.000000	509.468964	507.521759	1.000000
0.000000	1721.841431	26257.228516	1.000000
0.000000	3257.074707	-1633.223633	1.000000
0.000000	-80.739433	-237.326477	1.000000
0.000000	151.223969	-346.357086	1.000000
0.000000	5397.340332	-2885.922363	1.000000
0.000000	401084.687500	-1051564.750000	1.000000
0.000000	40223.062500	142563.625000	1.000000
0.000000	899154304.000000	-490293056.000000	1.000000
0.000000	5129.385742	-14856.939453	1.000000
0.000000	-11819835.000000	-661331.937500	1.000000
0.000000	10601.842773	-15133.118164	1.000000
0.000000	-13.642604	-340.029877	1.000000
0.000000	-254.657898	-754.314392	1.000000
0.000000	-525.912720	922.943115	1.000000
0.000000	424360.187500	2496.374756	1.000000
0.000000	-9322.177734	10644.762695	1.000000
0.000000	-151.907501	544.855774	1.000000
0.000000	34.625179	-261.789764	1.000000
0.000000	3419.520996	-13262.903320	1.000000
0.000000	-935690816.000000	516809408.000000	1.000000
0.000000	1333545.500000	80220.671875	1.000000
0.000000	370706.187500	-121728.171875	1.000000
0.000000	282500.750000	227387.843750	1.000000
0.000000	24924.767578	-23149.011719	1.000000
0.000000	2203343.750000	933695.687500	1.000000
0.000000	-137.969223	197.078461	1.000000
0.000000	114.318985	-27.985584	1.000000
0.000000	-3183.563721	-389.967041	1.000000
0.000000	-1667.838989	1692.025513	1.000000
0.000000	86.113319	254.367081	1.000000
0.000000	19.005543	-20.106655	1.000000
0.000000	-1185.975464	1107.792358	1.000000
0.000000	888.716370	-171.817749	1.000000
0.000000	228.079941	-211.489761	1.000000
0.000000	-4355021.000000	2416277.250000	1.000000
0.000000	1081.211670	597.981873	1.000000
0.000000	-94.507675	-88051.500000	1.000000
0.000000	1711789.125000	-2028472.500000	1.000000
0.000000	806.724976	-1540.613281	1.000000
0.000000	-287.497253	-5285.435059	1.000000
0.000000	691415.187500	-227410.656250	1.000000
0.000000	12310197.000000	-6573529.500000	1.000000
0.000000	-21938.076172	-21478.097656	1.000000
0.000000	170645.640625	-24508.550781	1.000000
0.000000	38.630054	160.000366	1.000000
0.000000	259.041962	-24.358953	1.000000
0.000000	652.463318	-1780.616943	1.000000
0.000000	-127.458382	-217.324387	1.000000
0.000000	94.697495	-237.462234	1.000000
0.000000	-873.179932	1037.804810	1.000000
0.000000	-178.047653	-3120.656494	1.000000
0.000000	-53832.867188	119833.890625	1.000000
0.000000	81.275642	218.125626	1.000000
0.000000	-318.368744	17.679121	1.000000
0.000000	-166.112732	-1086.345093	1.000000
0.000000	-64643.855469	15559.847656	1.000000
0.000000	2423.884521	750.854309	1.000000
0.000000	55754.863281	149560.859375	1.000000
0.000000	-13198.666992	6614.135742	1.000000
0.000000	-41752.191406	-29806.718750	1.000000
0.000000	-8486.239258	13790.601562	1.000000
0.000000	272.834473	325.172241	1.000000
0.000000	-282.105652	144.386429	1.000000
0.000000	1526.062500	3205.408936	1.000000
0.000000	593.210083	-404.407684	1.000000
0.000000	1949.383545	151.655060	1.000000
0.000000	558.557373	-496.474060	1.000000
0.000000	13999.748047	-14198.839844	1.000000
0.000000	-265.154297	-113.410088	1.000000
0.000000	-1150.834961	1562.401978	1.000000
0.000000	200.912628	226.525681	1.000000
0.000000	-13381.323242	-2973.606689	1.000000
0.000000	-28636.878906	-61479.015625	1.000000
0.000000	1675.297607	8017.184570	1.000000
0.000000	-2556.915039	1882.182129	1.000000
0.000000	52.331772	-131.796829	1.000000
0.000000	96.411331	242.851990	1.000000
0.000000	-3852.027588	-16070.563477	1.000000
0.000000	719.133118	-40.867027	1.000000
0.000000	-8733.001953	12928.738281	1.000000
0.000000	-910.648071	-3131.043945	1.000000
0.000000	947.848206	521.663513	1.000000
0.000000	238.241104	-243.172455	1.000000
0.000000	-5696.532715	-20519.068359	1.000000
0.000000	-0.769125	-271.866974	1.000000
0.000000	22528.710938	-24547.740234	1.000000
0.000000	-265.102631	-137.798691	1.000000
0.000000	-3300464.250000	1376390.750000	1.000000
0.000000	-17971.095703	-1211.953735	1.000000
0.000000	-35.900475	530.102905	1.000000
0.000000	140.950531	-293.921600	1.000000
0.000000	6667.574707	2753.692383	1.000000
0.000000	-26183.818359	-23381.550781	1.000000
0.000000	-586712.625000	317428.906250	1.000000
0.000000	-108536.234375	249135.734375	1.000000
0.000000	38079.906250	-56191.003906	1.000000
0.000000	565.448730	-1680.772583	1.000000
0.000000	95.541817	120.934563	1.000000
0.000000	-207.809753	-477.168945	1.000000
0.000000	-372.945862	628.576050	1.000000
0.000000	4112436.000000	2116301.500000	1.000000
0.000000	115.096695	200.254929	1.000000
0.000000	-45254.417969	75909.812500	1.000000
0.000000	655.832214	1669.886963	1.000000
0.000000	4779.241699	12577.649414	1.000000
0.000000	624.647766	1661.986328	1.000000
0.000000	-44059.902344	2326.620850	1.000000
0.000000	245777.359375	-842228.687500	1.000000
0.000000	-176.663788	-118.128769	1.000000
0.000000	390.075165	-134.358337	1.000000
0.000000	-33002.957031	-139954.984375	1.000000
0.000000	-14319.170898	-13616.093750	1.000000
0.000000	-327.275146	-79.400246	1.000000
0.000000	-323529.531250	730136.875000	1.000000
0.000000	-31409.105469	-19699.238281	1.000000
0.000000	-374.024811	-1054.986206	1.000000
0.000000	132.859695	-302.773651	1.000000
0.000000	-3681.664551	-12759.136719	1.000000
0.000000	76.183533	-266.097076	1.000000
0.000000	3184.851074	3050.360840	1.000000
0.000000	2.183006	232.989670	1.000000
0.000000	799247.687500	-982912.687500	1.000000
0.000000	-325.744476	398.699890	1.000000
0.000000	-3333.842041	-2075.277588	1.000000
0.000000	-15.138172	2843.265869	1.000000
0.000000	-276.912903	259.068695	1.000000
0.000000	19880.861328	10492.445312	1.000000
0.000000	16.089384	595.485046	1.000000
0.000000	-3309.557617	-1895.210083	1.000000
0.000000	65082.527344	112606.945312	1.000000
0.000000	224.709198	173.961548	1.000000
0.000000	484892.843750	100754.921875	1.000000
0.000000	-199.629425	191.448456	1.000000
0.000000	80.964455	233.794495	1.000000
0.000000	309.594025	57.386745	1.000000
0.000000	-230.918869	-92.101746	1.000000
0.000000	-52445.878906	-3064.277588	1.000000
0.000000	11365.901367	1327.384155	1.000000
0.000000	-93.771011	-125.375252	1.000000
0.000000	-31.699781	1798.169678	1.000000
0.000000	-7869.911621	-93087.359375	1.000000
0.000000	-530.035889	1158.916260	1.000000
0.000000	-2.669810	254.255127	1.000000
0.000000	269.430084	-57.932396	1.000000
0.000000	52.739010	278.620300	1.000000
0.000000	-42848.269531	-77759.570312	1.000000
0.000000	351.371368	-1050.595947	1.000000
0.000000	-47.947029	270.423523	1.000000
0.000000	-58.581970	-248.165985	1.000000
0.000000	-453.296631	648.387573	1.000000
0.000000	348.376190	111.071075	1.000000
0.000000	201.253571	938.057251	1.000000
0.000000	-150.210754	103.673454	1.000000
0.000000	189.640594	477.067474	1.000000
0.000000	-10932.059570	559.657654	1.000000
0.000000	28171368.000000	16549397.000000	1.000000
0.000000	260.762604	-586.481445	1.000000
0.000000	-32801.187500	266814.375000	1.000000
0.000000	-161.924316	6.972216	1.000000
0.000000	1426.380615	2712.048828	1.000000
0.000000	4609.295410	10663.336914	1.000000
0.000000	-48594.945312	-126250.796875	1.000000
0.000000	115.440735	-481.844574	1.000000
0.000000	1929694.125000	165186.546875	1.000000
0.000000	-180176.328125	-177937.812500	1.000000
0.000000	-70155.898438	13777.250977	1.000000
0.000000	222.617813	-63.083946	1.000000
0.000000	-131088.343750	14895.046875	1.000000
0.000000	-1009.242615	202.913391	1.000000
0.000000	-1282.618530	1055.790405	1.000000
0.000000	-1168.412842	1101.030151	1.000000
0.000000	49243.503906	57489.656250	1.000000
0.000000	83931.117188	3724.916260	1.000000
0.000000	990.275330	-424.239990	1.000000
0.000000	-291.323212	-241.492783	1.000000
0.000000	-1589278.625000	-1200867.375000	1.000000
0.000000	-201.465652	124.406464	1.000000
0.000000	2590553.750000	19301.089844	1.000000
0.000000	110.345764	-115.505890	1.000000
0.000000	-10406.183594	13134.716797	1.000000
0.000000	1826645.375000	135433.171875	1.000000
0.000000	-1573.220581	720.305908	1.000000
0.000000	198.299896	33.222340	1.000000
0.000000	288.955444	7.313007	1.000000
0.000000	508.162292	1006.542664	1.000000
0.000000	-10567.198242	7362.608887	1.000000
0.000000	-298.867676	145.903900	1.000000
0.000000	27330.990234	25820.949219	1.000000
0.000000	19.051252	242.633591	1.000000
0.000000	269.625824	422.769135	1.000000
0.000000	28.207855	-9071.783203	1.000000
0.000000	-5526.019043	9771.923828	1.000000
0.000000	459105.281250	25639.476562	1.000000
0.000000	-944.479187	1073.648926	1.000000
0.000000	2115.887695	-5305.583496	1.000000
0.000000	3485.591309	-2013.628662	1.000000
0.000000	98.961288	8.309162	1.000000
0.000000	158.685272	140.115906	1.000000
0.000000	999.150513	-670.620361	1.000000
0.000000	1198.874634	11806.694336	1.000000
0.000000	18115.582031	-23770.447266	1.000000
0.000000	243.180252	-11.115211	1.000000
0.000000	-17.615620	-131.853119	1.000000
0.000000	1211.099854	1131.702881	1.000000
0.000000	333.610046	-43.682430	1.000000
0.000000	94.366081	94.769295	1.000000
0.000000	-1509.926270	108.875847	1.000000
0.000000	75240.265625	-7416.992188	1.000000
0.000000	60.875542	327.194763	1.000000
0.000000	-288.561401	-720.712036	1.000000
0.000000	1183.648193	-9678.679688	1.000000
0.000000	219.243622	230.702698	1.000000
0.000000	176.823853	167.758957	1.000000
0.000000	-3899.145752	-4675.939941	1.000000
0.000000	434.695404	219.425766	1.000000
0.000000	-1964.469360	-2920.511963	1.000000
0.000000	-27.960640	198.908035	1.000000
0.000000	22231.125000	39009.765625	1.000000
0.000000	268.999969	-24.164232	1.000000
0.000000	803.466858	-551.216858	1.000000
0.000000	1182.193115	659.309998	1.000000
0.000000	-316.358551	552.501709	1.000000
0.000000	89.962975	-251.642914	1.000000
0.000000	9542.467773	4914.582520	1.000000
0.000000	-92717.031250	-330163.031250	1.000000
0.000000	7903.630371	16945.945312	1.000000
0.000000	157.806946	-122.390656	1.000000
0.000000	3372.218994	-991.003418	1.000000
0.000000	-423398.625000	-81884.812500	1.000000
0.000000	-44105600.000000	-10494824.000000	1.000000
0.000000	5986.120117	-4657.982910	1.000000
0.000000	-256.714325	79.434433	1.000000
0.000000	953.497803	-1734.800171	1.000000
0.000000	5917.926758	408.101562	1.000000
0.000000	-184.206497	-68.653069	1.000000
0.000000	-400.400208	1020.696167	1.000000
0.000000	-18792.908203	152.198837	1.000000
0.000000	-544.835999	-154.672623	1.000000
0.000000	289.109222	-263.957245	1.000000
0.000000	14468.619141	-11071.682617	1.000000
