0.000000	31373.265625	455930.000000	1.000000
0.000000	215059.500000	175433.765625	1.000000
0.000000	1216.113037	-12976.350586	1.000000
0.000000	-321.921692	645.770081	1.000000
0.000000	16873.029297	27191.156250	1.000000
0.000000	-13499.204102	709.596375	1.000000
0.000000	-503.908722	-2542.489014	1.000000
0.000000	-595524.312500	1523932.125000	1.000000
0.000000	3676.008545	-2030.883789	1.000000
0.000000	9292453.000000	3386659.750000	1.000000
0.000000	78697400.000000	19959642.000000	1.000000
0.000000	-470.551147	-237.933716	1.000000
0.000000	-390.767883	274.717407	1.000000
0.000000	85.128258	-445.819122	1.000000
0.000000	-73337376.000000	-31090268.000000	1.000000
0.000000	911.122620	-4419.976074	1.000000
0.000000	422.043945	-605.443237	1.000000
0.000000	-6275.091309	7979.716797	1.000000
0.000000	-986.829041	14.406860	1.000000
0.000000	-372.851227	477.266144	1.000000
0.000000	965.304993	8207.116211	1.000000
0.000000	10427.968750	85132.882812	1.000000
0.000000	-86.841728	1021.016724	1.000000
0.000000	380.764374	-42.988289	1.000000
0.000000	-206991.578125	-53478.613281	1.000000
0.000000	616.904724	-43.031647	1.000000
0.000000	10383.815430	35170.988281	1.000000
0.000000	-4127.363281	11540.494141	1.000000
0.000000	586.660461	-278.965729	1.000000
0.000000	-61263.164062	-273296.843750	1.000000
0.000000	5051.731445	-8740.417969	1.000000
0.000000	5076.579102	956.706909	1.000000
0.000000	-452.276550	541.046082	1.000000
0.000000	-685.957703	-68.583969	1.000000
0.000000	-399.296234	-160.106216	1.000000
0.000000	5047.464844	2865.613525	1.000000
0.000000	-179.563812	-142.179398	1.000000
0.000000	-5896.230957	-1634.283081	1.000000
0.000000	-246215.140625	-73923.593750	1.000000
0.000000	-46577.292969	-6283.898926	1.000000
0.000000	623.377258	219.158066	1.000000
0.000000	656.983948	-152.703064	1.000000
0.000000	-3.669358	440.922607	1.000000
0.000000	-171.878433	-317.470581	1.000000
0.000000	73.014404	436.494965	1.000000
0.000000	-637.060852	-84.895981	1.000000
0.000000	-3914.569336	3238.479004	1.000000
0.000000	-942.165771	596.785217	1.000000
0.000000	-156.801895	-454.943970	1.000000
0.000000	-452.919739	-122.821938	1.000000
0.000000	7241.903809	6258.099609	1.000000
0.000000	-978.541687	1525.181274	1.000000
0.000000	-87.365189	1182.528809	1.000000
0.000000	-3513.401123	-11484.762695	1.000000
0.000000	486.211609	32.320976	1.000000
0.000000	-11.600378	-466.331055	1.000000
0.000000	330.194489	110.852463	1.000000
0.000000	29405522.000000	-21550876.000000	1.000000
0.000000	-715.505188	1780.093384	1.000000
0.000000	366.559418	670.956848	1.000000
0.000000	1610.056763	26070.744141	1.000000
0.000000	3339.721191	-1834.012207	1.000000
0.000000	-194.908142	-421.830872	1.000000
0.000000	268.306488	-529.012817	1.000000
0.000000	5263.834473	-3056.513184	1.000000
0.000000	401220.312500	-1051564.750000	1.000000
0.000000	40036.578125	142428.000000	1.000000
0.000000	899154304.000000	-490293056.000000	1.000000
0.000000	4989.522461	-15022.232422	1.000000
0.000000	-11819835.000000	-661060.687500	1.000000
0.000000	10712.038086	-14946.633789	1.000000
0.000000	-77.746613	-547.330872	1.000000
0.000000	-418.493408	-896.561707	1.000000
0.000000	-309.089661	915.526123	1.000000
0.000000	424088.937500	2442.336670	1.000000
0.000000	-9534.091797	10593.903320	1.000000
0.000000	-362.529816	492.671936	1.000000
0.000000	15.619220	-477.942108	1.000000
0.000000	3440.712402	-13479.055664	1.000000
0.000000	-935690816.000000	516809408.000000	1.000000
0.000000	1333545.500000	80424.109375	1.000000
0.000000	370977.437500	-121762.078125	1.000000
0.000000	282229.500000	227455.656250	1.000000
0.000000	24729.806641	-23047.292969	1.000000
0.000000	2203343.750000	933424.437500	1.000000
0.000000	-252.270370	381.554993	1.000000
0.000000	-97.460747	-75.302727	1.000000
0.000000	-3047.938721	-220.449692	1.000000
0.000000	-1693.268677	1907.648071	1.000000
0.000000	186.176483	446.943970	1.000000
0.000000	-36.745335	-229.831879	1.000000
0.000000	-1395.240601	1050.575562	1.000000
0.000000	1072.021973	-288.021118	1.000000
0.000000	276.328674	0.088409	1.000000
0.000000	-4355021.000000	2416277.250000	1.000000
0.000000	1268.755615	706.852722	1.000000
0.000000	-306.869446	-88085.406250	1.000000
0.000000	1711789.125000	-2028472.500000	1.000000
0.000000	847.253540	-1327.639648	1.000000
0.000000	-109.088593	-5408.345215	1.000000
0.000000	691415.187500	-227614.093750	1.000000
0.000000	12310197.000000	-6573529.500000	1.000000
0.000000	-21988.935547	-21690.011719	1.000000
0.000000	170849.078125	-24635.699219	1.000000
0.000000	-55.039684	352.078400	1.000000
0.000000	466.717743	-87.460213	1.000000
0.000000	442.403503	-1834.655029	1.000000
0.000000	-270.235474	-380.763092	1.000000
0.000000	173.687744	-439.575287	1.000000
0.000000	-935.429688	1245.480591	1.000000
0.000000	-388.396912	-3067.677979	1.000000
0.000000	-54053.257812	119833.890625	1.000000
0.000000	153.730865	418.179688	1.000000
0.000000	-528.285828	72.646492	1.000000
0.000000	42.575497	-1027.009155	1.000000
0.000000	-64457.371094	15441.175781	1.000000
0.000000	2488.518311	958.000305	1.000000
0.000000	55924.394531	149696.484375	1.000000
0.000000	-13406.342773	6546.323242	1.000000
0.000000	-41921.722656	-29679.570312	1.000000
0.000000	-8308.231445	13913.511719	1.000000
0.000000	468.854980	418.149536	1.000000
0.000000	-441.968323	291.187256	1.000000
0.000000	1682.349121	3054.949951	1.000000
0.000000	802.740112	-460.962250	1.000000
0.000000	1810.050049	-14.658907	1.000000
0.000000	600.940186	-709.192444	1.000000
0.000000	13953.126953	-14410.753906	1.000000
0.000000	-450.181763	-226.722153	1.000000
0.000000	-1232.951660	1361.613403	1.000000
0.000000	356.007233	378.309113	1.000000
0.000000	-13169.409180	-3021.287354	1.000000
0.000000	-28772.503906	-61648.546875	1.000000
0.000000	1793.969482	8199.430664	1.000000
0.000000	-2424.468750	1710.531738	1.000000
0.000000	250.880402	-219.343826	1.000000
0.000000	-42.870411	83.059105	1.000000
0.000000	-3714.283447	-15901.032227	1.000000
0.000000	927.603577	19.688721	1.000000
0.000000	-8949.154297	12945.691406	1.000000
0.000000	-845.219604	-3337.660156	1.000000
0.000000	924.272766	737.286072	1.000000
0.000000	450.287628	-289.245300	1.000000
0.000000	-5482.499512	-20485.162109	1.000000
0.000000	10.646078	-488.549103	1.000000
0.000000	22469.375000	-24759.654297	1.000000
0.000000	-411.455780	-298.058716	1.000000
0.000000	-3300464.250000	1376390.750000	1.000000
0.000000	-18047.384766	-1414.331665	1.000000
0.000000	-127.161064	726.918091	1.000000
0.000000	213.266205	-498.551117	1.000000
0.000000	6737.506348	2548.135742	1.000000
0.000000	-25980.380859	-23313.738281	1.000000
0.000000	-586712.625000	317564.531250	1.000000
0.000000	-108536.234375	248932.296875	1.000000
0.000000	37859.515625	-56191.003906	1.000000
0.000000	705.841797	-1846.065552	1.000000
0.000000	199.777054	311.259857	1.000000
0.000000	-257.412781	-265.917114	1.000000
0.000000	-432.149353	837.311401	1.000000
0.000000	4112436.000000	2116301.500000	1.000000
0.000000	327.805450	243.101303	1.000000
0.000000	-45339.183594	76113.250000	1.000000
0.000000	851.587830	1763.658936	1.000000
0.000000	4989.036621	12522.551758	1.000000
0.000000	603.191467	1445.833984	1.000000
0.000000	-44212.480469	2485.556396	1.000000
0.000000	245573.921875	-842228.687500	1.000000
0.000000	-372.949188	-210.579819	1.000000
0.000000	606.492371	-117.624428	1.000000
0.000000	-32918.191406	-140158.421875	1.000000
0.000000	-14391.221680	-13412.656250	1.000000
0.000000	-543.957275	-90.393288	1.000000
0.000000	-323800.781250	730136.875000	1.000000
0.000000	-31222.621094	-19589.042969	1.000000
0.000000	-570.217041	-1147.698608	1.000000
0.000000	191.467178	-511.641449	1.000000
0.000000	-3473.988770	-12822.710938	1.000000
0.000000	138.935730	-473.772858	1.000000
0.000000	3249.484863	2843.744629	1.000000
0.000000	105.170807	45.628395	1.000000
0.000000	798976.437500	-982912.687500	1.000000
0.000000	-539.777649	434.857727	1.000000
0.000000	-3126.166260	-2136.732666	1.000000
0.000000	-60.735867	3055.179932	1.000000
0.000000	-430.020813	412.838837	1.000000
0.000000	19770.666016	10678.929688	1.000000
0.000000	229.976532	558.929871	1.000000
0.000000	-3516.173828	-1963.022583	1.000000
0.000000	65150.339844	112810.382812	1.000000
0.000000	384.704315	320.542511	1.000000
0.000000	484892.843750	100958.359375	1.000000
0.000000	-356.578278	341.273743	1.000000
0.000000	78.216194	450.748291	1.000000
0.000000	346.811432	271.155579	1.000000
0.000000	-447.468567	-105.909271	1.000000
0.000000	-52361.113281	-2867.197510	1.000000
0.000000	11480.334961	1511.749390	1.000000
0.000000	-35.858635	-335.510895	1.000000
0.000000	95.014107	1621.751221	1.000000
0.000000	-7880.507324	-93290.796875	1.000000
0.000000	-660.098145	985.146729	1.000000
0.000000	-146.035843	417.164062	1.000000
0.000000	476.840973	-121.738396	1.000000
0.000000	64.626068	495.302429	1.000000
0.000000	-43017.800781	-77623.945312	1.000000
0.000000	181.736679	-1186.220947	1.000000
0.000000	65.000336	455.715881	1.000000
0.000000	-155.687851	-54.119560	1.000000
0.000000	-473.163574	864.539917	1.000000
0.000000	500.027191	-44.145294	1.000000
0.000000	252.841400	1148.911743	1.000000
0.000000	-251.730835	295.455658	1.000000
0.000000	364.444550	605.576355	1.000000
0.000000	-11148.211914	543.764099	1.000000
0.000000	28171368.000000	16549397.000000	1.000000
0.000000	407.115753	-746.741455	1.000000
0.000000	-32716.421875	266678.750000	1.000000
0.000000	-378.871338	1.458713	1.000000
0.000000	1607.037354	2592.317383	1.000000
0.000000	4397.381348	10714.196289	1.000000
0.000000	-48374.554688	-126250.796875	1.000000
0.000000	-75.072693	-585.682495	1.000000
0.000000	1929694.125000	165322.171875	1.000000
0.000000	-179972.890625	-177937.812500	1.000000
0.000000	-70325.429688	13654.340820	1.000000
0.000000	353.077423	-236.468445	1.000000
0.000000	-131156.156250	15102.722656	1.000000
0.000000	-1202.634399	301.056091	1.000000
0.000000	-1418.773315	887.004028	1.000000
0.000000	-1224.570068	1310.825073	1.000000
0.000000	49294.363281	57693.093750	1.000000
0.000000	83761.585938	3594.589111	1.000000
0.000000	1196.934692	-358.281738	1.000000
0.000000	-484.165009	-340.950287	1.000000
0.000000	-1589278.625000	-1200867.375000	1.000000
0.000000	-410.863220	181.426682	1.000000
0.000000	2590553.750000	19496.050781	1.000000
0.000000	185.715454	-318.987091	1.000000
0.000000	-10533.332031	13312.724609	1.000000
0.000000	1826645.375000	135297.546875	1.000000
0.000000	-1548.320679	935.928467	1.000000
0.000000	408.829315	81.521675	1.000000
0.000000	467.688538	-108.386002	1.000000
0.000000	334.922546	875.950623	1.000000
0.000000	-10715.538086	7521.544434	1.000000
0.000000	-511.576416	188.882721	1.000000
0.000000	27339.466797	26041.339844	1.000000
0.000000	177.456329	390.973419	1.000000
0.000000	279.426849	639.505798	1.000000
0.000000	-182.894135	-9020.923828	1.000000
0.000000	-5742.171387	9776.162109	1.000000
0.000000	459240.906250	25478.421875	1.000000
0.000000	-1147.916748	1148.878418	1.000000
0.000000	2290.716797	-5176.315918	1.000000
0.000000	3489.829590	-2230.840576	1.000000
0.000000	217.641266	189.963242	1.000000
0.000000	344.242523	252.562805	1.000000
0.000000	905.643433	-866.375977	1.000000
0.000000	1223.774536	11590.541992	1.000000
0.000000	17903.667969	-23812.830078	1.000000
0.000000	459.597504	-26.891594	1.000000
0.000000	-5.460516	-348.535248	1.000000
0.000000	1030.972900	1252.493896	1.000000
0.000000	550.557068	-49.228619	1.000000
0.000000	129.165237	308.940094	1.000000
0.000000	-1303.310059	175.042328	1.000000
0.000000	75443.703125	-7393.681641	1.000000
0.000000	118.655235	536.342834	1.000000
0.000000	-71.558090	-720.712036	1.000000
0.000000	1169.873779	-9462.527344	1.000000
0.000000	350.479340	403.545105	1.000000
0.000000	342.350037	308.110382	1.000000
0.000000	-3799.546143	-4483.098145	1.000000
0.000000	648.728638	254.788925	1.000000
0.000000	-2138.492676	-3049.779541	1.000000
0.000000	63.494900	395.723206	1.000000
0.000000	22265.031250	39230.156250	1.000000
0.000000	485.946991	-23.452333	1.000000
0.000000	1020.413879	-547.508362	1.000000
0.000000	1369.737061	768.445740	1.000000
0.000000	-325.364899	769.183838	1.000000
0.000000	226.846207	-419.983856	1.000000
0.000000	9652.663086	4728.098145	1.000000
0.000000	-92615.312500	-330298.656250	1.000000
0.000000	8119.782715	16954.421875	1.000000
0.000000	297.802673	-288.212280	1.000000
0.000000	3443.210205	-785.711670	1.000000
0.000000	-423263.000000	-82054.343750	1.000000
0.000000	-44105600.000000	-10494824.000000	1.000000
0.000000	6083.600586	-4465.141113	1.000000
0.000000	-339.095917	280.214996	1.000000
0.000000	1143.690674	-1630.432495	1.000000
0.000000	5748.395508	273.271240	1.000000
0.000000	-385.657288	-149.337204	1.000000
0.000000	-617.082336	1010.100464	1.000000
0.000000	-18759.001953	-62.053131	1.000000
0.000000	-761.783020	-160.698929	1.000000
0.000000	313.876678	-479.579803	1.000000
0.000000	14667.818359	-10986.916992	1.000000
