0.000000	31448.636719	455859.062500	1.000000
0.000000	215024.031250	175327.359375	1.000000
0.000000	1199.209961	-12863.293945	1.000000
0.000000	-435.393982	647.432678	1.000000
0.000000	16881.896484	27306.429688	1.000000
0.000000	-13610.043945	735.228088	1.000000
0.000000	-605.748352	-2492.611084	1.000000
0.000000	-595382.437500	1523932.125000	1.000000
0.000000	3617.817627	-2128.422852	1.000000
0.000000	9292453.000000	3386659.750000	1.000000
0.000000	78697400.000000	19959642.000000	1.000000
0.000000	-361.027527	-208.214783	1.000000
0.000000	-337.010559	174.753723	1.000000
0.000000	89.302071	-332.416107	1.000000
0.000000	-73337376.000000	-31090268.000000	1.000000
0.000000	812.336609	-4475.395996	1.000000
0.000000	395.442383	-495.147034	1.000000
0.000000	-6216.346191	7882.177734	1.000000
0.000000	-987.106140	127.910034	1.000000
0.000000	-333.918732	370.652069	1.000000
0.000000	940.920227	8096.276367	1.000000
0.000000	10325.996094	85079.679688	1.000000
0.000000	-64.881584	909.622681	1.000000
0.000000	297.218842	33.834152	1.000000
0.000000	-207062.515625	-53398.808594	1.000000
0.000000	503.714630	-51.916153	1.000000
0.000000	10386.032227	35286.261719	1.000000
0.000000	-4016.126221	11562.662109	1.000000
0.000000	487.458801	-223.822906	1.000000
0.000000	-61378.437500	-273296.843750	1.000000
0.000000	5119.343750	-8831.306641	1.000000
0.000000	4966.847656	928.719849	1.000000
0.000000	-347.602173	497.125824	1.000000
0.000000	-602.966370	-145.929398	1.000000
0.000000	-310.624359	-89.307266	1.000000
0.000000	4944.383789	2818.506592	1.000000
0.000000	-74.014641	-100.464470	1.000000
0.000000	-5808.667480	-1562.514282	1.000000
0.000000	-246250.609375	-73817.187500	1.000000
0.000000	-46665.964844	-6215.178223	1.000000
0.000000	535.813782	146.904343	1.000000
0.000000	591.449890	-60.070194	1.000000
0.000000	-2.650259	327.450317	1.000000
0.000000	-120.751106	-216.135025	1.000000
0.000000	58.902775	323.853973	1.000000
0.000000	-594.248962	-190.020645	1.000000
0.000000	-4007.674805	3303.320312	1.000000
0.000000	-877.740112	503.270599	1.000000
0.000000	-131.828293	-344.242676	1.000000
0.000000	-341.872070	-99.476295	1.000000
0.000000	7128.847168	6270.291992	1.000000
0.000000	-916.609924	1620.226440	1.000000
0.000000	-22.853550	1275.911377	1.000000
0.000000	-3447.451416	-11577.868164	1.000000
0.000000	381.398682	-11.205647	1.000000
0.000000	-14.406012	-352.858765	1.000000
0.000000	216.779495	114.783813	1.000000
0.000000	29405522.000000	-21550876.000000	1.000000
0.000000	-624.062317	1713.035278	1.000000
0.000000	441.307037	585.471619	1.000000
0.000000	1668.524780	26168.283203	1.000000
0.000000	3296.493652	-1728.991455	1.000000
0.000000	-135.193176	-325.330933	1.000000
0.000000	207.067474	-433.470428	1.000000
0.000000	5333.663574	-2967.287109	1.000000
0.000000	401149.375000	-1051564.750000	1.000000
0.000000	40134.117188	142498.937500	1.000000
0.000000	899154304.000000	-490293056.000000	1.000000
0.000000	5062.676758	-14935.777344	1.000000
0.000000	-11819835.000000	-661202.562500	1.000000
0.000000	10654.401367	-15044.172852	1.000000
0.000000	-44.217556	-438.893097	1.000000
0.000000	-332.800354	-822.160461	1.000000
0.000000	-422.492676	919.405518	1.000000
0.000000	424230.812500	2470.600830	1.000000
0.000000	-9423.251953	10620.504883	1.000000
0.000000	-252.381592	519.966248	1.000000
0.000000	25.560085	-364.885468	1.000000
0.000000	3429.628418	-13365.999023	1.000000
0.000000	-935690816.000000	516809408.000000	1.000000
0.000000	1333545.500000	80317.703125	1.000000
0.000000	370835.562500	-121744.343750	1.000000
0.000000	282371.375000	227420.187500	1.000000
0.000000	24831.779297	-23100.496094	1.000000
0.000000	2203343.750000	933566.312500	1.000000
0.000000	-192.486130	285.055054	1.000000
0.000000	13.308617	-50.554264	1.000000
0.000000	-3118.876221	-309.107666	1.000000
0.000000	-1679.967896	1794.868530	1.000000
0.000000	133.839294	346.218262	1.000000
0.000000	-7.585635	-120.135078	1.000000
0.000000	-1285.786255	1080.502319	1.000000
0.000000	976.145569	-227.250641	1.000000
0.000000	251.105911	-110.573471	1.000000
0.000000	-4355021.000000	2416277.250000	1.000000
0.000000	1170.662354	649.908752	1.000000
0.000000	-195.802994	-88067.671875	1.000000
0.000000	1711789.125000	-2028472.500000	1.000000
0.000000	826.055420	-1439.033691	1.000000
0.000000	-202.405396	-5344.058105	1.000000
0.000000	691415.187500	-227507.687500	1.000000
0.000000	12310197.000000	-6573529.500000	1.000000
0.000000	-21962.333984	-21579.171875	1.000000
0.000000	170742.671875	-24569.195312	1.000000
0.000000	-6.194468	249.620834	1.000000
0.000000	358.094696	-54.453224	1.000000
0.000000	552.273499	-1806.390869	1.000000
0.000000	-195.557129	-295.277863	1.000000
0.000000	132.365265	-333.861786	1.000000
0.000000	-902.870483	1136.857544	1.000000
0.000000	-278.388367	-3095.387939	1.000000
0.000000	-53937.984375	119833.890625	1.000000
0.000000	113.614487	311.981262	1.000000
0.000000	-418.495392	43.897404	1.000000
0.000000	-66.576462	-1058.044312	1.000000
0.000000	-64554.910156	15503.246094	1.000000
0.000000	2454.712158	849.654358	1.000000
0.000000	55835.722656	149625.546875	1.000000
0.000000	-13297.719727	6581.791992	1.000000
0.000000	-41833.050781	-29746.074219	1.000000
0.000000	-8401.336914	13849.224609	1.000000
0.000000	366.328125	369.518555	1.000000
0.000000	-358.353516	214.411911	1.000000
0.000000	1600.604736	3133.646240	1.000000
0.000000	693.147217	-431.381866	1.000000
0.000000	1882.927246	72.332298	1.000000
0.000000	578.772217	-597.936951	1.000000
0.000000	13977.511719	-14299.914062	1.000000
0.000000	-353.404724	-167.457474	1.000000
0.000000	-1190.001221	1466.634155	1.000000
0.000000	274.886322	298.920074	1.000000
0.000000	-13280.249023	-2996.348389	1.000000
0.000000	-28701.566406	-61559.875000	1.000000
0.000000	1731.899170	8104.108398	1.000000
0.000000	-2493.743652	1800.312012	1.000000
0.000000	147.037323	-173.553116	1.000000
0.000000	32.202576	168.188812	1.000000
0.000000	-3786.329346	-15989.704102	1.000000
0.000000	818.564880	-11.984373	1.000000
0.000000	-8836.097656	12936.824219	1.000000
0.000000	-879.441406	-3229.591309	1.000000
0.000000	936.603699	624.506531	1.000000
0.000000	339.378510	-265.137634	1.000000
0.000000	-5594.447754	-20502.896484	1.000000
0.000000	4.675448	-375.215363	1.000000
0.000000	22500.410156	-24648.814453	1.000000
0.000000	-334.907013	-214.236069	1.000000
0.000000	-3300464.250000	1376390.750000	1.000000
0.000000	-18007.482422	-1308.479614	1.000000
0.000000	-79.430656	623.975586	1.000000
0.000000	175.442108	-391.521393	1.000000
0.000000	6700.929199	2655.650391	1.000000
0.000000	-26086.787109	-23349.207031	1.000000
0.000000	-586712.625000	317493.593750	1.000000
0.000000	-108536.234375	249038.703125	1.000000
0.000000	37974.789062	-56191.003906	1.000000
0.000000	632.410400	-1759.610474	1.000000
0.000000	145.257706	211.711838	1.000000
0.000000	-231.467438	-376.410583	1.000000
0.000000	-401.183472	728.134155	1.000000
0.000000	4112436.000000	2116301.500000	1.000000
0.000000	216.549942	220.690872	1.000000
0.000000	-45294.847656	76006.843750	1.000000
0.000000	749.199524	1714.612305	1.000000
0.000000	4879.305176	12551.370117	1.000000
0.000000	614.414001	1558.890625	1.000000
0.000000	-44132.675781	2402.426514	1.000000
0.000000	245680.328125	-842228.687500	1.000000
0.000000	-270.283783	-162.225937	1.000000
0.000000	493.297211	-126.370384	1.000000
0.000000	-32962.527344	-140052.015625	1.000000
0.000000	-14353.536133	-13519.062500	1.000000
0.000000	-430.623535	-84.643471	1.000000
0.000000	-323658.906250	730136.875000	1.000000
0.000000	-31320.160156	-19646.679688	1.000000
0.000000	-467.581635	-1099.206177	1.000000
0.000000	160.813034	-402.394928	1.000000
0.000000	-3582.611816	-12789.458984	1.000000
0.000000	106.110977	-365.149811	1.000000
0.000000	3215.678711	2951.813477	1.000000
0.000000	51.450142	145.612442	1.000000
0.000000	799118.312500	-982912.687500	1.000000
0.000000	-427.829437	415.945679	1.000000
0.000000	-3234.789307	-2104.589111	1.000000
0.000000	-36.887981	2944.340088	1.000000
0.000000	-349.939026	332.410675	1.000000
0.000000	19828.302734	10581.390625	1.000000
0.000000	118.099091	578.049744	1.000000
0.000000	-3408.104980	-1927.553833	1.000000
0.000000	65114.871094	112703.976562	1.000000
0.000000	301.020233	243.860687	1.000000
0.000000	484892.843750	100851.953125	1.000000
0.000000	-274.487518	262.923828	1.000000
0.000000	79.653648	337.276001	1.000000
0.000000	327.345184	159.345886	1.000000
0.000000	-334.204102	-98.687363	1.000000
0.000000	-52405.449219	-2970.278564	1.000000
0.000000	11420.481445	1415.318726	1.000000
0.000000	-66.703285	-226.273804	1.000000
0.000000	28.735561	1714.025391	1.000000
0.000000	-7874.965332	-93184.390625	1.000000
0.000000	-592.070190	1076.035400	1.000000
0.000000	-71.045769	331.955933	1.000000
0.000000	368.356476	-88.365211	1.000000
0.000000	58.408642	381.968689	1.000000
0.000000	-42929.128906	-77694.882812	1.000000
0.000000	270.448822	-1115.283447	1.000000
0.000000	5.924585	358.800293	1.000000
0.000000	-104.901466	-155.619904	1.000000
0.000000	-462.772339	751.483276	1.000000
0.000000	420.707428	37.037086	1.000000
0.000000	225.858826	1038.626099	1.000000
0.000000	-198.631622	195.145615	1.000000
0.000000	273.001678	538.379700	1.000000
0.000000	-11035.155273	552.077087	1.000000
0.000000	28171368.000000	16549397.000000	1.000000
0.000000	330.566986	-662.918823	1.000000
0.000000	-32760.757812	266749.687500	1.000000
0.000000	-265.399048	4.342707	1.000000
0.000000	1512.546387	2654.941895	1.000000
0.000000	4508.221191	10687.594727	1.000000
0.000000	-48489.828125	-126250.796875	1.000000
0.000000	24.572124	-531.370972	1.000000
0.000000	1929694.125000	165251.234375	1.000000
0.000000	-180079.296875	-177937.812500	1.000000
0.000000	-70236.757812	13718.627930	1.000000
0.000000	284.841644	-145.787598	1.000000
0.000000	-131120.687500	14994.099609	1.000000
0.000000	-1101.493042	249.723389	1.000000
0.000000	-1347.558716	975.260254	1.000000
0.000000	-1195.197510	1201.093628	1.000000
0.000000	49267.761719	57586.687500	1.000000
0.000000	83850.257812	3662.755615	1.000000
0.000000	1088.865845	-392.780640	1.000000
0.000000	-383.300751	-288.924835	1.000000
0.000000	-1589278.625000	-1200867.375000	1.000000
0.000000	-301.339600	151.603836	1.000000
0.000000	2590553.750000	19394.078125	1.000000
0.000000	146.298035	-212.566696	1.000000
0.000000	-10466.828125	13219.619141	1.000000
0.000000	1826645.375000	135368.484375	1.000000
0.000000	-1561.344360	823.148926	1.000000
0.000000	298.197296	56.199028	1.000000
0.000000	373.266846	-45.380478	1.000000
0.000000	425.534119	944.255676	1.000000
0.000000	-10637.950195	7438.414551	1.000000
0.000000	-400.320923	166.403015	1.000000
0.000000	27335.033203	25926.066406	1.000000
0.000000	94.603554	313.385529	1.000000
0.000000	274.300507	526.172058	1.000000
0.000000	-72.478645	-9047.525391	1.000000
0.000000	-5629.114746	9773.945312	1.000000
0.000000	459169.968750	25562.660156	1.000000
0.000000	-1041.510498	1109.530273	1.000000
0.000000	2199.273926	-5243.928223	1.000000
0.000000	3487.612793	-2117.229736	1.000000
0.000000	155.570953	94.952713	1.000000
0.000000	247.188385	193.748413	1.000000
0.000000	954.551514	-763.987671	1.000000
0.000000	1210.750854	11703.598633	1.000000
0.000000	18014.507812	-23790.662109	1.000000
0.000000	346.402313	-18.639221	1.000000
0.000000	-11.818221	-235.201508	1.000000
0.000000	1125.186768	1189.315186	1.000000
0.000000	437.084778	-46.327732	1.000000
0.000000	110.964363	196.922562	1.000000
0.000000	-1411.378906	140.439514	1.000000
0.000000	75337.296875	-7405.874023	1.000000
0.000000	88.434059	426.942383	1.000000
0.000000	-185.065018	-720.712036	1.000000
0.000000	1177.078369	-9575.583984	1.000000
0.000000	281.827911	313.141357	1.000000
0.000000	255.756500	234.689041	1.000000
0.000000	-3851.640869	-4583.962402	1.000000
0.000000	536.780396	236.292526	1.000000
0.000000	-2047.602905	-2982.167236	1.000000
0.000000	15.660563	292.780701	1.000000
0.000000	22247.296875	39114.882812	1.000000
0.000000	372.474701	-23.824686	1.000000
0.000000	906.941589	-549.448059	1.000000
0.000000	1271.643799	711.363220	1.000000
0.000000	-320.654205	655.850098	1.000000
0.000000	155.250595	-331.935455	1.000000
0.000000	9595.026367	4825.637207	1.000000
0.000000	-92668.515625	-330227.718750	1.000000
0.000000	8006.726074	16949.988281	1.000000
0.000000	224.579102	-201.480118	1.000000
0.000000	3406.078857	-893.087769	1.000000
0.000000	-423333.937500	-81965.671875	1.000000
0.000000	-44105600.000000	-10494824.000000	1.000000
0.000000	6032.614258	-4566.005371	1.000000
0.000000	-296.006927	175.194244	1.000000
0.000000	1044.211914	-1685.021118	1.000000
0.000000	5837.067383	343.793091	1.000000
0.000000	-280.290161	-107.140236	1.000000
0.000000	-503.748596	1015.642456	1.000000
0.000000	-18776.736328	50.008148	1.000000
0.000000	-648.310730	-157.546921	1.000000
0.000000	300.922272	-366.800262	1.000000
0.000000	14563.628906	-11031.252930	1.000000
