0.000000	31383.558594	455920.312500	1.000000
0.000000	215054.656250	175419.234375	1.000000
0.000000	1213.804688	-12960.911133	1.000000
0.000000	-337.417908	645.997131	1.000000
0.000000	16874.240234	27206.898438	1.000000
0.000000	-13514.340820	713.096741	1.000000
0.000000	-517.821106	-2535.677490	1.000000
0.000000	-595504.937500	1523932.125000	1.000000
0.000000	3668.061768	-2044.204102	1.000000
0.000000	9292453.000000	3386659.750000	1.000000
0.000000	78697400.000000	19959642.000000	1.000000
0.000000	-455.594177	-233.875183	1.000000
0.000000	-383.426575	261.065979	1.000000
0.000000	85.698250	-430.332367	1.000000
0.000000	-73337376.000000	-31090268.000000	1.000000
0.000000	897.632019	-4427.544434	1.000000
0.000000	418.411133	-590.382202	1.000000
0.000000	-6267.068848	7966.396484	1.000000
0.000000	-986.866882	29.906654	1.000000
0.000000	-367.534454	462.706512	1.000000
0.000000	961.974915	8191.979492	1.000000
0.000000	10414.042969	85125.617188	1.000000
0.000000	-83.842766	1005.804321	1.000000
0.000000	369.355072	-32.496651	1.000000
0.000000	-207001.265625	-53467.714844	1.000000
0.000000	601.446350	-44.244949	1.000000
0.000000	10384.118164	35186.730469	1.000000
0.000000	-4112.226562	11543.521484	1.000000
0.000000	573.113098	-271.435211	1.000000
0.000000	-61278.906250	-273296.843750	1.000000
0.000000	5060.964844	-8752.830078	1.000000
0.000000	5061.593750	952.884888	1.000000
0.000000	-437.981812	535.048157	1.000000
0.000000	-674.624084	-79.146561	1.000000
0.000000	-387.186859	-150.437637	1.000000
0.000000	5033.387695	2859.180420	1.000000
0.000000	-165.150818	-136.484207	1.000000
0.000000	-5884.272949	-1624.482056	1.000000
0.000000	-246219.984375	-73909.062500	1.000000
0.000000	-46589.402344	-6274.514160	1.000000
0.000000	611.419250	209.290817	1.000000
0.000000	648.034363	-140.054443	1.000000
0.000000	-3.530186	425.426392	1.000000
0.000000	-164.896622	-303.629944	1.000000
0.000000	71.086838	421.112274	1.000000
0.000000	-631.214294	-99.252213	1.000000
0.000000	-3927.284180	3247.333984	1.000000
0.000000	-933.367554	584.013611	1.000000
0.000000	-153.391403	-439.826172	1.000000
0.000000	-437.754639	-119.633766	1.000000
0.000000	7226.464355	6259.764648	1.000000
0.000000	-970.084045	1538.161011	1.000000
0.000000	-78.555145	1195.281494	1.000000
0.000000	-3504.394775	-11497.477539	1.000000
0.000000	471.897949	26.376825	1.000000
0.000000	-11.983526	-450.834839	1.000000
0.000000	314.707733	111.389343	1.000000
0.000000	29405522.000000	-21550876.000000	1.000000
0.000000	-703.017395	1770.935669	1.000000
0.000000	376.767242	659.282654	1.000000
0.000000	1618.041382	26084.064453	1.000000
0.000000	3333.817871	-1819.670166	1.000000
0.000000	-186.753235	-408.652466	1.000000
0.000000	259.943451	-515.957397	1.000000
0.000000	5273.370605	-3044.328125	1.000000
0.000000	401210.625000	-1051564.750000	1.000000
0.000000	40049.898438	142437.687500	1.000000
0.000000	899154304.000000	-490293056.000000	1.000000
0.000000	4999.512695	-15010.425781	1.000000
0.000000	-11819835.000000	-661080.062500	1.000000
0.000000	10704.166992	-14959.954102	1.000000
0.000000	-73.167755	-532.515808	1.000000
0.000000	-406.790833	-886.401184	1.000000
0.000000	-324.576416	916.055908	1.000000
0.000000	424108.312500	2446.196533	1.000000
0.000000	-9518.955078	10597.536133	1.000000
0.000000	-347.487701	496.399353	1.000000
0.000000	16.976711	-462.502655	1.000000
0.000000	3439.198730	-13463.616211	1.000000
0.000000	-935690816.000000	516809408.000000	1.000000
0.000000	1333545.500000	80409.578125	1.000000
0.000000	370958.062500	-121759.656250	1.000000
0.000000	282248.875000	227450.812500	1.000000
0.000000	24743.732422	-23054.558594	1.000000
0.000000	2203343.750000	933443.812500	1.000000
0.000000	-244.106003	368.376587	1.000000
0.000000	-82.333488	-71.922981	1.000000
0.000000	-3057.626221	-232.554337	1.000000
0.000000	-1691.452271	1892.246460	1.000000
0.000000	179.029114	433.188477	1.000000
0.000000	-32.763668	-214.851257	1.000000
0.000000	-1380.293091	1054.662476	1.000000
0.000000	1058.928711	-279.724304	1.000000
0.000000	272.885071	-15.023696	1.000000
0.000000	-4355021.000000	2416277.250000	1.000000
0.000000	1255.359619	699.076233	1.000000
0.000000	-291.704346	-88082.984375	1.000000
0.000000	1711789.125000	-2028472.500000	1.000000
0.000000	844.358643	-1342.852051	1.000000
0.000000	-121.834183	-5399.565918	1.000000
0.000000	691415.187500	-227599.562500	1.000000
0.000000	12310197.000000	-6573529.500000	1.000000
0.000000	-21985.302734	-21674.875000	1.000000
0.000000	170834.546875	-24626.617188	1.000000
0.000000	-48.368885	338.086395	1.000000
0.000000	451.883759	-82.952309	1.000000
0.000000	457.407776	-1830.795166	1.000000
0.000000	-260.037109	-369.088898	1.000000
0.000000	168.044586	-425.138641	1.000000
0.000000	-930.983276	1230.646606	1.000000
0.000000	-373.373718	-3071.462158	1.000000
0.000000	-54037.515625	119833.890625	1.000000
0.000000	148.253265	403.676819	1.000000
0.000000	-513.300476	68.720406	1.000000
0.000000	27.669374	-1031.247437	1.000000
0.000000	-64470.691406	15449.652344	1.000000
0.000000	2483.901611	943.204163	1.000000
0.000000	55912.285156	149686.796875	1.000000
0.000000	-13391.508789	6551.166992	1.000000
0.000000	-41909.613281	-29688.652344	1.000000
0.000000	-8320.946289	13904.732422	1.000000
0.000000	454.853516	411.508301	1.000000
0.000000	-430.549561	280.705078	1.000000
0.000000	1671.185791	3065.697021	1.000000
0.000000	787.773682	-456.922638	1.000000
0.000000	1820.002441	-2.779243	1.000000
0.000000	597.912842	-693.998962	1.000000
0.000000	13956.457031	-14395.617188	1.000000
0.000000	-436.965515	-218.628738	1.000000
0.000000	-1227.086182	1375.955444	1.000000
0.000000	344.929047	367.467438	1.000000
0.000000	-13184.545898	-3017.881592	1.000000
0.000000	-28762.816406	-61636.437500	1.000000
0.000000	1785.492920	8186.413086	1.000000
0.000000	-2433.929199	1722.792480	1.000000
0.000000	236.699188	-213.090469	1.000000
0.000000	-32.617649	94.683632	1.000000
0.000000	-3724.122314	-15913.141602	1.000000
0.000000	912.712830	15.363479	1.000000
0.000000	-8933.714844	12944.480469	1.000000
0.000000	-849.893066	-3322.901855	1.000000
0.000000	925.956726	721.884460	1.000000
0.000000	435.141449	-285.953064	1.000000
0.000000	-5497.787598	-20487.583984	1.000000
0.000000	9.830706	-473.071808	1.000000
0.000000	22473.613281	-24744.517578	1.000000
0.000000	-401.001984	-286.611572	1.000000
0.000000	-3300464.250000	1376390.750000	1.000000
0.000000	-18041.935547	-1399.876099	1.000000
0.000000	-120.642815	712.859863	1.000000
0.000000	208.100800	-483.934723	1.000000
0.000000	6732.511230	2562.818359	1.000000
0.000000	-25994.912109	-23318.582031	1.000000
0.000000	-586712.625000	317554.843750	1.000000
0.000000	-108536.234375	248946.828125	1.000000
0.000000	37875.257812	-56191.003906	1.000000
0.000000	695.813721	-1834.258911	1.000000
0.000000	192.331680	297.665192	1.000000
0.000000	-253.867950	-281.006531	1.000000
0.000000	-427.920532	822.401733	1.000000
0.000000	4112436.000000	2116301.500000	1.000000
0.000000	312.611969	240.040848	1.000000
0.000000	-45333.128906	76098.718750	1.000000
0.000000	837.605286	1756.960938	1.000000
0.000000	4974.051270	12526.487305	1.000000
0.000000	604.724060	1461.273438	1.000000
0.000000	-44201.582031	2474.203857	1.000000
0.000000	245588.453125	-842228.687500	1.000000
0.000000	-358.928802	-203.976425	1.000000
0.000000	591.033997	-118.818810	1.000000
0.000000	-32924.246094	-140143.890625	1.000000
0.000000	-14386.075195	-13427.187500	1.000000
0.000000	-528.479980	-89.608070	1.000000
0.000000	-323781.406250	730136.875000	1.000000
0.000000	-31235.941406	-19596.914062	1.000000
0.000000	-556.196655	-1141.076294	1.000000
0.000000	187.280930	-496.722321	1.000000
0.000000	-3488.822754	-12818.169922	1.000000
0.000000	134.451477	-458.938873	1.000000
0.000000	3244.868164	2858.502930	1.000000
0.000000	97.834229	59.282188	1.000000
0.000000	798995.812500	-982912.687500	1.000000
0.000000	-524.489563	432.275024	1.000000
0.000000	-3141.000244	-2132.343018	1.000000
0.000000	-57.479107	3040.043213	1.000000
0.000000	-419.084534	401.855255	1.000000
0.000000	19778.537109	10665.609375	1.000000
0.000000	214.697906	561.540955	1.000000
0.000000	-3501.415527	-1958.178833	1.000000
0.000000	65145.496094	112795.851562	1.000000
0.000000	373.276093	310.069794	1.000000
0.000000	484892.843750	100943.828125	1.000000
0.000000	-345.367645	330.573975	1.000000
0.000000	78.412498	435.252075	1.000000
0.000000	344.153046	255.886414	1.000000
0.000000	-432.000732	-104.923019	1.000000
0.000000	-52367.167969	-2881.274658	1.000000
0.000000	11472.161133	1498.580444	1.000000
0.000000	-40.070900	-320.591766	1.000000
0.000000	85.962822	1634.352539	1.000000
0.000000	-7879.750488	-93276.265625	1.000000
0.000000	-650.807983	997.558838	1.000000
0.000000	-135.794907	405.527710	1.000000
0.000000	462.025909	-117.180824	1.000000
0.000000	63.776989	479.825134	1.000000
0.000000	-43005.691406	-77633.632812	1.000000
0.000000	193.850784	-1176.533447	1.000000
0.000000	56.932938	442.480713	1.000000
0.000000	-148.753342	-67.981483	1.000000
0.000000	-471.744507	849.100464	1.000000
0.000000	489.194977	-33.058830	1.000000
0.000000	249.156555	1133.850708	1.000000
0.000000	-244.479401	281.756927	1.000000
0.000000	351.956757	596.399719	1.000000
0.000000	-11132.772461	544.899353	1.000000
0.000000	28171368.000000	16549397.000000	1.000000
0.000000	396.661957	-735.294312	1.000000
0.000000	-32722.476562	266688.437500	1.000000
0.000000	-363.375122	1.852541	1.000000
0.000000	1594.133301	2600.869629	1.000000
0.000000	4412.518066	10710.563477	1.000000
0.000000	-48390.296875	-126250.796875	1.000000
0.000000	-61.464054	-578.265503	1.000000
0.000000	1929694.125000	165312.484375	1.000000
0.000000	-179987.421875	-177937.812500	1.000000
0.000000	-70313.320312	13663.120117	1.000000
0.000000	343.758881	-224.084717	1.000000
0.000000	-131151.312500	15087.888672	1.000000
0.000000	-1188.822144	294.045898	1.000000
0.000000	-1409.047974	899.056641	1.000000
0.000000	-1220.558838	1295.839722	1.000000
0.000000	49290.730469	57678.562500	1.000000
0.000000	83773.695312	3603.898193	1.000000
0.000000	1182.176392	-362.993042	1.000000
0.000000	-470.390594	-333.845490	1.000000
0.000000	-1589278.625000	-1200867.375000	1.000000
0.000000	-395.906250	177.353958	1.000000
0.000000	2590553.750000	19482.125000	1.000000
0.000000	180.332458	-304.455841	1.000000
0.000000	-10524.250000	13300.009766	1.000000
0.000000	1826645.375000	135307.234375	1.000000
0.000000	-1550.099243	920.526855	1.000000
0.000000	393.720978	78.063881	1.000000
0.000000	454.793945	-99.781723	1.000000
0.000000	347.296814	885.278625	1.000000
0.000000	-10704.942383	7510.191895	1.000000
0.000000	-496.382935	185.812805	1.000000
0.000000	27338.861328	26025.597656	1.000000
0.000000	166.141632	380.377716	1.000000
0.000000	278.726776	624.028503	1.000000
0.000000	-167.814178	-9024.556641	1.000000
0.000000	-5726.731934	9775.859375	1.000000
0.000000	459231.218750	25489.925781	1.000000
0.000000	-1133.385498	1143.504883	1.000000
0.000000	2278.229004	-5185.549316	1.000000
0.000000	3489.526855	-2215.325439	1.000000
0.000000	209.164703	176.988235	1.000000
0.000000	330.988434	244.530884	1.000000
0.000000	912.322510	-852.393433	1.000000
0.000000	1221.995972	11605.981445	1.000000
0.000000	17918.804688	-23809.802734	1.000000
0.000000	444.139130	-25.764618	1.000000
0.000000	-6.328660	-333.057953	1.000000
0.000000	1043.839111	1243.865967	1.000000
0.000000	535.060852	-48.832462	1.000000
0.000000	126.680611	293.642548	1.000000
0.000000	-1318.068359	170.316833	1.000000
0.000000	75429.171875	-7395.346680	1.000000
0.000000	114.528114	521.395325	1.000000
0.000000	-87.059036	-720.712036	1.000000
0.000000	1170.857666	-9477.966797	1.000000
0.000000	341.104034	391.199219	1.000000
0.000000	330.524475	298.082306	1.000000
0.000000	-3806.660400	-4496.872559	1.000000
0.000000	633.440552	252.262985	1.000000
0.000000	-2126.080566	-3040.546143	1.000000
0.000000	56.962460	381.664978	1.000000
0.000000	22262.609375	39214.414062	1.000000
0.000000	470.450775	-23.503183	1.000000
0.000000	1004.917664	-547.773254	1.000000
0.000000	1356.341064	760.650330	1.000000
0.000000	-324.721588	753.706543	1.000000
0.000000	217.068832	-407.959625	1.000000
0.000000	9644.791992	4741.418457	1.000000
0.000000	-92622.578125	-330288.968750	1.000000
0.000000	8104.343262	16953.816406	1.000000
0.000000	287.802979	-276.367798	1.000000
0.000000	3438.139404	-800.375366	1.000000
0.000000	-423272.687500	-82042.234375	1.000000
0.000000	-44105600.000000	-10494824.000000	1.000000
0.000000	6076.637695	-4478.915527	1.000000
0.000000	-333.211517	265.872955	1.000000
0.000000	1130.105469	-1637.887329	1.000000
0.000000	5760.504883	282.901978	1.000000
0.000000	-371.267944	-143.575790	1.000000
0.000000	-601.605042	1010.857300	1.000000
0.000000	-18761.423828	-46.749672	1.000000
0.000000	-746.286804	-160.268478	1.000000
0.000000	312.107574	-464.178192	1.000000
0.000000	14653.589844	-10992.971680	1.000000
