0.000000	31612.328125	455705.000000	1.000000
0.000000	214947.000000	175096.265625	1.000000
0.000000	1162.499756	-12617.756836	1.000000
0.000000	-681.833801	651.043518	1.000000
0.000000	16901.154297	27556.781250	1.000000
0.000000	-13850.766602	790.895203	1.000000
0.000000	-826.912292	-2384.285889	1.000000
0.000000	-595074.312500	1523932.125000	1.000000
0.000000	3491.438232	-2340.258789	1.000000
0.000000	9292453.000000	3386659.750000	1.000000
0.000000	78697400.000000	19959642.000000	1.000000
0.000000	-123.162682	-143.671021	1.000000
0.000000	-220.283112	-42.368874	1.000000
0.000000	98.366783	-86.081238	1.000000
0.000000	-73337376.000000	-31090268.000000	1.000000
0.000000	597.792542	-4595.757324	1.000000
0.000000	337.668945	-255.477707	1.000000
0.000000	-6088.763184	7670.341797	1.000000
0.000000	-987.707947	374.388947	1.000000
0.000000	-249.358994	139.106979	1.000000
0.000000	887.961243	7855.553711	1.000000
0.000000	10104.531250	84964.132812	1.000000
0.000000	-17.191332	667.696411	1.000000
0.000000	116.677155	198.126221	1.000000
0.000000	-207216.578125	-53225.488281	1.000000
0.000000	258.027069	-71.211578	1.000000
0.000000	10390.846680	35536.613281	1.000000
0.000000	-3774.199951	11610.806641	1.000000
0.000000	272.012024	-104.063393	1.000000
0.000000	-61628.789062	-273296.843750	1.000000
0.000000	5266.184570	-9028.699219	1.000000
0.000000	4728.532227	867.937378	1.000000
0.000000	-120.270996	401.739471	1.000000
0.000000	-422.650757	-313.934601	1.000000
0.000000	-117.992355	64.469193	1.000000
0.000000	4720.511719	2716.199463	1.000000
0.000000	155.232361	-9.873386	1.000000
0.000000	-5618.496582	-1406.646362	1.000000
0.000000	-246327.640625	-73586.093750	1.000000
0.000000	-46858.542969	-6065.930176	1.000000
0.000000	345.774506	-10.048066	1.000000
0.000000	449.056152	141.107849	1.000000
0.000000	-0.436904	80.964249	1.000000
0.000000	-13.309517	5.377895	1.000000
0.123082	28.300047	79.324364	1.000000
0.000000	-501.269867	-418.277557	1.000000
0.000000	-4209.881836	3444.143066	1.000000
0.000000	-737.820068	300.311310	1.000000
0.000000	-77.590469	-103.817146	1.000000
0.000000	-100.653885	-48.774082	1.000000
0.000000	6883.310059	6296.771484	1.000000
0.000000	-782.106140	1826.646118	1.000000
0.000000	117.251686	1478.720215	1.000000
0.000000	-3304.221436	-11780.075195	1.000000
0.000000	151.975220	-100.974136	1.000000
0.000000	-19.904638	-108.112419	1.000000
0.000000	-29.579805	123.321945	1.000000
0.000000	29405522.000000	-21550876.000000	1.000000
0.000000	-425.466125	1567.398071	1.000000
0.000000	603.559448	399.905182	1.000000
0.000000	1795.505981	26380.119141	1.000000
0.000000	3202.611816	-1500.906738	1.000000
0.000000	-6.091968	-114.014481	1.000000
0.000000	74.068207	-225.986725	1.000000
0.000000	5485.318848	-2773.505371	1.000000
0.000000	400995.312500	-1051564.750000	1.000000
0.000000	40345.953125	142653.000000	1.000000
0.000000	899154304.000000	-490293056.000000	1.000000
0.000000	5221.553711	-14748.013672	1.000000
0.000000	-11819835.000000	-661510.687500	1.000000
0.000000	10529.225586	-15256.008789	1.000000
0.000000	28.601467	-203.419464	1.000000
0.000000	-146.735840	-660.575378	1.000000
0.000000	-668.877808	927.830811	1.000000
0.000000	424538.937500	2531.985107	1.000000
0.000000	-9182.529297	10678.278320	1.000000
0.000000	-13.102289	579.244202	1.000000
0.000000	47.149899	-119.348343	1.000000
0.000000	3405.556152	-13120.461914	1.000000
0.000000	-935690816.000000	516809408.000000	1.000000
0.000000	1333545.500000	80086.609375	1.000000
0.000000	370527.437500	-121705.828125	1.000000
0.000000	282679.500000	227343.156250	1.000000
0.000000	25053.244141	-23216.042969	1.000000
0.000000	2203343.750000	933874.437500	1.000000
0.047324	-66.431877	77.235100	1.000000
0.000000	252.383942	5.692694	1.000000
0.000000	-3272.938721	-501.685791	1.000000
0.000000	-1651.081177	1549.933228	1.000000
0.000000	20.174051	127.461662	1.000000
0.000000	55.741558	118.095642	1.000000
0.000000	-1048.072632	1145.497437	1.000000
0.000000	767.920471	-95.238647	1.000000
0.000000	196.266281	-350.890289	1.000000
0.000000	-4355021.000000	2416277.250000	1.000000
0.000000	957.529053	526.237488	1.000000
0.000000	45.440201	-88029.156250	1.000000
0.000000	1711789.125000	-2028472.500000	1.000000
0.000000	780.017212	-1680.959961	1.000000
0.000000	-405.063782	-5204.438965	1.000000
0.000000	691415.187500	-227276.593750	1.000000
0.000000	12310197.000000	-6573529.500000	1.000000
0.000000	-21904.560547	-21338.449219	1.000000
0.000000	170511.578125	-24424.761719	1.000000
0.000000	100.167145	30.915596	1.000000
0.000000	121.614235	18.346544	1.000000
0.000000	790.889832	-1745.006592	1.000000
0.000000	-33.373802	-109.624260	1.000000
0.000000	42.656631	-104.272537	1.000000
0.000000	-832.158203	900.792419	1.000000
0.000000	-39.404877	-3155.568604	1.000000
0.000000	-53687.632812	119833.890625	1.000000
0.123082	30.684612	84.310501	1.000000
0.000000	-179.989731	-18.584522	1.000000
0.000000	-303.637909	-1125.446655	1.000000
0.000000	-64766.746094	15638.050781	1.000000
0.000000	2381.291748	614.347961	1.000000
0.000000	55643.144531	149471.484375	1.000000
0.000000	-13061.811523	6658.823242	1.000000
0.000000	-41640.472656	-29890.507812	1.000000
0.000000	-8603.543945	13709.605469	1.000000
0.000000	143.659668	263.901489	1.000000
0.000000	-176.791183	47.636253	1.000000
0.000000	1423.071777	3304.559326	1.000000
0.000000	455.132721	-367.139008	1.000000
0.000000	2041.202393	261.237518	1.000000
0.000000	530.627686	-356.214661	1.000000
0.000000	14030.470703	-14059.191406	1.000000
0.000000	-143.223740	-38.723686	1.000000
0.000000	-1096.721191	1694.718872	1.000000
0.000000	98.707428	126.502487	1.000000
0.000000	-13520.971680	-2942.185791	1.000000
0.000000	-28547.503906	-61367.296875	1.000000
0.000000	1597.094482	7897.086914	1.000000
0.000000	-2644.195312	1995.297363	1.000000
0.000000	-78.515518	-74.104576	1.000000
0.000000	190.986801	350.119446	1.000000
0.000000	-3942.799072	-16182.282227	1.000000
0.000000	581.753967	-80.775932	1.000000
0.000000	-8590.560547	12917.566406	1.000000
0.000000	-953.764526	-2994.886719	1.000000
0.000000	963.384094	379.489899	1.000000
0.000000	98.505386	-212.842560	1.000000
0.000000	-5837.577637	-20541.412109	1.000000
0.000000	-8.291594	-129.076431	1.000000
0.000000	22567.812500	-24408.091797	1.000000
0.000000	-168.697464	-32.186264	1.000000
0.000000	-3300464.250000	1376390.750000	1.000000
0.000000	-17920.822266	-1078.589478	1.000000
0.000000	24.246536	400.404419	1.000000
0.000000	93.279610	-159.104950	1.000000
0.000000	6621.490723	2889.151367	1.000000
0.000000	-26317.880859	-23426.238281	1.000000
0.000000	-586712.625000	317339.531250	1.000000
0.000000	-108536.234375	249269.796875	1.000000
0.000000	38225.140625	-56191.003906	1.000000
0.000000	472.931610	-1571.846802	1.000000
0.000000	26.846752	-4.486739	1.000000
0.000000	-175.123291	-616.315552	1.000000
0.000000	-333.931580	491.022308	1.000000
0.000000	4112436.000000	2116301.500000	1.000000
0.000000	-22.361382	172.138596	1.000000
0.000000	-45198.558594	75775.750000	1.000000
0.000000	526.831970	1608.092529	1.000000
0.000000	4640.989746	12613.958008	1.000000
0.000000	638.787170	1804.427734	1.000000
0.000000	-43959.355469	2221.884521	1.000000
0.000000	245911.421875	-842228.687500	1.000000
0.000000	-47.302223	-57.185318	1.000000
0.000000	251.853210	-143.448929	1.000000
0.000000	-33058.816406	-139820.921875	1.000000
0.000000	-14271.690430	-13750.156250	1.000000
0.000000	-184.462753	-72.155983	1.000000
0.000000	-323350.781250	730136.875000	1.000000
0.000000	-31531.996094	-19771.855469	1.000000
0.000000	-244.762711	-993.890015	1.000000
0.000000	94.219101	-165.103836	1.000000
0.000000	-3818.520020	-12717.242188	1.000000
0.000000	34.826805	-129.201187	1.000000
0.000000	3142.258301	3186.518066	1.000000
0.000000	-65.494347	358.943085	1.000000
0.000000	799426.437500	-982912.687500	1.000000
0.000000	-184.721619	374.872375	1.000000
0.000000	-3470.697510	-2034.779663	1.000000
0.000000	14.913378	2703.617432	1.000000
0.000000	-176.016907	157.693985	1.000000
0.000000	19953.478516	10369.554688	1.000000
0.000000	-124.852173	619.574402	1.000000
0.000000	-3173.400391	-1850.522583	1.000000
0.000000	65037.839844	112472.882812	1.000000
0.000000	117.379990	79.811661	1.000000
0.000000	484892.843750	100620.859375	1.000000
0.000000	-96.202309	92.690834	1.000000
0.000000	80.054710	90.673347	1.000000
0.000000	285.068268	-83.492554	1.000000
0.000000	-88.215614	-83.002777	1.000000
0.000000	-52501.738281	-3194.150635	1.000000
0.000000	11290.491211	1205.890015	1.000000
0.000000	-132.635147	12.243392	1.000000
0.000000	-115.205162	1914.427002	1.000000
0.000000	-7862.929199	-92953.296875	1.000000
0.000000	-444.395599	1273.427979	1.000000
0.000000	88.475098	147.932785	1.000000
0.060317	130.200256	-18.155985	1.000000
0.000000	48.233299	134.798492	1.000000
0.000000	-42736.550781	-77848.945312	1.000000
0.000000	463.177399	-961.343506	1.000000
0.000000	-122.375282	148.318420	1.000000
0.000000	5.405603	-376.031586	1.000000
0.000000	-440.204590	505.946167	1.000000
0.000000	248.440292	213.363556	1.000000
0.000000	167.257904	799.107056	1.000000
0.000000	-83.295853	-22.706697	1.000000
0.000000	74.464127	392.318329	1.000000
0.000000	-10789.618164	570.131287	1.000000
0.000000	28171368.000000	16549397.000000	1.000000
0.000000	164.359390	-480.872345	1.000000
0.000000	-32857.046875	266903.750000	1.000000
0.655188	-19.260902	10.309185	1.000000
0.000000	1307.330322	2790.950195	1.000000
0.000000	4748.943848	10629.821289	1.000000
0.000000	-48740.179688	-126250.796875	1.000000
0.000000	240.993408	-413.416840	1.000000
0.000000	1929694.125000	165097.171875	1.000000
0.000000	-180310.390625	-177937.812500	1.000000
0.000000	-70044.179688	13858.247070	1.000000
0.000000	138.754944	47.564209	1.000000
0.000000	-131043.656250	14758.191406	1.000000
0.000000	-881.638855	138.238708	1.000000
0.000000	-1192.894409	1167.160034	1.000000
0.000000	-1131.406006	962.855469	1.000000
0.000000	49209.988281	57355.593750	1.000000
0.000000	84042.835938	3810.800049	1.000000
0.000000	853.943542	-467.705566	1.000000
0.000000	-164.211609	-175.988937	1.000000
0.000000	-1589278.625000	-1200867.375000	1.000000
0.047324	-64.526085	80.684128	1.000000
0.000000	2590553.750000	19172.613281	1.000000
0.000000	62.217163	12.604450	1.000000
0.000000	-10322.394531	13017.412109	1.000000
0.000000	1826645.375000	135522.546875	1.000000
0.000000	-1589.629272	578.213623	1.000000
0.000000	59.024906	6.037829	1.000000
0.000000	169.992447	86.694702	1.000000
0.000000	622.324890	1092.740112	1.000000
0.000000	-10469.444336	7257.872559	1.000000
0.000000	-158.695572	117.589478	1.000000
0.000000	27325.404297	25675.714844	1.000000
0.000000	-85.333954	144.879684	1.000000
0.000000	263.167084	279.891327	1.000000
0.000000	167.319763	-9105.298828	1.000000
0.000000	-5383.577637	9769.130859	1.000000
0.000000	459015.906250	25745.609375	1.000000
0.000000	-810.416687	1024.073730	1.000000
0.000000	2000.821045	-5390.769043	1.000000
0.000000	3482.798340	-1870.489014	1.000000
0.000000	20.741592	-111.400665	1.000000
0.000000	36.389263	65.996696	1.000000
0.000000	1060.666260	-541.620117	1.000000
0.000000	1182.465942	11949.135742	1.000000
0.000000	18255.230469	-23742.517578	1.000000
0.000000	100.564285	-0.720461	1.000000
0.655188	-22.775862	8.456170	1.000000
0.000000	1329.801025	1052.103271	1.000000
0.000000	190.644974	-40.027569	1.000000
0.000000	70.370193	-44.744217	1.000000
0.000000	-1646.083496	65.257530	1.000000
0.000000	75106.203125	-7432.353516	1.000000
0.000000	22.800842	189.358124	1.000000
0.000000	-431.526489	-720.712036	1.000000
0.000000	1192.725342	-9821.121094	1.000000
0.000000	132.792511	116.801941	1.000000
0.000000	67.755104	75.285500	1.000000
0.000000	-3964.780518	-4803.020020	1.000000
0.000000	293.650482	196.121933	1.000000
0.000000	-1849.608521	-2835.326416	1.000000
0.000000	-83.403412	73.642151	1.000000
0.000000	22208.781250	38864.531250	1.000000
0.060317	128.546265	-22.345573	1.000000
0.000000	660.501770	-553.660706	1.000000
0.000000	1058.604248	587.391052	1.000000
0.000000	-310.423492	409.648682	1.000000
0.000000	-0.239693	-140.666046	1.000000
0.000000	9469.850586	5037.473145	1.000000
0.000000	-92784.062500	-330073.656250	1.000000
0.000000	7761.188965	16940.359375	1.000000
0.000000	64.948303	-13.522192	1.000000
0.000000	3325.436768	-1126.155884	1.000000
0.000000	-423488.000000	-81773.093750	1.000000
0.000000	-44105600.000000	-10494824.000000	1.000000
0.000000	5921.881836	-4785.062988	1.000000
0.000000	-202.466217	-52.824249	1.000000
0.000000	828.163330	-1803.577026	1.000000
0.000000	6029.645508	496.952881	1.000000
0.000000	-51.453213	-15.485847	1.000000
0.000000	-257.609680	1027.678589	1.000000
0.000000	-18815.251953	293.386230	1.000000
0.000000	-401.870911	-150.701370	1.000000
0.000000	268.401428	-123.852081	1.000000
0.000000	14337.349609	-11127.541992	1.000000
