0.000000	31522.015625	455790.000000	1.000000
0.000000	214989.500000	175223.765625	1.000000
0.000000	1182.753662	-12753.225586	1.000000
0.000000	-545.867004	649.051331	1.000000
0.000000	16890.529297	27418.656250	1.000000
0.000000	-13717.954102	760.182312	1.000000
0.000000	-704.890808	-2444.051514	1.000000
0.000000	-595244.312500	1523932.125000	1.000000
0.000000	3561.164795	-2223.383789	1.000000
0.000000	9292453.000000	3386659.750000	1.000000
0.000000	78697400.000000	19959642.000000	1.000000
0.000000	-254.398804	-179.281372	1.000000
0.000000	-284.674133	77.423492	1.000000
0.000000	93.365562	-222.000137	1.000000
0.000000	-73337376.000000	-31090268.000000	1.000000
0.000000	716.161682	-4529.351074	1.000000
0.000000	369.543945	-387.708984	1.000000
0.000000	-6159.153809	7787.216797	1.000000
0.000000	-987.375916	238.416779	1.000000
0.000000	-296.015289	266.855988	1.000000
0.000000	917.179993	7988.366211	1.000000
0.000000	10226.718750	85027.882812	1.000000
0.000000	-43.501888	801.172974	1.000000
0.000000	214.893677	108.508682	1.000000
0.000000	-207131.578125	-53321.113281	1.000000
0.000000	393.578827	-60.565826	1.000000
0.000000	10388.190430	35398.488281	1.000000
0.000000	-3907.676514	11584.244141	1.000000
0.000000	390.879211	-170.137604	1.000000
0.000000	-61490.664062	-273296.843750	1.000000
0.000000	5185.168945	-8919.792969	1.000000
0.000000	4860.016602	901.472534	1.000000
0.000000	-245.694519	454.366425	1.000000
0.000000	-522.168640	-221.230453	1.000000
0.000000	-224.283859	-20.374319	1.000000
0.000000	4844.027344	2772.644775	1.000000
0.000000	28.752266	-59.846413	1.000000
0.000000	-5723.418457	-1492.642456	1.000000
0.000000	-246285.140625	-73713.593750	1.000000
0.000000	-46752.292969	-6148.273926	1.000000
0.000000	450.613373	76.548080	1.000000
0.000000	527.648010	30.111271	1.000000
0.000000	-1.658097	216.965378	1.000000
0.000000	-72.021507	-118.801361	1.000000
0.000000	45.169521	214.203125	1.000000
0.000000	-552.568665	-292.354706	1.000000
0.000000	-4098.319336	3366.447754	1.000000
0.000000	-815.017334	412.288849	1.000000
0.000000	-107.514786	-236.467407	1.000000
0.000000	-233.752655	-76.747719	1.000000
0.000000	7018.778809	6282.162109	1.000000
0.000000	-856.315125	1712.759399	1.000000
0.000000	39.950661	1366.825684	1.000000
0.000000	-3383.244873	-11668.512695	1.000000
0.000000	277.566040	-48.821457	1.000000
0.000000	-17.137487	-242.385742	1.000000
0.000000	106.340202	118.611252	1.000000
0.000000	29405522.000000	-21550876.000000	1.000000
0.000000	-535.036438	1647.749634	1.000000
0.000000	514.077026	502.253815	1.000000
0.000000	1725.447388	26263.244141	1.000000
0.000000	3254.408691	-1626.746582	1.000000
0.000000	-77.056572	-231.372803	1.000000
0.000000	147.447113	-340.465363	1.000000
0.000000	5401.646973	-2880.419434	1.000000
0.000000	401080.312500	-1051564.750000	1.000000
0.000000	40229.078125	142568.000000	1.000000
0.000000	899154304.000000	-490293056.000000	1.000000
0.000000	5133.897461	-14851.607422	1.000000
0.000000	-11819835.000000	-661340.687500	1.000000
0.000000	10598.288086	-15139.133789	1.000000
0.000000	-11.574733	-333.343475	1.000000
0.000000	-249.375000	-749.725769	1.000000
0.000000	-532.911011	923.182373	1.000000
0.000000	424368.937500	2498.117920	1.000000
0.000000	-9315.341797	10646.403320	1.000000
0.000000	-145.112152	546.539124	1.000000
0.000000	35.238277	-254.817093	1.000000
0.000000	3418.837402	-13255.930664	1.000000
0.000000	-935690816.000000	516809408.000000	1.000000
0.000000	1333545.500000	80214.109375	1.000000
0.000000	370697.437500	-121727.078125	1.000000
0.000000	282509.500000	227385.656250	1.000000
0.000000	24931.056641	-23152.292969	1.000000
0.000000	2203343.750000	933704.437500	1.000000
0.000000	-134.282089	191.129059	1.000000
0.000000	121.150650	-26.458981	1.000000
0.000000	-3187.938721	-395.435791	1.000000
0.000000	-1667.018677	1685.069946	1.000000
0.000000	82.885475	248.154922	1.000000
0.000000	20.803982	-13.341694	1.000000
0.000000	-1179.224976	1109.638062	1.000000
0.000000	882.803284	-168.068665	1.000000
0.000000	226.522629	-218.315018	1.000000
0.000000	-4355021.000000	2416277.250000	1.000000
0.000000	1075.161865	594.469910	1.000000
0.000000	-87.656784	-88050.406250	1.000000
0.000000	1711789.125000	-2028472.500000	1.000000
0.000000	805.417603	-1547.483398	1.000000
0.000000	-293.252258	-5281.470215	1.000000
0.000000	691415.187500	-227404.093750	1.000000
0.000000	12310197.000000	-6573529.500000	1.000000
0.000000	-21936.435547	-21471.261719	1.000000
0.000000	170639.078125	-24504.449219	1.000000
0.000000	41.642673	153.681396	1.000000
0.000000	252.343918	-22.323393	1.000000
0.000000	659.239441	-1778.873779	1.000000
0.000000	-122.852669	-212.052170	1.000000
0.000000	92.150040	-230.942459	1.000000
0.000000	-871.171875	1031.105591	1.000000
0.000000	-171.260849	-3122.365479	1.000000
0.000000	-53825.757812	119833.890625	1.000000
0.000000	78.800819	211.578079	1.000000
0.000000	-311.596893	15.905784	1.000000
0.000000	-172.843994	-1088.259155	1.000000
0.000000	-64649.871094	15563.675781	1.000000
0.000000	2421.799561	744.172180	1.000000
0.000000	55749.394531	149556.484375	1.000000
0.000000	-13191.967773	6616.323242	1.000000
0.000000	-41746.722656	-29810.820312	1.000000
0.000000	-8491.981445	13786.636719	1.000000
0.000000	266.511230	322.172974	1.000000
0.000000	-276.948792	139.650406	1.000000
0.000000	1521.020996	3210.262451	1.000000
0.000000	586.451050	-402.583344	1.000000
0.000000	1953.878174	157.019135	1.000000
0.000000	557.190186	-489.608215	1.000000
0.000000	14001.251953	-14192.003906	1.000000
0.000000	-259.185669	-109.753929	1.000000
0.000000	-1148.186035	1568.879028	1.000000
0.000000	195.909576	221.629440	1.000000
0.000000	-13388.159180	-2972.068604	1.000000
0.000000	-28632.503906	-61473.546875	1.000000
0.000000	1671.469482	8011.305664	1.000000
0.000000	-2561.187500	1887.719238	1.000000
0.000000	45.926819	-128.972733	1.000000
0.000000	101.041611	248.102844	1.000000
0.000000	-3856.470947	-16076.032227	1.000000
0.000000	712.408264	-42.820610	1.000000
0.000000	-8726.029297	12928.191406	1.000000
0.000000	-912.758667	-3124.378906	1.000000
0.000000	948.608704	514.707947	1.000000
0.000000	231.400894	-241.687775	1.000000
0.000000	-5703.437012	-20520.162109	1.000000
0.000000	-1.137358	-264.877228	1.000000
0.000000	22530.625000	-24540.904297	1.000000
0.000000	-260.381561	-132.629013	1.000000
0.000000	-3300464.250000	1376390.750000	1.000000
0.000000	-17968.634766	-1205.425415	1.000000
0.000000	-32.956215	523.754028	1.000000
0.000000	138.617767	-287.320648	1.000000
0.000000	6665.318848	2760.323242	1.000000
0.000000	-26190.380859	-23383.738281	1.000000
0.000000	-586712.625000	317424.531250	1.000000
0.000000	-108536.234375	249142.296875	1.000000
0.000000	38087.015625	-56191.003906	1.000000
0.000000	560.919922	-1675.440552	1.000000
0.000000	92.179390	114.795036	1.000000
0.000000	-206.209717	-483.983521	1.000000
0.000000	-371.036072	621.842651	1.000000
0.000000	4112436.000000	2116301.500000	1.000000
0.000000	108.235123	198.872787	1.000000
0.000000	-45251.683594	75903.250000	1.000000
0.000000	649.517517	1666.862061	1.000000
0.000000	4772.474121	12579.426758	1.000000
0.000000	625.339905	1668.958984	1.000000
0.000000	-44054.980469	2321.493896	1.000000
0.000000	245783.921875	-842228.687500	1.000000
0.000000	-170.332001	-115.145523	1.000000
0.000000	383.093964	-134.898804	1.000000
0.000000	-33005.691406	-139948.421875	1.000000
0.000000	-14316.846680	-13622.656250	1.000000
0.000000	-320.285400	-79.045631	1.000000
0.000000	-323520.781250	730136.875000	1.000000
0.000000	-31415.121094	-19702.792969	1.000000
0.000000	-367.697296	-1051.995483	1.000000
0.000000	130.969131	-296.035980	1.000000
0.000000	-3688.363770	-12757.085938	1.000000
0.000000	74.159454	-259.397858	1.000000
0.000000	3182.766113	3057.025879	1.000000
0.000000	-1.129925	239.156967	1.000000
0.000000	799256.437500	-982912.687500	1.000000
0.000000	-318.840179	397.533508	1.000000
0.000000	-3340.541260	-2073.295166	1.000000
0.000000	-13.667110	2836.429932	1.000000
0.000000	-271.973938	254.107559	1.000000
0.000000	19884.416016	10486.429688	1.000000
0.000000	9.190025	596.664246	1.000000
0.000000	-3302.892578	-1893.022583	1.000000
0.000000	65080.339844	112600.382812	1.000000
0.000000	219.548065	169.234070	1.000000
0.000000	484892.843750	100748.359375	1.000000
0.000000	-194.566559	186.614166	1.000000
0.000000	81.053108	226.794067	1.000000
0.000000	308.393463	50.490459	1.000000
0.000000	-223.933395	-91.656342	1.000000
0.000000	-52448.613281	-3070.635010	1.000000
0.000000	11362.209961	1321.436890	1.000000
0.000000	-95.673325	-118.638649	1.000000
0.000000	-35.787437	1803.860596	1.000000
0.000000	-7869.569824	-93080.796875	1.000000
0.000000	-525.840332	1164.521729	1.000000
0.000000	1.954628	249.000000	1.000000
0.000000	262.739410	-55.874138	1.000000
0.000000	52.355556	271.630554	1.000000
0.000000	-42842.800781	-77763.945312	1.000000
0.000000	356.844391	-1046.220947	1.000000
0.000000	-51.590370	264.446350	1.000000
0.000000	-55.449722	-254.425140	1.000000
0.000000	-452.655762	641.414917	1.000000
0.000000	343.484222	116.078400	1.000000
0.000000	199.589447	931.255493	1.000000
0.000000	-146.935913	97.486931	1.000000
0.000000	184.003082	472.918915	1.000000
0.000000	-10925.086914	560.170349	1.000000
0.000000	28171368.000000	16549397.000000	1.000000
0.000000	256.041534	-581.311768	1.000000
0.000000	-32803.921875	266818.750000	1.000000
0.000000	-154.926025	7.150057	1.000000
0.000000	1420.552979	2715.911133	1.000000
0.000000	4616.131348	10661.696289	1.000000
0.000000	-48602.054688	-126250.796875	1.000000
0.000000	121.586670	-478.494965	1.000000
0.000000	1929694.125000	165182.171875	1.000000
0.000000	-180182.890625	-177937.812500	1.000000
0.000000	-70150.429688	13781.215820	1.000000
0.000000	218.409439	-57.490761	1.000000
0.000000	-131086.156250	14888.347656	1.000000
0.000000	-1002.996277	199.747498	1.000000
0.000000	-1278.226440	1061.242065	1.000000
0.000000	-1166.601318	1094.262573	1.000000
0.000000	49241.863281	57483.093750	1.000000
0.000000	83936.585938	3729.120361	1.000000
0.000000	983.601746	-426.367676	1.000000
0.000000	-285.102509	-238.286301	1.000000
0.000000	-1589278.625000	-1200867.375000	1.000000
0.000000	-194.710892	122.566101	1.000000
0.000000	2590553.750000	19294.800781	1.000000
0.000000	107.913666	-108.942322	1.000000
0.000000	-10402.082031	13128.974609	1.000000
0.000000	1826645.375000	135437.546875	1.000000
0.000000	-1574.023804	713.350342	1.000000
0.000000	191.476776	31.660221	1.000000
0.000000	283.132080	11.198932	1.000000
0.000000	513.750671	1010.755310	1.000000
0.000000	-10562.413086	7357.481934	1.000000
0.000000	-292.006104	144.517487	1.000000
0.000000	27330.716797	25813.839844	1.000000
0.000000	13.941602	237.848434	1.000000
0.000000	269.309662	415.775116	1.000000
0.000000	35.017624	-9073.423828	1.000000
0.000000	-5519.046387	9771.787109	1.000000
0.000000	459100.906250	25644.671875	1.000000
0.000000	-937.916687	1071.222168	1.000000
0.000000	2110.248047	-5309.753418	1.000000
0.000000	3485.454590	-2006.621826	1.000000
0.000000	95.132095	2.449152	1.000000
0.000000	152.699554	136.488586	1.000000
0.000000	1002.166870	-664.305664	1.000000
0.000000	1198.071411	11813.666992	1.000000
0.000000	18122.417969	-23769.080078	1.000000
0.000000	236.199051	-10.606388	1.000000
0.000000	-18.007618	-124.863846	1.000000
0.000000	1216.910400	1127.806396	1.000000
0.000000	326.611755	-43.503521	1.000000
0.000000	93.243492	87.859657	1.000000
0.000000	-1516.591309	106.740685	1.000000
0.000000	75233.703125	-7417.744141	1.000000
0.000000	59.011681	320.448547	1.000000
0.000000	-295.559692	-720.712036	1.000000
0.000000	1184.092529	-9685.652344	1.000000
0.000000	215.011749	225.127136	1.000000
0.000000	171.485413	163.232285	1.000000
0.000000	-3902.358643	-4682.160645	1.000000
0.000000	427.791107	218.285019	1.000000
0.000000	-1958.846802	-2916.342041	1.000000
0.000000	-30.910774	192.559158	1.000000
0.000000	22230.031250	39002.656250	1.000000
0.000000	262.001678	-24.187197	1.000000
0.000000	796.468567	-551.336487	1.000000
0.000000	1176.143311	655.789490	1.000000
0.000000	-316.068024	545.511963	1.000000
0.000000	85.547386	-246.210480	1.000000
0.000000	9538.913086	4920.598145	1.000000
0.000000	-92720.312500	-330158.656250	1.000000
0.000000	7896.657715	16945.671875	1.000000
0.000000	153.290955	-117.042603	1.000000
0.000000	3369.928955	-997.625732	1.000000
0.000000	-423403.000000	-81879.343750	1.000000
0.000000	-44105600.000000	-10494824.000000	1.000000
0.000000	5982.975586	-4664.203613	1.000000
0.000000	-254.056854	72.958450	1.000000
0.000000	947.362549	-1738.166870	1.000000
0.000000	5923.395508	412.450928	1.000000
0.000000	-177.708084	-66.050072	1.000000
0.000000	-393.410461	1021.037964	1.000000
0.000000	-18794.001953	159.109543	1.000000
0.000000	-537.837708	-154.478226	1.000000
0.000000	288.310272	-257.001678	1.000000
0.000000	14462.193359	-11074.416992	1.000000
