0.000000	31639.886719	455679.062500	1.000000
0.000000	214934.031250	175057.359375	1.000000
0.000000	1156.319336	-12576.418945	1.000000
0.000000	-723.323669	651.651428	1.000000
0.000000	16904.396484	27598.929688	1.000000
0.000000	-13891.293945	800.267151	1.000000
0.000000	-864.146790	-2366.048584	1.000000
0.000000	-595022.437500	1523932.125000	1.000000
0.000000	3470.161377	-2375.922852	1.000000
0.000000	9292453.000000	3386659.750000	1.000000
0.000000	78697400.000000	19959642.000000	1.000000
0.000000	-83.110268	-132.804626	1.000000
0.000000	-200.640015	-78.923927	1.000000
0.000000	99.892891	-44.610363	1.000000
0.000000	-73337376.000000	-31090268.000000	1.000000
0.000000	561.672546	-4616.020996	1.000000
0.000000	327.942383	-215.140335	1.000000
0.000000	-6067.283691	7634.677734	1.000000
0.000000	-987.809265	415.878815	1.000000
0.000000	-235.111099	100.124748	1.000000
0.000000	879.045227	7815.026367	1.000000
0.000000	10067.246094	84944.679688	1.000000
0.000000	-9.163434	626.966431	1.000000
0.000000	86.129669	226.216736	1.000000
0.000000	-207242.515625	-53196.308594	1.000000
0.000000	216.651794	-74.460098	1.000000
0.000000	10391.657227	35578.761719	1.000000
0.000000	-3733.469971	11618.912109	1.000000
0.000000	235.740036	-83.901039	1.000000
0.000000	-61670.937500	-273296.843750	1.000000
0.000000	5290.906250	-9061.931641	1.000000
0.000000	4688.410156	857.704224	1.000000
0.000000	-81.952591	385.740997	1.000000
0.000000	-392.280579	-342.227753	1.000000
0.000000	-85.557816	90.356033	1.000000
0.000000	4682.821289	2698.975342	1.000000
0.000000	193.821991	5.379778	1.000000
0.000000	-5586.479980	-1380.404907	1.000000
0.000000	-246340.609375	-73547.187500	1.000000
0.000000	-46890.964844	-6040.803223	1.000000
0.000000	313.783234	-36.472023	1.000000
0.000000	425.069031	174.973511	1.000000
0.996464	0.541924	39.657375	1.000000
1.055822	4.304501	40.391285	1.000000
0.000000	22.995865	39.092571	1.000000
0.000000	-485.616180	-456.702545	1.000000
0.000000	-4243.924805	3467.851562	1.000000
0.000000	-714.263550	266.141693	1.000000
0.000000	-68.396835	-63.284821	1.000000
0.000000	-59.208012	-42.357189	1.000000
0.000000	6841.972168	6301.229492	1.000000
0.000000	-759.461487	1861.398315	1.000000
0.000000	140.836426	1512.864502	1.000000
0.000000	-3280.107666	-11814.118164	1.000000
0.000000	113.649178	-116.887451	1.000000
0.000000	-20.932335	-66.628181	1.000000
0.000000	-71.054474	124.759399	1.000000
0.000000	29405522.000000	-21550876.000000	1.000000
0.000000	-392.031067	1542.879028	1.000000
0.000000	630.864746	368.673798	1.000000
0.000000	1816.884155	26415.783203	1.000000
0.000000	3186.806152	-1462.507080	1.000000
0.000000	15.743919	-78.724030	1.000000
0.000000	51.676846	-191.044556	1.000000
0.000000	5510.851074	-2740.880859	1.000000
0.000000	400969.375000	-1051564.750000	1.000000
0.000000	40381.617188	142678.937500	1.000000
0.000000	899154304.000000	-490293056.000000	1.000000
0.000000	5248.301758	-14716.402344	1.000000
0.000000	-11819835.000000	-661562.562500	1.000000
0.000000	10508.151367	-15291.672852	1.000000
0.000000	40.860989	-163.765991	1.000000
0.000000	-115.415802	-633.371399	1.000000
0.000000	-710.367676	929.249268	1.000000
0.000000	424590.812500	2542.319580	1.000000
0.000000	-9142.001953	10688.004883	1.000000
0.000000	27.181248	589.224060	1.000000
0.000000	50.784695	-78.010452	1.000000
0.000000	3401.503418	-13079.124023	1.000000
0.000000	-935690816.000000	516809408.000000	1.000000
0.000000	1333545.500000	80047.703125	1.000000
0.000000	370475.562500	-121699.343750	1.000000
0.000000	282731.375000	227330.187500	1.000000
0.000000	25090.529297	-23235.496094	1.000000
0.000000	2203343.750000	933926.312500	1.000000
0.000000	-43.663868	43.437199	1.000000
0.000000	292.885956	14.742582	1.000000
0.000000	-3298.876221	-534.107666	1.000000
0.000000	-1646.217896	1508.696655	1.000000
0.000000	1.038543	90.638771	1.000000
0.000000	66.402863	158.205048	1.000000
0.000000	-1008.051880	1156.439819	1.000000
0.000000	732.864319	-73.018265	1.000000
0.000000	187.033646	-391.341644	1.000000
0.000000	-4355021.000000	2416277.250000	1.000000
0.000000	921.611694	505.424561	1.000000
0.000000	86.054749	-88022.671875	1.000000
0.000000	1711789.125000	-2028472.500000	1.000000
0.000000	772.266357	-1721.689941	1.000000
0.000000	-439.182739	-5180.933105	1.000000
0.000000	691415.187500	-227237.687500	1.000000
0.000000	12310197.000000	-6573529.500000	1.000000
0.000000	-21894.833984	-21297.921875	1.000000
0.000000	170472.671875	-24400.445312	1.000000
0.000000	117.783798	-4.136355	1.000000
0.000000	82.150742	28.005724	1.000000
0.000000	831.062561	-1734.672119	1.000000
0.000000	-6.068356	-78.368248	1.000000
0.000000	27.553398	-65.619583	1.000000
0.000000	-820.253296	861.024963	1.000000
0.000000	0.828995	-3165.700439	1.000000
0.000000	-53645.484375	119833.890625	1.000000
0.000000	16.159010	44.543297	1.000000
0.000000	-139.842331	-29.097885	1.000000
0.000000	-343.557343	-1136.794312	1.000000
0.000000	-64802.410156	15660.746094	1.000000
0.000000	2368.930908	574.732483	1.000000
0.000000	55610.722656	149445.546875	1.000000
0.000000	-13022.094727	6671.791992	1.000000
0.000000	-41608.050781	-29914.824219	1.000000
0.000000	-8637.586914	13686.099609	1.000000
0.000000	106.168190	246.113068	1.000000
0.000000	-146.231033	19.559103	1.000000
0.000000	1393.182861	3333.333740	1.000000
0.000000	415.061310	-356.323273	1.000000
0.000000	2067.924561	293.051483	1.000000
0.000000	522.522217	-315.510010	1.000000
0.000000	14039.386719	-14018.664062	1.000000
0.000000	-107.834702	-17.049965	1.000000
0.000000	-1081.016846	1733.118530	1.000000
0.000000	69.046478	97.474777	1.000000
0.000000	-13561.499023	-2933.067139	1.000000
0.000000	-28521.566406	-61334.875000	1.000000
0.000000	1574.399170	7862.233398	1.000000
0.000000	-2669.524902	2028.124512	1.000000
0.000000	-116.490906	-57.361717	1.000000
0.000000	218.431412	381.249512	1.000000
0.000000	-3969.141846	-16214.704102	1.000000
0.000000	541.885193	-92.357887	1.000000
0.000000	-8549.222656	12914.324219	1.000000
0.000000	-966.277344	-2955.372559	1.000000
0.000000	967.892761	338.227997	1.000000
0.000000	57.952240	-204.040527	1.000000
0.000000	-5878.510254	-20547.896484	1.000000
0.000000	-10.474688	-87.631058	1.000000
0.000000	22579.160156	-24367.564453	1.000000
0.000000	-140.720932	-1.535864	1.000000
0.000000	-3300464.250000	1376390.750000	1.000000
0.000000	-17906.232422	-1039.885864	1.000000
0.549281	41.776726	363.261719	1.000000
0.032020	79.594765	-120.266045	1.000000
0.000000	6608.116699	2928.462891	1.000000
0.000000	-26356.787109	-23439.207031	1.000000
0.000000	-586712.625000	317313.593750	1.000000
0.000000	-108536.234375	249308.703125	1.000000
0.000000	38267.289062	-56191.003906	1.000000
0.000000	446.082245	-1540.235474	1.000000
0.000000	6.910781	-40.885109	1.000000
0.000000	-165.637360	-656.690918	1.000000
0.000000	-322.609253	451.102875	1.000000
0.000000	4112436.000000	2116301.500000	1.000000
0.000000	-63.043869	163.944473	1.000000
0.000000	-45182.347656	75736.843750	1.000000
0.000000	489.410156	1590.159180	1.000000
0.000000	4600.867676	12624.495117	1.000000
0.000000	642.890564	1845.765625	1.000000
0.000000	-43930.175781	2191.489014	1.000000
0.000000	245950.328125	-842228.687500	1.000000
0.000000	-9.759800	-39.498932	1.000000
0.000000	210.477325	-146.653122	1.000000
0.000000	-33075.027344	-139782.015625	1.000000
0.000000	-14257.911133	-13789.062500	1.000000
0.000000	-143.010880	-70.053627	1.000000
0.000000	-323298.906250	730136.875000	1.000000
0.000000	-31567.660156	-19792.929688	1.000000
0.000000	-207.249588	-976.159302	1.000000
0.032020	82.855026	-124.861488	1.000000
0.000000	-3858.236816	-12705.083984	1.000000
0.000000	22.824955	-89.471725	1.000000
0.000000	3129.897461	3226.032227	1.000000
0.000000	-85.188759	395.434235	1.000000
0.000000	799478.312500	-982912.687500	1.000000
0.000000	-143.801666	367.957397	1.000000
0.000000	-3510.414307	-2023.026733	1.000000
0.000000	23.634672	2663.090088	1.000000
0.000000	-146.735901	128.273666	1.000000
0.000000	19974.552734	10333.890625	1.000000
0.000000	-165.758972	626.565369	1.000000
0.000000	-3133.886230	-1837.553833	1.000000
0.000000	65024.871094	112433.976562	1.000000
0.000000	86.775513	51.779518	1.000000
0.000000	484892.843750	100581.953125	1.000000
0.000000	-66.186745	64.030403	1.000000
0.000000	80.580299	49.177143	1.000000
0.000000	277.950653	-124.374512	1.000000
0.000000	-46.862164	-80.411903	1.000000
0.000000	-52517.949219	-3231.841064	1.000000
0.000000	11268.606445	1170.631226	1.000000
0.000000	-143.919479	52.181747	1.000000
0.000000	-139.436264	1948.166016	1.000000
0.000000	-7860.902832	-92914.390625	1.000000
0.000000	-419.547272	1306.660400	1.000000
0.000000	115.894379	116.777397	1.000000
0.000000	90.429771	-6.242954	1.000000
0.000000	45.959969	93.359283	1.000000
0.000000	-42704.128906	-77874.882812	1.000000
0.000000	495.624603	-935.456665	1.000000
0.000000	-143.979767	112.882324	1.000000
0.000000	23.975414	-413.139435	1.000000
0.000000	-436.405151	464.608276	1.000000
0.000000	219.437912	243.049835	1.000000
0.000000	157.392029	758.782349	1.000000
0.000000	-64.710098	-57.264030	1.000000
0.549281	40.960476	367.225433	1.000000
0.000000	-10748.280273	573.170837	1.000000
0.000000	28171368.000000	16549397.000000	1.000000
0.000000	136.382858	-450.223541	1.000000
0.000000	-32873.257812	266929.687500	1.000000
0.000000	19.456543	14.414272	1.000000
0.000000	1272.780762	2813.848145	1.000000
0.000000	4789.471191	10620.094727	1.000000
0.000000	-48782.328125	-126250.796875	1.000000
0.000000	277.422577	-393.558441	1.000000
0.000000	1929694.125000	165071.234375	1.000000
0.000000	-180349.296875	-177937.812500	1.000000
0.000000	-70011.757812	13881.752930	1.000000
0.000000	113.805290	80.725403	1.000000
0.000000	-131030.687500	14718.474609	1.000000
0.000000	-844.606995	119.469490	1.000000
0.000000	-1166.855591	1199.480591	1.000000
0.000000	-1120.666260	922.784058	1.000000
0.000000	49200.261719	57316.687500	1.000000
0.000000	84075.257812	3835.724365	1.000000
0.000000	814.378723	-480.319702	1.000000
0.000000	-127.319061	-156.979080	1.000000
0.000000	-1589278.625000	-1200867.375000	1.000000
0.000000	-25.397741	68.293678	1.000000
0.000000	2590553.750000	19135.328125	1.000000
0.000000	47.801460	51.520199	1.000000
0.000000	-10298.078125	12983.369141	1.000000
0.000000	1826645.375000	135548.484375	1.000000
0.000000	-1594.391235	536.977051	1.000000
0.000000	18.570910	-3.223190	1.000000
0.000000	135.468216	109.731964	1.000000
0.000000	655.455994	1117.765747	1.000000
0.000000	-10441.075195	7227.477051	1.000000
0.000000	-118.016258	109.376358	1.000000
0.000000	27323.783203	25633.566406	1.000000
0.000000	-115.628143	116.513115	1.000000
0.000000	261.292694	238.432159	1.000000
0.000000	207.695129	-9115.025391	1.000000
0.000000	-5342.239746	9768.320312	1.000000
0.000000	458989.968750	25776.410156	1.000000
0.000000	-771.510437	1009.686523	1.000000
0.000000	1967.487305	-5415.490723	1.000000
0.000000	3481.987793	-1828.948486	1.000000
0.000000	-1.958330	-146.140198	1.000000
0.971960	0.773572	44.217430	1.000000
0.000000	1078.498291	-504.177704	1.000000
0.000000	1177.703979	11990.473633	1.000000
0.000000	18295.757812	-23734.412109	1.000000
0.000000	59.175369	2.296326	1.000000
0.000000	-21.730440	48.957024	1.000000
0.000000	1364.249268	1029.002686	1.000000
0.000000	149.155106	-38.966892	1.000000
0.000000	63.714977	-85.708496	1.000000
0.000000	-1685.597656	52.601921	1.000000
0.000000	75067.296875	-7436.811523	1.000000
0.000000	11.752392	149.350037	1.000000
0.000000	-473.016357	-720.712036	1.000000
0.000000	1195.359619	-9862.458984	1.000000
0.000000	107.698433	83.746826	1.000000
0.000000	36.102238	48.446964	1.000000
0.000000	-3983.828369	-4839.899902	1.000000
0.000000	252.716858	189.358932	1.000000
0.000000	-1816.274780	-2810.604736	1.000000
0.000000	-100.893494	36.008709	1.000000
0.000000	22202.296875	38822.382812	1.000000
0.000000	87.148720	-22.192081	1.000000
0.000000	619.011902	-554.369934	1.000000
0.000000	1022.737549	566.519470	1.000000
0.000000	-308.701080	368.184143	1.000000
0.000000	-26.416691	-108.463310	1.000000
0.000000	9448.776367	5073.137207	1.000000
0.000000	-92803.515625	-330047.718750	1.000000
0.000000	7719.851074	16938.738281	1.000000
0.000000	38.174927	18.185509	1.000000
0.000000	3311.860107	-1165.366089	1.000000
0.000000	-423513.937500	-81740.671875	1.000000
0.000000	-44105600.000000	-10494824.000000	1.000000
0.000000	5903.239258	-4821.942871	1.000000
0.000000	-186.711212	-91.217575	1.000000
0.000000	791.790039	-1823.536743	1.000000
0.000000	6062.067383	522.738403	1.000000
0.000000	-12.927690	-0.056015	1.000000
0.000000	-216.158295	1029.704956	1.000000
0.000000	-18821.736328	334.369507	1.000000
0.000000	-360.381042	-149.548874	1.000000
0.000000	263.664795	-82.621841	1.000000
0.000000	14299.253906	-11143.752930	1.000000
