0.000000	31687.035156	455634.687500	1.000000
0.000000	214911.843750	174990.796875	1.000000
0.000000	1145.745605	-12505.696289	1.000000
0.000000	-794.306335	652.691467	1.000000
0.000000	16909.943359	27671.039062	1.000000
0.000000	-13960.629883	816.301086	1.000000
0.000000	-927.849182	-2334.847412	1.000000
0.000000	-594933.687500	1523932.125000	1.000000
0.000000	3433.760010	-2436.938477	1.000000
0.000000	9292453.000000	3386659.750000	1.000000
0.000000	78697400.000000	19959642.000000	1.000000
0.000000	-14.587550	-114.205887	1.000000
0.000000	-167.033752	-141.464783	1.000000
0.000000	102.503822	26.341454	1.000000
0.000000	-73337376.000000	-31090268.000000	1.000000
0.000000	499.876892	-4650.688965	1.000000
0.000000	311.301758	-146.129410	1.000000
0.000000	-6030.535645	7573.662109	1.000000
0.000000	-987.982605	486.861481	1.000000
0.000000	-210.735184	33.434727	1.000000
0.000000	863.791321	7745.690430	1.000000
0.000000	10003.457031	84911.398438	1.000000
0.000000	4.571659	557.283813	1.000000
0.000000	33.864582	274.275208	1.000000
0.000000	-207286.890625	-53146.386719	1.000000
0.000000	145.864136	-80.017807	1.000000
0.000000	10393.043945	35650.871094	1.000000
0.000000	-3663.787354	11632.779297	1.000000
0.000000	173.684372	-49.406410	1.000000
0.000000	-61743.046875	-273296.843750	1.000000
0.000000	5333.201172	-9118.787109	1.000000
0.000000	4619.767578	840.196899	1.000000
0.000000	-16.480366	358.266632	1.000000
0.000000	-340.321960	-390.632904	1.000000
0.000000	-30.067398	134.644363	1.000000
0.000000	4618.338867	2669.507568	1.000000
0.000000	259.844055	31.475550	1.000000
0.000000	-5531.704590	-1335.509888	1.000000
0.000000	-246362.796875	-73480.625000	1.000000
0.000000	-46946.433594	-5997.814941	1.000000
0.000000	259.051178	-81.681221	1.000000
0.000000	384.030823	232.912354	1.000000
0.466157	5.597404	-26.563480	1.000000
0.000000	34.420959	102.005699	1.000000
0.000000	14.102108	-30.614986	1.000000
0.000000	-458.835175	-522.448547	1.000000
0.000000	-4302.166992	3508.413086	1.000000
0.000000	-673.962036	207.682816	1.000000
0.000000	-51.461121	5.366016	1.000000
0.439833	9.480906	-25.758892	1.000000
0.000000	6771.249512	6308.856445	1.000000
0.000000	-720.720032	1920.853882	1.000000
0.000000	181.181274	1571.280029	1.000000
0.000000	-3238.852783	-11872.360352	1.000000
0.000000	47.997841	-144.225067	1.000000
0.000000	-22.884344	4.001863	1.000000
0.000000	-142.015472	127.218658	1.000000
0.000000	29405522.000000	-21550876.000000	1.000000
0.000000	-334.828918	1500.930786	1.000000
0.000000	677.579834	315.241791	1.000000
0.000000	1853.458862	26476.798828	1.000000
0.000000	3159.765137	-1396.811279	1.000000
0.000000	53.102894	-18.347591	1.000000
0.000000	13.367517	-131.263977	1.000000
0.000000	5554.532715	-2685.065430	1.000000
0.000000	400925.000000	-1051564.750000	1.000000
0.000000	40442.632812	142723.312500	1.000000
0.000000	899154304.000000	-490293056.000000	1.000000
0.000000	5294.063477	-14662.320312	1.000000
0.000000	-11819835.000000	-661651.312500	1.000000
0.000000	10472.096680	-15352.688477	1.000000
0.000000	63.067451	-98.450989	1.000000
0.000000	-61.832119	-586.829651	1.000000
0.000000	-781.350342	931.676025	1.000000
0.000000	424679.562500	2560.000244	1.000000
0.000000	-9072.666016	10704.645508	1.000000
0.000000	96.097565	606.298035	1.000000
0.513235	56.917187	-7.348023	1.000000
0.000000	3394.569824	-13008.401367	1.000000
0.000000	-935690816.000000	516809408.000000	1.000000
0.000000	1333545.500000	79981.140625	1.000000
0.000000	370386.812500	-121688.250000	1.000000
0.000000	282820.125000	227308.000000	1.000000
0.000000	25154.318359	-23268.777344	1.000000
0.000000	2203343.750000	934015.062500	1.000000
0.000000	-6.263868	-17.019938	1.000000
0.000000	362.178558	30.226595	1.000000
0.000000	-3343.251221	-589.576416	1.000000
0.000000	-1637.897583	1438.147339	1.000000
0.000000	-31.698971	27.637632	1.000000
0.000000	84.646881	226.825958	1.000000
0.000000	-939.582642	1175.160522	1.000000
0.000000	672.888733	-34.998535	1.000000
0.000000	171.238052	-460.547577	1.000000
0.000000	-4355021.000000	2416277.250000	1.000000
0.000000	860.162720	469.846558	1.000000
0.000000	155.542358	-88011.578125	1.000000
0.000000	1711789.125000	-2028472.500000	1.000000
0.000000	759.005859	-1791.372559	1.000000
0.000000	-497.554932	-5140.718262	1.000000
0.000000	691415.187500	-227171.125000	1.000000
0.000000	12310197.000000	-6573529.500000	1.000000
0.000000	-21878.193359	-21228.585938	1.000000
0.000000	170406.109375	-24358.843750	1.000000
0.000000	148.334946	-68.224838	1.000000
0.456953	14.881585	48.663109	1.000000
0.000000	899.791809	-1716.991455	1.000000
0.000000	35.437077	-26.086548	1.000000
0.000000	0.696286	-0.418539	1.000000
0.000000	-799.885864	792.989075	1.000000
0.000000	69.662552	-3183.034424	1.000000
0.000000	-53573.375000	119833.890625	1.000000
0.000000	-8.858158	-22.563448	1.000000
0.000000	-71.156418	-47.082333	1.000000
0.000000	-411.853241	-1156.208374	1.000000
0.000000	-64863.425781	15699.574219	1.000000
0.000000	2347.783447	506.953400	1.000000
0.000000	55555.253906	149401.171875	1.000000
0.000000	-12954.145508	6693.979492	1.000000
0.000000	-41552.582031	-29956.425781	1.000000
0.000000	-8695.829102	13645.884766	1.000000
0.000000	42.021618	215.670258	1.000000
0.000000	-92.748535	-27.657297	1.000000
0.000000	1342.047607	3382.562256	1.000000
0.000000	346.505402	-337.819244	1.000000
0.000000	2113.686279	347.480194	1.000000
0.000000	508.665497	-245.870728	1.000000
0.000000	14054.640625	-13949.328125	1.000000
0.000000	-47.445774	18.352667	1.000000
0.000000	-1054.149170	1798.814331	1.000000
0.456953	18.910707	46.748405	1.000000
0.000000	-13630.834961	-2917.466553	1.000000
0.000000	-28477.191406	-61279.406250	1.000000
0.000000	1535.571045	7802.604492	1.000000
0.000000	-2712.859863	2084.286621	1.000000
0.000000	-181.451935	-28.717619	1.000000
0.000000	265.389160	434.508179	1.000000
0.000000	-4014.210205	-16270.172852	1.000000
0.000000	473.700287	-112.172798	1.000000
0.000000	-8478.500000	12908.777344	1.000000
0.000000	-987.684814	-2887.770020	1.000000
0.000000	975.606384	267.635345	1.000000
0.000000	-11.432070	-188.981628	1.000000
0.000000	-5948.539551	-20558.990234	1.000000
0.000000	-14.209620	-16.727840	1.000000
0.000000	22598.574219	-24298.228516	1.000000
0.000000	-94.055847	50.085331	1.000000
0.000000	-3300464.250000	1376390.750000	1.000000
0.000000	-17881.271484	-973.670044	1.000000
0.000000	71.504387	299.177429	1.000000
0.024373	57.409225	-54.227917	1.000000
0.000000	6585.235840	2995.718750	1.000000
0.000000	-26423.349609	-23461.394531	1.000000
0.000000	-586712.625000	317269.218750	1.000000
0.000000	-108536.234375	249375.265625	1.000000
0.000000	38339.398438	-56191.003906	1.000000
0.000000	400.147186	-1486.153442	1.000000
0.000000	-26.081482	-103.761597	1.000000
0.000000	-149.408417	-725.766846	1.000000
0.000000	-303.238525	382.806976	1.000000
0.000000	4112436.000000	2116301.500000	1.000000
0.000000	-132.639893	149.925613	1.000000
0.000000	-45154.613281	75670.281250	1.000000
0.000000	425.404419	1559.478027	1.000000
0.000000	4532.225098	12642.522461	1.000000
0.000000	649.910828	1916.488281	1.000000
0.000000	-43880.253906	2139.487061	1.000000
0.000000	246016.890625	-842228.687500	1.000000
0.513235	53.813377	-10.763063	1.000000
0.000000	139.689667	-152.134995	1.000000
0.000000	-33102.761719	-139715.453125	1.000000
0.000000	-14234.336914	-13855.625000	1.000000
0.893999	-72.101761	-66.456825	1.000000
0.000000	-323210.156250	730136.875000	1.000000
0.000000	-31628.675781	-19828.984375	1.000000
0.000000	-143.070511	-945.824829	1.000000
0.024373	62.187912	-55.602108	1.000000
0.000000	-3926.186035	-12684.283203	1.000000
0.440560	6.747609	-23.047222	1.000000
0.000000	3108.750000	3293.634766	1.000000
0.000000	-118.795021	457.966583	1.000000
0.000000	799567.062500	-982912.687500	1.000000
0.000000	-73.794029	356.126953	1.000000
0.000000	-3578.363525	-2002.919312	1.000000
0.000000	38.554253	2593.754150	1.000000
0.000000	-96.647461	77.950882	1.000000
0.000000	20010.607422	10272.875000	1.000000
0.000000	-235.744934	638.525818	1.000000
0.000000	-3066.283691	-1815.366333	1.000000
0.000000	65002.683594	112367.414062	1.000000
0.000000	35.227982	1.589959	1.000000
0.000000	484892.843750	100515.390625	1.000000
0.000000	-14.834822	15.001368	1.000000
0.000000	80.672417	-19.584614	1.000000
0.000000	265.773529	-194.317139	1.000000
0.000000	22.879215	-75.290375	1.000000
0.000000	-52545.683594	-3296.323486	1.000000
0.000000	11231.165039	1110.308960	1.000000
0.000000	-163.225204	120.510147	1.000000
0.000000	-180.886154	2005.888184	1.000000
0.000000	-7857.436035	-92847.828125	1.000000
0.000000	-377.035675	1363.515869	1.000000
0.000000	162.804474	63.475395	1.000000
0.000000	22.567228	14.633791	1.000000
0.000000	40.492249	23.388319	1.000000
0.000000	-42648.660156	-77919.257812	1.000000
0.000000	551.106140	-891.168335	1.000000
0.000000	-180.944489	52.256718	1.000000
0.000000	55.745358	-476.625153	1.000000
0.000000	-429.904907	393.885620	1.000000
0.000000	169.819382	293.838409	1.000000
0.000000	140.513062	689.793091	1.000000
0.000000	-35.761024	-110.940079	1.000000
0.000000	-16.096497	324.835205	1.000000
0.000000	-10677.557617	578.371033	1.000000
0.000000	28171368.000000	16549397.000000	1.000000
0.000000	88.510452	-397.788239	1.000000
0.000000	-32900.992188	266974.062500	1.000000
0.000000	90.431778	16.218090	1.000000
0.000000	1213.671875	2853.022949	1.000000
0.000000	4858.807129	10603.454102	1.000000
0.000000	-48854.437500	-126250.796875	1.000000
0.000000	339.738251	-359.583832	1.000000
0.000000	1929694.125000	165026.859375	1.000000
0.000000	-180415.859375	-177937.812500	1.000000
0.000000	-69956.289062	13921.967773	1.000000
0.000000	71.120354	137.459900	1.000000
0.000000	-131008.500000	14650.525391	1.000000
0.000000	-781.251282	87.358284	1.000000
0.000000	-1122.307251	1254.776001	1.000000
0.000000	-1102.292236	854.228149	1.000000
0.000000	49183.621094	57250.125000	1.000000
0.000000	84130.726562	3878.365967	1.000000
0.000000	746.689514	-501.900513	1.000000
0.000000	-64.201691	-124.456184	1.000000
0.000000	-1589278.625000	-1200867.375000	1.000000
0.000000	41.832912	50.680153	1.000000
0.000000	2590553.750000	19071.539062	1.000000
0.000000	24.715803	117.170540	1.000000
0.000000	-10256.476562	12925.126953	1.000000
0.000000	1826645.375000	135592.859375	1.000000
0.000000	-1602.538208	466.427734	1.000000
0.000000	-50.638962	-19.067518	1.000000
0.000000	76.412132	149.145111	1.000000
0.000000	712.138123	1160.580688	1.000000
0.000000	-10392.540039	7175.475098	1.000000
0.000000	-48.420311	95.324997	1.000000
0.000000	27321.009766	25561.457031	1.000000
0.000000	-167.456757	67.988792	1.000000
0.000000	258.085907	167.514496	1.000000
0.000000	276.771057	-9131.666016	1.000000
0.000000	-5271.517090	9766.933594	1.000000
0.000000	458945.593750	25829.105469	1.000000
0.000000	-704.947937	985.072266	1.000000
0.000000	1910.458496	-5457.785645	1.000000
0.000000	3480.601074	-1757.879150	1.000000
0.000000	-40.793880	-205.574097	1.000000
0.000000	-59.644058	8.904808	1.000000
0.000000	1109.006104	-440.085297	1.000000
0.000000	1169.557007	12061.196289	1.000000
0.000000	18365.093750	-23720.544922	1.000000
0.352733	-12.286784	6.997711	1.000000
0.000000	-25.706423	119.843338	1.000000
0.000000	1423.184814	989.405518	1.000000
0.000000	78.180046	-37.152241	1.000000
0.000000	51.177658	-153.161224	1.000000
0.000000	-1753.200195	30.950691	1.000000
0.000000	75000.734375	-7444.438477	1.000000
0.000000	-7.149779	80.909927	1.000000
0.000000	-543.999023	-720.712036	1.000000
0.000000	1199.866455	-9933.181641	1.000000
0.000000	64.764320	27.198225	1.000000
0.352733	-15.811702	4.351815	1.000000
0.000000	-4016.416260	-4902.995605	1.000000
0.000000	182.665894	177.788498	1.000000
0.000000	-1759.245972	-2768.309814	1.000000
0.000000	-130.816284	-28.376842	1.000000
0.000000	22191.203125	38750.273438	1.000000
0.000000	16.890158	-20.837740	1.000000
0.000000	548.029236	-555.583313	1.000000
0.000000	961.375244	530.811462	1.000000
0.000000	-305.754303	297.244812	1.000000
0.893999	-68.238373	-61.836658	1.000000
0.000000	9412.721680	5134.152832	1.000000
0.000000	-92836.796875	-330003.343750	1.000000
0.000000	7649.128418	16935.964844	1.000000
0.000000	-9.514649	70.726532	1.000000
0.000000	3288.632568	-1232.448608	1.000000
0.000000	-423558.312500	-81685.203125	1.000000
0.000000	-44105600.000000	-10494824.000000	1.000000
0.000000	5871.344727	-4885.038574	1.000000
0.000000	-159.756866	-156.907303	1.000000
0.000000	729.561035	-1857.684692	1.000000
0.000000	6117.536133	566.853394	1.000000
0.000000	53.321140	25.940678	1.000000
0.000000	-145.240631	1033.171753	1.000000
0.000000	-18832.830078	404.485474	1.000000
0.000000	-289.398376	-147.577133	1.000000
0.000000	255.562317	-12.083434	1.000000
0.000000	14234.078125	-11171.487305	1.000000
