0.000000	31648.187500	455671.250000	1.000000
0.000000	214930.125000	175045.640625	1.000000
0.000000	1154.457764	-12563.967773	1.000000
0.000000	-735.820618	651.834534	1.000000
0.000000	16905.373047	27611.625000	1.000000
0.000000	-13903.500977	803.090027	1.000000
0.000000	-875.362000	-2360.555420	1.000000
0.000000	-595006.812500	1523932.125000	1.000000
0.000000	3463.752686	-2386.665039	1.000000
0.000000	9292453.000000	3386659.750000	1.000000
0.000000	78697400.000000	19959642.000000	1.000000
0.000000	-71.046288	-129.531616	1.000000
0.000000	-194.723419	-89.935051	1.000000
0.000000	100.352562	-32.119137	1.000000
0.000000	-73337376.000000	-31090268.000000	1.000000
0.000000	550.793030	-4622.124512	1.000000
0.000000	325.012695	-202.990524	1.000000
0.000000	-6060.813965	7623.935547	1.000000
0.000000	-987.839783	428.375763	1.000000
0.000000	-230.819565	88.383110	1.000000
0.000000	876.359680	7802.819336	1.000000
0.000000	10056.015625	84938.820312	1.000000
0.000000	-6.745331	614.698364	1.000000
0.000000	76.928619	234.677734	1.000000
0.000000	-207250.328125	-53187.519531	1.000000
0.000000	204.189178	-75.438568	1.000000
0.000000	10391.901367	35591.457031	1.000000
0.000000	-3721.201904	11621.353516	1.000000
0.000000	224.814743	-77.828041	1.000000
0.000000	-61683.632812	-273296.843750	1.000000
0.000000	5298.352539	-9071.941406	1.000000
0.000000	4676.325195	854.621948	1.000000
0.000000	-70.426483	380.903961	1.000000
0.000000	-383.132935	-350.749786	1.000000
0.000000	-75.788376	98.153275	1.000000
0.000000	4671.468750	2693.787354	1.000000
0.000000	205.445374	9.974104	1.000000
0.000000	-5576.836426	-1372.500854	1.000000
0.000000	-246344.515625	-73535.468750	1.000000
0.000000	-46900.730469	-6033.234863	1.000000
0.000000	304.147308	-44.431389	1.000000
0.000000	417.843994	185.174011	1.000000
0.000000	2.381168	29.125755	1.000000
0.000000	8.065788	49.777382	1.000000
0.000000	21.441853	26.689289	1.000000
0.000000	-480.901215	-468.276337	1.000000
0.000000	-4254.178711	3474.992676	1.000000
0.000000	-707.168213	255.849625	1.000000
0.000000	-64.337326	-51.699986	1.000000
0.000000	-46.975231	-39.786083	1.000000
0.000000	6829.520996	6302.572266	1.000000
0.000000	-752.640808	1871.865845	1.000000
0.000000	147.939392	1523.148926	1.000000
0.000000	-3272.844482	-11824.372070	1.000000
0.000000	102.103996	-121.680618	1.000000
0.000000	-21.241325	-54.131985	1.000000
0.000000	-83.547607	125.192368	1.000000
0.000000	29405522.000000	-21550876.000000	1.000000
0.000000	-381.960266	1535.493774	1.000000
0.000000	639.089233	359.266754	1.000000
0.000000	1823.323364	26426.525391	1.000000
0.000000	3182.045410	-1450.940918	1.000000
0.000000	22.320934	-68.094376	1.000000
0.000000	44.932461	-180.519806	1.000000
0.000000	5518.541504	-2731.054199	1.000000
0.000000	400961.562500	-1051564.750000	1.000000
0.000000	40392.359375	142686.750000	1.000000
0.000000	899154304.000000	-490293056.000000	1.000000
0.000000	5256.358398	-14706.880859	1.000000
0.000000	-11819835.000000	-661578.187500	1.000000
0.000000	10501.803711	-15302.415039	1.000000
0.000000	44.553616	-151.822174	1.000000
0.000000	-105.982056	-625.177429	1.000000
0.000000	-722.864624	929.676514	1.000000
0.000000	424606.437500	2545.432373	1.000000
0.000000	-9129.794922	10690.934570	1.000000
0.000000	39.314846	592.230042	1.000000
0.000000	51.879513	-65.559280	1.000000
0.000000	3400.282715	-13066.672852	1.000000
0.000000	-935690816.000000	516809408.000000	1.000000
0.000000	1333545.500000	80035.984375	1.000000
0.000000	370459.937500	-121697.390625	1.000000
0.000000	282747.000000	227326.281250	1.000000
0.000000	25101.759766	-23241.355469	1.000000
0.000000	2203343.750000	933941.937500	1.000000
0.000000	-37.080654	32.811359	1.000000
0.000000	305.085358	17.468550	1.000000
0.000000	-3306.688721	-543.873291	1.000000
0.000000	-1644.753052	1496.276001	1.000000
0.000000	-4.725180	79.547539	1.000000
0.000000	69.614838	170.286194	1.000000
0.000000	-995.997437	1159.735718	1.000000
0.000000	722.305237	-66.325378	1.000000
0.000000	184.252731	-403.525787	1.000000
0.000000	-4355021.000000	2416277.250000	1.000000
0.000000	910.793213	499.160828	1.000000
0.000000	98.288483	-88020.718750	1.000000
0.000000	1711789.125000	-2028472.500000	1.000000
0.000000	769.931763	-1733.958008	1.000000
0.000000	-449.459534	-5173.853027	1.000000
0.000000	691415.187500	-227225.968750	1.000000
0.000000	12310197.000000	-6573529.500000	1.000000
0.000000	-21891.904297	-21285.714844	1.000000
0.000000	170460.953125	-24393.121094	1.000000
0.000000	123.162521	-15.419712	1.000000
0.000000	70.191666	31.640654	1.000000
0.000000	843.162781	-1731.559326	1.000000
0.000000	2.155566	-68.955482	1.000000
0.000000	23.003895	-53.977123	1.000000
0.000000	-816.667480	849.046814	1.000000
0.000000	12.947589	-3168.752197	1.000000
0.000000	-53632.789062	119833.890625	1.000000
0.000000	11.740160	32.850296	1.000000
0.000000	-127.749741	-32.264523	1.000000
0.000000	-355.581268	-1140.212280	1.000000
0.000000	-64813.152344	15667.582031	1.000000
0.000000	2365.207764	562.800110	1.000000
0.000000	55600.957031	149437.734375	1.000000
0.000000	-13010.131836	6675.698242	1.000000
0.000000	-41598.285156	-29922.148438	1.000000
0.000000	-8647.840820	13679.019531	1.000000
0.000000	94.874779	240.753418	1.000000
0.718150	-137.024384	11.101064	1.000000
0.000000	1384.180176	3342.000732	1.000000
0.000000	402.991608	-353.065521	1.000000
0.000000	2075.981201	302.634003	1.000000
0.000000	520.080811	-303.249573	1.000000
0.000000	14042.072266	-14006.457031	1.000000
0.000000	-97.174530	-10.521587	1.000000
0.000000	-1076.286621	1744.684692	1.000000
0.000000	60.112461	88.731491	1.000000
0.000000	-13573.706055	-2930.320557	1.000000
0.000000	-28513.753906	-61325.109375	1.000000
0.000000	1567.563232	7851.735352	1.000000
0.000000	-2677.154297	2038.012207	1.000000
0.000000	-127.929276	-52.318687	1.000000
0.000000	226.697861	390.626038	1.000000
0.000000	-3977.076416	-16224.469727	1.000000
0.000000	529.876526	-95.846428	1.000000
0.000000	-8536.771484	12913.347656	1.000000
0.000000	-970.046265	-2943.470703	1.000000
0.000000	969.250793	325.799713	1.000000
0.000000	45.736626	-201.389313	1.000000
0.000000	-5890.839355	-20549.849609	1.000000
0.000000	-11.132246	-75.147461	1.000000
0.000000	22582.578125	-24355.357422	1.000000
0.718150	-132.296036	7.697525	1.000000
0.000000	-3300464.250000	1376390.750000	1.000000
0.000000	-17901.837891	-1028.228149	1.000000
0.000000	46.900146	352.235901	1.000000
0.030163	75.564949	-108.647934	1.000000
0.000000	6604.088379	2940.303711	1.000000
0.000000	-26368.505859	-23443.113281	1.000000
0.000000	-586712.625000	317305.781250	1.000000
0.000000	-108536.234375	249320.421875	1.000000
0.000000	38279.984375	-56191.003906	1.000000
0.000000	437.995087	-1530.713989	1.000000
0.000000	0.905946	-51.848549	1.000000
0.000000	-162.780151	-668.852173	1.000000
0.000000	-319.198914	439.078949	1.000000
0.000000	4112436.000000	2116301.500000	1.000000
0.000000	-75.296753	161.476364	1.000000
0.000000	-45177.464844	75725.125000	1.000000
0.000000	478.141541	1584.757568	1.000000
0.000000	4588.782715	12627.668945	1.000000
0.000000	644.126526	1858.216797	1.000000
0.000000	-43921.386719	2182.333740	1.000000
0.000000	245962.046875	-842228.687500	1.000000
0.000000	1.548182	-34.171707	1.000000
0.000000	198.014709	-147.618240	1.000000
0.000000	-33079.910156	-139770.296875	1.000000
0.000000	-14253.760742	-13800.781250	1.000000
0.000000	-130.525375	-69.420387	1.000000
0.000000	-323283.281250	730136.875000	1.000000
0.000000	-31578.402344	-19799.277344	1.000000
0.000000	-195.950455	-970.818726	1.000000
0.030163	79.340355	-112.659607	1.000000
0.000000	-3870.199707	-12701.421875	1.000000
0.000000	19.210052	-77.505020	1.000000
0.000000	3126.174316	3237.934082	1.000000
0.000000	-91.105354	406.443451	1.000000
0.000000	799493.937500	-982912.687500	1.000000
0.000000	-131.476379	365.874573	1.000000
0.000000	-3522.377197	-2019.486694	1.000000
0.000000	26.261568	2650.883057	1.000000
0.000000	-137.916321	119.413971	1.000000
0.000000	19980.900391	10323.148438	1.000000
0.000000	-178.080444	628.671082	1.000000
0.000000	-3121.984375	-1833.647583	1.000000
0.000000	65020.964844	112422.257812	1.000000
0.186833	77.929092	41.563107	1.000000
0.000000	484892.843750	100570.234375	1.000000
0.000000	-57.145916	55.398693	1.000000
0.186833	80.368141	38.451466	1.000000
0.000000	275.806793	-136.688354	1.000000
0.000000	-34.387150	-79.616539	1.000000
0.000000	-52522.832031	-3243.193604	1.000000
0.000000	11262.014648	1160.011108	1.000000
0.000000	-147.318375	64.211395	1.000000
0.000000	-146.733780	1958.328369	1.000000
0.000000	-7860.292480	-92902.671875	1.000000
0.000000	-412.062836	1316.670166	1.000000
0.000000	124.153198	107.393242	1.000000
0.000000	78.482140	-2.567470	1.000000
0.000000	45.275230	80.877594	1.000000
0.000000	-42694.363281	-77882.695312	1.000000
0.000000	505.397858	-927.659424	1.000000
0.000000	-150.487640	102.208801	1.000000
0.000000	29.568714	-424.316498	1.000000
0.000000	-435.260742	452.157104	1.000000
0.000000	210.702255	251.991486	1.000000
0.000000	154.420380	746.636353	1.000000
0.000000	-60.169743	-67.702530	1.000000
0.000000	31.025782	359.505310	1.000000
0.000000	-10735.829102	574.086365	1.000000
0.000000	28171368.000000	16549397.000000	1.000000
0.000000	127.956177	-440.991974	1.000000
0.000000	-32878.140625	266937.500000	1.000000
0.000000	31.952538	14.731846	1.000000
0.000000	1262.374268	2820.745117	1.000000
0.000000	4801.678223	10617.165039	1.000000
0.000000	-48795.023438	-126250.796875	1.000000
0.000000	288.393646	-387.576996	1.000000
0.000000	1929694.125000	165063.421875	1.000000
0.000000	-180361.015625	-177937.812500	1.000000
0.000000	-70001.992188	13888.833008	1.000000
0.000000	106.290337	90.714188	1.000000
0.000000	-131026.781250	14706.511719	1.000000
0.000000	-833.452820	113.816109	1.000000
0.000000	-1159.012573	1209.215698	1.000000
0.000000	-1117.431396	910.714355	1.000000
0.000000	49197.332031	57304.968750	1.000000
0.000000	84085.023438	3843.231689	1.000000
0.000000	802.461609	-484.119141	1.000000
0.000000	-116.206848	-151.253220	1.000000
0.000000	-1589278.625000	-1200867.375000	1.000000
0.000000	-13.337523	65.007317	1.000000
0.000000	2590553.750000	19124.097656	1.000000
0.000000	43.459381	63.241810	1.000000
0.000000	-10290.753906	12973.115234	1.000000
0.000000	1826645.375000	135556.296875	1.000000
0.000000	-1595.825562	524.556396	1.000000
0.000000	6.386117	-6.012671	1.000000
0.000000	125.069893	116.670898	1.000000
0.000000	665.435242	1125.303589	1.000000
0.000000	-10432.530273	7218.321777	1.000000
0.000000	-105.763451	106.902527	1.000000
0.000000	27323.294922	25620.871094	1.000000
0.000000	-124.752899	107.970100	1.000000
0.000000	260.728119	225.946655	1.000000
0.000000	219.856384	-9117.955078	1.000000
0.000000	-5329.788574	9768.076172	1.000000
0.000000	458982.156250	25785.687500	1.000000
0.000000	-759.791687	1005.353027	1.000000
0.000000	1957.447021	-5422.937012	1.000000
0.000000	3481.743652	-1816.436279	1.000000
0.000000	-8.795610	-156.603912	1.000000
0.000000	-9.773495	37.544815	1.000000
0.000000	1083.869385	-492.893829	1.000000
0.000000	1176.269653	12002.924805	1.000000
0.000000	18307.964844	-23731.970703	1.000000
0.000000	46.707985	3.204999	1.000000
0.000000	-22.430437	61.437759	1.000000
0.000000	1374.625244	1022.040405	1.000000
0.000000	136.658157	-38.647411	1.000000
0.000000	61.711308	-98.047134	1.000000
0.000000	-1697.499512	48.790085	1.000000
0.000000	75055.578125	-7438.154297	1.000000
0.000000	8.424545	137.299408	1.000000
0.000000	-485.513306	-720.712036	1.000000
0.000000	1196.153076	-9874.910156	1.000000
0.000000	100.139610	73.790466	1.000000
0.000000	26.568354	40.362667	1.000000
0.000000	-3989.565674	-4851.008301	1.000000
0.000000	240.383942	187.321884	1.000000
0.000000	-1806.234497	-2803.158447	1.000000
0.000000	-106.161591	24.673336	1.000000
0.000000	22200.343750	38809.687500	1.000000
0.000000	74.647957	-22.233089	1.000000
0.000000	606.514954	-554.583557	1.000000
0.000000	1011.934326	560.232849	1.000000
0.000000	-308.182281	355.694824	1.000000
0.000000	-34.301331	-98.764442	1.000000
0.000000	9442.428711	5083.879395	1.000000
0.000000	-92809.375000	-330039.906250	1.000000
0.000000	7707.399902	16938.250000	1.000000
0.000000	30.110544	27.736080	1.000000
0.000000	3307.770752	-1177.176392	1.000000
0.000000	-423521.750000	-81730.906250	1.000000
0.000000	-44105600.000000	-10494824.000000	1.000000
0.000000	5897.624023	-4833.051270	1.000000
0.000000	-181.965729	-102.781830	1.000000
0.000000	780.834229	-1829.548706	1.000000
0.000000	6071.833008	530.505127	1.000000
0.000000	-1.323843	4.591545	1.000000
0.000000	-203.672791	1030.315308	1.000000
0.000000	-18823.689453	346.713867	1.000000
0.000000	-347.884094	-149.201736	1.000000
0.000000	262.238098	-70.203094	1.000000
0.000000	14287.779297	-11148.635742	1.000000
