0.000000	31489.808594	455820.312500	1.000000
0.000000	215004.656250	175269.234375	1.000000
0.000000	1189.976562	-12801.536133	1.000000
0.000000	-497.378845	648.340881	1.000000
0.000000	16886.740234	27369.398438	1.000000
0.000000	-13670.590820	749.229553	1.000000
0.000000	-661.375793	-2465.364990	1.000000
0.000000	-595304.937500	1523932.125000	1.000000
0.000000	3586.030518	-2181.704102	1.000000
0.000000	9292453.000000	3386659.750000	1.000000
0.000000	78697400.000000	19959642.000000	1.000000
0.000000	-301.199646	-191.980652	1.000000
0.000000	-307.645325	120.146652	1.000000
0.000000	91.582039	-270.469086	1.000000
0.000000	-73337376.000000	-31090268.000000	1.000000
0.000000	758.374207	-4505.669434	1.000000
0.000000	380.911133	-434.865051	1.000000
0.000000	-6184.256348	7828.896484	1.000000
0.000000	-987.257507	189.913818	1.000000
0.000000	-312.651642	312.413544	1.000000
0.000000	927.599915	8035.729492	1.000000
0.000000	10270.292969	85050.617188	1.000000
0.000000	-52.885738	848.773071	1.000000
0.000000	250.593750	75.680008	1.000000
0.000000	-207101.265625	-53355.214844	1.000000
0.000000	441.918976	-56.769363	1.000000
0.000000	10387.243164	35349.230469	1.000000
0.000000	-3955.276611	11574.771484	1.000000
0.000000	433.269348	-193.700836	1.000000
0.000000	-61441.406250	-273296.843750	1.000000
0.000000	5156.277344	-8880.955078	1.000000
0.000000	4906.906250	913.431763	1.000000
0.000000	-290.423218	473.134125	1.000000
0.000000	-557.631897	-188.179764	1.000000
0.000000	-262.186859	-50.631313	1.000000
0.000000	4888.075195	2792.774170	1.000000
0.000000	-16.353205	-77.674248	1.000000
0.000000	-5760.835449	-1523.310181	1.000000
0.000000	-246269.984375	-73759.062500	1.000000
0.000000	-46714.402344	-6177.639160	1.000000
0.000000	488.000763	107.430420	1.000000
0.000000	555.651550	-9.470826	1.000000
0.000000	-2.093571	265.465454	1.000000
0.000000	-92.814400	-160.791397	1.000000
0.000000	51.197239	262.323212	1.000000
0.000000	-570.862732	-247.445572	1.000000
0.000000	-4058.534180	3338.740234	1.000000
0.000000	-842.547241	452.222015	1.000000
0.000000	-118.186325	-283.771484	1.000000
0.000000	-281.211670	-86.723610	1.000000
0.000000	7067.089355	6276.952148	1.000000
0.000000	-882.779358	1672.145386	1.000000
0.000000	12.384947	1326.922119	1.000000
0.000000	-3411.426025	-11628.727539	1.000000
0.000000	322.353943	-30.220446	1.000000
0.000000	-15.938604	-290.873901	1.000000
0.000000	154.813553	116.931335	1.000000
0.000000	29405522.000000	-21550876.000000	1.000000
0.000000	-574.111145	1676.404419	1.000000
0.000000	482.138336	538.774841	1.000000
0.000000	1700.463257	26221.564453	1.000000
0.000000	3272.880371	-1671.623291	1.000000
0.000000	-102.573540	-272.617310	1.000000
0.000000	173.615326	-381.286591	1.000000
0.000000	5371.808105	-2918.546875	1.000000
0.000000	401110.625000	-1051564.750000	1.000000
0.000000	40187.398438	142537.687500	1.000000
0.000000	899154304.000000	-490293056.000000	1.000000
0.000000	5102.637695	-14888.550781	1.000000
0.000000	-11819835.000000	-661280.062500	1.000000
0.000000	10622.916992	-15097.454102	1.000000
0.000000	-25.902126	-379.670685	1.000000
0.000000	-285.990051	-781.518372	1.000000
0.000000	-484.439697	921.524658	1.000000
0.000000	424308.312500	2486.040283	1.000000
0.000000	-9362.705078	10635.036133	1.000000
0.000000	-192.194214	534.875916	1.000000
0.000000	30.990383	-303.127655	1.000000
0.000000	3423.573730	-13304.241211	1.000000
0.000000	-935690816.000000	516809408.000000	1.000000
0.000000	1333545.500000	80259.578125	1.000000
0.000000	370758.062500	-121734.656250	1.000000
0.000000	282448.875000	227400.812500	1.000000
0.000000	24887.482422	-23129.558594	1.000000
0.000000	2203343.750000	933643.812500	1.000000
0.000000	-159.828659	232.349915	1.000000
0.000000	73.816971	-37.035282	1.000000
0.000000	-3157.626221	-357.545166	1.000000
0.000000	-1672.702271	1733.262085	1.000000
0.000000	105.249825	291.196289	1.000000
0.000000	8.343369	-60.212894	1.000000
0.000000	-1225.996216	1096.849976	1.000000
0.000000	923.772522	-194.044464	1.000000
0.000000	237.312576	-171.025742	1.000000
0.000000	-4355021.000000	2416277.250000	1.000000
0.000000	1117.078369	618.802795	1.000000
0.000000	-135.123672	-88057.984375	1.000000
0.000000	1711789.125000	-2028472.500000	1.000000
0.000000	814.475830	-1499.883301	1.000000
0.000000	-253.378296	-5308.940918	1.000000
0.000000	691415.187500	-227449.562500	1.000000
0.000000	12310197.000000	-6573529.500000	1.000000
0.000000	-21947.802734	-21518.625000	1.000000
0.000000	170684.546875	-24532.867188	1.000000
0.417156	21.247332	195.135315	1.000000
0.000000	298.758759	-36.426338	1.000000
0.000000	612.290588	-1790.951416	1.000000
0.000000	-154.763672	-248.581100	1.000000
0.000000	109.800262	-276.115204	1.000000
0.000000	-885.084839	1077.521606	1.000000
0.000000	-218.283707	-3110.524658	1.000000
0.000000	-53875.015625	119833.890625	1.000000
0.000000	91.694626	253.970459	1.000000
0.000000	-358.516144	28.192484	1.000000
0.000000	-126.205673	-1074.997437	1.000000
0.000000	-64608.191406	15537.152344	1.000000
0.000000	2436.245361	790.469788	1.000000
0.000000	55787.285156	149586.796875	1.000000
0.000000	-13238.383789	6601.166992	1.000000
0.000000	-41784.613281	-29782.402344	1.000000
0.000000	-8452.196289	13814.107422	1.000000
0.000000	310.322266	342.953613	1.000000
0.000000	-312.678467	172.464279	1.000000
0.000000	1555.951416	3176.634521	1.000000
0.000000	633.281494	-415.223419	1.000000
0.000000	1922.736816	119.852135	1.000000
0.000000	566.662842	-537.163025	1.000000
0.000000	13990.832031	-14239.367188	1.000000
0.000000	-300.539734	-135.083817	1.000000
0.000000	-1166.539307	1524.002319	1.000000
0.000000	230.573578	255.553391	1.000000
0.000000	-13340.795898	-2982.725342	1.000000
0.000000	-28662.816406	-61511.437500	1.000000
0.000000	1697.992920	8052.038086	1.000000
0.000000	-2531.585449	1849.354980	1.000000
0.000000	90.306183	-148.539688	1.000000
0.000000	73.213623	214.696381	1.000000
0.000000	-3825.684814	-16038.141602	1.000000
0.000000	759.001892	-29.285444	1.000000
0.000000	-8774.339844	12931.980469	1.000000
0.000000	-898.135254	-3170.558105	1.000000
0.000000	943.339539	562.900085	1.000000
0.000000	278.793793	-251.974487	1.000000
0.000000	-5655.600098	-20512.583984	1.000000
0.000000	1.413958	-313.306183	1.000000
0.000000	22517.363281	-24588.267578	1.000000
0.000000	-293.091827	-168.447495	1.000000
0.000000	-3300464.250000	1376390.750000	1.000000
0.000000	-17985.685547	-1250.657349	1.000000
0.000000	-53.355728	567.742676	1.000000
0.000000	154.780487	-333.055817	1.000000
0.000000	6680.948730	2714.380859	1.000000
0.000000	-26144.912109	-23368.582031	1.000000
0.000000	-586712.625000	317454.843750	1.000000
0.000000	-108536.234375	249096.828125	1.000000
0.000000	38037.757812	-56191.003906	1.000000
0.000000	592.298096	-1712.383911	1.000000
0.000000	115.476204	157.333176	1.000000
0.000000	-217.295685	-436.768250	1.000000
0.000000	-384.268188	668.495483	1.000000
0.000000	4112436.000000	2116301.500000	1.000000
0.000000	155.776016	208.449051	1.000000
0.000000	-45270.628906	75948.718750	1.000000
0.000000	693.269348	1687.820312	1.000000
0.000000	4819.363770	12567.112305	1.000000
0.000000	620.544373	1620.648438	1.000000
0.000000	-44089.082031	2357.016357	1.000000
0.000000	245738.453125	-842228.687500	1.000000
0.000000	-214.202240	-135.812363	1.000000
0.000000	431.463715	-131.154144	1.000000
0.000000	-32986.746094	-139993.890625	1.000000
0.000000	-14332.950195	-13577.187500	1.000000
0.000000	-368.714355	-81.502602	1.000000
0.000000	-323581.406250	730136.875000	1.000000
0.000000	-31373.441406	-19678.164062	1.000000
0.000000	-411.537933	-1072.716919	1.000000
0.000000	144.068039	-342.718414	1.000000
0.000000	-3641.947754	-12771.294922	1.000000
0.000000	88.183426	-305.813873	1.000000
0.000000	3197.211914	3010.846680	1.000000
0.417156	21.347181	198.754196	1.000000
0.000000	799195.812500	-982912.687500	1.000000
0.000000	-366.677094	405.614868	1.000000
0.000000	-3294.125244	-2087.030518	1.000000
0.000000	-23.859467	2883.793213	1.000000
0.000000	-306.193909	288.476349	1.000000
0.000000	19859.787109	10528.109375	1.000000
0.000000	56.993504	588.494080	1.000000
0.000000	-3349.071777	-1908.178833	1.000000
0.000000	65095.496094	112645.851562	1.000000
0.000000	255.307343	201.988739	1.000000
0.000000	484892.843750	100793.828125	1.000000
0.000000	-229.644989	220.108887	1.000000
0.000000	80.438866	275.291138	1.000000
0.000000	316.711639	98.269218	1.000000
0.000000	-272.332764	-94.742355	1.000000
0.000000	-52429.667969	-3026.587158	1.000000
0.000000	11387.786133	1362.642944	1.000000
0.000000	-83.552345	-166.616211	1.000000
0.000000	-7.467279	1764.430664	1.000000
0.000000	-7871.937988	-93126.265625	1.000000
0.000000	-554.909546	1125.683838	1.000000
0.000000	-30.085936	285.410522	1.000000
0.000000	309.096222	-70.134926	1.000000
0.000000	55.012341	320.059509	1.000000
0.000000	-42880.691406	-77733.632812	1.000000
0.000000	318.924164	-1076.533447	1.000000
0.000000	-26.346806	305.859619	1.000000
0.000000	-77.153969	-211.058136	1.000000
0.000000	-457.096069	689.725464	1.000000
0.000000	377.378571	81.384796	1.000000
0.000000	211.119446	978.381958	1.000000
0.000000	-169.625885	140.350693	1.000000
0.000000	223.062988	501.662506	1.000000
0.000000	-10973.397461	556.618103	1.000000
0.000000	28171368.000000	16549397.000000	1.000000
0.000000	288.751801	-617.130249	1.000000
0.000000	-32784.976562	266788.437500	1.000000
0.000000	-203.414185	5.917871	1.000000
0.000000	1460.930176	2689.150879	1.000000
0.000000	4568.768066	10673.063477	1.000000
0.000000	-48552.796875	-126250.796875	1.000000
0.000000	79.004120	-501.702972	1.000000
0.000000	1929694.125000	165212.484375	1.000000
0.000000	-180137.421875	-177937.812500	1.000000
0.000000	-70188.320312	13753.745117	1.000000
0.000000	247.567459	-96.246628	1.000000
0.000000	-131101.312500	14934.763672	1.000000
0.000000	-1046.244019	221.682617	1.000000
0.000000	-1308.657349	1023.470703	1.000000
0.000000	-1179.152588	1141.152222	1.000000
0.000000	49253.230469	57528.562500	1.000000
0.000000	83898.695312	3699.991943	1.000000
0.000000	1029.832642	-411.625854	1.000000
0.000000	-328.203094	-260.505646	1.000000
0.000000	-1589278.625000	-1200867.375000	1.000000
0.000000	-241.511734	135.312943	1.000000
0.000000	2590553.750000	19338.375000	1.000000
0.000000	124.764633	-154.422775	1.000000
0.000000	-10430.500000	13168.759766	1.000000
0.000000	1826645.375000	135407.234375	1.000000
0.000000	-1568.458618	761.542480	1.000000
0.000000	238.751251	42.483471	1.000000
0.000000	323.479675	-15.724852	1.000000
0.000000	475.031189	981.567688	1.000000
0.000000	-10595.567383	7393.004395	1.000000
0.000000	-339.546997	154.123352	1.000000
0.000000	27332.611328	25863.097656	1.000000
0.000000	49.344765	271.002716	1.000000
0.000000	271.500214	464.233673	1.000000
0.000000	-12.164219	-9062.056641	1.000000
0.000000	-5567.356934	9772.734375	1.000000
0.000000	459131.218750	25608.675781	1.000000
0.000000	-983.385437	1088.036133	1.000000
0.000000	2149.322754	-5280.861816	1.000000
0.000000	3486.401855	-2055.169189	1.000000
0.000000	121.662933	43.050781	1.000000
0.000000	194.172028	161.620728	1.000000
0.000000	981.267822	-708.057495	1.000000
0.000000	1203.636597	11765.356445	1.000000
0.000000	18075.054688	-23778.552734	1.000000
0.000000	284.568817	-14.131807	1.000000
0.000000	-15.291389	-173.292328	1.000000
0.000000	1176.651611	1154.803467	1.000000
0.000000	375.099915	-44.743107	1.000000
0.000000	101.021431	135.732376	1.000000
0.000000	-1470.412109	121.534309	1.000000
0.000000	75279.171875	-7412.534180	1.000000
0.000000	71.925575	367.190186	1.000000
0.000000	-247.068802	-720.712036	1.000000
0.000000	1181.013916	-9637.341797	1.000000
0.000000	244.332581	263.757812	1.000000
0.000000	208.473175	194.595657	1.000000
0.000000	-3880.097900	-4639.060059	1.000000
0.000000	475.628021	226.188766	1.000000
0.000000	-1997.803101	-2945.233643	1.000000
0.000000	-10.470307	236.547806	1.000000
0.000000	22237.609375	39051.914062	1.000000
0.000000	310.489838	-24.028086	1.000000
0.000000	844.956726	-550.507629	1.000000
0.000000	1218.059814	680.181580	1.000000
0.000000	-318.080963	593.940918	1.000000
0.000000	116.141106	-283.838531	1.000000
0.000000	9563.541992	4878.918457	1.000000
0.000000	-92697.578125	-330188.968750	1.000000
0.000000	7944.968262	16947.566406	1.000000
0.000000	184.580322	-154.102188	1.000000
0.000000	3385.795654	-951.742554	1.000000
0.000000	-423372.687500	-81917.234375	1.000000
0.000000	-44105600.000000	-10494824.000000	1.000000
0.000000	6004.762695	-4621.103027	1.000000
0.000000	-272.469330	117.827759	1.000000
0.000000	989.871094	-1714.840454	1.000000
0.000000	5885.504883	382.316040	1.000000
0.000000	-222.732803	-84.085121	1.000000
0.000000	-441.839417	1018.669800	1.000000
0.000000	-18786.423828	111.225632	1.000000
0.000000	-586.325867	-155.825119	1.000000
0.000000	293.845856	-305.193817	1.000000
0.000000	14506.714844	-11055.471680	1.000000
