0.000000	31581.449219	455734.062500	1.000000
0.000000	214961.531250	175139.859375	1.000000
0.000000	1169.424805	-12664.075195	1.000000
0.000000	-635.345154	650.362366	1.000000
0.000000	16897.521484	27509.554688	1.000000
0.000000	-13805.356445	780.394104	1.000000
0.000000	-785.191711	-2404.720459	1.000000
0.000000	-595132.437500	1523932.125000	1.000000
0.000000	3515.278564	-2300.297852	1.000000
0.000000	9292453.000000	3386659.750000	1.000000
0.000000	78697400.000000	19959642.000000	1.000000
0.000000	-168.034363	-155.846619	1.000000
0.000000	-242.292847	-1.410784	1.000000
0.000000	96.656807	-132.549301	1.000000
0.000000	-73337376.000000	-31090268.000000	1.000000
0.000000	638.264343	-4573.052246	1.000000
0.000000	348.567383	-300.689026	1.000000
0.000000	-6112.830566	7710.302734	1.000000
0.000000	-987.594421	327.900299	1.000000
0.000000	-265.315216	182.785873	1.000000
0.000000	897.951477	7900.963867	1.000000
0.000000	10146.308594	84985.929688	1.000000
0.000000	-26.186445	713.333618	1.000000
0.000000	150.905060	166.651306	1.000000
0.000000	-207187.515625	-53258.183594	1.000000
0.000000	304.373810	-67.571671	1.000000
0.000000	10389.938477	35489.386719	1.000000
0.000000	-3819.837158	11601.724609	1.000000
0.000000	312.654114	-126.654945	1.000000
0.000000	-61581.562500	-273296.843750	1.000000
0.000000	5238.484375	-8991.462891	1.000000
0.000000	4773.488281	879.403442	1.000000
0.000000	-163.153931	419.733246	1.000000
0.000000	-456.679993	-282.232635	1.000000
0.000000	-154.334671	35.459965	1.000000
0.000000	4762.743164	2735.498779	1.000000
0.000000	111.989342	-26.948149	1.000000
0.000000	-5654.370605	-1436.049438	1.000000
0.000000	-246313.109375	-73629.687500	1.000000
0.000000	-46822.214844	-6094.084473	1.000000
0.000000	381.620148	19.559771	1.000000
0.000000	475.933289	103.157341	1.000000
0.000000	-0.854471	127.459991	1.000000
0.000000	-31.698986	-38.896503	1.000000
0.000000	34.046207	125.407402	1.000000
0.000000	-518.809509	-375.223053	1.000000
0.000000	-4171.737305	3417.578125	1.000000
0.000000	-764.214722	338.597748	1.000000
0.000000	-87.821945	-149.174316	1.000000
0.000000	-146.159119	-58.338596	1.000000
0.000000	6929.628418	6291.776367	1.000000
0.000000	-807.479065	1787.706909	1.000000
0.000000	90.821556	1440.462158	1.000000
0.000000	-3331.240479	-11741.930664	1.000000
0.000000	194.916199	-83.143555	1.000000
0.000000	-19.349859	-152.907593	1.000000
0.000000	16.892384	121.711304	1.000000
0.000000	29405522.000000	-21550876.000000	1.000000
0.000000	-462.929504	1594.871216	1.000000
0.000000	572.964355	434.899384	1.000000
0.000000	1771.552124	26340.158203	1.000000
0.000000	3220.321777	-1543.932861	1.000000
0.000000	-29.963776	-155.250824	1.000000
0.000000	99.157318	-265.135468	1.000000
0.000000	5456.710449	-2810.060547	1.000000
0.000000	401024.375000	-1051564.750000	1.000000
0.000000	40305.992188	142623.937500	1.000000
0.000000	899154304.000000	-490293056.000000	1.000000
0.000000	5191.583008	-14783.433594	1.000000
0.000000	-11819835.000000	-661452.562500	1.000000
0.000000	10552.838867	-15216.047852	1.000000
0.000000	14.864895	-247.850464	1.000000
0.000000	-181.829376	-691.056946	1.000000
0.000000	-622.389160	926.241455	1.000000
0.000000	424480.812500	2520.405518	1.000000
0.000000	-9227.939453	10667.379883	1.000000
0.000000	-58.239273	568.061951	1.000000
0.000000	43.077175	-165.666702	1.000000
0.000000	3410.097168	-13166.780273	1.000000
0.000000	-935690816.000000	516809408.000000	1.000000
0.000000	1333545.500000	80130.203125	1.000000
0.000000	370585.562500	-121713.093750	1.000000
0.000000	282621.375000	227357.687500	1.000000
0.000000	25011.466797	-23194.246094	1.000000
0.000000	2203343.750000	933816.312500	1.000000
0.000000	-87.139458	115.059380	1.000000
0.000000	207.002167	-4.447731	1.000000
0.000000	-3243.876221	-465.357666	1.000000
0.000000	-1656.530396	1596.138062	1.000000
0.000000	41.615181	168.728043	1.000000
0.000000	43.796558	73.153778	1.000000
0.000000	-1092.915161	1133.236694	1.000000
0.000000	807.200256	-120.136185	1.000000
0.000000	206.611282	-305.565277	1.000000
0.000000	-4355021.000000	2416277.250000	1.000000
0.000000	997.773804	549.566956	1.000000
0.000000	-0.066992	-88036.421875	1.000000
0.000000	1711789.125000	-2028472.500000	1.000000
0.000000	788.701904	-1635.322754	1.000000
0.000000	-366.834106	-5230.776855	1.000000
0.000000	691415.187500	-227320.187500	1.000000
0.000000	12310197.000000	-6573529.500000	1.000000
0.000000	-21915.458984	-21383.859375	1.000000
0.000000	170555.171875	-24452.007812	1.000000
0.000000	80.158295	72.888855	1.000000
0.298617	166.101028	4.816551	1.000000
0.000000	745.877014	-1756.586182	1.000000
0.000000	-63.965347	-144.643112	1.000000
0.000000	59.579010	-147.582474	1.000000
0.000000	-845.497437	945.351135	1.000000
0.000000	-84.486710	-3144.216064	1.000000
0.000000	-53734.859375	119833.890625	1.000000
0.000000	47.158440	127.863022	1.000000
0.448147	-225.004532	-6.772553	1.000000
0.000000	-258.908905	-1112.731812	1.000000
0.000000	-64726.785156	15612.621094	1.000000
0.000000	2395.141846	658.736389	1.000000
0.000000	55679.472656	149500.546875	1.000000
0.000000	-13106.313477	6644.291992	1.000000
0.000000	-41676.800781	-29863.261719	1.000000
0.000000	-8565.399414	13735.943359	1.000000
0.000000	185.664062	283.825195	1.000000
0.000000	-211.033279	79.096977	1.000000
0.000000	1456.561768	3272.318115	1.000000
0.000000	500.032013	-379.257843	1.000000
0.000000	2011.345215	225.602661	1.000000
0.000000	539.709717	-401.823486	1.000000
0.000000	14020.480469	-14104.601562	1.000000
0.000000	-182.872482	-63.007477	1.000000
0.000000	-1114.317627	1651.692749	1.000000
0.000000	131.941986	159.027512	1.000000
0.000000	-13475.561523	-2952.403076	1.000000
0.000000	-28576.566406	-61403.625000	1.000000
0.000000	1622.524170	7936.139648	1.000000
0.000000	-2615.813965	1958.515137	1.000000
0.000000	-35.967121	-92.864647	1.000000
0.000000	160.235611	315.238770	1.000000
0.000000	-3913.282471	-16145.954102	1.000000
0.000000	626.426208	-67.798561	1.000000
0.000000	-8636.878906	12921.199219	1.000000
0.000000	-939.744141	-3039.161621	1.000000
0.000000	958.332214	425.723114	1.000000
0.000000	143.943924	-222.705078	1.000000
0.000000	-5791.713379	-20534.146484	1.000000
0.000000	-5.845476	-175.508316	1.000000
0.000000	22555.097656	-24453.501953	1.000000
0.000000	-200.044662	-66.530983	1.000000
0.000000	-3300464.250000	1376390.750000	1.000000
0.000000	-17937.169922	-1121.956177	1.000000
0.000000	4.688240	442.579102	1.000000
0.000000	108.782921	-202.939941	1.000000
0.000000	6636.476074	2845.103516	1.000000
0.000000	-26274.287109	-23411.707031	1.000000
0.000000	-586712.625000	317368.593750	1.000000
0.000000	-108536.234375	249226.203125	1.000000
0.000000	38177.914062	-56191.003906	1.000000
0.000000	503.015839	-1607.266724	1.000000
0.000000	49.186012	36.296810	1.000000
0.000000	-185.752106	-571.075684	1.000000
0.000000	-346.618042	535.751343	1.000000
0.000000	4112436.000000	2116301.500000	1.000000
0.000000	23.222578	181.319962	1.000000
0.000000	-45216.722656	75819.343750	1.000000
0.000000	568.779602	1628.186523	1.000000
0.000000	4685.945801	12602.151367	1.000000
0.000000	634.189392	1758.109375	1.000000
0.000000	-43992.050781	2255.942139	1.000000
0.000000	245867.828125	-842228.687500	1.000000
0.000000	-89.369064	-77.002594	1.000000
0.000000	293.834320	-141.809052	1.000000
0.000000	-33040.652344	-139864.515625	1.000000
0.000000	-14287.129883	-13706.562500	1.000000
0.000000	-230.908829	-74.511635	1.000000
0.000000	-323408.906250	730136.875000	1.000000
0.000000	-31492.035156	-19748.242188	1.000000
0.000000	-286.795502	-1013.756958	1.000000
0.000000	106.784943	-209.875412	1.000000
0.000000	-3774.018066	-12730.865234	1.000000
0.000000	48.276016	-173.717331	1.000000
0.000000	3156.108398	3142.243164	1.000000
0.000000	-43.487919	317.988800	1.000000
0.000000	799368.312500	-982912.687500	1.000000
0.000000	-230.571686	382.620483	1.000000
0.000000	-3426.195557	-2047.948608	1.000000
0.000000	5.141325	2749.027588	1.000000
0.000000	-208.825745	190.658920	1.000000
0.000000	19929.865234	10409.515625	1.000000
0.000000	-79.023392	611.741150	1.000000
0.000000	-3217.675293	-1865.053833	1.000000
0.000000	65052.371094	112516.476562	1.000000
0.000000	151.666855	111.222717	1.000000
0.000000	484892.843750	100664.453125	1.000000
0.000000	-129.834198	124.804329	1.000000
0.000000	79.465797	137.170486	1.000000
0.000000	293.043427	-37.683018	1.000000
0.000000	-134.619125	-85.961533	1.000000
0.000000	-52483.574219	-3151.919189	1.000000
0.000000	11315.012695	1245.396851	1.000000
0.000000	-119.995758	-32.506374	1.000000
0.000000	-88.051308	1876.623047	1.000000
0.000000	-7865.199707	-92996.890625	1.000000
0.000000	-472.237701	1236.191650	1.000000
0.000000	57.753014	182.841843	1.000000
0.000000	177.194382	-29.557837	1.000000
0.000000	50.780525	181.230377	1.000000
0.000000	-42772.878906	-77819.882812	1.000000
0.000000	426.820892	-990.349243	1.000000
0.000000	-98.173088	188.023926	1.000000
0.000000	-15.401693	-334.452911	1.000000
0.000000	-444.461792	552.264526	1.000000
0.000000	280.936920	180.100616	1.000000
0.000000	178.312439	844.290161	1.000000
0.000000	-105.057251	18.388399	1.000000
0.000000	111.920410	419.876617	1.000000
0.000000	-10835.936523	566.725525	1.000000
0.000000	28171368.000000	16549397.000000	1.000000
0.000000	195.706589	-515.213745	1.000000
0.000000	-32838.882812	266874.687500	1.000000
0.000000	-65.457420	9.423883	1.000000
0.000000	1346.042480	2765.293457	1.000000
0.000000	4703.533691	10640.719727	1.000000
0.000000	-48692.953125	-126250.796875	1.000000
0.000000	200.166840	-435.667816	1.000000
0.000000	1929694.125000	165126.234375	1.000000
0.000000	-180266.796875	-177937.812500	1.000000
0.000000	-70080.507812	13831.909180	1.000000
0.298617	166.711639	10.416634	1.000000
0.000000	-131058.187500	14802.693359	1.000000
0.000000	-923.132385	159.269287	1.000000
0.000000	-1222.070435	1130.945435	1.000000
0.000000	-1143.439697	1007.754761	1.000000
0.000000	49220.886719	57399.187500	1.000000
0.000000	84006.507812	3782.872803	1.000000
0.000000	898.275208	-453.571655	1.000000
0.000000	-205.549042	-197.289139	1.000000
0.000000	-1589278.625000	-1200867.375000	1.000000
0.000000	-108.349564	99.035751	1.000000
0.000000	2590553.750000	19214.390625	1.000000
0.000000	76.817551	-25.019243	1.000000
0.000000	-10349.640625	13055.556641	1.000000
0.000000	1826645.375000	135493.484375	1.000000
0.000000	-1584.293579	624.418457	1.000000
0.000000	104.238304	11.687421	1.000000
0.000000	208.676224	60.881866	1.000000
0.000000	585.202087	1064.699341	1.000000
0.000000	-10501.231445	7291.930176	1.000000
0.000000	-204.276016	126.792130	1.000000
0.000000	27327.220703	25722.941406	1.000000
0.000000	-51.389862	176.666794	1.000000
0.000000	265.267303	326.351593	1.000000
0.000000	122.080826	-9094.400391	1.000000
0.000000	-5429.895996	9770.039062	1.000000
0.000000	459044.968750	25711.097656	1.000000
0.000000	-854.010437	1040.194336	1.000000
0.000000	2038.170898	-5363.068848	1.000000
0.000000	3483.706543	-1917.034424	1.000000
0.000000	46.175613	-72.475647	1.000000
0.000000	76.158623	90.099556	1.000000
0.000000	1040.685791	-583.567749	1.000000
0.000000	1187.801636	11902.817383	1.000000
0.000000	18209.820312	-23751.599609	1.000000
0.000000	146.939407	-4.100717	1.000000
0.000000	-23.019596	-35.506428	1.000000
0.000000	1291.202393	1077.987061	1.000000
0.000000	237.133621	-41.216038	1.000000
0.000000	78.890388	-0.484035	1.000000
0.000000	-1601.808594	79.441109	1.000000
0.000000	75149.796875	-7427.358398	1.000000
0.000000	35.180885	234.186462	1.000000
0.000000	-385.037842	-720.712036	1.000000
0.000000	1189.773682	-9774.802734	1.000000
0.000000	160.904236	153.839600	1.000000
0.000000	103.224693	105.355537	1.000000
0.000000	-3943.437744	-4761.696777	1.000000
0.000000	339.514740	203.699753	1.000000
0.000000	-1886.958374	-2863.026611	1.000000
0.000000	-68.630348	111.387032	1.000000
0.000000	22216.046875	38911.757812	1.000000
0.000000	172.498047	-24.480814	1.000000
0.000000	706.990417	-552.866028	1.000000
0.000000	1098.792236	610.777283	1.000000
0.000000	-312.353424	456.108948	1.000000
0.000000	29.091116	-176.752930	1.000000
0.000000	9493.463867	4997.512207	1.000000
0.000000	-92762.265625	-330102.718750	1.000000
0.000000	7807.507324	16942.175781	1.000000
0.000000	95.550781	-48.663921	1.000000
0.000000	3340.649170	-1082.221558	1.000000
0.000000	-423458.937500	-81809.421875	1.000000
0.000000	-44105600.000000	-10494824.000000	1.000000
0.000000	5942.770508	-4743.739746	1.000000
0.448147	-220.088730	-9.837049	1.000000
0.000000	868.918945	-1781.212524	1.000000
0.000000	5993.317383	468.060669	1.000000
0.000000	-94.621239	-32.775303	1.000000
0.000000	-304.041565	1025.408081	1.000000
0.000000	-18807.986328	247.467850	1.000000
0.000000	-448.359558	-151.992722	1.000000
0.000000	278.095123	-168.096802	1.000000
0.000000	14380.035156	-11109.377930	1.000000
