0.000000	31599.046875	455717.500000	1.000000
0.000000	214953.250000	175115.015625	1.000000
0.000000	1165.478271	-12637.678711	1.000000
0.000000	-661.838684	650.750549	1.000000
0.000000	16899.591797	27536.468750	1.000000
0.000000	-13831.235352	786.378601	1.000000
0.000000	-808.967957	-2393.074951	1.000000
0.000000	-595099.312500	1523932.125000	1.000000
0.000000	3501.692139	-2323.071289	1.000000
0.000000	9292453.000000	3386659.750000	1.000000
0.000000	78697400.000000	19959642.000000	1.000000
0.000000	-142.462769	-148.907837	1.000000
0.000000	-229.749664	-24.752602	1.000000
0.000000	97.631310	-106.067200	1.000000
0.000000	-73337376.000000	-31090268.000000	1.000000
0.000000	615.199768	-4585.991699	1.000000
0.000000	342.356445	-274.923340	1.000000
0.000000	-6099.114746	7687.529297	1.000000
0.000000	-987.659119	354.393829	1.000000
0.000000	-256.225250	157.893600	1.000000
0.000000	892.258118	7875.084961	1.000000
0.000000	10122.500000	84973.507812	1.000000
0.000000	-21.060198	687.325317	1.000000
0.000000	131.398834	184.588623	1.000000
0.000000	-207204.078125	-53239.550781	1.000000
0.000000	277.961151	-69.646027	1.000000
0.000000	10390.456055	35516.300781	1.000000
0.000000	-3793.828857	11606.900391	1.000000
0.000000	289.492493	-113.780190	1.000000
0.000000	-61608.476562	-273296.843750	1.000000
0.000000	5254.270508	-9012.683594	1.000000
0.000000	4747.868164	872.869019	1.000000
0.000000	-138.714539	409.478729	1.000000
0.000000	-437.286987	-300.299347	1.000000
0.000000	-133.623459	51.992138	1.000000
0.000000	4738.675781	2724.500244	1.000000
0.000000	136.633545	-17.208178	1.000000
0.000000	-5633.926270	-1419.292847	1.000000
0.000000	-246321.390625	-73604.843750	1.000000
0.000000	-46842.917969	-6078.039551	1.000000
0.000000	361.191986	2.686526	1.000000
0.000000	460.616211	124.786446	1.000000
0.000000	-0.616500	100.962418	1.000000
0.117884	-20.548861	-13.460885	1.000000
0.000000	30.752329	99.112007	1.000000
0.000000	-508.813812	-399.759491	1.000000
0.000000	-4193.475586	3432.717285	1.000000
0.000000	-749.172607	316.778595	1.000000
0.000000	-81.991104	-123.327034	1.000000
0.000000	-120.224808	-52.887852	1.000000
0.000000	6903.231934	6294.623047	1.000000
0.000000	-793.019226	1809.898071	1.000000
0.000000	105.883888	1462.265137	1.000000
0.000000	-3315.842529	-11763.668945	1.000000
0.000000	170.444458	-93.305069	1.000000
0.197435	-19.542177	-127.988136	1.000000
0.000000	-9.591678	122.629196	1.000000
0.000000	29405522.000000	-21550876.000000	1.000000
0.000000	-441.579407	1579.214478	1.000000
0.000000	590.400269	414.956451	1.000000
0.000000	1785.203247	26362.931641	1.000000
0.000000	3210.229004	-1519.412598	1.000000
0.197435	-16.483297	-131.141113	1.000000
0.000000	84.859222	-242.826324	1.000000
0.000000	5473.014160	-2789.228027	1.000000
0.000000	401007.812500	-1051564.750000	1.000000
0.000000	40328.765625	142640.500000	1.000000
0.000000	899154304.000000	-490293056.000000	1.000000
0.000000	5208.663086	-14763.248047	1.000000
0.000000	-11819835.000000	-661485.687500	1.000000
0.000000	10539.381836	-15238.821289	1.000000
0.000000	22.693264	-222.529572	1.000000
0.000000	-161.829834	-673.685730	1.000000
0.000000	-648.882690	927.147217	1.000000
0.000000	424513.937500	2527.004639	1.000000
0.000000	-9202.060547	10673.590820	1.000000
0.000000	-32.516045	574.434631	1.000000
0.000000	45.398190	-139.270218	1.000000
0.000000	3407.509277	-13140.383789	1.000000
0.000000	-935690816.000000	516809408.000000	1.000000
0.000000	1333545.500000	80105.359375	1.000000
0.000000	370552.437500	-121708.953125	1.000000
0.000000	282654.500000	227349.406250	1.000000
0.000000	25035.275391	-23206.667969	1.000000
0.000000	2203343.750000	933849.437500	1.000000
0.163157	-74.727455	90.706039	1.000000
0.000000	232.864899	1.331211	1.000000
0.000000	-3260.438721	-486.060791	1.000000
0.000000	-1653.424927	1569.806274	1.000000
0.000000	29.395700	145.210587	1.000000
0.000000	50.603924	98.765808	1.000000
0.000000	-1067.359741	1140.223999	1.000000
0.000000	784.815002	-105.947266	1.000000
0.000000	200.715744	-331.395660	1.000000
0.000000	-4355021.000000	2416277.250000	1.000000
0.000000	974.838623	536.271667	1.000000
0.000000	25.867512	-88032.281250	1.000000
0.000000	1711789.125000	-2028472.500000	1.000000
0.000000	783.752563	-1661.331055	1.000000
0.000000	-388.620911	-5215.767090	1.000000
0.000000	691415.187500	-227295.343750	1.000000
0.000000	12310197.000000	-6573529.500000	1.000000
0.000000	-21909.248047	-21357.980469	1.000000
0.000000	170530.328125	-24436.480469	1.000000
0.000000	91.561188	48.968315	1.000000
0.000000	140.748764	12.530657	1.000000
0.000000	771.529480	-1749.987061	1.000000
0.000000	-46.531456	-124.684685	1.000000
0.000000	49.935074	-122.900467	1.000000
0.000000	-837.895508	919.957458	1.000000
0.000000	-58.794220	-3150.685791	1.000000
0.000000	-53707.945312	119833.890625	1.000000
0.000000	37.789467	103.075882	1.000000
0.000000	-199.337875	-13.517841	1.000000
0.000000	-284.399628	-1119.977905	1.000000
0.000000	-64749.558594	15627.113281	1.000000
0.000000	2387.248779	633.439758	1.000000
0.000000	55658.769531	149483.984375	1.000000
0.000000	-13080.952148	6652.573242	1.000000
0.000000	-41656.097656	-29878.789062	1.000000
0.000000	-8587.137695	13720.933594	1.000000
0.000000	161.726074	272.470825	1.000000
0.000000	-191.518967	61.167747	1.000000
0.000000	1437.476074	3290.692139	1.000000
0.000000	474.444244	-372.351410	1.000000
0.000000	2028.360596	245.909515	1.000000
0.000000	534.533936	-375.831360	1.000000
0.000000	14026.173828	-14078.722656	1.000000
0.000000	-160.276962	-49.168327	1.000000
0.000000	-1104.289551	1676.213013	1.000000
0.000000	113.001862	140.491745	1.000000
0.000000	-13501.440430	-2946.580322	1.000000
0.000000	-28560.003906	-61382.921875	1.000000
0.000000	1608.031982	7913.883789	1.000000
0.000000	-2631.988281	1979.477051	1.000000
0.000000	-60.214443	-82.173424	1.000000
0.000000	177.760483	335.117004	1.000000
0.000000	-3930.103760	-16166.657227	1.000000
0.000000	600.967834	-75.194267	1.000000
0.000000	-8610.482422	12919.128906	1.000000
0.000000	-947.734253	-3013.929688	1.000000
0.000000	961.211243	399.375153	1.000000
0.000000	118.048843	-217.084503	1.000000
0.000000	-5817.851074	-20538.287109	1.000000
0.000000	-7.239500	-149.047134	1.000000
0.000000	22562.343750	-24427.623047	1.000000
0.000000	-182.180130	-46.958298	1.000000
0.000000	-3300464.250000	1376390.750000	1.000000
0.000000	-17927.853516	-1097.241821	1.000000
0.000000	15.834366	418.544067	1.000000
0.000000	99.947701	-177.958710	1.000000
0.000000	6627.936035	2870.206055	1.000000
0.000000	-26299.130859	-23419.988281	1.000000
0.000000	-586712.625000	317352.031250	1.000000
0.000000	-108536.234375	249251.046875	1.000000
0.000000	38204.828125	-56191.003906	1.000000
0.000000	485.871063	-1587.081177	1.000000
0.000000	36.454803	13.054384	1.000000
0.000000	-179.694824	-596.857544	1.000000
0.000000	-339.388123	510.260590	1.000000
0.000000	4112436.000000	2116301.500000	1.000000
0.000000	-2.755370	176.087570	1.000000
0.000000	-45206.371094	75794.500000	1.000000
0.000000	544.873962	1616.735107	1.000000
0.000000	4660.325684	12608.879883	1.000000
0.000000	636.809631	1784.505859	1.000000
0.000000	-43973.417969	2236.532959	1.000000
0.000000	245892.671875	-842228.687500	1.000000
0.000000	-65.394684	-65.708878	1.000000
0.226145	269.618622	-143.730057	1.000000
0.000000	-33051.003906	-139839.671875	1.000000
0.000000	-14278.331055	-13731.406250	1.000000
0.000000	-204.439560	-73.169167	1.000000
0.000000	-323375.781250	730136.875000	1.000000
0.000000	-31514.808594	-19761.699219	1.000000
0.000000	-262.841339	-1002.434937	1.000000
0.000000	99.623764	-184.360428	1.000000
0.000000	-3799.379395	-12723.101562	1.000000
0.000000	40.611412	-148.347916	1.000000
0.000000	3148.215332	3167.475098	1.000000
0.000000	-56.029079	341.328339	1.000000
0.000000	799401.437500	-982912.687500	1.000000
0.000000	-204.442078	378.204895	1.000000
0.000000	-3451.556885	-2040.443726	1.000000
0.000000	10.710344	2723.148682	1.000000
0.000000	-190.128235	171.872452	1.000000
0.000000	19943.322266	10386.742188	1.000000
0.000000	-105.140869	616.205261	1.000000
0.000000	-3192.443359	-1856.772583	1.000000
0.000000	65044.089844	112491.632812	1.000000
0.000000	132.128281	93.321793	1.000000
0.000000	484892.843750	100639.609375	1.000000
0.000000	-110.667641	106.503090	1.000000
0.000000	79.801414	110.671516	1.000000
0.000000	288.498444	-63.790386	1.000000
0.000000	-108.174110	-84.275360	1.000000
0.000000	-52493.925781	-3175.986572	1.000000
0.000000	11301.038086	1222.882202	1.000000
0.000000	-127.197372	-7.003701	1.000000
0.000000	-103.526085	1898.167236	1.000000
0.000000	-7863.905762	-92972.046875	1.000000
0.000000	-456.370697	1257.412354	1.000000
0.000000	75.260986	162.947433	1.000000
0.112090	150.810532	-21.957453	1.000000
0.000000	49.328880	154.769196	1.000000
0.000000	-42752.175781	-77836.445312	1.000000
0.000000	447.540192	-973.819092	1.000000
0.000000	-111.965736	165.396057	1.000000
0.000000	-3.543808	-358.148285	1.000000
0.000000	-442.035645	525.868042	1.000000
0.000000	262.417328	199.056915	1.000000
0.000000	172.012543	818.540649	1.000000
0.000000	-92.655594	-5.031442	1.000000
0.000000	90.574356	404.171356	1.000000
0.000000	-10809.540039	568.666443	1.000000
0.000000	28171368.000000	16549397.000000	1.000000
0.000000	177.842056	-495.642853	1.000000
0.000000	-32849.234375	266891.250000	1.000000
0.000000	-38.966022	10.097139	1.000000
0.000000	1323.980713	2779.915039	1.000000
0.000000	4729.412598	10634.508789	1.000000
0.000000	-48719.867188	-126250.796875	1.000000
0.000000	223.433594	-422.987152	1.000000
0.000000	1929694.125000	165109.671875	1.000000
0.000000	-180291.640625	-177937.812500	1.000000
0.000000	-70059.804688	13846.918945	1.000000
0.000000	150.778870	31.583658	1.000000
0.000000	-131049.906250	14777.332031	1.000000
0.000000	-899.485535	147.284119	1.000000
0.000000	-1205.443237	1151.583862	1.000000
0.000000	-1136.581787	982.166992	1.000000
0.000000	49214.675781	57374.343750	1.000000
0.000000	84027.210938	3798.788330	1.000000
0.000000	873.010925	-461.626465	1.000000
0.000000	-181.991150	-185.150314	1.000000
0.000000	-1589278.625000	-1200867.375000	1.000000
0.547324	-82.767937	92.060913	1.000000
0.000000	2590553.750000	19190.582031	1.000000
0.000000	69.277603	-1.422656	1.000000
0.000000	-10334.113281	13033.818359	1.000000
0.000000	1826645.375000	135510.046875	1.000000
0.000000	-1587.334351	598.086670	1.000000
0.000000	78.407921	5.773686	1.000000
0.000000	186.630630	75.592407	1.000000
0.000000	606.358093	1080.679565	1.000000
0.000000	-10483.116211	7272.520996	1.000000
0.000000	-178.300064	121.547607	1.000000
0.000000	27326.185547	25696.027344	1.000000
0.000000	-70.734344	158.551559	1.000000
0.000000	264.070404	299.874237	1.000000
0.000000	147.861755	-9100.611328	1.000000
0.000000	-5403.499512	9769.521484	1.000000
0.000000	459028.406250	25730.765625	1.000000
0.000000	-829.166687	1031.007324	1.000000
0.000000	2016.885498	-5378.854980	1.000000
0.000000	3483.188965	-1890.508545	1.000000
0.000000	31.681381	-94.658722	1.000000
0.000000	53.494366	76.363518	1.000000
0.000000	1052.072510	-559.662109	1.000000
0.000000	1184.760864	11929.213867	1.000000
0.000000	18235.699219	-23746.423828	1.000000
0.000000	120.510574	-2.174337	1.000000
0.117884	-23.715178	-10.825079	1.000000
0.000000	1313.199463	1063.236084	1.000000
0.000000	210.640091	-40.538738	1.000000
0.000000	72.974045	-25.388109	1.000000
0.000000	-1627.040527	71.357994	1.000000
0.000000	75124.953125	-7430.205078	1.000000
0.000000	28.125397	208.639130	1.000000
0.000000	-411.531372	-720.712036	1.000000
0.000000	1191.455811	-9801.199219	1.000000
0.000000	144.883575	132.732117	1.000000
0.000000	83.010841	88.218849	1.000000
0.000000	-3955.600830	-4785.246582	1.000000
0.000000	313.377045	199.381210	1.000000
0.000000	-1865.672974	-2847.240479	1.000000
0.473654	-78.267113	89.190300	1.000000
0.000000	22211.906250	38884.843750	1.000000
0.112090	147.052948	-24.375731	1.000000
0.000000	680.496887	-553.318909	1.000000
0.000000	1075.889404	597.449646	1.000000
0.000000	-311.253571	429.631592	1.000000
0.000000	12.375861	-156.187286	1.000000
0.000000	9480.006836	5020.285645	1.000000
0.000000	-92774.687500	-330086.156250	1.000000
0.000000	7781.110840	16941.140625	1.000000
0.000000	78.454529	-28.417543	1.000000
0.000000	3331.979736	-1107.259399	1.000000
0.000000	-423475.500000	-81788.718750	1.000000
0.000000	-44105600.000000	-10494824.000000	1.000000
0.000000	5930.866211	-4767.289551	1.000000
0.000000	-210.058990	-34.321442	1.000000
0.000000	845.692627	-1793.957886	1.000000
0.000000	6014.020508	484.526123	1.000000
0.000000	-70.020103	-22.922192	1.000000
0.000000	-277.580383	1026.702026	1.000000
0.000000	-18812.126953	273.635254	1.000000
0.000000	-421.866028	-151.256790	1.000000
0.226145	272.860931	-141.896027	1.000000
0.000000	14355.708984	-11119.729492	1.000000
