0.000000	31546.253906	455767.187500	1.000000
0.000000	214978.093750	175189.546875	1.000000
0.000000	1177.317871	-12716.868164	1.000000
0.000000	-582.358093	649.585999	1.000000
0.000000	16893.380859	27455.726562	1.000000
0.000000	-13753.598633	768.425110	1.000000
0.000000	-737.639221	-2428.011475	1.000000
0.000000	-595198.687500	1523932.125000	1.000000
0.000000	3542.451416	-2254.750977	1.000000
0.000000	9292453.000000	3386659.750000	1.000000
0.000000	78697400.000000	19959642.000000	1.000000
0.000000	-219.177551	-169.724182	1.000000
0.000000	-267.386536	45.272633	1.000000
0.000000	94.707802	-185.520187	1.000000
0.000000	-73337376.000000	-31090268.000000	1.000000
0.000000	684.393494	-4547.173340	1.000000
0.000000	360.989258	-352.220398	1.000000
0.000000	-6140.262207	7755.849609	1.000000
0.000000	-987.465027	274.913239	1.000000
0.000000	-283.495148	232.570419	1.000000
0.000000	909.338196	7952.721680	1.000000
0.000000	10193.925781	85010.773438	1.000000
0.000000	-36.439816	765.350220	1.000000
0.000000	188.026611	133.214798	1.000000
0.000000	-207154.390625	-53295.449219	1.000000
0.000000	357.199127	-63.422958	1.000000
0.000000	10388.903320	35435.558594	1.000000
0.000000	-3871.853760	11591.373047	1.000000
0.000000	358.977356	-152.404449	1.000000
0.000000	-61527.734375	-273296.843750	1.000000
0.000000	5206.912109	-8949.021484	1.000000
0.000000	4824.728516	892.472290	1.000000
0.000000	-212.032715	440.242279	1.000000
0.000000	-495.466003	-246.103653	1.000000
0.000000	-195.757095	2.395962	1.000000
0.000000	4810.877930	2757.495850	1.000000
0.000000	62.698112	-46.429588	1.000000
0.000000	-5695.259277	-1469.562622	1.000000
0.000000	-246296.546875	-73679.375000	1.000000
0.000000	-46780.808594	-6126.174316	1.000000
0.000000	422.476471	53.306736	1.000000
0.000000	506.567444	59.899517	1.000000
0.000000	-1.330369	180.463150	1.000000
0.000000	-55.576321	-86.214462	1.000000
0.000000	40.633198	177.990509	1.000000
0.000000	-538.800964	-326.150177	1.000000
0.000000	-4128.260742	3387.299805	1.000000
0.000000	-794.298950	382.236053	1.000000
0.000000	-99.483627	-200.867432	1.000000
0.000000	-198.030151	-69.240089	1.000000
0.000000	6982.421387	6286.083008	1.000000
0.000000	-836.398743	1743.324585	1.000000
0.000000	60.696892	1396.856201	1.000000
0.000000	-3362.036377	-11698.454102	1.000000
0.000000	243.859680	-62.820290	1.000000
0.000000	-18.039740	-205.894653	1.000000
0.000000	69.860252	119.875519	1.000000
0.000000	29405522.000000	-21550876.000000	1.000000
0.000000	-505.629700	1626.184692	1.000000
0.000000	538.092529	474.785248	1.000000
0.000000	1744.249878	26294.611328	1.000000
0.000000	3240.507324	-1592.973389	1.000000
0.000000	-57.852192	-200.328644	1.000000
0.000000	127.753510	-309.744232	1.000000
0.000000	5424.103027	-2851.725586	1.000000
0.000000	401057.500000	-1051564.750000	1.000000
0.000000	40260.445312	142590.812500	1.000000
0.000000	899154304.000000	-490293056.000000	1.000000
0.000000	5157.422852	-14823.804688	1.000000
0.000000	-11819835.000000	-661386.312500	1.000000
0.000000	10579.752930	-15170.500977	1.000000
0.000000	-0.792072	-298.478668	1.000000
0.000000	-221.828461	-725.799377	1.000000
0.000000	-569.402100	924.429932	1.000000
0.000000	424414.562500	2507.207275	1.000000
0.000000	-9279.697266	10654.958008	1.000000
0.000000	-109.682137	555.316589	1.000000
0.000000	38.435146	-218.459671	1.000000
0.000000	3415.272949	-13219.573242	1.000000
0.000000	-935690816.000000	516809408.000000	1.000000
0.000000	1333545.500000	80179.890625	1.000000
0.000000	370651.812500	-121721.375000	1.000000
0.000000	282555.125000	227374.250000	1.000000
0.000000	24963.849609	-23169.402344	1.000000
0.000000	2203343.750000	933750.062500	1.000000
0.000000	-115.056328	160.107178	1.000000
0.000000	156.772903	-18.498833	1.000000
0.000000	-3210.751221	-423.951416	1.000000
0.000000	-1662.741333	1648.801636	1.000000
0.000000	66.054573	215.762955	1.000000
0.000000	30.181557	21.933041	1.000000
0.000000	-1144.026001	1119.262085	1.000000
0.000000	851.970764	-148.519867	1.000000
0.000000	218.402359	-253.903854	1.000000
0.000000	-4355021.000000	2416277.250000	1.000000
0.000000	1043.616455	576.157532	1.000000
0.000000	-51.935223	-88044.703125	1.000000
0.000000	1711789.125000	-2028472.500000	1.000000
0.000000	798.600586	-1583.306152	1.000000
0.000000	-323.260498	-5260.796387	1.000000
0.000000	691415.187500	-227369.875000	1.000000
0.000000	12310197.000000	-6573529.500000	1.000000
0.000000	-21927.880859	-21435.617188	1.000000
0.000000	170604.859375	-24483.062500	1.000000
0.000000	57.351330	120.732483	1.000000
0.000000	217.423416	-11.709398	1.000000
0.000000	694.572083	-1769.784424	1.000000
0.000000	-98.837166	-184.561325	1.000000
0.000000	78.866882	-196.946487	1.000000
0.000000	-860.701294	996.138489	1.000000
0.000000	-135.872513	-3131.276611	1.000000
0.000000	-53788.687500	119833.890625	1.000000
0.000000	65.896385	177.437302	1.000000
0.000000	-276.286530	6.659091	1.000000
0.000000	-207.942719	-1098.239624	1.000000
0.000000	-64681.238281	15583.636719	1.000000
0.000000	2410.927979	709.329651	1.000000
0.000000	55720.878906	149533.671875	1.000000
0.000000	-13157.036133	6627.729492	1.000000
0.000000	-41718.207031	-29832.207031	1.000000
0.000000	-8521.922852	13765.962891	1.000000
0.000000	233.540039	306.533936	1.000000
0.000000	-250.061905	114.955437	1.000000
0.000000	1494.733154	3235.570068	1.000000
0.000000	551.207520	-393.070709	1.000000
0.000000	1977.314453	184.988953	1.000000
0.000000	550.061279	-453.807739	1.000000
0.000000	14009.093750	-14156.359375	1.000000
0.000000	-228.063522	-90.689674	1.000000
0.000000	-1134.373779	1602.652222	1.000000
0.000000	169.822235	196.099045	1.000000
0.000000	-13423.803711	-2964.048584	1.000000
0.000000	-28609.691406	-61445.031250	1.000000
0.000000	1651.508545	7980.651367	1.000000
0.000000	-2583.465332	1916.591309	1.000000
0.000000	12.528825	-114.247093	1.000000
0.000000	125.185211	275.482300	1.000000
0.000000	-3879.639893	-16104.547852	1.000000
0.000000	677.342957	-53.007149	1.000000
0.000000	-8689.671875	12925.339844	1.000000
0.000000	-923.763916	-3089.625488	1.000000
0.000000	952.574158	478.419037	1.000000
0.000000	195.734085	-233.946228	1.000000
0.000000	-5739.437988	-20525.865234	1.000000
0.000000	-3.057428	-228.430679	1.000000
0.000000	22540.605469	-24505.259766	1.000000
0.000000	-235.773727	-105.672829	1.000000
0.000000	-3300464.250000	1376390.750000	1.000000
0.000000	-17955.802734	-1171.384888	1.000000
0.000000	-17.604006	490.649170	1.000000
0.000000	126.453362	-252.902405	1.000000
0.000000	6653.556152	2794.898438	1.000000
0.000000	-26224.599609	-23395.144531	1.000000
0.000000	-586712.625000	317401.718750	1.000000
0.000000	-108536.234375	249176.515625	1.000000
0.000000	38124.085938	-56191.003906	1.000000
0.000000	537.305420	-1647.637817	1.000000
0.000000	74.646736	82.781792	1.000000
0.000000	-197.866669	-519.511963	1.000000
0.000000	-361.077881	586.732788	1.000000
0.000000	4112436.000000	2116301.500000	1.000000
0.514284	75.089890	191.827377	1.000000
0.000000	-45237.425781	75869.031250	1.000000
0.000000	616.590881	1651.089355	1.000000
0.000000	4737.186035	12588.694336	1.000000
0.000000	628.948914	1705.316406	1.000000
0.000000	-44029.316406	2294.760498	1.000000
0.000000	245818.140625	-842228.687500	1.000000
0.000000	-137.316254	-99.590027	1.000000
0.000000	346.691986	-137.716949	1.000000
0.000000	-33019.949219	-139914.203125	1.000000
0.000000	-14304.727539	-13656.875000	1.000000
0.000000	-283.838867	-77.196571	1.000000
0.000000	-323475.156250	730136.875000	1.000000
0.000000	-31446.488281	-19721.328125	1.000000
0.000000	-334.703827	-1036.401001	1.000000
0.000000	121.107300	-260.903839	1.000000
0.000000	-3723.295410	-12746.392578	1.000000
0.000000	63.605225	-224.456161	1.000000
0.000000	3171.894531	3091.779297	1.000000
0.000000	-18.404501	271.309723	1.000000
0.000000	799302.062500	-982912.687500	1.000000
0.000000	-282.839203	391.451660	1.000000
0.000000	-3375.472900	-2062.958252	1.000000
0.000000	-5.996575	2800.785400	1.000000
0.000000	-246.220764	228.231857	1.000000
0.000000	19902.951172	10455.062500	1.000000
0.000000	-26.785553	602.812927	1.000000
0.000000	-3268.139160	-1881.616333	1.000000
0.000000	65068.933594	112566.164062	1.000000
0.000000	192.636444	144.583649	1.000000
0.000000	484892.843750	100714.140625	1.000000
0.000000	-168.167328	161.406799	1.000000
0.514284	78.882324	190.130951	1.000000
0.000000	302.133392	14.531281	1.000000
0.000000	-187.509140	-89.333878	1.000000
0.000000	-52462.871094	-3103.784424	1.000000
0.000000	11342.961914	1290.426147	1.000000
0.000000	-105.592529	-83.512077	1.000000
0.000000	-57.101753	1833.534668	1.000000
0.000000	-7867.787598	-93046.578125	1.000000
0.000000	-503.971710	1193.750244	1.000000
0.000000	26.067612	221.598267	1.000000
0.000000	227.852341	-45.141792	1.000000
0.000000	50.356121	235.184021	1.000000
0.000000	-42814.285156	-77786.757812	1.000000
0.000000	385.382294	-1023.409546	1.000000
0.000000	-70.587791	233.279663	1.000000
0.000000	-39.117287	-287.062164	1.000000
0.000000	-449.314087	605.057495	1.000000
0.000000	317.976105	142.188019	1.000000
0.000000	190.912231	895.789185	1.000000
0.000000	-129.859955	65.228630	1.000000
0.000000	154.607483	451.287140	1.000000
0.000000	-10888.729492	562.843689	1.000000
0.000000	28171368.000000	16549397.000000	1.000000
0.000000	231.435654	-554.355591	1.000000
0.000000	-32818.179688	266841.562500	1.000000
0.000000	-118.436394	8.077372	1.000000
0.000000	1390.166016	2736.050293	1.000000
0.000000	4651.775879	10653.141602	1.000000
0.000000	-48639.125000	-126250.796875	1.000000
0.000000	153.633331	-461.029144	1.000000
0.000000	1929694.125000	165159.359375	1.000000
0.000000	-180217.109375	-177937.812500	1.000000
0.000000	-70121.914062	13801.889648	1.000000
0.000000	196.465775	-28.326118	1.000000
0.000000	-131074.750000	14853.416016	1.000000
0.000000	-970.426086	183.239624	1.000000
0.000000	-1255.324829	1089.668579	1.000000
0.000000	-1157.155518	1058.974487	1.000000
0.000000	49233.308594	57448.875000	1.000000
0.000000	83965.101562	3751.041748	1.000000
0.000000	948.803772	-437.462036	1.000000
0.000000	-252.664825	-221.566788	1.000000
0.000000	-1589278.625000	-1200867.375000	1.000000
0.000000	-159.489639	112.969925	1.000000
0.000000	2590553.750000	19262.007812	1.000000
0.000000	95.232010	-74.718002	1.000000
0.000000	-10380.695312	13099.033203	1.000000
0.000000	1826645.375000	135460.359375	1.000000
0.000000	-1578.212036	677.082031	1.000000
0.000000	155.899078	23.514889	1.000000
0.000000	252.767410	31.460785	1.000000
0.000000	542.890076	1032.738892	1.000000
0.000000	-10537.461914	7330.748535	1.000000
0.000000	-256.227905	137.288330	1.000000
0.000000	27329.291016	25776.769531	1.000000
0.000000	-12.701819	212.897263	1.000000
0.000000	267.661102	379.306305	1.000000
0.000000	70.525192	-9081.978516	1.000000
0.000000	-5482.688965	9771.074219	1.000000
0.000000	459078.093750	25671.761719	1.000000
0.000000	-903.697937	1058.568359	1.000000
0.000000	2080.841309	-5331.496582	1.000000
0.000000	3484.741699	-1970.086182	1.000000
0.000000	75.165588	-28.106403	1.000000
0.000000	121.487144	117.571632	1.000000
0.000000	1017.895020	-631.379028	1.000000
0.000000	1193.883179	11850.024414	1.000000
0.000000	18158.062500	-23761.951172	1.000000
0.000000	199.797073	-7.953237	1.000000
0.000000	-20.051609	-88.422882	1.000000
0.000000	1247.208252	1107.489014	1.000000
0.000000	290.120667	-42.570637	1.000000
0.000000	87.389992	51.830833	1.000000
0.000000	-1551.344727	95.607338	1.000000
0.000000	75199.484375	-7421.665039	1.000000
0.000000	49.292976	285.271851	1.000000
0.000000	-332.050781	-720.712036	1.000000
0.000000	1186.409424	-9722.009766	1.000000
0.000000	192.945557	196.054565	1.000000
0.000000	143.649261	139.628922	1.000000
0.000000	-3919.111572	-4714.597168	1.000000
0.000000	391.790131	212.336838	1.000000
0.000000	-1929.529175	-2894.598877	1.000000
0.000000	-46.293617	159.454300	1.000000
0.000000	22224.328125	38965.585938	1.000000
0.000000	225.501282	-24.306940	1.000000
0.000000	759.977478	-551.960266	1.000000
0.000000	1144.597900	637.432556	1.000000
0.000000	-314.553131	509.063660	1.000000
0.000000	62.523251	-217.884216	1.000000
0.000000	9520.377930	4951.965332	1.000000
0.000000	-92737.421875	-330135.843750	1.000000
0.000000	7860.300293	16944.246094	1.000000
0.000000	129.743286	-89.156326	1.000000
0.000000	3357.988037	-1032.145874	1.000000
0.000000	-423425.812500	-81850.828125	1.000000
0.000000	-44105600.000000	-10494824.000000	1.000000
0.000000	5966.579102	-4696.640137	1.000000
0.000000	-240.200043	39.190823	1.000000
0.000000	915.371582	-1755.721802	1.000000
0.000000	5951.911133	435.129761	1.000000
0.000000	-143.823502	-52.479664	1.000000
0.000000	-356.963928	1022.820190	1.000000
0.000000	-18799.705078	195.143936	1.000000
0.000000	-501.346619	-153.464584	1.000000
0.000000	284.144318	-220.744202	1.000000
0.000000	14428.687500	-11088.674805	1.000000
