0.000000	31511.058594	455800.312500	1.000000
0.000000	214994.656250	175239.234375	1.000000
0.000000	1185.210938	-12769.661133	1.000000
0.000000	-529.371033	648.809631	1.000000
0.000000	16889.240234	27401.898438	1.000000
0.000000	-13701.840820	756.456116	1.000000
0.000000	-690.086731	-2451.302490	1.000000
0.000000	-595264.937500	1523932.125000	1.000000
0.000000	3569.624268	-2209.204102	1.000000
0.000000	9292453.000000	3386659.750000	1.000000
0.000000	78697400.000000	19959642.000000	1.000000
0.000000	-270.320740	-183.601746	1.000000
0.000000	-292.489075	91.958176	1.000000
0.000000	92.758797	-238.491074	1.000000
0.000000	-73337376.000000	-31090268.000000	1.000000
0.000000	730.522644	-4521.294434	1.000000
0.000000	373.411133	-403.751770	1.000000
0.000000	-6167.693848	7801.396484	1.000000
0.000000	-987.335632	221.915771	1.000000
0.000000	-301.675079	282.354950	1.000000
0.000000	920.724915	8004.479492	1.000000
0.000000	10241.542969	85035.617188	1.000000
0.000000	-46.694332	817.366821	1.000000
0.000000	227.039062	97.340164	1.000000
0.000000	-207121.265625	-53332.714844	1.000000
0.000000	410.024445	-59.274246	1.000000
0.000000	10387.868164	35381.730469	1.000000
0.000000	-3923.870361	11581.021484	1.000000
0.000000	405.300598	-178.153961	1.000000
0.000000	-61473.906250	-273296.843750	1.000000
0.000000	5175.339844	-8906.580078	1.000000
0.000000	4875.968750	905.541138	1.000000
0.000000	-260.911499	460.751312	1.000000
0.000000	-534.233459	-209.986404	1.000000
0.000000	-237.179520	-30.667936	1.000000
0.000000	4859.012695	2779.492920	1.000000
0.000000	13.406937	-65.911552	1.000000
0.000000	-5736.147949	-1503.075806	1.000000
0.000000	-246279.984375	-73729.062500	1.000000
0.000000	-46739.402344	-6158.264160	1.000000
0.000000	463.332794	87.054443	1.000000
0.000000	537.174988	16.645351	1.000000
0.000000	-1.806248	233.466385	1.000000
0.000000	-79.456276	-133.531479	1.000000
0.000000	47.220188	230.573212	1.000000
0.000000	-558.792419	-277.077301	1.000000
0.000000	-4084.784180	3357.021484	1.000000
0.000000	-824.383179	425.874359	1.000000
0.000000	-111.145309	-252.560547	1.000000
0.000000	-249.901184	-80.141579	1.000000
0.000000	7035.214355	6280.389648	1.000000
0.000000	-865.318420	1698.942261	1.000000
0.000000	30.572325	1353.250244	1.000000
0.000000	-3392.832275	-11654.977539	1.000000
0.000000	292.803162	-42.493217	1.000000
0.000000	-16.729620	-258.881714	1.000000
0.000000	122.831139	118.039734	1.000000
0.000000	29405522.000000	-21550876.000000	1.000000
0.000000	-548.329895	1657.498169	1.000000
0.000000	503.212555	514.673279	1.000000
0.000000	1716.947632	26249.064453	1.000000
0.000000	3260.692871	-1642.013916	1.000000
0.000000	-85.737602	-245.406464	1.000000
0.000000	156.349701	-354.352997	1.000000
0.000000	5391.495605	-2893.390625	1.000000
0.000000	401090.625000	-1051564.750000	1.000000
0.000000	40214.898438	142557.687500	1.000000
0.000000	899154304.000000	-490293056.000000	1.000000
0.000000	5123.262695	-14864.175781	1.000000
0.000000	-11819835.000000	-661320.062500	1.000000
0.000000	10606.666992	-15124.954102	1.000000
0.000000	-16.449001	-349.104279	1.000000
0.000000	-261.829895	-760.541809	1.000000
0.000000	-516.415039	922.618408	1.000000
0.000000	424348.312500	2494.009033	1.000000
0.000000	-9331.455078	10642.536133	1.000000
0.000000	-161.129761	542.571228	1.000000
0.000000	33.793118	-271.252655	1.000000
0.000000	3420.448730	-13272.366211	1.000000
0.000000	-935690816.000000	516809408.000000	1.000000
0.000000	1333545.500000	80229.578125	1.000000
0.000000	370718.062500	-121729.656250	1.000000
0.000000	282488.875000	227390.812500	1.000000
0.000000	24916.232422	-23144.558594	1.000000
0.000000	2203343.750000	933683.812500	1.000000
0.000000	-142.973190	205.152649	1.000000
0.000000	105.047440	-30.057404	1.000000
0.000000	-3177.626221	-382.545166	1.000000
0.000000	-1668.952271	1701.465210	1.000000
0.000000	90.493965	262.797852	1.000000
0.000000	16.564804	-29.287601	1.000000
0.000000	-1195.136841	1105.287476	1.000000
0.000000	896.741272	-176.905792	1.000000
0.000000	230.193436	-202.226913	1.000000
0.000000	-4355021.000000	2416277.250000	1.000000
0.000000	1089.422119	602.748108	1.000000
0.000000	-103.805313	-88052.984375	1.000000
0.000000	1711789.125000	-2028472.500000	1.000000
0.000000	808.499268	-1531.289551	1.000000
0.000000	-279.686890	-5290.815918	1.000000
0.000000	691415.187500	-227419.562500	1.000000
0.000000	12310197.000000	-6573529.500000	1.000000
0.000000	-21940.302734	-21487.375000	1.000000
0.000000	170654.546875	-24514.117188	1.000000
0.000000	34.541500	168.576111	1.000000
0.000000	268.133759	-27.121500	1.000000
0.000000	643.267151	-1782.982666	1.000000
0.000000	-133.708984	-224.479538	1.000000
0.000000	98.154755	-246.310501	1.000000
0.000000	-875.905151	1046.896606	1.000000
0.000000	-187.258316	-3118.337158	1.000000
0.000000	-53842.515625	119833.890625	1.000000
0.000000	84.634331	227.011581	1.000000
0.000000	-327.559113	20.085794	1.000000
0.000000	-156.977448	-1083.747437	1.000000
0.000000	-64635.691406	15554.652344	1.000000
0.000000	2426.714111	759.922913	1.000000
0.000000	55762.285156	149566.796875	1.000000
0.000000	-13207.758789	6611.166992	1.000000
0.000000	-41759.613281	-29801.152344	1.000000
0.000000	-8478.446289	13795.982422	1.000000
0.000000	281.416016	329.242676	1.000000
0.000000	-289.104248	150.813889	1.000000
0.000000	1532.904541	3198.822021	1.000000
0.000000	602.383057	-406.883575	1.000000
0.000000	1943.283691	144.375244	1.000000
0.000000	560.412842	-505.791992	1.000000
0.000000	13997.707031	-14208.117188	1.000000
0.000000	-273.254578	-118.372017	1.000000
0.000000	-1154.429932	1553.611694	1.000000
0.000000	207.702484	233.170578	1.000000
0.000000	-13372.045898	-2975.694092	1.000000
0.000000	-28642.816406	-61486.437500	1.000000
0.000000	1680.492920	8025.163086	1.000000
0.000000	-2551.116699	1874.667480	1.000000
0.000000	61.024208	-135.629532	1.000000
0.000000	90.127380	235.725830	1.000000
0.000000	-3845.997314	-16063.141602	1.000000
0.000000	728.259705	-38.215736	1.000000
0.000000	-8742.464844	12929.480469	1.000000
0.000000	-907.783691	-3140.089355	1.000000
0.000000	946.816101	531.103210	1.000000
0.000000	247.524246	-245.187378	1.000000
0.000000	-5687.162598	-20517.583984	1.000000
0.000000	-0.269383	-281.353058	1.000000
0.000000	22526.113281	-24557.017578	1.000000
0.000000	-271.509796	-144.814682	1.000000
0.000000	-3300464.250000	1376390.750000	1.000000
0.000000	-17974.435547	-1220.813599	1.000000
0.000000	-39.896255	538.719238	1.000000
0.000000	144.116425	-302.880035	1.000000
0.000000	6670.636230	2744.693359	1.000000
0.000000	-26174.912109	-23378.582031	1.000000
0.000000	-586712.625000	317434.843750	1.000000
0.000000	-108536.234375	249126.828125	1.000000
0.000000	38070.257812	-56191.003906	1.000000
0.000000	571.594971	-1688.008911	1.000000
0.000000	100.105110	129.266769	1.000000
0.000000	-209.981232	-467.920593	1.000000
0.000000	-375.537720	637.714233	1.000000
0.000000	4112436.000000	2116301.500000	1.000000
0.000000	124.408829	202.130692	1.000000
0.000000	-45258.128906	75918.718750	1.000000
0.000000	664.402161	1673.992188	1.000000
0.000000	4788.426270	12575.237305	1.000000
0.000000	623.708435	1652.523438	1.000000
0.000000	-44066.582031	2333.578857	1.000000
0.000000	245768.453125	-842228.687500	1.000000
0.000000	-185.256927	-122.177460	1.000000
0.000000	399.549652	-133.624847	1.000000
0.000000	-32999.246094	-139963.890625	1.000000
0.000000	-14322.325195	-13607.187500	1.000000
0.000000	-336.761230	-79.881508	1.000000
0.000000	-323541.406250	730136.875000	1.000000
0.000000	-31400.941406	-19694.414062	1.000000
0.000000	-382.612152	-1059.045044	1.000000
0.000000	135.425461	-311.917633	1.000000
0.000000	-3672.572754	-12761.919922	1.000000
0.000000	78.930496	-275.188873	1.000000
0.000000	3187.680664	3041.315430	1.000000
0.000000	6.679147	224.619766	1.000000
0.000000	799235.812500	-982912.687500	1.000000
0.000000	-335.114594	400.282837	1.000000
0.000000	-3324.750244	-2077.968018	1.000000
0.000000	-17.134613	2852.543213	1.000000
0.000000	-283.615784	265.800568	1.000000
0.000000	19876.037109	10500.609375	1.000000
0.000000	25.452978	593.884705	1.000000
0.000000	-3318.603027	-1898.178833	1.000000
0.000000	65085.496094	112615.851562	1.000000
0.000000	231.713593	180.377411	1.000000
0.000000	484892.843750	100763.828125	1.000000
0.000000	-206.500458	198.009277	1.000000
0.000000	80.844139	243.295074	1.000000
0.000000	311.223358	66.745781	1.000000
0.000000	-240.399155	-92.706223	1.000000
0.000000	-52442.167969	-3055.649658	1.000000
0.000000	11370.911133	1335.455444	1.000000
0.000000	-91.189301	-134.516754	1.000000
0.000000	-26.152582	1790.446289	1.000000
0.000000	-7870.375488	-93096.265625	1.000000
0.000000	-535.729858	1151.308838	1.000000
0.000000	-8.945798	261.387085	1.000000
0.000000	278.510284	-60.725746	1.000000
0.000000	53.259411	288.106384	1.000000
0.000000	-42855.691406	-77753.632812	1.000000
0.000000	343.943695	-1056.533447	1.000000
0.000000	-43.002495	278.535400	1.000000
0.000000	-62.832878	-239.671417	1.000000
0.000000	-454.166382	657.850464	1.000000
0.000000	355.015289	104.275421	1.000000
0.000000	203.512024	947.288208	1.000000
0.000000	-154.655182	112.069450	1.000000
0.000000	197.291504	482.697662	1.000000
0.000000	-10941.522461	558.961853	1.000000
0.000000	28171368.000000	16549397.000000	1.000000
0.000000	267.169769	-593.497437	1.000000
0.000000	-32797.476562	266808.437500	1.000000
0.000000	-171.421997	6.730860	1.000000
0.000000	1434.289551	2706.807129	1.000000
0.000000	4600.018066	10665.563477	1.000000
0.000000	-48585.296875	-126250.796875	1.000000
0.000000	107.099823	-486.390472	1.000000
0.000000	1929694.125000	165192.484375	1.000000
0.000000	-180167.421875	-177937.812500	1.000000
0.000000	-70163.320312	13771.870117	1.000000
0.000000	228.329178	-70.675339	1.000000
0.000000	-131091.312500	14904.138672	1.000000
0.000000	-1017.719788	207.209961	1.000000
0.000000	-1288.579224	1048.391724	1.000000
0.000000	-1170.871338	1110.214722	1.000000
0.000000	49245.730469	57498.562500	1.000000
0.000000	83923.695312	3719.210693	1.000000
0.000000	999.332336	-421.352417	1.000000
0.000000	-299.765594	-245.844437	1.000000
0.000000	-1589278.625000	-1200867.375000	1.000000
0.000000	-210.632828	126.904099	1.000000
0.000000	2590553.750000	19309.625000	1.000000
0.000000	113.646469	-124.413589	1.000000
0.000000	-10411.750000	13142.509766	1.000000
0.000000	1826645.375000	135427.234375	1.000000
0.000000	-1572.130493	729.745605	1.000000
0.000000	207.559845	35.342358	1.000000
0.000000	296.858582	2.039309	1.000000
0.000000	500.578064	1000.825500	1.000000
0.000000	-10573.692383	7369.566895	1.000000
0.000000	-308.179810	147.785461	1.000000
0.000000	27331.361328	25830.597656	1.000000
0.000000	25.985704	249.127731	1.000000
0.000000	270.054901	432.261017	1.000000
0.000000	18.966026	-9069.556641	1.000000
0.000000	-5535.481934	9772.109375	1.000000
0.000000	459111.218750	25632.425781	1.000000
0.000000	-953.385437	1076.942383	1.000000
0.000000	2123.541504	-5299.924316	1.000000
0.000000	3485.776855	-2023.137939	1.000000
0.000000	104.158051	16.261948	1.000000
0.000000	166.808746	145.038696	1.000000
0.000000	995.056885	-679.190308	1.000000
0.000000	1199.964722	11797.231445	1.000000
0.000000	18106.304688	-23772.302734	1.000000
0.000000	252.654739	-11.805758	1.000000
0.000000	-17.083622	-141.339203	1.000000
0.000000	1203.214111	1136.990967	1.000000
0.000000	343.107727	-43.925236	1.000000
0.000000	95.889595	104.146660	1.000000
0.000000	-1500.880859	111.773567	1.000000
0.000000	75249.171875	-7415.971680	1.000000
0.000000	63.405067	336.350342	1.000000
0.000000	-279.063721	-720.712036	1.000000
0.000000	1183.045166	-9669.216797	1.000000
0.000000	224.986877	238.269531	1.000000
0.000000	184.068878	173.902298	1.000000
0.000000	-3894.785400	-4667.497559	1.000000
0.000000	444.065521	220.973923	1.000000
0.000000	-1972.099976	-2926.171143	1.000000
0.000000	-23.956886	207.524368	1.000000
0.000000	22232.609375	39019.414062	1.000000
0.000000	278.497650	-24.133066	1.000000
0.000000	812.964539	-551.054504	1.000000
0.000000	1190.403564	664.087830	1.000000
0.000000	-316.752838	561.987793	1.000000
0.000000	95.955559	-259.014313	1.000000
0.000000	9547.291992	4906.418457	1.000000
0.000000	-92712.578125	-330168.968750	1.000000
0.000000	7913.093262	16946.316406	1.000000
0.000000	163.935791	-129.649063	1.000000
0.000000	3375.326904	-982.015991	1.000000
0.000000	-423392.687500	-81892.234375	1.000000
0.000000	-44105600.000000	-10494824.000000	1.000000
0.000000	5990.387695	-4649.540527	1.000000
0.000000	-260.320892	88.223267	1.000000
0.000000	961.824219	-1730.231079	1.000000
0.000000	5910.504883	402.198853	1.000000
0.000000	-193.025772	-72.185707	1.000000
0.000000	-409.886292	1020.232300	1.000000
0.000000	-18791.423828	142.820023	1.000000
0.000000	-554.333679	-154.936447	1.000000
0.000000	290.193512	-273.396942	1.000000
0.000000	14477.339844	-11067.971680	1.000000
