0.000000	31418.753906	455887.187500	1.000000
0.000000	215038.093750	175369.546875	1.000000
0.000000	1205.911621	-12908.118164	1.000000
0.000000	-390.404968	646.773499	1.000000
0.000000	16878.380859	27260.726562	1.000000
0.000000	-13566.098633	725.065735	1.000000
0.000000	-565.373596	-2512.386475	1.000000
0.000000	-595438.687500	1523932.125000	1.000000
0.000000	3640.888916	-2089.750977	1.000000
0.000000	9292453.000000	3386659.750000	1.000000
0.000000	78697400.000000	19959642.000000	1.000000
0.000000	-404.450989	-219.997620	1.000000
0.000000	-358.324036	214.386902	1.000000
0.000000	87.647255	-377.377655	1.000000
0.000000	-73337376.000000	-31090268.000000	1.000000
0.000000	851.502869	-4453.423340	1.000000
0.000000	405.989258	-538.883179	1.000000
0.000000	-6239.637207	7920.849609	1.000000
0.000000	-986.996277	82.907288	1.000000
0.000000	-349.354523	412.921967	1.000000
0.000000	950.588196	8140.221680	1.000000
0.000000	10366.425781	85100.773438	1.000000
0.000000	-73.588249	953.787720	1.000000
0.000000	330.342621	3.376110	1.000000
0.000000	-207034.390625	-53430.449219	1.000000
0.000000	548.588684	-48.393661	1.000000
0.000000	10385.153320	35240.558594	1.000000
0.000000	-4060.291260	11553.873047	1.000000
0.000000	526.789856	-245.685699	1.000000
0.000000	-61332.734375	-273296.843750	1.000000
0.000000	5092.537109	-8795.271484	1.000000
0.000000	5010.353516	939.816040	1.000000
0.000000	-389.103027	514.539124	1.000000
0.000000	-635.870422	-115.263809	1.000000
0.000000	-345.780609	-117.377335	1.000000
0.000000	4985.252930	2837.183350	1.000000
0.000000	-115.865685	-117.005760	1.000000
0.000000	-5843.384277	-1590.968872	1.000000
0.000000	-246236.546875	-73859.375000	1.000000
0.000000	-46630.808594	-6242.424316	1.000000
0.000000	570.530579	175.551193	1.000000
0.000000	617.432556	-96.798492	1.000000
0.000000	-3.054307	372.439331	1.000000
0.000000	-141.023331	-256.303894	1.000000
0.000000	64.495804	368.513397	1.000000
0.000000	-611.222839	-148.341263	1.000000
0.000000	-3970.760742	3277.612305	1.000000
0.000000	-903.283325	540.342957	1.000000
0.000000	-141.729721	-388.133057	1.000000
0.000000	-385.899780	-108.732277	1.000000
0.000000	7173.671387	6265.458008	1.000000
0.000000	-941.164368	1582.543335	1.000000
0.000000	-48.430481	1238.887451	1.000000
0.000000	-3473.598877	-11540.954102	1.000000
0.000000	422.954468	6.051726	1.000000
0.000000	-13.293646	-397.847778	1.000000
0.000000	261.753021	113.225128	1.000000
0.000000	29405522.000000	-21550876.000000	1.000000
0.000000	-660.317200	1739.622192	1.000000
0.000000	411.671417	619.364441	1.000000
0.000000	1645.343628	26129.611328	1.000000
0.000000	3313.632324	-1770.629639	1.000000
0.000000	-158.868713	-363.590820	1.000000
0.000000	231.347260	-471.345795	1.000000
0.000000	5305.978027	-3002.663086	1.000000
0.000000	401177.500000	-1051564.750000	1.000000
0.000000	40095.445312	142470.812500	1.000000
0.000000	899154304.000000	-490293056.000000	1.000000
0.000000	5033.672852	-14970.054688	1.000000
0.000000	-11819835.000000	-661146.312500	1.000000
0.000000	10677.252930	-15005.500977	1.000000
0.000000	-57.511013	-481.877106	1.000000
0.000000	-366.775574	-851.658752	1.000000
0.000000	-377.531128	917.867432	1.000000
0.000000	424174.562500	2459.394775	1.000000
0.000000	-9467.197266	10609.958008	1.000000
0.000000	-296.053375	509.144714	1.000000
0.000000	21.618740	-409.709686	1.000000
0.000000	3434.022949	-13410.823242	1.000000
0.000000	-935690816.000000	516809408.000000	1.000000
0.000000	1333545.500000	80359.890625	1.000000
0.000000	370891.812500	-121751.375000	1.000000
0.000000	282315.125000	227434.250000	1.000000
0.000000	24791.349609	-23079.402344	1.000000
0.000000	2203343.750000	933510.062500	1.000000
0.000000	-216.189133	323.314941	1.000000
0.000000	-30.608084	-60.366428	1.000000
0.000000	-3090.751221	-273.951416	1.000000
0.000000	-1685.241333	1839.582886	1.000000
0.000000	154.589722	386.153564	1.000000
0.000000	-19.147028	-163.627197	1.000000
0.000000	-1329.182251	1068.637085	1.000000
0.000000	1014.158264	-251.351898	1.000000
0.000000	261.110168	-66.696823	1.000000
0.000000	-4355021.000000	2416277.250000	1.000000
0.000000	1209.553955	672.485657	1.000000
0.000000	-239.844437	-88074.703125	1.000000
0.000000	1711789.125000	-2028472.500000	1.000000
0.000000	834.459961	-1394.868652	1.000000
0.000000	-165.408936	-5369.546387	1.000000
0.000000	691415.187500	-227549.875000	1.000000
0.000000	12310197.000000	-6573529.500000	1.000000
0.000000	-21972.880859	-21623.117188	1.000000
0.000000	170784.859375	-24595.562500	1.000000
0.000000	-25.559628	290.242767	1.000000
0.000000	401.161102	-67.538185	1.000000
0.000000	508.712708	-1817.596924	1.000000
0.000000	-225.165283	-329.170685	1.000000
0.000000	148.748627	-375.774628	1.000000
0.000000	-915.779419	1179.923950	1.000000
0.000000	-322.004089	-3084.401611	1.000000
0.000000	-53983.687500	119833.890625	1.000000
0.000000	129.523407	354.086365	1.000000
0.000000	-462.028717	55.295719	1.000000
0.000000	-23.300426	-1045.739624	1.000000
0.000000	-64516.238281	15478.636719	1.000000
0.000000	2468.115479	892.610901	1.000000
0.000000	55870.878906	149653.671875	1.000000
0.000000	-13340.786133	6567.729492	1.000000
0.000000	-41868.207031	-29719.707031	1.000000
0.000000	-8364.422852	13874.712891	1.000000
0.000000	406.977539	388.799561	1.000000
0.000000	-391.504761	244.857773	1.000000
0.000000	1633.014404	3102.445068	1.000000
0.000000	736.598145	-443.109772	1.000000
0.000000	1854.033203	37.842094	1.000000
0.000000	587.561279	-642.047058	1.000000
0.000000	13967.843750	-14343.859375	1.000000
0.000000	-391.774475	-190.954483	1.000000
0.000000	-1207.030029	1424.995972	1.000000
0.000000	307.048798	330.395905	1.000000
0.000000	-13236.303711	-3006.236084	1.000000
0.000000	-28729.691406	-61595.031250	1.000000
0.000000	1756.508545	8141.901367	1.000000
0.000000	-2466.277832	1764.716309	1.000000
0.000000	188.208588	-191.708023	1.000000
0.000000	2.438198	134.433319	1.000000
0.000000	-3757.764893	-15954.547852	1.000000
0.000000	861.796082	0.573283	1.000000
0.000000	-8880.921875	12940.339844	1.000000
0.000000	-865.873291	-3272.437988	1.000000
0.000000	931.714783	669.220886	1.000000
0.000000	383.351288	-274.695740	1.000000
0.000000	-5550.062988	-20495.865234	1.000000
0.000000	7.042658	-420.149445	1.000000
0.000000	22488.105469	-24692.759766	1.000000
0.000000	-365.256744	-247.469711	1.000000
0.000000	-3300464.250000	1376390.750000	1.000000
0.000000	-18023.302734	-1350.447388	1.000000
0.000000	-98.354607	664.789795	1.000000
0.000000	190.438446	-433.956085	1.000000
0.000000	6715.431152	2613.023438	1.000000
0.000000	-26044.599609	-23335.144531	1.000000
0.000000	-586712.625000	317521.718750	1.000000
0.000000	-108536.234375	248996.515625	1.000000
0.000000	37929.085938	-56191.003906	1.000000
0.000000	661.524170	-1793.887817	1.000000
0.000000	166.873306	251.180222	1.000000
0.000000	-241.753387	-332.602600	1.000000
0.000000	-413.460693	771.420288	1.000000
0.000000	4112436.000000	2116301.500000	1.000000
0.000000	260.660065	229.576065	1.000000
0.000000	-45312.425781	76049.031250	1.000000
0.000000	789.794006	1734.058105	1.000000
0.000000	4922.811035	12539.944336	1.000000
0.000000	609.964539	1514.066406	1.000000
0.000000	-44164.316406	2435.385498	1.000000
0.000000	245638.140625	-842228.687500	1.000000
0.000000	-310.988129	-181.397079	1.000000
0.000000	538.176331	-122.902824	1.000000
0.000000	-32944.949219	-140094.203125	1.000000
0.000000	-14368.477539	-13476.875000	1.000000
0.000000	-475.557617	-86.923134	1.000000
0.000000	-323715.156250	730136.875000	1.000000
0.000000	-31281.488281	-19623.828125	1.000000
0.000000	-508.258514	-1118.432251	1.000000
0.000000	172.966660	-445.708527	1.000000
0.000000	-3539.545410	-12802.642578	1.000000
0.000000	119.122910	-408.216217	1.000000
0.000000	3229.082031	2908.966797	1.000000
0.000000	72.747864	105.969353	1.000000
0.000000	799062.062500	-982912.687500	1.000000
0.000000	-472.214203	423.443848	1.000000
0.000000	-3191.722900	-2117.333252	1.000000
0.000000	-46.343090	2988.285400	1.000000
0.000000	-381.689514	364.298492	1.000000
0.000000	19805.451172	10620.062500	1.000000
0.000000	162.454865	570.469177	1.000000
0.000000	-3450.951660	-1941.616333	1.000000
0.000000	65128.933594	112746.164062	1.000000
0.000000	334.198944	274.259857	1.000000
0.000000	484892.843750	100894.140625	1.000000
0.000000	-307.034515	293.987671	1.000000
0.000000	79.083733	382.265015	1.000000
0.000000	335.063080	203.675720	1.000000
0.000000	-379.110718	-101.550674	1.000000
0.000000	-52387.871094	-2929.409424	1.000000
0.000000	11444.211914	1453.551147	1.000000
0.000000	-54.474129	-269.577972	1.000000
0.000000	55.013271	1677.440918	1.000000
0.000000	-7877.162598	-93226.578125	1.000000
0.000000	-619.041626	1040.000244	1.000000
0.000000	-100.777519	365.738892	1.000000
0.000000	411.367950	-101.596870	1.000000
0.000000	60.873699	426.902771	1.000000
0.000000	-42964.285156	-77666.757812	1.000000
0.000000	235.273209	-1143.408447	1.000000
0.000000	29.347448	397.224976	1.000000
0.000000	-125.040779	-115.380318	1.000000
0.000000	-466.892212	796.307495	1.000000
0.000000	452.155792	4.850281	1.000000
0.000000	236.556763	1082.351685	1.000000
0.000000	-219.684174	234.916122	1.000000
0.000000	309.256561	565.021545	1.000000
0.000000	-11079.979492	548.781189	1.000000
0.000000	28171368.000000	16549397.000000	1.000000
0.000000	360.916718	-696.152466	1.000000
0.000000	-32743.179688	266721.562500	1.000000
0.000000	-310.388062	3.199291	1.000000
0.000000	1550.009766	2630.112793	1.000000
0.000000	4464.275879	10698.141602	1.000000
0.000000	-48444.125000	-126250.796875	1.000000
0.000000	-14.934564	-552.904175	1.000000
0.000000	1929694.125000	165279.359375	1.000000
0.000000	-180037.109375	-177937.812500	1.000000
0.000000	-70271.914062	13693.139648	1.000000
0.000000	311.895477	-181.740356	1.000000
0.000000	-131134.750000	15037.166016	1.000000
0.000000	-1141.593140	270.075562	1.000000
0.000000	-1375.793579	940.268799	1.000000
0.000000	-1206.843018	1244.599487	1.000000
0.000000	49278.308594	57628.875000	1.000000
0.000000	83815.101562	3635.729248	1.000000
0.000000	1131.712524	-379.102661	1.000000
0.000000	-423.290985	-309.551666	1.000000
0.000000	-1589278.625000	-1200867.375000	1.000000
0.000000	-344.763062	163.427872	1.000000
0.000000	2590553.750000	19434.507812	1.000000
0.000000	161.926086	-254.767929	1.000000
0.000000	-10493.195312	13256.533203	1.000000
0.000000	1826645.375000	135340.359375	1.000000
0.000000	-1556.180786	867.863281	1.000000
0.000000	342.060211	66.240456	1.000000
0.000000	410.702759	-70.360641	1.000000
0.000000	389.608826	917.174377	1.000000
0.000000	-10668.711914	7471.373535	1.000000
0.000000	-444.431030	175.315674	1.000000
0.000000	27336.791016	25971.769531	1.000000
0.000000	127.452675	344.147247	1.000000
0.000000	276.332977	571.106140	1.000000
0.000000	-116.252296	-9036.978516	1.000000
0.000000	-5673.938965	9774.824219	1.000000
0.000000	459198.093750	25529.261719	1.000000
0.000000	-1083.697998	1125.130859	1.000000
0.000000	2235.528809	-5217.121582	1.000000
0.000000	3488.491699	-2162.273682	1.000000
0.000000	180.180328	132.622086	1.000000
0.000000	285.667999	217.066895	1.000000
0.000000	935.160645	-804.582153	1.000000
0.000000	1215.914429	11658.774414	1.000000
0.000000	17970.562500	-23799.451172	1.000000
0.000000	391.281464	-21.911087	1.000000
0.000000	-9.297374	-280.135590	1.000000
0.000000	1087.833252	1214.364014	1.000000
0.000000	482.073792	-47.477863	1.000000
0.000000	118.181007	241.334793	1.000000
0.000000	-1368.532227	154.158691	1.000000
0.000000	75379.484375	-7401.040039	1.000000
0.000000	100.416023	470.310913	1.000000
0.000000	-140.062271	-720.712036	1.000000
0.000000	1174.221924	-9530.759766	1.000000
0.000000	309.046539	348.984253	1.000000
0.000000	290.088684	263.792755	1.000000
0.000000	-3830.986572	-4543.972168	1.000000
0.000000	581.165161	243.625900	1.000000
0.000000	-2083.639160	-3008.973877	1.000000
0.000000	34.625729	333.594910	1.000000
0.000000	22254.328125	39160.585938	1.000000
0.000000	417.463715	-23.677057	1.000000
0.000000	951.930603	-548.679016	1.000000
0.000000	1310.535400	733.995056	1.000000
0.000000	-322.521881	700.784180	1.000000
0.000000	183.636520	-366.844513	1.000000
0.000000	9617.877930	4786.965332	1.000000
0.000000	-92647.421875	-330255.843750	1.000000
0.000000	8051.550293	16951.746094	1.000000
0.000000	253.610474	-235.867325	1.000000
0.000000	3420.800537	-850.515747	1.000000
0.000000	-423305.812500	-82000.828125	1.000000
0.000000	-44105600.000000	-10494824.000000	1.000000
0.000000	6052.829102	-4526.015137	1.000000
0.000000	-313.090668	216.832428	1.000000
0.000000	1083.652832	-1663.378052	1.000000
0.000000	5801.911133	315.832886	1.000000
0.000000	-322.065674	-123.873787	1.000000
0.000000	-548.682678	1013.445190	1.000000
0.000000	-18769.705078	5.578572	1.000000
0.000000	-693.299744	-158.796616	1.000000
0.000000	306.058380	-411.514618	1.000000
0.000000	14604.937500	-11013.674805	1.000000
