0.000000	31401.488281	455903.437500	1.000000
0.000000	215046.218750	175393.921875	1.000000
0.000000	1209.783691	-12934.016602	1.000000
0.000000	-364.411316	646.392639	1.000000
0.000000	16876.349609	27234.320312	1.000000
0.000000	-13540.708008	719.194153	1.000000
0.000000	-542.045959	-2523.812256	1.000000
0.000000	-595471.187500	1523932.125000	1.000000
0.000000	3654.218994	-2067.407227	1.000000
0.000000	9292453.000000	3386659.750000	1.000000
0.000000	78697400.000000	19959642.000000	1.000000
0.000000	-429.540100	-226.805481	1.000000
0.000000	-370.638489	237.286072	1.000000
0.000000	86.691139	-403.355438	1.000000
0.000000	-73337376.000000	-31090268.000000	1.000000
0.000000	874.132263	-4440.728027	1.000000
0.000000	412.083008	-564.146851	1.000000
0.000000	-6253.094238	7943.193359	1.000000
0.000000	-986.932800	56.906242	1.000000
0.000000	-358.272980	437.344574	1.000000
0.000000	956.174133	8165.612305	1.000000
0.000000	10389.785156	85112.960938	1.000000
0.000000	-78.618767	979.305298	1.000000
0.000000	349.480804	-14.221894	1.000000
0.000000	-207018.140625	-53448.730469	1.000000
0.000000	574.518860	-46.358444	1.000000
0.000000	10384.645508	35214.152344	1.000000
0.000000	-4085.808838	11548.794922	1.000000
0.000000	549.514465	-258.317535	1.000000
0.000000	-61306.328125	-273296.843750	1.000000
0.000000	5077.048828	-8774.451172	1.000000
0.000000	5035.490234	946.227173	1.000000
0.000000	-413.081299	524.600159	1.000000
0.000000	-654.881653	-97.545914	1.000000
0.000000	-366.093109	-133.595596	1.000000
0.000000	5008.866211	2847.974365	1.000000
0.000000	-140.044312	-126.562950	1.000000
0.000000	-5863.442871	-1607.409302	1.000000
0.000000	-246228.421875	-73883.750000	1.000000
0.000000	-46610.496094	-6258.166504	1.000000
0.000000	590.589172	192.102707	1.000000
0.000000	632.444763	-118.019501	1.000000
0.000000	-3.287757	398.432983	1.000000
0.000000	-152.734756	-279.520447	1.000000
0.000000	67.729141	394.316620	1.000000
0.000000	-621.029968	-124.259842	1.000000
0.000000	-3949.432617	3262.758789	1.000000
0.000000	-918.041626	561.766296	1.000000
0.000000	-147.450546	-413.491943	1.000000
0.000000	-411.338013	-114.080177	1.000000
0.000000	7199.569824	6262.665039	1.000000
0.000000	-955.351379	1560.770874	1.000000
0.000000	-63.208618	1217.495850	1.000000
0.000000	-3488.706299	-11519.625977	1.000000
0.000000	446.964478	16.022554	1.000000
0.000000	-12.650946	-423.841431	1.000000
0.000000	287.730804	112.324554	1.000000
0.000000	29405522.000000	-21550876.000000	1.000000
0.000000	-681.264465	1754.983521	1.000000
0.000000	394.548615	638.946960	1.000000
0.000000	1631.950073	26107.267578	1.000000
0.000000	3323.534668	-1794.687256	1.000000
0.000000	-172.547913	-385.696533	1.000000
0.000000	245.375580	-493.229340	1.000000
0.000000	5289.981934	-3023.102539	1.000000
0.000000	401193.750000	-1051564.750000	1.000000
0.000000	40073.101562	142454.562500	1.000000
0.000000	899154304.000000	-490293056.000000	1.000000
0.000000	5016.915039	-14989.859375	1.000000
0.000000	-11819835.000000	-661113.812500	1.000000
0.000000	10690.456055	-14983.157227	1.000000
0.000000	-65.191681	-506.712311	1.000000
0.000000	-386.405701	-868.702209	1.000000
0.000000	-351.553345	916.978760	1.000000
0.000000	424142.062500	2452.920166	1.000000
0.000000	-9492.587891	10603.864258	1.000000
0.000000	-321.285309	502.892273	1.000000
0.000000	19.341518	-435.608124	1.000000
0.000000	3436.562012	-13436.721680	1.000000
0.000000	-935690816.000000	516809408.000000	1.000000
0.000000	1333545.500000	80384.265625	1.000000
0.000000	370924.312500	-121755.437500	1.000000
0.000000	282282.625000	227442.375000	1.000000
0.000000	24767.990234	-23067.214844	1.000000
0.000000	2203343.750000	933477.562500	1.000000
0.000000	-229.884201	345.420654	1.000000
0.000000	-55.982784	-66.035683	1.000000
0.000000	-3074.501221	-253.639847	1.000000
0.000000	-1688.288208	1865.417847	1.000000
0.000000	166.578857	409.227295	1.000000
0.000000	-25.826944	-188.755981	1.000000
0.000000	-1354.255493	1061.781616	1.000000
0.000000	1036.121094	-265.271790	1.000000
0.000000	266.886536	-41.347645	1.000000
0.000000	-4355021.000000	2416277.250000	1.000000
0.000000	1232.024658	685.530090	1.000000
0.000000	-265.287720	-88078.765625	1.000000
0.000000	1711789.125000	-2028472.500000	1.000000
0.000000	839.315918	-1369.351074	1.000000
0.000000	-144.033203	-5384.272949	1.000000
0.000000	691415.187500	-227574.250000	1.000000
0.000000	12310197.000000	-6573529.500000	1.000000
0.000000	-21978.974609	-21648.507812	1.000000
0.000000	170809.234375	-24610.796875	1.000000
0.000000	-36.748783	313.713226	1.000000
0.000000	426.043915	-75.099831	1.000000
0.000000	483.544250	-1824.071533	1.000000
0.000000	-242.272217	-348.753204	1.000000
0.000000	158.214569	-399.990936	1.000000
0.000000	-923.237915	1204.806763	1.000000
0.000000	-347.204285	-3078.053955	1.000000
0.000000	-54010.093750	119833.890625	1.000000
0.000000	138.711639	378.413757	1.000000
0.000000	-487.181305	61.881413	1.000000
0.000000	1.703653	-1038.630249	1.000000
0.000000	-64493.894531	15464.417969	1.000000
0.000000	2475.859619	917.430237	1.000000
0.000000	55891.191406	149669.921875	1.000000
0.000000	-13365.668945	6559.604492	1.000000
0.000000	-41888.519531	-29704.472656	1.000000
0.000000	-8343.094727	13889.439453	1.000000
0.000000	430.463867	399.939697	1.000000
0.000000	-410.658813	262.445801	1.000000
0.000000	1651.739990	3084.417725	1.000000
0.000000	761.703125	-449.885895	1.000000
0.000000	1837.338867	17.914421	1.000000
0.000000	592.639404	-667.532898	1.000000
0.000000	13962.257812	-14369.250000	1.000000
0.000000	-413.943665	-204.530533	1.000000
0.000000	-1216.868896	1400.938354	1.000000
0.000000	325.631561	348.581940	1.000000
0.000000	-13210.913086	-3011.948975	1.000000
0.000000	-28745.941406	-61615.343750	1.000000
0.000000	1770.727295	8163.737305	1.000000
0.000000	-2450.408691	1744.149902	1.000000
0.000000	211.996429	-202.197525	1.000000
0.000000	-14.758992	114.932808	1.000000
0.000000	-3741.260986	-15934.235352	1.000000
0.000000	886.774109	7.828752	1.000000
0.000000	-8906.820312	12942.371094	1.000000
0.000000	-858.033936	-3297.193848	1.000000
0.000000	928.890076	695.055847	1.000000
0.000000	408.757782	-280.218201	1.000000
0.000000	-5524.418457	-20491.802734	1.000000
0.000000	8.410379	-446.111359	1.000000
0.000000	22480.996094	-24718.150391	1.000000
0.000000	-382.792145	-266.671387	1.000000
0.000000	-3300464.250000	1376390.750000	1.000000
0.000000	-18032.443359	-1374.695435	1.000000
0.000000	-109.288445	688.371338	1.000000
0.000000	199.102997	-458.473907	1.000000
0.000000	6723.810059	2588.394531	1.000000
0.000000	-26020.224609	-23327.019531	1.000000
0.000000	-586712.625000	317537.968750	1.000000
0.000000	-108536.234375	248972.140625	1.000000
0.000000	37902.679688	-56191.003906	1.000000
0.000000	678.345459	-1813.692505	1.000000
0.000000	179.362320	273.984161	1.000000
0.000000	-247.696381	-307.291321	1.000000
0.000000	-420.554199	796.430054	1.000000
0.000000	4112436.000000	2116301.500000	1.000000
0.000000	286.145905	234.709732	1.000000
0.000000	-45322.582031	76073.406250	1.000000
0.000000	813.248596	1745.293457	1.000000
0.000000	4947.947754	12533.342773	1.000000
0.000000	607.393738	1488.167969	1.000000
0.000000	-44182.597656	2454.428467	1.000000
0.000000	245613.765625	-842228.687500	1.000000
0.000000	-334.506195	-192.473740	1.000000
0.000000	564.106506	-120.899345	1.000000
0.000000	-32934.792969	-140118.578125	1.000000
0.000000	-14377.110352	-13452.500000	1.000000
0.000000	-501.519531	-88.240273	1.000000
0.000000	-323747.656250	730136.875000	1.000000
0.000000	-31259.144531	-19610.625000	1.000000
0.000000	-531.774048	-1129.540649	1.000000
0.000000	179.988754	-470.734161	1.000000
0.000000	-3514.662598	-12810.259766	1.000000
0.000000	126.640915	-433.099030	1.000000
0.000000	3236.826172	2884.210938	1.000000
0.000000	85.054382	83.066216	1.000000
0.000000	799029.562500	-982912.687500	1.000000
0.000000	-497.858734	427.776123	1.000000
0.000000	-3166.840088	-2124.696533	1.000000
0.000000	-51.806042	3013.676025	1.000000
0.000000	-400.034241	382.722565	1.000000
0.000000	19792.248047	10642.406250	1.000000
0.000000	188.083527	566.089294	1.000000
0.000000	-3475.707520	-1949.741333	1.000000
0.000000	65137.058594	112770.539062	1.000000
0.000000	353.368866	291.826996	1.000000
0.000000	484892.843750	100918.515625	1.000000
0.000000	-325.839447	311.935669	1.000000
0.000000	78.754448	408.258667	1.000000
0.000000	339.522308	229.288513	1.000000
0.000000	-405.056763	-103.205032	1.000000
0.000000	-52377.714844	-2905.796143	1.000000
0.000000	11457.922852	1475.640991	1.000000
0.000000	-47.408394	-294.603607	1.000000
0.000000	70.196068	1656.303223	1.000000
0.000000	-7878.432129	-93250.953125	1.000000
0.000000	-634.625122	1019.179932	1.000000
0.000000	-117.955864	385.257935	1.000000
0.000000	436.219025	-109.241829	1.000000
0.000000	62.297955	452.864685	1.000000
0.000000	-42984.597656	-77650.507812	1.000000
0.000000	214.952774	-1159.658447	1.000000
0.000000	42.880051	419.425903	1.000000
0.000000	-136.673874	-92.128059	1.000000
0.000000	-469.272583	822.205933	1.000000
0.000000	470.325958	-13.746863	1.000000
0.000000	242.737793	1107.615356	1.000000
0.000000	-231.847870	257.894623	1.000000
0.000000	330.203827	580.414612	1.000000
0.000000	-11105.877930	546.876892	1.000000
0.000000	28171368.000000	16549397.000000	1.000000
0.000000	378.452118	-715.354126	1.000000
0.000000	-32733.023438	266705.312500	1.000000
0.000000	-336.381714	2.538615	1.000000
0.000000	1571.655273	2615.767090	1.000000
0.000000	4438.885254	10704.235352	1.000000
0.000000	-48417.718750	-126250.796875	1.000000
0.000000	-37.760365	-565.345581	1.000000
0.000000	1929694.125000	165295.609375	1.000000
0.000000	-180012.734375	-177937.812500	1.000000
0.000000	-70292.226562	13678.413086	1.000000
0.000000	327.526581	-202.513062	1.000000
0.000000	-131142.875000	15062.048828	1.000000
0.000000	-1164.762085	281.834595	1.000000
0.000000	-1392.107056	920.051514	1.000000
0.000000	-1213.571533	1269.736206	1.000000
0.000000	49284.402344	57653.250000	1.000000
0.000000	83794.789062	3620.114014	1.000000
0.000000	1156.468384	-371.199829	1.000000
0.000000	-446.396454	-321.469391	1.000000
0.000000	-1589278.625000	-1200867.375000	1.000000
0.000000	-369.852173	170.259537	1.000000
0.000000	2590553.750000	19457.867188	1.000000
0.000000	170.955627	-279.143341	1.000000
0.000000	-10508.429688	13277.861328	1.000000
0.000000	1826645.375000	135324.109375	1.000000
0.000000	-1553.197388	893.698242	1.000000
0.000000	367.403229	72.040627	1.000000
0.000000	432.332397	-84.793625	1.000000
0.000000	368.851990	901.527405	1.000000
0.000000	-10686.485352	7490.416504	1.000000
0.000000	-469.916870	180.465210	1.000000
0.000000	27337.806641	25998.175781	1.000000
0.000000	146.432159	361.920685	1.000000
0.000000	277.507294	597.068054	1.000000
0.000000	-141.545868	-9030.884766	1.000000
0.000000	-5699.837402	9775.332031	1.000000
0.000000	459214.343750	25509.964844	1.000000
0.000000	-1108.072998	1134.144531	1.000000
0.000000	2256.476074	-5201.633301	1.000000
0.000000	3488.999512	-2188.299072	1.000000
0.000000	194.399078	154.386612	1.000000
0.000000	307.900665	230.539795	1.000000
0.000000	923.957031	-828.036743	1.000000
0.000000	1218.897827	11632.875977	1.000000
0.000000	17945.171875	-23804.529297	1.000000
0.000000	417.211639	-23.801498	1.000000
0.000000	-7.840911	-306.097504	1.000000
0.000000	1066.251221	1228.836670	1.000000
0.000000	508.067444	-48.142384	1.000000
0.000000	122.350624	266.995209	1.000000
0.000000	-1343.776367	162.085327	1.000000
0.000000	75403.859375	-7398.247070	1.000000
0.000000	107.338936	495.368286	1.000000
0.000000	-114.060684	-720.712036	1.000000
0.000000	1172.571533	-9504.861328	1.000000
0.000000	324.772858	369.693481	1.000000
0.000000	309.925110	280.614044	1.000000
0.000000	-3819.052979	-4520.866699	1.000000
0.000000	606.809692	247.862961	1.000000
0.000000	-2104.459473	-3024.462158	1.000000
0.000000	45.583370	357.176453	1.000000
0.000000	22258.390625	39186.992188	1.000000
0.000000	443.457367	-23.591761	1.000000
0.000000	977.924255	-548.234680	1.000000
0.000000	1333.006104	747.071228	1.000000
0.000000	-323.600983	726.746094	1.000000
0.000000	200.037277	-387.014191	1.000000
0.000000	9631.081055	4764.621582	1.000000
0.000000	-92635.234375	-330272.093750	1.000000
0.000000	8077.448730	16952.761719	1.000000
0.000000	270.384155	-255.735489	1.000000
0.000000	3429.306396	-825.918579	1.000000
0.000000	-423289.562500	-82021.140625	1.000000
0.000000	-44105600.000000	-10494824.000000	1.000000
0.000000	6064.508789	-4502.909668	1.000000
0.000000	-322.961273	240.890045	1.000000
0.000000	1106.440918	-1650.873169	1.000000
0.000000	5781.598633	299.678101	1.000000
0.000000	-346.202637	-133.539780	1.000000
0.000000	-574.644592	1012.175659	1.000000
0.000000	-18765.642578	-20.092033	1.000000
0.000000	-719.293396	-159.518661	1.000000
0.000000	309.025909	-437.349579	1.000000
0.000000	14628.804688	-11003.518555	1.000000
