0.000000	31523.343750	455788.750000	1.000000
0.000000	214988.875000	175221.890625	1.000000
0.000000	1182.455811	-12751.233398	1.000000
0.000000	-547.866516	649.080627	1.000000
0.000000	16890.685547	27420.687500	1.000000
0.000000	-13719.907227	760.633972	1.000000
0.000000	-706.685242	-2443.172607	1.000000
0.000000	-595241.812500	1523932.125000	1.000000
0.000000	3560.139404	-2225.102539	1.000000
0.000000	9292453.000000	3386659.750000	1.000000
0.000000	78697400.000000	19959642.000000	1.000000
0.000000	-252.468872	-178.757690	1.000000
0.000000	-283.726868	75.661713	1.000000
0.000000	93.439110	-220.001236	1.000000
0.000000	-73337376.000000	-31090268.000000	1.000000
0.000000	714.420959	-4530.327637	1.000000
0.000000	369.075195	-385.764404	1.000000
0.000000	-6158.118652	7785.498047	1.000000
0.000000	-987.380798	240.416901	1.000000
0.000000	-295.329254	264.977325	1.000000
0.000000	916.750305	7986.413086	1.000000
0.000000	10224.921875	85026.945312	1.000000
0.000000	-43.114925	799.210083	1.000000
0.000000	213.421509	109.862442	1.000000
0.000000	-207132.828125	-53319.707031	1.000000
0.000000	391.585419	-60.722382	1.000000
0.000000	10388.229492	35400.519531	1.000000
0.000000	-3905.713623	11584.634766	1.000000
0.000000	389.131165	-169.165924	1.000000
0.000000	-61492.695312	-273296.843750	1.000000
0.000000	5186.360352	-8921.394531	1.000000
0.000000	4858.083008	900.979370	1.000000
0.000000	-243.850037	453.592499	1.000000
0.000000	-520.706238	-222.593369	1.000000
0.000000	-222.720749	-19.126608	1.000000
0.000000	4842.210938	2771.814697	1.000000
0.000000	30.612312	-59.111244	1.000000
0.000000	-5721.875488	-1491.377808	1.000000
0.000000	-246285.765625	-73711.718750	1.000000
0.000000	-46753.855469	-6147.062988	1.000000
0.000000	449.071625	75.274582	1.000000
0.000000	526.493225	31.743504	1.000000
0.000000	-1.640140	214.965256	1.000000
0.000000	-71.120323	-117.015778	1.000000
0.000000	44.920956	212.218872	1.000000
0.000000	-551.814270	-294.206512	1.000000
0.000000	-4099.959961	3367.590332	1.000000
0.000000	-813.882080	410.642120	1.000000
0.000000	-107.074722	-234.516724	1.000000
0.000000	-231.795258	-76.336342	1.000000
0.000000	7016.786621	6282.376953	1.000000
0.000000	-855.223816	1714.434204	1.000000
0.000000	41.087440	1368.471191	1.000000
0.000000	-3382.082764	-11670.153320	1.000000
0.000000	275.719116	-49.588516	1.000000
0.000000	-17.186926	-240.386230	1.000000
0.000000	104.341301	118.680527	1.000000
0.000000	29405522.000000	-21550876.000000	1.000000
0.000000	-533.425110	1646.567993	1.000000
0.000000	515.392944	500.748688	1.000000
0.000000	1726.477661	26264.962891	1.000000
0.000000	3253.646973	-1624.895996	1.000000
0.000000	-76.004326	-229.671753	1.000000
0.000000	146.368011	-338.782013	1.000000
0.000000	5402.877441	-2878.847168	1.000000
0.000000	401079.062500	-1051564.750000	1.000000
0.000000	40230.796875	142569.250000	1.000000
0.000000	899154304.000000	-490293056.000000	1.000000
0.000000	5135.186523	-14850.083984	1.000000
0.000000	-11819835.000000	-661343.187500	1.000000
0.000000	10597.272461	-15140.852539	1.000000
0.000000	-10.983912	-331.433075	1.000000
0.000000	-247.865601	-748.414734	1.000000
0.000000	-534.910522	923.250732	1.000000
0.000000	424371.437500	2498.615967	1.000000
0.000000	-9313.388672	10646.872070	1.000000
0.000000	-143.170624	547.020081	1.000000
0.000000	35.413448	-252.824905	1.000000
0.000000	3418.642090	-13253.938477	1.000000
0.000000	-935690816.000000	516809408.000000	1.000000
0.000000	1333545.500000	80212.234375	1.000000
0.000000	370694.937500	-121726.765625	1.000000
0.000000	282512.000000	227385.031250	1.000000
0.000000	24932.853516	-23153.230469	1.000000
0.000000	2203343.750000	933706.937500	1.000000
0.000000	-133.228622	189.429230	1.000000
0.000000	123.102554	-26.022808	1.000000
0.000000	-3189.188721	-396.998291	1.000000
0.000000	-1666.784302	1683.082642	1.000000
0.000000	81.963234	246.380020	1.000000
0.000000	21.317822	-11.408825	1.000000
0.000000	-1177.296265	1110.165405	1.000000
0.000000	881.113831	-166.997498	1.000000
0.000000	226.077682	-220.265091	1.000000
0.000000	-4355021.000000	2416277.250000	1.000000
0.000000	1073.433350	593.466492	1.000000
0.000000	-85.699387	-88050.093750	1.000000
0.000000	1711789.125000	-2028472.500000	1.000000
0.000000	805.044067	-1549.446289	1.000000
0.000000	-294.896545	-5280.337402	1.000000
0.000000	691415.187500	-227402.218750	1.000000
0.000000	12310197.000000	-6573529.500000	1.000000
0.000000	-21935.966797	-21469.308594	1.000000
0.000000	170637.203125	-24503.277344	1.000000
0.000000	42.503422	151.875977	1.000000
0.000000	250.430466	-21.741804	1.000000
0.000000	661.175476	-1778.375732	1.000000
0.000000	-121.536751	-210.545822	1.000000
0.000000	91.422195	-229.079666	1.000000
0.000000	-870.598145	1029.191528	1.000000
0.000000	-169.321762	-3122.853760	1.000000
0.000000	-53823.726562	119833.890625	1.000000
0.000000	78.093727	209.707352	1.000000
0.000000	-309.662079	15.399116	1.000000
0.000000	-174.767212	-1088.806030	1.000000
0.000000	-64651.589844	15564.769531	1.000000
0.000000	2421.203857	742.263000	1.000000
0.000000	55747.832031	149555.234375	1.000000
0.000000	-13190.053711	6616.948242	1.000000
0.000000	-41745.160156	-29811.992188	1.000000
0.000000	-8493.622070	13785.503906	1.000000
0.000000	264.704590	321.316040	1.000000
0.000000	-275.475403	138.297256	1.000000
0.000000	1519.580566	3211.649170	1.000000
0.000000	584.519897	-402.062103	1.000000
0.000000	1955.162354	158.551727	1.000000
0.000000	556.799561	-487.646545	1.000000
0.000000	14001.681641	-14190.050781	1.000000
0.000000	-257.480347	-108.709312	1.000000
0.000000	-1147.429199	1570.729614	1.000000
0.000000	194.480133	220.230515	1.000000
0.000000	-13390.112305	-2971.629150	1.000000
0.000000	-28631.253906	-61471.984375	1.000000
0.000000	1670.375732	8009.625977	1.000000
0.000000	-2562.408203	1889.301270	1.000000
0.000000	44.096832	-128.165848	1.000000
0.000000	102.364548	249.603088	1.000000
0.000000	-3857.740479	-16077.594727	1.000000
0.000000	710.486877	-43.378777	1.000000
0.000000	-8724.037109	12928.035156	1.000000
0.000000	-913.361694	-3122.474609	1.000000
0.000000	948.825989	512.720642	1.000000
0.000000	229.446548	-241.263580	1.000000
0.000000	-5705.409668	-20520.474609	1.000000
0.000000	-1.242567	-262.880157	1.000000
0.000000	22531.171875	-24538.951172	1.000000
0.000000	-259.032684	-131.151962	1.000000
0.000000	-3300464.250000	1376390.750000	1.000000
0.000000	-17967.931641	-1203.560181	1.000000
0.000000	-32.114998	521.940063	1.000000
0.000000	137.951263	-285.434662	1.000000
0.000000	6664.674316	2762.217773	1.000000
0.000000	-26192.255859	-23384.363281	1.000000
0.000000	-586712.625000	317423.281250	1.000000
0.000000	-108536.234375	249144.171875	1.000000
0.000000	38089.046875	-56191.003906	1.000000
0.000000	559.625977	-1673.917114	1.000000
0.000000	91.218697	113.040886	1.000000
0.000000	-205.752563	-485.930542	1.000000
0.000000	-370.490417	619.918823	1.000000
0.000000	4112436.000000	2116301.500000	1.000000
0.000000	106.274673	198.477890	1.000000
0.000000	-45250.902344	75901.375000	1.000000
0.000000	647.713318	1665.997803	1.000000
0.000000	4770.540527	12579.934570	1.000000
0.000000	625.537659	1670.951172	1.000000
0.000000	-44053.574219	2320.029053	1.000000
0.000000	245785.796875	-842228.687500	1.000000
0.000000	-168.522919	-114.293167	1.000000
0.000000	381.099335	-135.053223	1.000000
0.000000	-33006.472656	-139946.546875	1.000000
0.000000	-14316.182617	-13624.531250	1.000000
0.000000	-318.288330	-78.944313	1.000000
0.000000	-323518.281250	730136.875000	1.000000
0.000000	-31416.839844	-19703.808594	1.000000
0.000000	-365.889435	-1051.140991	1.000000
0.000000	130.428970	-294.110931	1.000000
0.000000	-3690.277832	-12756.500000	1.000000
0.000000	73.581146	-257.483795	1.000000
0.000000	3182.170410	3058.930176	1.000000
0.000000	-2.076475	240.919052	1.000000
0.000000	799258.937500	-982912.687500	1.000000
0.000000	-316.867523	397.200256	1.000000
0.000000	-3342.455322	-2072.728760	1.000000
0.000000	-13.246807	2834.476807	1.000000
0.000000	-270.562805	252.689713	1.000000
0.000000	19885.431641	10484.710938	1.000000
0.000000	7.218773	597.001160	1.000000
0.000000	-3300.988281	-1892.397583	1.000000
0.000000	65079.714844	112598.507812	1.000000
0.000000	218.073456	167.883362	1.000000
0.000000	484892.843750	100746.484375	1.000000
0.000000	-193.120026	185.232941	1.000000
0.000000	81.078438	224.793945	1.000000
0.000000	308.050446	48.520092	1.000000
0.000000	-221.937546	-91.529083	1.000000
0.000000	-52449.394531	-3072.451416	1.000000
0.000000	11361.155273	1319.737671	1.000000
0.000000	-96.216843	-116.713905	1.000000
0.000000	-36.955345	1805.486572	1.000000
0.000000	-7869.472168	-93078.921875	1.000000
0.000000	-524.641602	1166.123291	1.000000
0.000000	3.275897	247.498535	1.000000
0.000000	260.827789	-55.286064	1.000000
0.000000	52.245998	269.633484	1.000000
0.000000	-42841.238281	-77765.195312	1.000000
0.000000	358.408112	-1044.970947	1.000000
0.000000	-52.631325	262.738586	1.000000
0.000000	-54.554794	-256.213470	1.000000
0.000000	-452.472656	639.422729	1.000000
0.000000	342.086517	117.509064	1.000000
0.000000	199.113983	929.312134	1.000000
0.000000	-146.000244	95.719353	1.000000
0.000000	182.392365	471.733612	1.000000
0.000000	-10923.094727	560.316833	1.000000
0.000000	28171368.000000	16549397.000000	1.000000
0.000000	254.693253	-579.834717	1.000000
0.000000	-32804.703125	266820.000000	1.000000
0.000000	-152.926514	7.200869	1.000000
0.000000	1418.887939	2717.014648	1.000000
0.000000	4618.084473	10661.227539	1.000000
0.000000	-48604.085938	-126250.796875	1.000000
0.000000	123.342651	-477.537933	1.000000
0.000000	1929694.125000	165180.921875	1.000000
0.000000	-180184.765625	-177937.812500	1.000000
0.000000	-70148.867188	13782.348633	1.000000
0.000000	217.207047	-55.892708	1.000000
0.000000	-131085.531250	14886.433594	1.000000
0.000000	-1001.211609	198.842957	1.000000
0.000000	-1276.971558	1062.799683	1.000000
0.000000	-1166.083740	1092.328979	1.000000
0.000000	49241.394531	57481.218750	1.000000
0.000000	83938.148438	3730.321533	1.000000
0.000000	981.695007	-426.975586	1.000000
0.000000	-283.325165	-237.370163	1.000000
0.000000	-1589278.625000	-1200867.375000	1.000000
0.000000	-192.780960	122.040283	1.000000
0.000000	2590553.750000	19293.003906	1.000000
0.000000	107.218781	-107.067017	1.000000
0.000000	-10400.910156	13127.333984	1.000000
0.000000	1826645.375000	135438.796875	1.000000
0.000000	-1574.253296	711.363037	1.000000
0.000000	189.527313	31.213902	1.000000
0.000000	281.468262	12.309199	1.000000
0.000000	515.347351	1011.958923	1.000000
0.000000	-10561.045898	7356.017090	1.000000
0.000000	-290.045654	144.121368	1.000000
0.000000	27330.638672	25811.808594	1.000000
0.000000	12.481679	236.481247	1.000000
0.000000	269.219330	413.776825	1.000000
0.000000	36.963272	-9073.892578	1.000000
0.000000	-5517.054199	9771.748047	1.000000
0.000000	459099.656250	25646.156250	1.000000
0.000000	-936.041687	1070.528809	1.000000
0.000000	2108.636719	-5310.944824	1.000000
0.000000	3485.415527	-2004.619873	1.000000
0.000000	94.038040	0.774863	1.000000
0.000000	150.989349	135.452209	1.000000
0.000000	1003.028687	-662.501465	1.000000
0.000000	1197.841919	11815.659180	1.000000
0.000000	18124.371094	-23768.689453	1.000000
0.000000	234.204422	-10.461010	1.000000
0.000000	-18.119617	-122.867081	1.000000
0.000000	1218.570557	1126.693115	1.000000
0.000000	324.612244	-43.452404	1.000000
0.000000	92.922752	85.885475	1.000000
0.000000	-1518.495605	106.130638	1.000000
0.000000	75231.828125	-7417.958984	1.000000
0.000000	58.479149	318.521057	1.000000
0.000000	-297.559204	-720.712036	1.000000
0.000000	1184.219482	-9687.644531	1.000000
0.000000	213.802643	223.534119	1.000000
0.000000	169.960144	161.938950	1.000000
0.000000	-3903.276611	-4683.937988	1.000000
0.000000	425.818451	217.959091	1.000000
0.000000	-1957.240356	-2915.150635	1.000000
0.000000	-31.753670	190.745193	1.000000
0.000000	22229.718750	39000.625000	1.000000
0.000000	260.002167	-24.193758	1.000000
0.000000	794.469055	-551.370667	1.000000
0.000000	1174.414795	654.783630	1.000000
0.000000	-315.985016	543.514893	1.000000
0.000000	84.285789	-244.658356	1.000000
0.000000	9537.897461	4922.316895	1.000000
0.000000	-92721.250000	-330157.406250	1.000000
0.000000	7894.665527	16945.593750	1.000000
0.000000	152.000671	-115.514587	1.000000
0.000000	3369.274658	-999.517822	1.000000
0.000000	-423404.250000	-81877.781250	1.000000
0.000000	-44105600.000000	-10494824.000000	1.000000
0.000000	5982.077148	-4665.980957	1.000000
0.000000	-253.297577	71.108170	1.000000
0.000000	945.609619	-1739.128784	1.000000
0.000000	5924.958008	413.693604	1.000000
0.000000	-175.851395	-65.306358	1.000000
0.000000	-391.413391	1021.135620	1.000000
0.000000	-18794.314453	161.084030	1.000000
0.000000	-535.838196	-154.422684	1.000000
0.000000	288.082001	-255.014679	1.000000
0.000000	14460.357422	-11075.198242	1.000000
