0.000000	31586.429688	455729.375000	1.000000
0.000000	214959.187500	175132.828125	1.000000
0.000000	1168.307861	-12656.604492	1.000000
0.000000	-642.843323	650.472229	1.000000
0.000000	16898.107422	27517.171875	1.000000
0.000000	-13812.680664	782.087830	1.000000
0.000000	-791.920837	-2401.424561	1.000000
0.000000	-595123.062500	1523932.125000	1.000000
0.000000	3511.433350	-2306.743164	1.000000
0.000000	9292453.000000	3386659.750000	1.000000
0.000000	78697400.000000	19959642.000000	1.000000
0.000000	-160.797119	-153.882812	1.000000
0.000000	-238.742889	-8.016970	1.000000
0.000000	96.932610	-125.053864	1.000000
0.000000	-73337376.000000	-31090268.000000	1.000000
0.000000	631.736633	-4576.714355	1.000000
0.000000	346.809570	-293.396851	1.000000
0.000000	-6108.948730	7703.857422	1.000000
0.000000	-987.612732	335.398468	1.000000
0.000000	-262.742584	175.740891	1.000000
0.000000	896.340149	7893.639648	1.000000
0.000000	10139.570312	84982.414062	1.000000
0.000000	-24.735620	705.972778	1.000000
0.000000	145.384430	171.727905	1.000000
0.000000	-207192.203125	-53252.910156	1.000000
0.000000	296.898529	-68.158752	1.000000
0.000000	10390.084961	35497.003906	1.000000
0.000000	-3812.476318	11603.189453	1.000000
0.000000	306.098938	-123.011147	1.000000
0.000000	-61589.179688	-273296.843750	1.000000
0.000000	5242.952148	-8997.468750	1.000000
0.000000	4766.237305	877.554077	1.000000
0.000000	-156.237122	416.831024	1.000000
0.000000	-451.191406	-287.345856	1.000000
0.000000	-148.473007	40.138882	1.000000
0.000000	4755.931641	2732.385986	1.000000
0.000000	118.964516	-24.191553	1.000000
0.000000	-5648.584473	-1431.307007	1.000000
0.000000	-246315.453125	-73622.656250	1.000000
0.000000	-46828.074219	-6089.543457	1.000000
0.000000	375.838593	14.784400	1.000000
0.000000	471.598267	109.278786	1.000000
0.000000	-0.787121	119.960678	1.000000
0.000000	-28.320118	-32.200565	1.000000
0.000000	33.114086	117.965309	1.000000
0.000000	-515.980530	-382.167328	1.000000
0.000000	-4177.889648	3421.862793	1.000000
0.000000	-759.957520	332.422516	1.000000
0.000000	-86.171707	-141.859253	1.000000
0.000000	-138.818878	-56.795933	1.000000
0.000000	6922.157715	6292.582031	1.000000
0.000000	-803.386658	1793.987427	1.000000
0.000000	95.084480	1446.632812	1.000000
0.000000	-3326.882568	-11748.083008	1.000000
0.000000	187.990234	-86.019455	1.000000
0.000000	-19.535254	-145.409424	1.000000
0.000000	9.396915	121.971085	1.000000
0.000000	29405522.000000	-21550876.000000	1.000000
0.000000	-456.887024	1590.440063	1.000000
0.000000	577.899048	429.255157	1.000000
0.000000	1775.415649	26346.603516	1.000000
0.000000	3217.465332	-1536.993164	1.000000
0.000000	-26.017567	-148.871887	1.000000
0.000000	95.110687	-258.822906	1.000000
0.000000	5461.324707	-2804.164551	1.000000
0.000000	401019.687500	-1051564.750000	1.000000
0.000000	40312.437500	142628.625000	1.000000
0.000000	899154304.000000	-490293056.000000	1.000000
0.000000	5196.416992	-14777.720703	1.000000
0.000000	-11819835.000000	-661461.937500	1.000000
0.000000	10549.030273	-15222.493164	1.000000
0.000000	17.080471	-240.684174	1.000000
0.000000	-176.169128	-686.140564	1.000000
0.000000	-629.887329	926.497803	1.000000
0.000000	424490.187500	2522.273193	1.000000
0.000000	-9220.615234	10669.137695	1.000000
0.000000	-50.959114	569.865540	1.000000
0.000000	43.734066	-158.195999	1.000000
0.000000	3409.364746	-13159.309570	1.000000
0.000000	-935690816.000000	516809408.000000	1.000000
0.000000	1333545.500000	80123.171875	1.000000
0.000000	370576.187500	-121711.921875	1.000000
0.000000	282630.750000	227355.343750	1.000000
0.000000	25018.205078	-23197.761719	1.000000
0.000000	2203343.750000	933825.687500	1.000000
0.000000	-83.188957	108.683876	1.000000
0.000000	214.321808	-2.812182	1.000000
0.000000	-3248.563721	-471.217041	1.000000
0.000000	-1655.651489	1588.685669	1.000000
0.000000	38.156776	162.072159	1.000000
0.000000	45.723171	80.402466	1.000000
0.000000	-1085.682495	1135.214233	1.000000
0.000000	800.864807	-116.120453	1.000000
0.000000	204.942734	-312.875763	1.000000
0.000000	-4355021.000000	2416277.250000	1.000000
0.000000	991.282715	545.804138	1.000000
0.000000	7.272961	-88035.250000	1.000000
0.000000	1711789.125000	-2028472.500000	1.000000
0.000000	787.301147	-1642.683594	1.000000
0.000000	-373.000183	-5226.528809	1.000000
0.000000	691415.187500	-227313.156250	1.000000
0.000000	12310197.000000	-6573529.500000	1.000000
0.000000	-21913.701172	-21376.535156	1.000000
0.000000	170548.140625	-24447.613281	1.000000
0.000000	83.385529	66.118530	1.000000
0.000000	158.926559	7.005564	1.000000
0.000000	753.137146	-1754.718506	1.000000
0.000000	-59.031227	-138.994308	1.000000
0.000000	56.849594	-140.597000	1.000000
0.000000	-843.345947	938.164246	1.000000
0.000000	-77.215134	-3146.047119	1.000000
0.000000	-53727.242188	119833.890625	1.000000
0.000000	44.506844	120.847794	1.000000
0.000000	-217.718613	-8.704494	1.000000
0.000000	-266.123260	-1114.782593	1.000000
0.000000	-64733.230469	15616.722656	1.000000
0.000000	2392.907959	651.576965	1.000000
0.000000	55673.613281	149495.859375	1.000000
0.000000	-13099.135742	6646.635742	1.000000
0.000000	-41670.941406	-29867.656250	1.000000
0.000000	-8571.551758	13731.695312	1.000000
0.000000	178.889160	280.611694	1.000000
0.000000	-205.510361	74.022667	1.000000
0.000000	1451.160156	3277.518311	1.000000
0.000000	492.790192	-377.303192	1.000000
0.000000	2016.160889	231.349884	1.000000
0.000000	538.244873	-394.467224	1.000000
0.000000	14022.091797	-14097.277344	1.000000
0.000000	-176.477524	-59.090736	1.000000
0.000000	-1111.479492	1658.632446	1.000000
0.000000	126.581573	153.781540	1.000000
0.000000	-13482.885742	-2950.755127	1.000000
0.000000	-28571.878906	-61397.765625	1.000000
0.000000	1618.422607	7929.840820	1.000000
0.000000	-2620.391602	1964.447754	1.000000
0.000000	-42.829571	-89.838829	1.000000
0.000000	165.195480	320.864685	1.000000
0.000000	-3918.043213	-16151.813477	1.000000
0.000000	619.221008	-69.891685	1.000000
0.000000	-8629.408203	12920.613281	1.000000
0.000000	-942.005493	-3032.020508	1.000000
0.000000	959.147034	418.266144	1.000000
0.000000	136.615128	-221.114349	1.000000
0.000000	-5799.110840	-20535.318359	1.000000
0.000000	-6.240011	-168.019302	1.000000
0.000000	22557.148438	-24446.177734	1.000000
0.000000	-194.988663	-60.991730	1.000000
0.000000	-3300464.250000	1376390.750000	1.000000
0.000000	-17934.533203	-1114.961548	1.000000
0.000000	7.842804	435.776733	1.000000
0.000000	106.282387	-195.869781	1.000000
0.000000	6634.059082	2852.208008	1.000000
0.000000	-26281.318359	-23414.050781	1.000000
0.000000	-586712.625000	317363.906250	1.000000
0.000000	-108536.234375	249233.234375	1.000000
0.000000	38185.531250	-56191.003906	1.000000
0.000000	498.163544	-1601.553833	1.000000
0.000000	45.582840	29.718748	1.000000
0.000000	-184.037781	-578.372437	1.000000
0.000000	-344.571838	528.536987	1.000000
0.000000	4112436.000000	2116301.500000	1.000000
0.000000	15.870322	179.839096	1.000000
0.000000	-45213.792969	75812.312500	1.000000
0.000000	562.013855	1624.945557	1.000000
0.000000	4678.694824	12604.055664	1.000000
0.000000	634.930969	1765.580078	1.000000
0.000000	-43986.777344	2250.448975	1.000000
0.000000	245874.859375	-842228.687500	1.000000
0.000000	-82.583862	-73.806259	1.000000
0.000000	286.354462	-142.388123	1.000000
0.000000	-33043.582031	-139857.484375	1.000000
0.000000	-14284.639648	-13713.593750	1.000000
0.000000	-223.417526	-74.131691	1.000000
0.000000	-323399.531250	730136.875000	1.000000
0.000000	-31498.480469	-19752.050781	1.000000
0.000000	-280.016022	-1010.552612	1.000000
0.000000	104.758194	-202.654190	1.000000
0.000000	-3781.195801	-12728.667969	1.000000
0.000000	46.106789	-166.537308	1.000000
0.000000	3153.874512	3149.384277	1.000000
0.000000	-47.037304	324.594330	1.000000
0.000000	799377.687500	-982912.687500	1.000000
0.000000	-223.176514	381.370789	1.000000
0.000000	-3433.373291	-2045.824585	1.000000
0.000000	6.717463	2741.703369	1.000000
0.000000	-203.533997	185.341995	1.000000
0.000000	19933.673828	10403.070312	1.000000
0.000000	-86.415131	613.004578	1.000000
0.000000	-3210.534180	-1862.710083	1.000000
0.000000	65050.027344	112509.445312	1.000000
0.000000	146.137070	106.156418	1.000000
0.000000	484892.843750	100657.421875	1.000000
0.000000	-124.409706	119.624733	1.000000
0.000000	79.560783	129.670029	1.000000
0.000000	291.757111	-45.071896	1.000000
0.000000	-127.134682	-85.484314	1.000000
0.000000	-52486.503906	-3158.730713	1.000000
0.000000	11311.057617	1239.024780	1.000000
0.000000	-122.033951	-25.288588	1.000000
0.000000	-92.430962	1882.720459	1.000000
0.000000	-7864.833496	-92989.859375	1.000000
0.000000	-467.747040	1242.197510	1.000000
0.000000	62.707733	177.211349	1.000000
0.155888	170.007431	-27.341131	1.000000
0.000000	50.369682	173.741364	1.000000
0.000000	-42767.019531	-77824.570312	1.000000
0.000000	432.684845	-985.670898	1.000000
0.000000	-102.076668	181.619812	1.000000
0.000000	-12.045713	-341.159149	1.000000
0.000000	-443.775146	544.793823	1.000000
0.000000	275.695526	185.465607	1.000000
0.000000	176.529449	837.002563	1.000000
0.000000	-101.547348	11.760177	1.000000
0.000000	105.879074	415.431732	1.000000
0.000000	-10828.465820	567.274841	1.000000
0.000000	28171368.000000	16549397.000000	1.000000
0.000000	190.650589	-509.674835	1.000000
0.000000	-32841.812500	266879.375000	1.000000
0.000000	-57.959934	9.614428	1.000000
0.000000	1339.798584	2769.431641	1.000000
0.000000	4710.857910	10638.961914	1.000000
0.000000	-48700.570312	-126250.796875	1.000000
0.000000	206.751770	-432.078949	1.000000
0.000000	1929694.125000	165121.546875	1.000000
0.000000	-180273.828125	-177937.812500	1.000000
0.000000	-70074.648438	13836.157227	1.000000
0.000000	162.201599	16.401430	1.000000
0.000000	-131055.843750	14795.515625	1.000000
0.000000	-916.439880	155.877258	1.000000
0.000000	-1217.364624	1136.786499	1.000000
0.000000	-1141.498779	1000.512939	1.000000
0.000000	49219.128906	57392.156250	1.000000
0.000000	84012.367188	3787.377197	1.000000
0.000000	891.124939	-455.851318	1.000000
0.000000	-198.881714	-193.853622	1.000000
0.000000	-1589278.625000	-1200867.375000	1.000000
0.000000	-101.113464	97.063934	1.000000
0.000000	2590553.750000	19207.652344	1.000000
0.000000	74.211731	-17.986277	1.000000
0.000000	-10345.246094	13049.404297	1.000000
0.000000	1826645.375000	135498.171875	1.000000
0.000000	-1585.154175	616.966064	1.000000
0.000000	96.927818	10.013722	1.000000
0.000000	202.436905	65.045227	1.000000
0.000000	591.189636	1069.222046	1.000000
0.000000	-10496.104492	7286.437012	1.000000
0.000000	-196.924332	125.307831	1.000000
0.000000	27326.927734	25715.324219	1.000000
0.000000	-56.864716	171.539841	1.000000
0.000000	264.928558	318.858002	1.000000
0.000000	129.376648	-9096.158203	1.000000
0.000000	-5422.425293	9769.892578	1.000000
0.000000	459040.281250	25716.664062	1.000000
0.000000	-846.979187	1037.594238	1.000000
0.000000	2032.146729	-5367.536621	1.000000
0.000000	3483.560059	-1909.527100	1.000000
0.000000	42.073479	-78.753876	1.000000
0.000000	69.744209	86.211998	1.000000
0.000000	1043.908447	-576.802002	1.000000
0.000000	1186.941040	11910.288086	1.000000
0.000000	18217.144531	-23750.134766	1.000000
0.000000	139.459549	-3.555520	1.000000
0.000000	-23.439594	-28.018139	1.000000
0.000000	1297.427979	1073.812256	1.000000
0.000000	229.635452	-41.024349	1.000000
0.000000	77.687614	-7.887057	1.000000
0.000000	-1608.949707	77.153435	1.000000
0.000000	75142.765625	-7428.164062	1.000000
0.000000	33.183891	226.956085	1.000000
0.000000	-392.536011	-720.712036	1.000000
0.000000	1190.249756	-9782.273438	1.000000
0.000000	156.370087	147.865784	1.000000
0.000000	97.503792	100.505531	1.000000
0.000000	-3946.880127	-4768.361816	1.000000
0.000000	332.117279	202.477524	1.000000
0.000000	-1880.934204	-2858.558838	1.000000
0.000000	-71.791206	104.585808	1.000000
0.000000	22214.875000	38904.140625	1.000000
0.155888	165.016113	-24.516809	1.000000
0.000000	699.492249	-552.994202	1.000000
0.000000	1092.310303	607.005310	1.000000
0.000000	-312.042145	448.615356	1.000000
0.000000	24.360415	-170.932465	1.000000
0.000000	9489.655273	5003.957520	1.000000
0.000000	-92765.781250	-330098.031250	1.000000
0.000000	7800.036621	16941.882812	1.000000
0.000000	90.712219	-42.933865	1.000000
0.000000	3338.195557	-1089.307739	1.000000
0.000000	-423463.625000	-81803.562500	1.000000
0.000000	-44105600.000000	-10494824.000000	1.000000
0.000000	5939.401367	-4750.404785	1.000000
0.000000	-217.272125	-16.743774	1.000000
0.000000	862.345459	-1784.819702	1.000000
0.000000	5999.176758	472.720703	1.000000
0.000000	-87.658653	-29.986744	1.000000
0.000000	-296.552551	1025.774292	1.000000
0.000000	-18809.158203	254.872177	1.000000
0.000000	-440.861389	-151.784439	1.000000
0.000000	277.239105	-160.646698	1.000000
0.000000	14373.150391	-11112.307617	1.000000
