0.000000	31495.121094	455815.312500	1.000000
0.000000	215002.156250	175261.734375	1.000000
0.000000	1188.785156	-12793.567383	1.000000
0.000000	-505.376892	648.458069	1.000000
0.000000	16887.365234	27377.523438	1.000000
0.000000	-13678.403320	751.036194	1.000000
0.000000	-668.553528	-2461.849365	1.000000
0.000000	-595294.937500	1523932.125000	1.000000
0.000000	3581.928955	-2188.579102	1.000000
0.000000	9292453.000000	3386659.750000	1.000000
0.000000	78697400.000000	19959642.000000	1.000000
0.000000	-293.479919	-189.885925	1.000000
0.000000	-303.856262	113.099533	1.000000
0.000000	91.876228	-262.475922	1.000000
0.000000	-73337376.000000	-31090268.000000	1.000000
0.000000	751.411316	-4509.575684	1.000000
0.000000	379.036133	-427.086731	1.000000
0.000000	-6180.115723	7822.021484	1.000000
0.000000	-987.277039	197.914307	1.000000
0.000000	-309.907501	304.898895	1.000000
0.000000	925.881165	8027.916992	1.000000
0.000000	10263.105469	85046.867188	1.000000
0.000000	-51.337887	840.921509	1.000000
0.000000	244.705078	81.095047	1.000000
0.000000	-207106.265625	-53349.589844	1.000000
0.000000	433.945343	-57.395584	1.000000
0.000000	10387.399414	35357.355469	1.000000
0.000000	-3947.425049	11576.333984	1.000000
0.000000	426.277161	-189.814117	1.000000
0.000000	-61449.531250	-273296.843750	1.000000
0.000000	5161.042969	-8887.361328	1.000000
0.000000	4899.171875	911.459106	1.000000
0.000000	-283.045288	470.038422	1.000000
0.000000	-551.782288	-193.631424	1.000000
0.000000	-255.936844	-45.640469	1.000000
0.000000	4880.809570	2789.453857	1.000000
0.000000	-8.913165	-74.733574	1.000000
0.000000	-5754.663574	-1518.251587	1.000000
0.000000	-246272.484375	-73751.562500	1.000000
0.000000	-46720.652344	-6172.795410	1.000000
0.000000	481.833771	102.336426	1.000000
0.000000	551.032410	-2.941796	1.000000
0.000000	-2.021740	257.467407	1.000000
0.000000	-89.209663	-153.650284	1.000000
0.000000	50.202976	254.384247	1.000000
0.000000	-567.845154	-254.855240	1.000000
0.000000	-4065.096680	3343.310547	1.000000
0.000000	-838.006226	445.635101	1.000000
0.000000	-116.426071	-275.968750	1.000000
0.000000	-273.384521	-85.078102	1.000000
0.000000	7059.120605	6277.811523	1.000000
0.000000	-878.414124	1678.844604	1.000000
0.000000	16.931883	1333.504150	1.000000
0.000000	-3406.777588	-11635.290039	1.000000
0.000000	314.966248	-33.288506	1.000000
0.000000	-16.136358	-282.875854	1.000000
0.000000	146.817947	117.208435	1.000000
0.000000	29405522.000000	-21550876.000000	1.000000
0.000000	-567.665833	1671.677856	1.000000
0.000000	487.406891	532.749451	1.000000
0.000000	1704.584351	26228.439453	1.000000
0.000000	3269.833496	-1664.220947	1.000000
0.000000	-98.364555	-265.815552	1.000000
0.000000	169.298920	-374.553192	1.000000
0.000000	5376.729980	-2912.257812	1.000000
0.000000	401105.625000	-1051564.750000	1.000000
0.000000	40194.273438	142542.687500	1.000000
0.000000	899154304.000000	-490293056.000000	1.000000
0.000000	5107.793945	-14882.457031	1.000000
0.000000	-11819835.000000	-661290.062500	1.000000
0.000000	10618.854492	-15104.329102	1.000000
0.000000	-23.538845	-372.029083	1.000000
0.000000	-279.950012	-776.274231	1.000000
0.000000	-492.432861	921.798096	1.000000
0.000000	424318.312500	2488.032471	1.000000
0.000000	-9354.892578	10636.911133	1.000000
0.000000	-184.428101	536.799744	1.000000
0.000000	31.691067	-295.158905	1.000000
0.000000	3422.792480	-13296.272461	1.000000
0.000000	-935690816.000000	516809408.000000	1.000000
0.000000	1333545.500000	80252.078125	1.000000
0.000000	370748.062500	-121733.406250	1.000000
0.000000	282458.875000	227398.312500	1.000000
0.000000	24894.669922	-23133.308594	1.000000
0.000000	2203343.750000	933653.812500	1.000000
0.000000	-155.614792	225.550598	1.000000
0.000000	81.624588	-35.290897	1.000000
0.000000	-3162.626221	-363.795166	1.000000
0.000000	-1671.764771	1725.312866	1.000000
0.000000	101.560860	284.096680	1.000000
0.000000	10.398727	-52.481571	1.000000
0.000000	-1218.281372	1098.959351	1.000000
0.000000	917.014709	-189.759796	1.000000
0.000000	235.532791	-178.826035	1.000000
0.000000	-4355021.000000	2416277.250000	1.000000
0.000000	1110.164307	614.789124	1.000000
0.000000	-127.294083	-88056.734375	1.000000
0.000000	1711789.125000	-2028472.500000	1.000000
0.000000	812.981689	-1507.734863	1.000000
0.000000	-259.955444	-5304.409668	1.000000
0.000000	691415.187500	-227442.062500	1.000000
0.000000	12310197.000000	-6573529.500000	1.000000
0.000000	-21945.927734	-21510.812500	1.000000
0.000000	170677.046875	-24528.179688	1.000000
0.000000	24.213211	190.241150	1.000000
0.000000	291.102509	-34.100288	1.000000
0.000000	620.034729	-1788.959229	1.000000
0.000000	-149.500000	-242.555710	1.000000
0.000000	106.888885	-268.664032	1.000000
0.000000	-882.789917	1069.865356	1.000000
0.000000	-210.527359	-3112.477783	1.000000
0.000000	-53866.890625	119833.890625	1.000000
0.000000	88.866257	246.487549	1.000000
0.000000	-350.776886	26.165812	1.000000
0.000000	-133.898834	-1077.184937	1.000000
0.000000	-64615.066406	15541.527344	1.000000
0.000000	2433.862549	782.833069	1.000000
0.000000	55781.035156	149581.796875	1.000000
0.000000	-13230.727539	6603.666992	1.000000
0.000000	-41778.363281	-29787.089844	1.000000
0.000000	-8458.758789	13809.576172	1.000000
0.000000	303.095703	339.525879	1.000000
0.000000	-306.784912	167.051682	1.000000
0.000000	1550.189697	3182.181396	1.000000
0.000000	625.556885	-413.138458	1.000000
0.000000	1927.873535	125.983727	1.000000
0.000000	565.100342	-529.321228	1.000000
0.000000	13992.550781	-14231.554688	1.000000
0.000000	-293.718445	-130.906570	1.000000
0.000000	-1163.511963	1531.404663	1.000000
0.000000	224.855804	249.957687	1.000000
0.000000	-13348.608398	-2980.967529	1.000000
0.000000	-28657.816406	-61505.187500	1.000000
0.000000	1693.617920	8045.319336	1.000000
0.000000	-2536.468262	1855.683105	1.000000
0.000000	82.985626	-145.312149	1.000000
0.000000	78.505371	220.697357	1.000000
0.000000	-3830.762939	-16044.391602	1.000000
0.000000	751.316345	-31.517805	1.000000
0.000000	-8766.371094	12931.355469	1.000000
0.000000	-900.547363	-3162.940918	1.000000
0.000000	944.208679	554.950867	1.000000
0.000000	270.976410	-250.277710	1.000000
0.000000	-5663.490723	-20513.833984	1.000000
0.000000	0.993121	-305.317902	1.000000
0.000000	22519.550781	-24580.455078	1.000000
0.000000	-287.696320	-162.539291	1.000000
0.000000	-3300464.250000	1376390.750000	1.000000
0.000000	-17982.873047	-1243.196411	1.000000
0.000000	-49.990860	560.486816	1.000000
0.000000	152.114471	-325.511871	1.000000
0.000000	6678.370605	2721.958984	1.000000
0.000000	-26152.412109	-23371.082031	1.000000
0.000000	-586712.625000	317449.843750	1.000000
0.000000	-108536.234375	249104.328125	1.000000
0.000000	38045.882812	-56191.003906	1.000000
0.000000	587.122314	-1706.290161	1.000000
0.000000	111.633430	150.316574	1.000000
0.000000	-215.467072	-444.556335	1.000000
0.000000	-382.085571	660.800171	1.000000
0.000000	4112436.000000	2116301.500000	1.000000
0.000000	147.934219	206.869461	1.000000
0.000000	-45267.503906	75941.218750	1.000000
0.000000	686.052551	1684.363281	1.000000
0.000000	4811.629395	12569.143555	1.000000
0.000000	621.335388	1628.617188	1.000000
0.000000	-44083.457031	2351.156982	1.000000
0.000000	245745.953125	-842228.687500	1.000000
0.000000	-206.965912	-132.404160	1.000000
0.000000	423.485199	-131.771820	1.000000
0.000000	-32989.871094	-139986.390625	1.000000
0.000000	-14330.293945	-13584.687500	1.000000
0.000000	-360.726074	-81.097328	1.000000
0.000000	-323571.406250	730136.875000	1.000000
0.000000	-31380.316406	-19682.226562	1.000000
0.000000	-404.306488	-1069.298950	1.000000
0.000000	141.907394	-335.018219	1.000000
0.000000	-3649.604004	-12768.951172	1.000000
0.000000	85.870193	-298.157623	1.000000
0.000000	3194.829102	3018.463867	1.000000
0.000000	18.037746	203.474747	1.000000
0.000000	799205.812500	-982912.687500	1.000000
0.000000	-358.786469	404.281860	1.000000
0.000000	-3301.781494	-2084.764893	1.000000
0.000000	-22.178253	2875.980713	1.000000
0.000000	-300.549377	282.807404	1.000000
0.000000	19863.849609	10521.234375	1.000000
0.000000	49.108372	589.841736	1.000000
0.000000	-3341.454590	-1905.678833	1.000000
0.000000	65092.996094	112638.351562	1.000000
0.000000	249.408905	196.585907	1.000000
0.000000	484892.843750	100786.328125	1.000000
0.000000	-223.858856	214.583984	1.000000
0.000000	80.540184	267.293091	1.000000
0.000000	315.339569	90.388359	1.000000
0.000000	-264.349365	-94.233322	1.000000
0.000000	-52432.792969	-3033.852783	1.000000
0.000000	11383.567383	1355.846069	1.000000
0.000000	-85.726418	-158.918457	1.000000
0.000000	-12.138605	1770.934570	1.000000
0.000000	-7871.547363	-93118.765625	1.000000
0.000000	-550.114624	1132.090088	1.000000
0.000000	-24.800901	279.404663	1.000000
0.000000	301.449738	-67.782631	1.000000
0.000000	54.574108	312.071228	1.000000
0.000000	-42874.441406	-77738.632812	1.000000
0.000000	325.179047	-1071.533447	1.000000
0.000000	-30.510929	299.028564	1.000000
0.000000	-73.573647	-218.211456	1.000000
0.000000	-456.363647	681.756714	1.000000
0.000000	371.787750	87.107452	1.000000
0.000000	209.217590	970.608521	1.000000
0.000000	-165.883209	133.280380	1.000000
0.000000	216.620117	496.921295	1.000000
0.000000	-10965.428711	557.204041	1.000000
0.000000	28171368.000000	16549397.000000	1.000000
0.000000	283.356293	-611.222046	1.000000
0.000000	-32788.101562	266793.437500	1.000000
0.000000	-195.416138	6.121119	1.000000
0.000000	1454.270020	2693.564941	1.000000
0.000000	4576.580566	10671.188477	1.000000
0.000000	-48560.921875	-126250.796875	1.000000
0.000000	86.028046	-497.874847	1.000000
0.000000	1929694.125000	165207.484375	1.000000
0.000000	-180144.921875	-177937.812500	1.000000
0.000000	-70182.070312	13758.276367	1.000000
0.000000	242.757889	-89.853806	1.000000
0.000000	-131098.812500	14927.107422	1.000000
0.000000	-1039.115112	218.064453	1.000000
0.000000	-1303.637817	1029.700317	1.000000
0.000000	-1177.082275	1133.417847	1.000000
0.000000	49251.355469	57521.062500	1.000000
0.000000	83904.945312	3704.796631	1.000000
0.000000	1022.213196	-414.057495	1.000000
0.000000	-321.093719	-256.838654	1.000000
0.000000	-1589278.625000	-1200867.375000	1.000000
0.000000	-233.792007	133.210892	1.000000
0.000000	2590553.750000	19331.187500	1.000000
0.000000	121.985092	-146.920334	1.000000
0.000000	-10425.812500	13162.197266	1.000000
0.000000	1826645.375000	135412.234375	1.000000
0.000000	-1569.376587	753.593262	1.000000
0.000000	230.953400	40.698193	1.000000
0.000000	316.824402	-11.283781	1.000000
0.000000	481.417908	986.382141	1.000000
0.000000	-10590.098633	7387.145020	1.000000
0.000000	-331.705200	152.538879	1.000000
0.000000	27332.298828	25854.972656	1.000000
0.000000	43.504921	265.533966	1.000000
0.000000	271.138885	456.240509	1.000000
0.000000	-4.381662	-9063.931641	1.000000
0.000000	-5559.388184	9772.578125	1.000000
0.000000	459126.218750	25614.613281	1.000000
0.000000	-975.885437	1085.262695	1.000000
0.000000	2142.877441	-5285.627441	1.000000
0.000000	3486.245605	-2047.161377	1.000000
0.000000	117.286713	36.353394	1.000000
0.000000	187.331207	157.475220	1.000000
0.000000	984.715088	-700.840698	1.000000
0.000000	1202.718628	11773.325195	1.000000
0.000000	18082.867188	-23776.990234	1.000000
0.000000	276.590302	-13.550295	1.000000
0.000000	-15.739539	-165.304047	1.000000
0.000000	1183.292236	1150.350342	1.000000
0.000000	367.101868	-44.538639	1.000000
0.000000	99.738472	127.836845	1.000000
0.000000	-1478.029297	119.094124	1.000000
0.000000	75271.671875	-7413.393555	1.000000
0.000000	69.795448	359.480225	1.000000
0.000000	-255.069290	-720.712036	1.000000
0.000000	1181.521729	-9645.310547	1.000000
0.000000	239.496155	257.385742	1.000000
0.000000	202.372101	189.422318	1.000000
0.000000	-3883.769775	-4646.169434	1.000000
0.000000	467.737396	224.885056	1.000000
0.000000	-1991.377319	-2940.468018	1.000000
0.000000	-13.842042	229.291946	1.000000
0.000000	22236.359375	39043.789062	1.000000
0.000000	302.491791	-24.054331	1.000000
0.000000	836.958679	-550.644348	1.000000
0.000000	1211.145752	676.158142	1.000000
0.000000	-317.748932	585.952637	1.000000
0.000000	111.094719	-277.632477	1.000000
0.000000	9559.479492	4885.793457	1.000000
0.000000	-92701.328125	-330183.968750	1.000000
0.000000	7936.999512	16947.253906	1.000000
0.000000	179.419189	-147.988907	1.000000
0.000000	3383.178467	-959.310913	1.000000
0.000000	-423377.687500	-81910.984375	1.000000
0.000000	-44105600.000000	-10494824.000000	1.000000
0.000000	6001.168945	-4628.212402	1.000000
0.000000	-269.432220	110.426636	1.000000
0.000000	982.859375	-1718.688110	1.000000
0.000000	5891.754883	387.286743	1.000000
0.000000	-215.306046	-81.110268	1.000000
0.000000	-433.851135	1019.060425	1.000000
0.000000	-18787.673828	119.124802	1.000000
0.000000	-578.327820	-155.602951	1.000000
0.000000	292.932770	-297.244598	1.000000
0.000000	14499.371094	-11058.596680	1.000000
