0.000000	31398.167969	455906.562500	1.000000
0.000000	215047.781250	175398.609375	1.000000
0.000000	1210.528320	-12938.997070	1.000000
0.000000	-359.412537	646.319397	1.000000
0.000000	16875.958984	27229.242188	1.000000
0.000000	-13535.825195	718.065002	1.000000
0.000000	-537.559875	-2526.009521	1.000000
0.000000	-595477.437500	1523932.125000	1.000000
0.000000	3656.782471	-2063.110352	1.000000
0.000000	9292453.000000	3386659.750000	1.000000
0.000000	78697400.000000	19959642.000000	1.000000
0.000000	-434.364929	-228.114685	1.000000
0.000000	-373.006653	241.689758	1.000000
0.000000	86.507271	-408.351166	1.000000
0.000000	-73337376.000000	-31090268.000000	1.000000
0.000000	878.484070	-4438.286621	1.000000
0.000000	413.254883	-569.005249	1.000000
0.000000	-6255.682129	7947.490234	1.000000
0.000000	-986.920593	51.906319	1.000000
0.000000	-359.988068	442.041229	1.000000
0.000000	957.248352	8170.495117	1.000000
0.000000	10394.277344	85115.304688	1.000000
0.000000	-79.586174	984.212524	1.000000
0.000000	353.161224	-17.606104	1.000000
0.000000	-207015.015625	-53452.246094	1.000000
0.000000	579.505432	-45.967056	1.000000
0.000000	10384.547852	35209.074219	1.000000
0.000000	-4090.716064	11547.818359	1.000000
0.000000	553.884583	-260.746735	1.000000
0.000000	-61301.250000	-273296.843750	1.000000
0.000000	5074.070312	-8770.447266	1.000000
0.000000	5040.324219	947.460083	1.000000
0.000000	-417.692505	526.534973	1.000000
0.000000	-658.537659	-94.138626	1.000000
0.000000	-369.999359	-136.714493	1.000000
0.000000	5013.407227	2850.049561	1.000000
0.000000	-144.693665	-128.400711	1.000000
0.000000	-5867.300293	-1610.570923	1.000000
0.000000	-246226.859375	-73888.437500	1.000000
0.000000	-46606.589844	-6261.193848	1.000000
0.000000	594.446594	195.285690	1.000000
0.000000	635.331726	-122.100464	1.000000
0.000000	-3.332652	403.431763	1.000000
0.000000	-154.986954	-283.985168	1.000000
0.000000	68.350937	399.278778	1.000000
0.000000	-622.915955	-119.628799	1.000000
0.000000	-3945.331055	3259.902344	1.000000
0.000000	-920.879761	565.886169	1.000000
0.000000	-148.550705	-418.368652	1.000000
0.000000	-416.229980	-115.108620	1.000000
0.000000	7204.550293	6262.127930	1.000000
0.000000	-958.079651	1556.583862	1.000000
0.000000	-66.050568	1213.382080	1.000000
0.000000	-3491.611572	-11515.524414	1.000000
0.000000	451.581787	17.940012	1.000000
0.000000	-12.527349	-428.840210	1.000000
0.000000	292.726532	112.151367	1.000000
0.000000	29405522.000000	-21550876.000000	1.000000
0.000000	-685.292786	1757.937622	1.000000
0.000000	391.255768	642.712830	1.000000
0.000000	1629.374390	26102.970703	1.000000
0.000000	3325.438965	-1799.313721	1.000000
0.000000	-175.178528	-389.947632	1.000000
0.000000	248.073334	-497.437714	1.000000
0.000000	5286.905762	-3027.033203	1.000000
0.000000	401196.875000	-1051564.750000	1.000000
0.000000	40068.804688	142451.437500	1.000000
0.000000	899154304.000000	-490293056.000000	1.000000
0.000000	5013.692383	-14993.667969	1.000000
0.000000	-11819835.000000	-661107.562500	1.000000
0.000000	10692.995117	-14978.860352	1.000000
0.000000	-66.668732	-511.488312	1.000000
0.000000	-390.180725	-871.979797	1.000000
0.000000	-346.557617	916.807861	1.000000
0.000000	424135.812500	2451.675049	1.000000
0.000000	-9497.470703	10602.692383	1.000000
0.000000	-326.137604	501.689880	1.000000
0.000000	18.903591	-440.588593	1.000000
0.000000	3437.050293	-13441.702148	1.000000
0.000000	-935690816.000000	516809408.000000	1.000000
0.000000	1333545.500000	80388.953125	1.000000
0.000000	370930.562500	-121756.218750	1.000000
0.000000	282276.375000	227443.937500	1.000000
0.000000	24763.498047	-23064.871094	1.000000
0.000000	2203343.750000	933471.312500	1.000000
0.000000	-232.517868	349.671753	1.000000
0.000000	-60.862545	-67.125923	1.000000
0.000000	-3071.376221	-249.735123	1.000000
0.000000	-1688.874146	1870.386108	1.000000
0.000000	168.884460	413.664551	1.000000
0.000000	-27.111544	-193.588440	1.000000
0.000000	-1359.077271	1060.463257	1.000000
0.000000	1040.344727	-267.948181	1.000000
0.000000	267.997375	-36.472843	1.000000
0.000000	-4355021.000000	2416277.250000	1.000000
0.000000	1236.345947	688.038635	1.000000
0.000000	-270.179688	-88079.546875	1.000000
0.000000	1711789.125000	-2028472.500000	1.000000
0.000000	840.249756	-1364.443848	1.000000
0.000000	-139.922485	-5387.104980	1.000000
0.000000	691415.187500	-227578.937500	1.000000
0.000000	12310197.000000	-6573529.500000	1.000000
0.000000	-21980.146484	-21653.390625	1.000000
0.000000	170813.921875	-24613.726562	1.000000
0.000000	-38.900654	318.226776	1.000000
0.000000	430.829071	-76.553993	1.000000
0.000000	478.704163	-1825.316650	1.000000
0.000000	-245.562012	-352.519073	1.000000
0.000000	160.034943	-404.647919	1.000000
0.000000	-924.672241	1209.591919	1.000000
0.000000	-352.050476	-3076.833252	1.000000
0.000000	-54015.171875	119833.890625	1.000000
0.000000	140.478607	383.092102	1.000000
0.000000	-492.018341	63.147892	1.000000
0.000000	6.512127	-1037.263062	1.000000
0.000000	-64489.597656	15461.683594	1.000000
0.000000	2477.348877	922.203186	1.000000
0.000000	55895.097656	149673.046875	1.000000
0.000000	-13370.454102	6558.041992	1.000000
0.000000	-41892.425781	-29701.542969	1.000000
0.000000	-8338.993164	13892.271484	1.000000
0.000000	434.980469	402.082031	1.000000
0.000000	-414.342285	265.827148	1.000000
0.000000	1655.341064	3080.950928	1.000000
0.000000	766.531006	-451.188995	1.000000
0.000000	1834.128418	14.082225	1.000000
0.000000	593.615967	-672.434021	1.000000
0.000000	13961.183594	-14374.132812	1.000000
0.000000	-418.206970	-207.141312	1.000000
0.000000	-1218.760986	1396.311890	1.000000
0.000000	329.205170	352.079254	1.000000
0.000000	-13206.030273	-3013.047607	1.000000
0.000000	-28749.066406	-61619.250000	1.000000
0.000000	1773.461670	8167.936523	1.000000
0.000000	-2447.356934	1740.194824	1.000000
0.000000	216.571014	-204.214737	1.000000
0.000000	-18.066145	111.182961	1.000000
0.000000	-3738.087158	-15930.329102	1.000000
0.000000	891.577576	9.224067	1.000000
0.000000	-8911.800781	12942.761719	1.000000
0.000000	-856.526367	-3301.954590	1.000000
0.000000	928.346863	700.024109	1.000000
0.000000	413.643646	-281.280212	1.000000
0.000000	-5519.486816	-20491.021484	1.000000
0.000000	8.673403	-451.104034	1.000000
0.000000	22479.628906	-24723.033203	1.000000
0.000000	-386.164337	-270.364014	1.000000
0.000000	-3300464.250000	1376390.750000	1.000000
0.000000	-18034.201172	-1379.358521	1.000000
0.000000	-111.391106	692.906250	1.000000
0.000000	200.769257	-463.188873	1.000000
0.000000	6725.421387	2583.658203	1.000000
0.000000	-26015.537109	-23325.457031	1.000000
0.000000	-586712.625000	317541.093750	1.000000
0.000000	-108536.234375	248967.453125	1.000000
0.000000	37897.601562	-56191.003906	1.000000
0.000000	681.580322	-1817.501099	1.000000
0.000000	181.764053	278.369537	1.000000
0.000000	-248.839264	-302.423767	1.000000
0.000000	-421.918335	801.239624	1.000000
0.000000	4112436.000000	2116301.500000	1.000000
0.000000	291.047028	235.696976	1.000000
0.000000	-45324.535156	76078.093750	1.000000
0.000000	817.759094	1747.454102	1.000000
0.000000	4952.781738	12532.073242	1.000000
0.000000	606.899353	1483.187500	1.000000
0.000000	-44186.113281	2458.090576	1.000000
0.000000	245609.078125	-842228.687500	1.000000
0.000000	-339.028900	-194.603867	1.000000
0.000000	569.093079	-120.514061	1.000000
0.000000	-32932.839844	-140123.265625	1.000000
0.000000	-14378.770508	-13447.812500	1.000000
0.000000	-506.512207	-88.493568	1.000000
0.000000	-323753.906250	730136.875000	1.000000
0.000000	-31254.847656	-19608.085938	1.000000
0.000000	-536.296753	-1131.676880	1.000000
0.000000	181.339157	-475.546783	1.000000
0.000000	-3509.877441	-12811.724609	1.000000
0.000000	128.086731	-437.884186	1.000000
0.000000	3238.315430	2879.450195	1.000000
0.000000	87.421021	78.661766	1.000000
0.000000	799023.312500	-982912.687500	1.000000
0.000000	-502.790375	428.609253	1.000000
0.000000	-3162.054932	-2126.112549	1.000000
0.000000	-52.856609	3018.558838	1.000000
0.000000	-403.562073	386.265656	1.000000
0.000000	19789.708984	10646.703125	1.000000
0.000000	193.012115	565.247009	1.000000
0.000000	-3480.468262	-1951.303833	1.000000
0.000000	65138.621094	112775.226562	1.000000
0.000000	357.055389	295.205292	1.000000
0.000000	484892.843750	100923.203125	1.000000
0.000000	-329.455780	315.387207	1.000000
0.000000	78.691124	413.257446	1.000000
0.000000	340.379852	234.214050	1.000000
0.000000	-410.046387	-103.523178	1.000000
0.000000	-52375.761719	-2901.255127	1.000000
0.000000	11460.559570	1479.889038	1.000000
0.000000	-46.049599	-299.416229	1.000000
0.000000	73.115837	1652.238281	1.000000
0.000000	-7878.676270	-93255.640625	1.000000
0.000000	-637.621948	1015.176025	1.000000
0.000000	-121.259392	389.011597	1.000000
0.000000	440.998077	-110.712013	1.000000
0.000000	62.571850	457.857361	1.000000
0.000000	-42988.503906	-77647.382812	1.000000
0.000000	211.044998	-1162.783447	1.000000
0.000000	45.482437	423.695312	1.000000
0.000000	-138.910812	-87.656471	1.000000
0.000000	-469.730347	827.186401	1.000000
0.000000	473.820221	-17.323202	1.000000
0.000000	243.926453	1112.473755	1.000000
0.000000	-234.187042	262.313568	1.000000
0.000000	334.232147	583.374817	1.000000
0.000000	-11110.858398	546.510681	1.000000
0.000000	28171368.000000	16549397.000000	1.000000
0.000000	381.824310	-719.046753	1.000000
0.000000	-32731.070312	266702.187500	1.000000
0.000000	-341.380493	2.411561	1.000000
0.000000	1575.817871	2613.008301	1.000000
0.000000	4434.002441	10705.407227	1.000000
0.000000	-48412.640625	-126250.796875	1.000000
0.000000	-42.149937	-567.738159	1.000000
0.000000	1929694.125000	165298.734375	1.000000
0.000000	-180008.046875	-177937.812500	1.000000
0.000000	-70296.132812	13675.581055	1.000000
0.000000	330.532562	-206.507812	1.000000
0.000000	-131144.437500	15066.833984	1.000000
0.000000	-1169.217651	284.095947	1.000000
0.000000	-1395.244263	916.163574	1.000000
0.000000	-1214.865479	1274.570190	1.000000
0.000000	49285.574219	57657.937500	1.000000
0.000000	83790.882812	3617.111084	1.000000
0.000000	1161.229126	-369.680054	1.000000
0.000000	-450.839813	-323.761261	1.000000
0.000000	-1589278.625000	-1200867.375000	1.000000
0.000000	-374.677002	171.573318	1.000000
0.000000	2590553.750000	19462.359375	1.000000
0.000000	172.692078	-283.830841	1.000000
0.000000	-10511.359375	13281.962891	1.000000
0.000000	1826645.375000	135320.984375	1.000000
0.000000	-1552.623657	898.666504	1.000000
0.000000	372.276886	73.156044	1.000000
0.000000	436.491943	-87.569199	1.000000
0.000000	364.860291	898.518372	1.000000
0.000000	-10689.903320	7494.078613	1.000000
0.000000	-474.817993	181.455505	1.000000
0.000000	27338.001953	26003.253906	1.000000
0.000000	150.082062	365.338654	1.000000
0.000000	277.733124	602.060730	1.000000
0.000000	-146.410370	-9029.712891	1.000000
0.000000	-5704.817871	9775.429688	1.000000
0.000000	459217.468750	25506.253906	1.000000
0.000000	-1112.760498	1135.877930	1.000000
0.000000	2260.504395	-5198.654785	1.000000
0.000000	3489.097168	-2193.303955	1.000000
0.000000	197.133453	158.572098	1.000000
0.000000	312.176178	233.130737	1.000000
0.000000	921.802490	-832.547241	1.000000
0.000000	1219.471558	11627.895508	1.000000
0.000000	17940.289062	-23805.505859	1.000000
0.000000	422.198212	-24.165039	1.000000
0.000000	-7.560865	-311.090179	1.000000
0.000000	1062.100830	1231.619873	1.000000
0.000000	513.066223	-48.270176	1.000000
0.000000	123.152473	271.929901	1.000000
0.000000	-1339.015625	163.609680	1.000000
0.000000	75408.546875	-7397.709961	1.000000
0.000000	108.670265	500.187012	1.000000
0.000000	-109.060379	-720.712036	1.000000
0.000000	1172.254150	-9499.880859	1.000000
0.000000	327.797150	373.676025	1.000000
0.000000	313.739807	283.848907	1.000000
0.000000	-3816.758057	-4516.423340	1.000000
0.000000	611.741333	248.677780	1.000000
0.000000	-2108.463379	-3027.440674	1.000000
0.000000	47.690609	361.711365	1.000000
0.000000	22259.171875	39192.070312	1.000000
0.000000	448.456146	-23.575357	1.000000
0.000000	982.923035	-548.149231	1.000000
0.000000	1337.327393	749.585876	1.000000
0.000000	-323.808502	731.738770	1.000000
0.000000	203.191269	-390.892975	1.000000
0.000000	9633.620117	4760.324707	1.000000
0.000000	-92632.890625	-330275.218750	1.000000
0.000000	8082.429199	16952.957031	1.000000
0.000000	273.609863	-259.556274	1.000000
0.000000	3430.942139	-821.188354	1.000000
0.000000	-423286.437500	-82025.046875	1.000000
0.000000	-44105600.000000	-10494824.000000	1.000000
0.000000	6066.754883	-4498.466309	1.000000
0.000000	-324.859467	245.516510	1.000000
0.000000	1110.823242	-1648.468384	1.000000
0.000000	5777.692383	296.571411	1.000000
0.000000	-350.844360	-135.398300	1.000000
0.000000	-579.637268	1011.931519	1.000000
0.000000	-18764.861328	-25.028633	1.000000
0.000000	-724.292175	-159.657516	1.000000
0.000000	309.596588	-442.317841	1.000000
0.000000	14633.394531	-11001.565430	1.000000
