0.000000	31676.742188	455644.375000	1.000000
0.000000	214916.687500	175005.328125	1.000000
0.000000	1148.053955	-12521.135742	1.000000
0.000000	-778.810120	652.464417	1.000000
0.000000	16908.732422	27655.296875	1.000000
0.000000	-13945.493164	812.800720	1.000000
0.000000	-913.942322	-2341.658936	1.000000
0.000000	-594953.062500	1523932.125000	1.000000
0.000000	3441.706787	-2423.618164	1.000000
0.000000	9292453.000000	3386659.750000	1.000000
0.000000	78697400.000000	19959642.000000	1.000000
0.000000	-29.546295	-118.266785	1.000000
0.000000	-174.370331	-127.813316	1.000000
0.000000	101.933830	10.851841	1.000000
0.000000	-73337376.000000	-31090268.000000	1.000000
0.000000	513.367493	-4643.120605	1.000000
0.000000	314.934570	-161.195175	1.000000
0.000000	-6038.558105	7586.982422	1.000000
0.000000	-987.944763	471.365265	1.000000
0.000000	-216.056686	47.993176	1.000000
0.000000	867.121399	7760.827148	1.000000
0.000000	10017.382812	84918.664062	1.000000
0.000000	1.573140	572.496216	1.000000
0.000000	45.275066	263.783569	1.000000
0.000000	-207277.203125	-53157.285156	1.000000
0.000000	161.317780	-78.804504	1.000000
0.000000	10392.741211	35635.128906	1.000000
0.000000	-3678.999756	11629.751953	1.000000
0.000000	187.231735	-56.936928	1.000000
0.000000	-61727.304688	-273296.843750	1.000000
0.000000	5323.967773	-9106.375000	1.000000
0.000000	4634.752930	844.018921	1.000000
0.000000	-30.773922	364.264557	1.000000
0.000000	-351.665039	-380.065582	1.000000
0.000000	-42.181503	124.975784	1.000000
0.000000	4632.416016	2675.940674	1.000000
0.000000	245.429810	25.778585	1.000000
0.000000	-5543.662598	-1345.310913	1.000000
0.000000	-246357.953125	-73495.156250	1.000000
0.000000	-46934.324219	-6007.199707	1.000000
0.000000	270.999725	-71.811607	1.000000
0.000000	392.989868	220.263733	1.000000
1.016799	2.717006	-13.090801	1.000000
0.000000	27.437965	88.167427	1.000000
0.000000	16.050140	-15.233274	1.000000
0.000000	-464.681732	-508.090179	1.000000
0.000000	-4289.452148	3499.558105	1.000000
0.000000	-682.760254	220.444962	1.000000
0.000000	-54.872795	-9.753852	1.000000
0.000000	-4.697681	-30.593559	1.000000
0.000000	6786.688965	6307.191406	1.000000
0.000000	-729.177673	1907.874146	1.000000
0.000000	172.373596	1558.527344	1.000000
0.000000	-3247.859131	-11859.645508	1.000000
0.000000	62.388702	-138.173157	1.000000
0.000000	-22.501196	-11.493427	1.000000
0.000000	-126.523987	126.681778	1.000000
0.000000	29405522.000000	-21550876.000000	1.000000
0.000000	-347.316711	1510.088501	1.000000
0.000000	667.381470	326.906525	1.000000
0.000000	1845.474243	26463.478516	1.000000
0.000000	3165.668457	-1411.153320	1.000000
0.000000	44.946804	-31.528362	1.000000
0.000000	21.731052	-144.314667	1.000000
0.000000	5544.996582	-2697.250488	1.000000
0.000000	400934.687500	-1051564.750000	1.000000
0.000000	40429.312500	142713.625000	1.000000
0.000000	899154304.000000	-490293056.000000	1.000000
0.000000	5284.073242	-14674.126953	1.000000
0.000000	-11819835.000000	-661631.937500	1.000000
0.000000	10479.967773	-15339.368164	1.000000
0.000000	58.488594	-113.258957	1.000000
0.000000	-73.529968	-596.990173	1.000000
0.000000	-765.854126	931.146240	1.000000
0.000000	424660.187500	2556.140381	1.000000
0.000000	-9087.802734	10701.012695	1.000000
0.000000	81.053085	602.570618	1.000000
0.000000	55.645687	-22.724089	1.000000
0.000000	3396.083496	-13023.840820	1.000000
0.000000	-935690816.000000	516809408.000000	1.000000
0.000000	1333545.500000	79995.671875	1.000000
0.000000	370406.187500	-121690.671875	1.000000
0.000000	282800.750000	227312.843750	1.000000
0.000000	25140.392578	-23261.511719	1.000000
0.000000	2203343.750000	933995.687500	1.000000
0.000000	-14.433125	-3.741403	1.000000
0.000000	347.051300	26.846258	1.000000
0.000000	-3333.563721	-577.467041	1.000000
0.000000	-1639.713989	1453.548950	1.000000
0.000000	-24.552193	41.391754	1.000000
0.000000	80.664032	211.845337	1.000000
0.000000	-954.530151	1171.073608	1.000000
0.000000	685.981995	-43.298897	1.000000
0.000000	174.686386	-445.439240	1.000000
0.000000	-4355021.000000	2416277.250000	1.000000
0.000000	873.577637	477.613586	1.000000
0.000000	140.372528	-88014.000000	1.000000
0.000000	1711789.125000	-2028472.500000	1.000000
0.000000	761.900757	-1776.160156	1.000000
0.000000	-484.811707	-5149.497559	1.000000
0.000000	691415.187500	-227185.656250	1.000000
0.000000	12310197.000000	-6573529.500000	1.000000
0.000000	-21881.826172	-21243.722656	1.000000
0.000000	170420.640625	-24367.925781	1.000000
0.000000	141.665329	-54.233662	1.000000
0.000000	29.049662	44.143219	1.000000
0.000000	884.787537	-1720.851318	1.000000
0.000000	25.239502	-37.759560	1.000000
1.016799	7.316725	-13.914362	1.000000
0.000000	-804.332275	807.841980	1.000000
0.000000	54.635368	-3179.250244	1.000000
0.000000	-53589.117188	119833.890625	1.000000
0.000000	-3.373219	-8.166935	1.000000
0.000000	-86.151230	-43.156246	1.000000
0.000000	-396.943573	-1151.970093	1.000000
0.000000	-64850.105469	15691.097656	1.000000
0.000000	2352.400146	521.752747	1.000000
0.000000	55567.363281	149410.859375	1.000000
0.000000	-12968.979492	6689.135742	1.000000
0.000000	-41564.691406	-29947.343750	1.000000
0.000000	-8683.114258	13654.664062	1.000000
0.000000	56.025448	222.316223	1.000000
0.000000	-104.162567	-17.170980	1.000000
0.000000	1353.210938	3371.815186	1.000000
0.000000	361.471832	-341.858856	1.000000
0.000000	2103.696045	335.597870	1.000000
0.000000	511.683380	-261.073669	1.000000
0.000000	14051.310547	-13964.464844	1.000000
0.000000	-60.503540	11.935976	1.000000
0.000000	-1060.014648	1784.472290	1.000000
0.890964	29.373240	58.637230	1.000000
0.000000	-13615.698242	-2920.872314	1.000000
0.000000	-28486.878906	-61291.515625	1.000000
0.000000	1544.047607	7815.622070	1.000000
0.000000	-2703.399414	2072.025879	1.000000
0.000000	-167.270721	-34.970665	1.000000
0.000000	255.134445	422.881287	1.000000
0.000000	-4004.371338	-16258.063477	1.000000
0.000000	488.581573	-107.847008	1.000000
0.000000	-8493.939453	12909.988281	1.000000
0.000000	-983.011353	-2902.528320	1.000000
0.000000	973.922424	283.046417	1.000000
0.000000	3.715111	-192.269135	1.000000
0.000000	-5933.251465	-20556.568359	1.000000
0.000000	-13.394247	-32.206318	1.000000
0.000000	22594.335938	-24313.365234	1.000000
0.000000	-104.504913	38.637005	1.000000
0.000000	-3300464.250000	1376390.750000	1.000000
0.000000	-17886.720703	-988.125610	1.000000
0.000000	64.986137	313.235657	1.000000
0.021879	62.076717	-68.667198	1.000000
0.000000	6590.230957	2981.036133	1.000000
0.000000	-26408.818359	-23456.550781	1.000000
0.000000	-586712.625000	317278.906250	1.000000
0.000000	-108536.234375	249360.734375	1.000000
0.000000	38323.656250	-56191.003906	1.000000
0.000000	410.175262	-1497.960083	1.000000
0.000000	-18.635517	-90.166931	1.000000
0.000000	-152.951355	-710.686890	1.000000
0.000000	-307.467346	397.716644	1.000000
0.000000	4112436.000000	2116301.500000	1.000000
0.000000	-117.446411	152.986069	1.000000
0.000000	-45160.667969	75684.812500	1.000000
0.000000	439.377502	1566.176025	1.000000
0.000000	4547.210449	12638.586914	1.000000
0.000000	648.378235	1901.048828	1.000000
0.000000	-43891.152344	2150.839600	1.000000
0.000000	246002.359375	-842228.687500	1.000000
0.000000	39.705692	-17.433241	1.000000
0.000000	155.143311	-150.938248	1.000000
0.000000	-33096.707031	-139729.984375	1.000000
0.000000	-14239.483398	-13841.093750	1.000000
0.000000	-87.581421	-67.242043	1.000000
0.000000	-323229.531250	730136.875000	1.000000
0.000000	-31615.355469	-19821.113281	1.000000
0.000000	-157.081436	-952.447144	1.000000
0.021879	66.875587	-70.699669	1.000000
0.000000	-3911.352051	-12688.824219	1.000000
0.000000	11.981103	-35.154881	1.000000
0.000000	3113.366699	3278.876465	1.000000
0.000000	-111.458443	444.315155	1.000000
0.000000	799547.687500	-982912.687500	1.000000
0.000000	-89.077385	358.709656	1.000000
0.000000	-3563.529541	-2007.308960	1.000000
0.000000	35.297493	2608.890869	1.000000
0.000000	-107.581375	88.936829	1.000000
0.000000	20002.736328	10286.195312	1.000000
0.000000	-220.466309	635.914734	1.000000
0.000000	-3081.041992	-1820.210083	1.000000
0.000000	65007.527344	112381.945312	1.000000
0.000000	46.657387	12.059425	1.000000
0.000000	484892.843750	100529.921875	1.000000
0.000000	-26.045454	25.705275	1.000000
0.000000	80.476112	-4.085843	1.000000
0.000000	268.431915	-179.047974	1.000000
0.000000	7.410625	-76.276627	1.000000
0.000000	-52539.628906	-3282.246338	1.000000
0.000000	11239.338867	1123.477905	1.000000
0.000000	-159.010574	105.593384	1.000000
0.000000	-171.837234	1993.286865	1.000000
0.000000	-7858.192871	-92862.359375	1.000000
0.000000	-386.316376	1351.103760	1.000000
0.000000	152.563538	75.111748	1.000000
0.000000	37.382290	10.076220	1.000000
0.000000	41.341324	38.865284	1.000000
0.000000	-42660.769531	-77909.570312	1.000000
0.000000	538.996765	-900.836914	1.000000
0.000000	-172.874725	65.491882	1.000000
0.000000	48.809666	-462.765594	1.000000
0.000000	-431.323975	409.325073	1.000000
0.000000	180.651596	282.750763	1.000000
0.000000	144.197906	704.854126	1.000000
0.000000	-43.013641	-97.241348	1.000000
0.000000	-3.611118	334.021301	1.000000
0.000000	-10692.997070	577.235779	1.000000
0.000000	28171368.000000	16549397.000000	1.000000
0.000000	98.961884	-409.235382	1.000000
0.000000	-32894.937500	266964.375000	1.000000
0.000000	74.937927	15.824299	1.000000
0.000000	1226.575928	2844.470703	1.000000
0.000000	4843.670410	10607.086914	1.000000
0.000000	-48838.695312	-126250.796875	1.000000
0.000000	326.134125	-367.000824	1.000000
0.000000	1929694.125000	165036.546875	1.000000
0.000000	-180401.328125	-177937.812500	1.000000
0.000000	-69968.398438	13913.188477	1.000000
0.000000	80.438896	125.075607	1.000000
0.000000	-131013.343750	14665.359375	1.000000
0.000000	-795.082458	94.368477	1.000000
0.000000	-1132.032593	1242.704468	1.000000
0.000000	-1106.303467	869.194580	1.000000
0.000000	49187.253906	57264.656250	1.000000
0.000000	84118.617188	3869.056885	1.000000
0.000000	761.466736	-497.189209	1.000000
0.000000	-77.980835	-131.556259	1.000000
0.000000	-1589278.625000	-1200867.375000	1.000000
0.890964	28.156067	53.720158	1.000000
0.000000	2590553.750000	19085.464844	1.000000
0.000000	30.100573	102.636925	1.000000
0.000000	-10265.558594	12937.841797	1.000000
0.000000	1826645.375000	135583.171875	1.000000
0.000000	-1600.759644	481.829346	1.000000
0.000000	-35.529442	-15.608541	1.000000
0.000000	89.304359	140.540833	1.000000
0.000000	699.763855	1151.233765	1.000000
0.000000	-10403.135742	7186.827637	1.000000
0.000000	-63.613792	98.392548	1.000000
0.000000	27321.615234	25577.199219	1.000000
0.000000	-156.142059	78.582130	1.000000
0.000000	258.785980	182.996521	1.000000
0.000000	261.691101	-9128.033203	1.000000
0.000000	-5286.956543	9767.236328	1.000000
0.000000	458955.281250	25817.601562	1.000000
0.000000	-719.479187	990.445801	1.000000
0.000000	1922.908447	-5448.552246	1.000000
0.000000	3480.903809	-1773.394287	1.000000
0.000000	-32.316135	-192.599091	1.000000
0.000000	-46.548473	15.259430	1.000000
0.000000	1102.345947	-454.077301	1.000000
0.000000	1171.335571	12045.756836	1.000000
0.000000	18349.957031	-23723.572266	1.000000
0.000000	3.529144	5.988642	1.000000
0.000000	-24.838427	104.368408	1.000000
0.000000	1410.318604	998.052368	1.000000
0.000000	93.673897	-37.548397	1.000000
0.000000	53.586296	-137.969543	1.000000
0.000000	-1738.441895	35.677368	1.000000
0.000000	75015.265625	-7442.773438	1.000000
0.000000	-3.023249	95.850342	1.000000
0.000000	-528.502808	-720.712036	1.000000
0.000000	1198.882568	-9917.742188	1.000000
0.000000	74.137260	39.542931	1.000000
0.000000	-4.346354	14.258384	1.000000
0.000000	-4009.302002	-4889.221191	1.000000
0.000000	197.958710	180.314438	1.000000
0.000000	-1771.695923	-2777.543213	1.000000
0.000000	-124.283844	-14.320944	1.000000
0.000000	22193.625000	38766.015625	1.000000
0.000000	32.389923	-20.786890	1.000000
0.000000	563.525452	-555.318420	1.000000
0.000000	974.771240	538.606873	1.000000
0.000000	-306.397614	312.731567	1.000000
0.000000	-58.460999	-73.863464	1.000000
0.000000	9420.592773	5120.832520	1.000000
0.000000	-92829.531250	-330013.031250	1.000000
0.000000	7664.567871	16936.570312	1.000000
0.000000	0.485519	58.884415	1.000000
0.000000	3293.703369	-1217.803833	1.000000
0.000000	-423548.625000	-81697.312500	1.000000
0.000000	-44105600.000000	-10494824.000000	1.000000
0.000000	5878.307617	-4871.264160	1.000000
0.000000	-165.641266	-142.565262	1.000000
0.000000	743.146240	-1850.229858	1.000000
0.000000	6105.426758	557.222656	1.000000
0.000000	38.931797	20.177490	1.000000
0.000000	-160.722656	1032.414917	1.000000
0.000000	-18830.408203	389.178467	1.000000
0.000000	-304.894592	-148.007584	1.000000
0.000000	257.330261	-27.482605	1.000000
0.000000	14248.306641	-11165.432617	1.000000
