0.000000	31466.234375	455842.500000	1.000000
0.000000	215015.750000	175302.515625	1.000000
0.000000	1195.263428	-12836.897461	1.000000
0.000000	-461.887512	647.820862	1.000000
0.000000	16883.966797	27333.343750	1.000000
0.000000	-13635.922852	741.212585	1.000000
0.000000	-629.524597	-2480.965576	1.000000
0.000000	-595349.312500	1523932.125000	1.000000
0.000000	3604.231201	-2151.196289	1.000000
0.000000	9292453.000000	3386659.750000	1.000000
0.000000	78697400.000000	19959642.000000	1.000000
0.000000	-335.455933	-201.276001	1.000000
0.000000	-324.459290	151.414185	1.000000
0.000000	90.276573	-305.938751	1.000000
0.000000	-73337376.000000	-31090268.000000	1.000000
0.000000	789.272034	-4488.335449	1.000000
0.000000	389.231445	-469.381348	1.000000
0.000000	-6202.630371	7859.404297	1.000000
0.000000	-987.170837	154.411652	1.000000
0.000000	-324.828766	345.759796	1.000000
0.000000	935.226868	8070.397461	1.000000
0.000000	10302.187500	85067.257812	1.000000
0.000000	-59.754330	883.614380	1.000000
0.373264	276.965912	51.790516	1.000000
0.000000	-207079.078125	-53380.175781	1.000000
0.000000	477.301971	-53.990509	1.000000
0.000000	10386.549805	35313.175781	1.000000
0.000000	-3990.117920	11567.837891	1.000000
0.000000	464.297180	-210.948151	1.000000
0.000000	-61405.351562	-273296.843750	1.000000
0.000000	5135.129883	-8852.527344	1.000000
0.000000	4941.227539	922.185425	1.000000
0.000000	-323.162781	486.871307	1.000000
0.000000	-583.589539	-163.988022	1.000000
0.000000	-289.921234	-72.777115	1.000000
0.000000	4920.316406	2807.508057	1.000000
0.000000	-49.369026	-90.723488	1.000000
0.000000	-5788.223145	-1545.757690	1.000000
0.000000	-246258.890625	-73792.343750	1.000000
0.000000	-46686.667969	-6199.133301	1.000000
0.000000	515.369446	130.034531	1.000000
0.000000	576.148987	-38.443111	1.000000
0.000000	-2.412320	300.956787	1.000000
0.000000	-108.810417	-192.480087	1.000000
0.000000	55.609280	297.554535	1.000000
0.000000	-584.253235	-214.565170	1.000000
0.000000	-4029.413086	3318.459473	1.000000
0.000000	-862.697998	481.451447	1.000000
0.000000	-125.997452	-318.396118	1.000000
0.000000	-315.944641	-94.025551	1.000000
0.000000	7102.450684	6273.138672	1.000000
0.000000	-902.150085	1642.417603	1.000000
0.000000	-7.791956	1297.714355	1.000000
0.000000	-3432.053467	-11599.606445	1.000000
0.000000	356.926941	-21.368172	1.000000
0.000000	-15.061071	-326.365234	1.000000
0.000000	190.294052	115.701706	1.000000
0.000000	29405522.000000	-21550876.000000	1.000000
0.000000	-602.712219	1697.378540	1.000000
0.000000	458.759125	565.512512	1.000000
0.000000	1682.175903	26191.056641	1.000000
0.000000	3286.400879	-1704.471191	1.000000
0.000000	-121.250908	-302.800110	1.000000
0.000000	192.769379	-411.166046	1.000000
0.000000	5349.967285	-2946.454590	1.000000
0.000000	401132.812500	-1051564.750000	1.000000
0.000000	40156.890625	142515.500000	1.000000
0.000000	899154304.000000	-490293056.000000	1.000000
0.000000	5079.756836	-14915.591797	1.000000
0.000000	-11819835.000000	-661235.687500	1.000000
0.000000	10640.944336	-15066.946289	1.000000
0.000000	-36.389187	-413.580292	1.000000
0.000000	-312.792725	-804.789246	1.000000
0.000000	-448.970032	920.311279	1.000000
0.000000	424263.937500	2477.199951	1.000000
0.000000	-9397.373047	10626.715820	1.000000
0.000000	-226.656342	526.338928	1.000000
0.000000	27.881100	-338.488983	1.000000
0.000000	3427.040527	-13339.602539	1.000000
0.000000	-935690816.000000	516809408.000000	1.000000
0.000000	1333545.500000	80292.859375	1.000000
0.000000	370802.437500	-121740.203125	1.000000
0.000000	282404.500000	227411.906250	1.000000
0.000000	24855.587891	-23112.917969	1.000000
0.000000	2203343.750000	933599.437500	1.000000
0.000000	-178.527695	262.524231	1.000000
0.000000	39.170670	-44.775990	1.000000
0.000000	-3135.438721	-329.810791	1.000000
0.000000	-1676.862427	1768.536743	1.000000
0.000000	121.619606	322.700806	1.000000
0.000000	-0.777269	-94.523048	1.000000
0.000000	-1260.230835	1087.489624	1.000000
0.000000	953.760315	-213.057678	1.000000
0.000000	245.210373	-136.411942	1.000000
0.000000	-4355021.000000	2416277.250000	1.000000
0.000000	1147.759521	636.613464	1.000000
0.000000	-169.867477	-88063.531250	1.000000
0.000000	1711789.125000	-2028472.500000	1.000000
0.000000	821.106079	-1465.041992	1.000000
0.000000	-224.192200	-5329.048340	1.000000
0.000000	691415.187500	-227482.843750	1.000000
0.000000	12310197.000000	-6573529.500000	1.000000
0.000000	-21956.123047	-21553.292969	1.000000
0.000000	170717.828125	-24553.667969	1.000000
0.000000	5.209666	225.699020	1.000000
0.000000	332.733368	-46.748184	1.000000
0.000000	577.925964	-1799.791748	1.000000
0.000000	-178.121216	-275.318756	1.000000
0.000000	122.719498	-309.179779	1.000000
0.000000	-895.268555	1111.496216	1.000000
0.000000	-252.702499	-3101.857666	1.000000
0.000000	-53911.070312	119833.890625	1.000000
0.000000	104.245514	287.186035	1.000000
0.000000	-392.859100	37.185062	1.000000
0.000000	-92.063141	-1065.290405	1.000000
0.000000	-64577.683594	15517.738281	1.000000
0.000000	2446.819092	824.357727	1.000000
0.000000	55815.019531	149608.984375	1.000000
0.000000	-13272.358398	6590.073242	1.000000
0.000000	-41812.347656	-29761.601562	1.000000
0.000000	-8423.075195	13834.214844	1.000000
0.000000	342.390137	358.164185	1.000000
0.000000	-338.831116	196.482681	1.000000
0.000000	1581.519043	3152.020264	1.000000
0.000000	667.559448	-424.475433	1.000000
0.000000	1899.942627	92.643196	1.000000
0.000000	573.596436	-571.960999	1.000000
0.000000	13983.205078	-14274.035156	1.000000
0.000000	-330.809204	-153.620346	1.000000
0.000000	-1179.973145	1491.154419	1.000000
0.000000	255.946198	280.384308	1.000000
0.000000	-13306.127930	-2990.525635	1.000000
0.000000	-28685.003906	-61539.171875	1.000000
0.000000	1717.406982	8081.852539	1.000000
0.000000	-2509.917969	1821.273926	1.000000
0.000000	122.791153	-162.861893	1.000000
0.000000	49.731491	188.067047	1.000000
0.000000	-3803.150635	-16010.407227	1.000000
0.000000	793.106506	-19.379343	1.000000
0.000000	-8809.701172	12934.753906	1.000000
0.000000	-887.431519	-3204.359375	1.000000
0.000000	939.482727	598.174744	1.000000
0.000000	313.483429	-259.508972	1.000000
0.000000	-5620.585449	-20507.037109	1.000000
0.000000	3.281424	-348.754181	1.000000
0.000000	22507.656250	-24622.935547	1.000000
0.000000	-317.034393	-194.665146	1.000000
0.000000	-3300464.250000	1376390.750000	1.000000
0.000000	-17998.166016	-1283.765259	1.000000
0.000000	-68.286552	599.940552	1.000000
0.000000	166.610931	-366.532074	1.000000
0.000000	6692.389160	2680.752930	1.000000
0.000000	-26111.630859	-23357.488281	1.000000
0.000000	-586712.625000	317477.031250	1.000000
0.000000	-108536.234375	249063.546875	1.000000
0.000000	38001.703125	-56191.003906	1.000000
0.000000	615.265625	-1739.424927	1.000000
0.000000	132.528519	188.469345	1.000000
0.000000	-225.410156	-402.208618	1.000000
0.000000	-393.953552	702.643433	1.000000
0.000000	4112436.000000	2116301.500000	1.000000
0.000000	190.573990	215.458481	1.000000
0.000000	-45284.496094	75982.000000	1.000000
0.000000	725.293884	1703.160889	1.000000
0.000000	4853.685059	12558.098633	1.000000
0.000000	617.034241	1585.287109	1.000000
0.000000	-44114.042969	2383.017334	1.000000
0.000000	245705.171875	-842228.687500	1.000000
0.000000	-246.313446	-150.936264	1.000000
0.000000	466.868378	-128.413208	1.000000
0.000000	-32972.878906	-140027.171875	1.000000
0.000000	-14344.737305	-13543.906250	1.000000
0.000000	-404.162354	-83.301003	1.000000
0.000000	-323625.781250	730136.875000	1.000000
0.000000	-31342.933594	-19660.136719	1.000000
0.000000	-443.627472	-1087.884155	1.000000
0.000000	153.655899	-376.888031	1.000000
0.000000	-3607.973145	-12781.695312	1.000000
0.000000	98.448395	-339.788483	1.000000
0.000000	3207.785645	2977.045410	1.000000
0.000000	38.908981	168.960068	1.000000
0.000000	799151.437500	-982912.687500	1.000000
0.000000	-401.691742	411.530090	1.000000
0.000000	-3260.150635	-2097.084229	1.000000
0.000000	-31.319851	2918.461182	1.000000
0.000000	-331.241516	313.632294	1.000000
0.000000	19841.759766	10558.617188	1.000000
0.000000	91.981613	582.513855	1.000000
0.000000	-3382.873047	-1919.272583	1.000000
0.000000	65106.589844	112679.132812	1.000000
0.000000	281.481659	225.963806	1.000000
0.000000	484892.843750	100827.109375	1.000000
0.000000	-255.320953	244.625641	1.000000
0.000000	79.989265	310.782471	1.000000
0.000000	322.800201	133.240540	1.000000
0.000000	-307.759094	-97.001190	1.000000
0.000000	-52415.800781	-2994.345947	1.000000
0.000000	11406.506836	1392.804077	1.000000
0.000000	-73.904900	-200.774994	1.000000
0.000000	13.261794	1735.569580	1.000000
0.000000	-7873.671387	-93159.546875	1.000000
0.000000	-576.187012	1097.256104	1.000000
0.000000	-53.538277	312.061523	1.000000
0.000000	343.027496	-80.573235	1.000000
0.000000	56.956997	355.507507	1.000000
0.000000	-42908.425781	-77711.445312	1.000000
0.000000	291.168121	-1098.720947	1.000000
0.000000	-7.868803	336.172424	1.000000
0.000000	-93.041649	-179.315277	1.000000
0.000000	-460.346191	725.086792	1.000000
0.000000	402.187836	55.991364	1.000000
0.000000	219.558929	1012.876587	1.000000
0.000000	-186.234009	171.725204	1.000000
0.000000	251.653229	522.690613	1.000000
0.000000	-11008.758789	554.018005	1.000000
0.000000	28171368.000000	16549397.000000	1.000000
0.000000	312.694366	-643.347900	1.000000
0.000000	-32771.109375	266766.250000	1.000000
0.000000	-238.905518	5.015963	1.000000
0.000000	1490.484619	2669.563477	1.000000
0.000000	4534.100098	10681.383789	1.000000
0.000000	-48516.742188	-126250.796875	1.000000
0.000000	47.836857	-518.690308	1.000000
0.000000	1929694.125000	165234.671875	1.000000
0.000000	-180104.140625	-177937.812500	1.000000
0.000000	-70216.054688	13733.637695	1.000000
0.000000	268.909943	-124.614777	1.000000
0.000000	-131112.406250	14968.738281	1.000000
0.000000	-1077.878540	237.738220	1.000000
0.000000	-1330.931519	995.866333	1.000000
0.000000	-1188.339600	1175.473511	1.000000
0.000000	49261.550781	57561.843750	1.000000
0.000000	83870.960938	3678.671143	1.000000
0.000000	1063.633911	-400.835449	1.000000
0.000000	-359.750946	-276.777924	1.000000
0.000000	-1589278.625000	-1200867.375000	1.000000
0.000000	-275.768005	144.640793	1.000000
0.000000	2590553.750000	19370.269531	1.000000
0.000000	137.094849	-187.714859	1.000000
0.000000	-10451.300781	13197.880859	1.000000
0.000000	1826645.375000	135385.046875	1.000000
0.000000	-1564.385132	796.817139	1.000000
0.373264	273.113220	50.266026	1.000000
0.000000	351.221252	-30.669937	1.000000
0.000000	446.690125	960.203552	1.000000
0.000000	-10619.834961	7419.005371	1.000000
0.000000	-374.344971	161.154449	1.000000
0.000000	27333.998047	25899.152344	1.000000
0.000000	75.259071	295.270294	1.000000
0.000000	273.103607	499.703339	1.000000
0.000000	-46.699474	-9053.736328	1.000000
0.000000	-5602.718262	9773.427734	1.000000
0.000000	459153.406250	25582.328125	1.000000
0.000000	-1016.666687	1100.343262	1.000000
0.000000	2177.923828	-5259.714355	1.000000
0.000000	3487.095215	-2090.703857	1.000000
0.000000	141.078766	72.769638	1.000000
0.000000	224.528168	180.016418	1.000000
0.000000	965.970581	-740.082031	1.000000
0.000000	1207.710083	11729.995117	1.000000
0.000000	18040.386719	-23785.486328	1.000000
0.000000	319.973480	-16.712456	1.000000
0.000000	-13.302720	-208.740326	1.000000
0.000000	1147.183838	1174.564209	1.000000
0.000000	410.591248	-45.650433	1.000000
0.000000	106.714561	170.768692	1.000000
0.000000	-1436.610840	132.360443	1.000000
0.000000	75312.453125	-7408.720703	1.000000
0.000000	81.378014	401.403137	1.000000
0.000000	-211.566635	-720.712036	1.000000
0.000000	1178.760498	-9601.980469	1.000000
0.000000	265.799164	292.033875	1.000000
0.000000	235.546692	217.552353	1.000000
0.000000	-3863.803955	-4607.512207	1.000000
0.000000	510.642670	231.973984	1.000000
0.000000	-2026.317505	-2966.381104	1.000000
0.000000	4.491693	268.745667	1.000000
0.000000	22243.156250	39087.968750	1.000000
0.000000	345.981171	-23.911623	1.000000
0.000000	880.448059	-549.900940	1.000000
0.000000	1248.740967	698.035583	1.000000
0.000000	-319.554352	629.388916	1.000000
0.000000	138.534439	-311.377899	1.000000
0.000000	9581.569336	4848.410645	1.000000
0.000000	-92680.937500	-330211.156250	1.000000
0.000000	7980.329590	16948.953125	1.000000
0.000000	207.482849	-181.229874	1.000000
0.000000	3397.409424	-918.157959	1.000000
0.000000	-423350.500000	-81944.968750	1.000000
0.000000	-44105600.000000	-10494824.000000	1.000000
0.000000	6020.709961	-4589.555176	1.000000
0.000000	-285.946503	150.673981	1.000000
0.000000	1020.985596	-1697.766479	1.000000
0.000000	5857.770508	360.258545	1.000000
0.000000	-255.689041	-97.286034	1.000000
0.000000	-477.287415	1016.936401	1.000000
0.000000	-18780.876953	76.173065	1.000000
0.000000	-621.817200	-156.810989	1.000000
0.000000	297.897675	-340.468475	1.000000
0.000000	14539.302734	-11041.604492	1.000000
