0.000000	31496.781250	455813.750000	1.000000
0.000000	215001.375000	175259.390625	1.000000
0.000000	1188.412842	-12791.077148	1.000000
0.000000	-507.876282	648.494690	1.000000
0.000000	16887.560547	27380.062500	1.000000
0.000000	-13680.844727	751.600769	1.000000
0.000000	-670.796570	-2460.750732	1.000000
0.000000	-595291.812500	1523932.125000	1.000000
0.000000	3580.647217	-2190.727539	1.000000
0.000000	9292453.000000	3386659.750000	1.000000
0.000000	78697400.000000	19959642.000000	1.000000
0.000000	-291.067505	-189.231323	1.000000
0.000000	-302.672180	110.897308	1.000000
0.000000	91.968163	-259.978058	1.000000
0.000000	-73337376.000000	-31090268.000000	1.000000
0.000000	749.235413	-4510.796387	1.000000
0.000000	378.450195	-424.656006	1.000000
0.000000	-6178.821777	7819.873047	1.000000
0.000000	-987.283142	200.414459	1.000000
0.000000	-309.049957	302.550568	1.000000
0.000000	925.344055	8025.475586	1.000000
0.000000	10260.859375	85045.695312	1.000000
0.000000	-50.854183	838.467896	1.000000
0.000000	242.864868	82.787247	1.000000
0.000000	-207107.828125	-53347.832031	1.000000
0.000000	431.453583	-57.591278	1.000000
0.000000	10387.448242	35359.894531	1.000000
0.000000	-3944.971436	11576.822266	1.000000
0.000000	424.092102	-188.599518	1.000000
0.000000	-61452.070312	-273296.843750	1.000000
0.000000	5162.532227	-8889.363281	1.000000
0.000000	4896.754883	910.842651	1.000000
0.000000	-280.739685	469.071014	1.000000
0.000000	-549.954285	-195.335068	1.000000
0.000000	-253.982956	-44.080830	1.000000
0.000000	4878.539062	2788.416260	1.000000
0.000000	-6.588154	-73.814613	1.000000
0.000000	-5752.734863	-1516.670776	1.000000
0.000000	-246273.265625	-73749.218750	1.000000
0.000000	-46722.605469	-6171.281738	1.000000
0.000000	479.906586	100.744553	1.000000
0.000000	549.588928	-0.901469	1.000000
0.000000	-1.999293	254.967697	1.000000
0.374601	-88.071655	-151.445847	1.000000
0.000000	49.892269	251.903931	1.000000
0.000000	-566.902161	-257.170380	1.000000
0.000000	-4067.147461	3344.738770	1.000000
0.000000	-836.587158	443.576691	1.000000
0.000000	-115.875992	-273.530396	1.000000
0.000000	-270.938538	-84.563881	1.000000
0.000000	7056.630371	6278.080078	1.000000
0.000000	-877.049988	1680.938110	1.000000
0.000000	18.352762	1335.561035	1.000000
0.000000	-3405.324951	-11637.340820	1.000000
0.000000	312.657593	-34.247330	1.000000
0.000000	-16.198156	-280.376465	1.000000
0.000000	144.319321	117.295029	1.000000
0.000000	29405522.000000	-21550876.000000	1.000000
0.000000	-565.651672	1670.200806	1.000000
0.000000	489.053314	530.866516	1.000000
0.000000	1705.872192	26230.587891	1.000000
0.000000	3268.881348	-1661.907715	1.000000
0.000000	-97.049248	-263.690002	1.000000
0.000000	167.950043	-372.449005	1.000000
0.000000	5378.268066	-2910.292480	1.000000
0.000000	401104.062500	-1051564.750000	1.000000
0.000000	40196.421875	142544.250000	1.000000
0.000000	899154304.000000	-490293056.000000	1.000000
0.000000	5109.405273	-14880.552734	1.000000
0.000000	-11819835.000000	-661293.187500	1.000000
0.000000	10617.584961	-15106.477539	1.000000
0.000000	-22.800320	-369.641083	1.000000
0.000000	-278.062500	-774.635437	1.000000
0.000000	-494.930725	921.883545	1.000000
0.000000	424321.437500	2488.655029	1.000000
0.000000	-9352.451172	10637.497070	1.000000
0.000000	-182.001190	537.400940	1.000000
0.000000	31.910030	-292.668671	1.000000
0.000000	3422.548340	-13293.782227	1.000000
0.000000	-935690816.000000	516809408.000000	1.000000
0.000000	1333545.500000	80249.734375	1.000000
0.000000	370744.937500	-121733.015625	1.000000
0.000000	282462.000000	227397.531250	1.000000
0.000000	24896.916016	-23134.480469	1.000000
0.000000	2203343.750000	933656.937500	1.000000
0.000000	-154.297958	223.425812	1.000000
0.000000	84.064468	-34.745777	1.000000
0.000000	-3164.188721	-365.748291	1.000000
0.000000	-1671.471802	1722.828735	1.000000
0.000000	100.408058	281.878052	1.000000
0.000000	11.041027	-50.065533	1.000000
0.000000	-1215.870483	1099.618530	1.000000
0.000000	914.902893	-188.420837	1.000000
0.000000	234.976608	-181.263626	1.000000
0.000000	-4355021.000000	2416277.250000	1.000000
0.000000	1108.003662	613.534851	1.000000
0.000000	-124.847336	-88056.343750	1.000000
0.000000	1711789.125000	-2028472.500000	1.000000
0.000000	812.514771	-1510.188477	1.000000
0.000000	-262.010803	-5302.993652	1.000000
0.000000	691415.187500	-227439.718750	1.000000
0.000000	12310197.000000	-6573529.500000	1.000000
0.000000	-21945.341797	-21508.371094	1.000000
0.000000	170674.703125	-24526.714844	1.000000
0.000000	25.289051	187.984375	1.000000
0.000000	288.709930	-33.373398	1.000000
0.000000	622.454773	-1788.336670	1.000000
0.000000	-147.855103	-240.672775	1.000000
0.000000	105.979080	-266.335541	1.000000
0.000000	-882.072754	1067.472778	1.000000
0.000000	-208.103500	-3113.088135	1.000000
0.000000	-53864.351562	119833.890625	1.000000
0.000000	87.982391	244.149139	1.000000
0.000000	-348.358368	25.532476	1.000000
0.000000	-136.302856	-1077.868530	1.000000
0.000000	-64617.214844	15542.894531	1.000000
0.000000	2433.117920	780.446594	1.000000
0.000000	55779.082031	149580.234375	1.000000
0.000000	-13228.334961	6604.448242	1.000000
0.000000	-41776.410156	-29788.554688	1.000000
0.000000	-8460.809570	13808.160156	1.000000
0.000000	300.837402	338.454712	1.000000
0.000000	-304.943176	165.360245	1.000000
0.000000	1548.389160	3183.914795	1.000000
0.000000	623.142944	-412.486908	1.000000
0.000000	1929.478760	127.899849	1.000000
0.000000	564.612061	-526.870667	1.000000
0.000000	13993.087891	-14229.113281	1.000000
0.000000	-291.586792	-129.601181	1.000000
0.000000	-1162.565918	1533.717896	1.000000
0.000000	223.069000	248.209030	1.000000
0.000000	-13351.049805	-2980.418213	1.000000
0.000000	-28656.253906	-61503.234375	1.000000
0.000000	1692.250732	8043.219727	1.000000
0.000000	-2537.994141	1857.660645	1.000000
0.000000	80.697952	-144.303543	1.000000
0.000000	80.159042	222.572662	1.000000
0.000000	-3832.349854	-16046.344727	1.000000
0.000000	748.914612	-32.215446	1.000000
0.000000	-8763.880859	12931.160156	1.000000
0.000000	-901.301147	-3160.560547	1.000000
0.000000	944.480286	552.466736	1.000000
0.000000	268.533478	-249.747467	1.000000
0.000000	-5665.956543	-20514.224609	1.000000
0.000000	0.861609	-302.821564	1.000000
0.000000	22520.234375	-24578.013672	1.000000
0.000000	-286.010223	-160.692978	1.000000
0.000000	-3300464.250000	1376390.750000	1.000000
0.000000	-17981.994141	-1240.864868	1.000000
0.000000	-48.939339	558.219360	1.000000
0.000000	151.281342	-323.154388	1.000000
0.000000	6677.564941	2724.327148	1.000000
0.000000	-26154.755859	-23371.863281	1.000000
0.000000	-586712.625000	317448.281250	1.000000
0.000000	-108536.234375	249106.671875	1.000000
0.000000	38048.421875	-56191.003906	1.000000
0.000000	585.504883	-1704.385864	1.000000
0.000000	110.432564	148.123886	1.000000
0.000000	-214.895630	-446.990112	1.000000
0.000000	-381.403503	658.395386	1.000000
0.000000	4112436.000000	2116301.500000	1.000000
0.000000	145.483658	206.375839	1.000000
0.000000	-45266.527344	75938.875000	1.000000
0.000000	683.797302	1683.282959	1.000000
0.000000	4809.212402	12569.778320	1.000000
0.000000	621.582581	1631.107422	1.000000
0.000000	-44081.699219	2349.325928	1.000000
0.000000	245748.296875	-842228.687500	1.000000
0.000000	-204.704559	-131.339096	1.000000
0.000000	420.991913	-131.964844	1.000000
0.000000	-32990.847656	-139984.046875	1.000000
0.000000	-14329.463867	-13587.031250	1.000000
0.000000	-358.229736	-80.970680	1.000000
0.000000	-323568.281250	730136.875000	1.000000
0.000000	-31382.464844	-19683.496094	1.000000
0.000000	-402.046661	-1068.230835	1.000000
0.000000	141.232193	-332.611908	1.000000
0.000000	-3651.996582	-12768.218750	1.000000
0.000000	85.147308	-295.765045	1.000000
0.000000	3194.084473	3020.844238	1.000000
0.000000	16.854523	205.677353	1.000000
0.000000	799208.937500	-982912.687500	1.000000
0.000000	-356.320648	403.865295	1.000000
0.000000	-3304.174072	-2084.056885	1.000000
0.000000	-21.652874	2873.539307	1.000000
0.000000	-298.785461	281.035858	1.000000
0.000000	19865.119141	10519.085938	1.000000
0.000000	46.644268	590.262878	1.000000
0.000000	-3339.074219	-1904.897583	1.000000
0.000000	65092.214844	112636.007812	1.000000
0.000000	247.565643	194.897522	1.000000
0.000000	484892.843750	100783.984375	1.000000
0.000000	-222.050690	212.857452	1.000000
0.000000	80.571846	264.793701	1.000000
0.000000	314.910797	87.925591	1.000000
0.000000	-261.854553	-94.074249	1.000000
0.000000	-52433.769531	-3036.123291	1.000000
0.000000	11382.249023	1353.722046	1.000000
0.374601	-86.417549	-156.485291	1.000000
0.000000	-13.598394	1772.967041	1.000000
0.000000	-7871.425293	-93116.421875	1.000000
0.000000	-548.616211	1134.092041	1.000000
0.000000	-23.149328	277.527832	1.000000
0.000000	299.060211	-67.047539	1.000000
0.000000	54.437160	309.574890	1.000000
0.000000	-42872.488281	-77740.195312	1.000000
0.000000	327.133698	-1069.970947	1.000000
0.000000	-31.812218	296.893860	1.000000
0.000000	-72.454796	-220.446869	1.000000
0.000000	-456.134766	679.266479	1.000000
0.000000	370.040619	88.895782	1.000000
0.000000	208.623260	968.179321	1.000000
0.000000	-164.713623	131.070908	1.000000
0.000000	214.606720	495.439667	1.000000
0.000000	-10962.938477	557.387146	1.000000
0.000000	28171368.000000	16549397.000000	1.000000
0.000000	281.670197	-609.375732	1.000000
0.000000	-32789.078125	266795.000000	1.000000
0.000000	-192.916748	6.184633	1.000000
0.000000	1452.188721	2694.944336	1.000000
0.000000	4579.021973	10670.602539	1.000000
0.000000	-48563.460938	-126250.796875	1.000000
0.000000	88.223022	-496.678558	1.000000
0.000000	1929694.125000	165205.921875	1.000000
0.000000	-180147.265625	-177937.812500	1.000000
0.000000	-70180.117188	13759.692383	1.000000
0.000000	241.254898	-87.856049	1.000000
0.000000	-131098.031250	14924.714844	1.000000
0.000000	-1036.887329	216.933777	1.000000
0.000000	-1302.069214	1031.647339	1.000000
0.000000	-1176.435303	1131.000854	1.000000
0.000000	49250.769531	57518.718750	1.000000
0.000000	83906.898438	3706.298096	1.000000
0.000000	1019.829773	-414.817383	1.000000
0.000000	-318.872040	-255.692917	1.000000
0.000000	-1589278.625000	-1200867.375000	1.000000
0.000000	-231.379593	132.554001	1.000000
0.000000	2590553.750000	19328.941406	1.000000
0.000000	121.116486	-144.575821	1.000000
0.000000	-10424.347656	13160.146484	1.000000
0.000000	1826645.375000	135413.796875	1.000000
0.000000	-1569.663452	751.109131	1.000000
0.000000	228.516571	40.140293	1.000000
0.000000	314.744629	-9.895947	1.000000
0.000000	483.413757	987.886658	1.000000
0.000000	-10588.389648	7385.313965	1.000000
0.000000	-329.254639	152.043732	1.000000
0.000000	27332.201172	25852.433594	1.000000
0.000000	41.679970	263.824982	1.000000
0.000000	271.025970	453.742645	1.000000
0.000000	-1.949615	-9064.517578	1.000000
0.000000	-5556.897949	9772.529297	1.000000
0.000000	459124.656250	25616.468750	1.000000
0.000000	-973.541687	1084.395996	1.000000
0.000000	2140.863281	-5287.116699	1.000000
0.000000	3486.196777	-2044.658936	1.000000
0.000000	115.919144	34.260460	1.000000
0.000000	185.193451	156.179749	1.000000
0.000000	985.792358	-698.585449	1.000000
0.000000	1202.431763	11775.815430	1.000000
0.000000	18085.308594	-23776.501953	1.000000
0.000000	274.097015	-13.368572	1.000000
0.000000	-15.879586	-162.807709	1.000000
0.000000	1185.367432	1148.958740	1.000000
0.000000	364.602478	-44.474743	1.000000
0.000000	99.337547	125.369118	1.000000
0.000000	-1480.409668	118.331566	1.000000
0.000000	75269.328125	-7413.662109	1.000000
0.000000	69.129784	357.070862	1.000000
0.000000	-257.568970	-720.712036	1.000000
0.000000	1181.680420	-9647.800781	1.000000
0.000000	237.984772	255.394470	1.000000
0.000000	200.465515	187.805649	1.000000
0.000000	-3884.917236	-4648.391113	1.000000
0.000000	465.271576	224.477646	1.000000
0.000000	-1989.369263	-2938.978760	1.000000
0.000000	-14.895709	227.024490	1.000000
0.000000	22235.968750	39041.250000	1.000000
0.000000	299.992401	-24.062532	1.000000
0.000000	834.459290	-550.687073	1.000000
0.000000	1208.985107	674.900818	1.000000
0.000000	-317.645172	583.456299	1.000000
0.000000	109.517723	-275.693085	1.000000
0.000000	9558.209961	4887.941895	1.000000
0.000000	-92702.500000	-330182.406250	1.000000
0.000000	7934.509277	16947.156250	1.000000
0.000000	177.806335	-146.078506	1.000000
0.000000	3382.360596	-961.676025	1.000000
0.000000	-423379.250000	-81909.031250	1.000000
0.000000	-44105600.000000	-10494824.000000	1.000000
0.000000	6000.045898	-4630.434082	1.000000
0.000000	-268.483124	108.113785	1.000000
0.000000	980.668213	-1719.890503	1.000000
0.000000	5893.708008	388.840088	1.000000
0.000000	-212.985184	-80.180626	1.000000
0.000000	-431.354797	1019.182495	1.000000
0.000000	-18788.064453	121.593292	1.000000
0.000000	-575.828430	-155.533524	1.000000
0.000000	292.647430	-294.760468	1.000000
0.000000	14497.076172	-11059.573242	1.000000
