0.000000	31393.187500	455911.250000	1.000000
0.000000	215050.125000	175405.640625	1.000000
0.000000	1211.645264	-12946.467773	1.000000
0.000000	-351.914368	646.209534	1.000000
0.000000	16875.373047	27221.625000	1.000000
0.000000	-13528.500977	716.371277	1.000000
0.000000	-530.830750	-2529.305420	1.000000
0.000000	-595486.812500	1523932.125000	1.000000
0.000000	3660.627686	-2056.665039	1.000000
0.000000	9292453.000000	3386659.750000	1.000000
0.000000	78697400.000000	19959642.000000	1.000000
0.000000	-441.602173	-230.078491	1.000000
0.000000	-376.558899	248.295288	1.000000
0.000000	86.231468	-415.844757	1.000000
0.000000	-73337376.000000	-31090268.000000	1.000000
0.000000	885.011780	-4434.624512	1.000000
0.000000	415.012695	-576.292847	1.000000
0.000000	-6259.563965	7953.935547	1.000000
0.000000	-986.902283	44.406433	1.000000
0.000000	-362.560699	449.086212	1.000000
0.000000	958.859680	8177.819336	1.000000
0.000000	10401.015625	85118.820312	1.000000
0.000000	-81.037285	991.573364	1.000000
0.000000	358.681854	-22.682417	1.000000
0.000000	-207010.328125	-53457.519531	1.000000
0.000000	586.985291	-45.379974	1.000000
0.000000	10384.401367	35201.457031	1.000000
0.000000	-4098.066406	11546.353516	1.000000
0.000000	560.439758	-264.390533	1.000000
0.000000	-61293.632812	-273296.843750	1.000000
0.000000	5069.602539	-8764.441406	1.000000
0.000000	5047.575195	949.309448	1.000000
0.000000	-424.609314	529.437195	1.000000
0.000000	-664.021667	-89.027695	1.000000
0.000000	-375.858734	-141.392838	1.000000
0.000000	5020.218750	2853.162354	1.000000
0.000000	-151.667694	-131.156448	1.000000
0.000000	-5873.086426	-1615.313354	1.000000
0.000000	-246224.515625	-73895.468750	1.000000
0.000000	-46600.730469	-6265.734863	1.000000
0.000000	600.232727	200.060165	1.000000
0.000000	639.662170	-128.221863	1.000000
0.000000	-3.399993	410.929932	1.000000
0.000000	-158.365250	-290.682251	1.000000
0.000000	69.283630	406.722015	1.000000
0.000000	-625.744934	-112.682236	1.000000
0.000000	-3939.178711	3255.617676	1.000000
0.000000	-925.136963	572.065979	1.000000
0.000000	-150.200943	-425.683716	1.000000
0.000000	-423.567932	-116.651283	1.000000
0.000000	7212.020996	6261.322266	1.000000
0.000000	-962.172058	1550.303345	1.000000
0.000000	-70.313492	1207.211426	1.000000
0.000000	-3495.969482	-11509.372070	1.000000
0.000000	458.507751	20.816198	1.000000
0.000000	-12.341955	-436.338379	1.000000
0.000000	300.220123	111.891586	1.000000
0.000000	29405522.000000	-21550876.000000	1.000000
0.000000	-691.335266	1762.368774	1.000000
0.000000	386.316498	648.361633	1.000000
0.000000	1625.510864	26096.525391	1.000000
0.000000	3328.295410	-1806.253418	1.000000
0.000000	-179.124451	-396.324280	1.000000
0.000000	252.119965	-503.750275	1.000000
0.000000	5282.291504	-3032.929199	1.000000
0.000000	401201.562500	-1051564.750000	1.000000
0.000000	40062.359375	142446.750000	1.000000
0.000000	899154304.000000	-490293056.000000	1.000000
0.000000	5008.858398	-14999.380859	1.000000
0.000000	-11819835.000000	-661098.187500	1.000000
0.000000	10696.803711	-14972.415039	1.000000
0.000000	-68.884308	-518.656555	1.000000
0.000000	-395.843262	-876.896179	1.000000
0.000000	-339.064026	916.551514	1.000000
0.000000	424126.437500	2449.807373	1.000000
0.000000	-9504.794922	10600.934570	1.000000
0.000000	-333.416046	499.886292	1.000000
0.000000	18.246700	-448.059296	1.000000
0.000000	3437.782715	-13449.172852	1.000000
0.000000	-935690816.000000	516809408.000000	1.000000
0.000000	1333545.500000	80395.984375	1.000000
0.000000	370939.937500	-121757.390625	1.000000
0.000000	282267.000000	227446.281250	1.000000
0.000000	24756.759766	-23061.355469	1.000000
0.000000	2203343.750000	933461.937500	1.000000
0.000000	-236.468369	356.048401	1.000000
0.000000	-68.182182	-68.761284	1.000000
0.000000	-3066.688721	-243.878036	1.000000
0.000000	-1689.753052	1877.838501	1.000000
0.000000	172.342865	420.320435	1.000000
0.000000	-29.038443	-200.837128	1.000000
0.000000	-1366.309937	1058.485718	1.000000
0.000000	1046.680176	-271.962769	1.000000
0.000000	269.663635	-29.160641	1.000000
0.000000	-4355021.000000	2416277.250000	1.000000
0.000000	1242.827881	691.801453	1.000000
0.000000	-277.517639	-88080.718750	1.000000
0.000000	1711789.125000	-2028472.500000	1.000000
0.000000	841.650513	-1357.083008	1.000000
0.000000	-133.756409	-5391.353027	1.000000
0.000000	691415.187500	-227585.968750	1.000000
0.000000	12310197.000000	-6573529.500000	1.000000
0.000000	-21981.904297	-21660.714844	1.000000
0.000000	170820.953125	-24618.121094	1.000000
0.000000	-42.128460	324.997101	1.000000
0.000000	438.006805	-78.735237	1.000000
0.000000	471.444031	-1827.184326	1.000000
0.000000	-250.496704	-358.167877	1.000000
0.000000	162.765503	-411.633392	1.000000
0.000000	-926.823730	1216.769653	1.000000
0.000000	-359.319763	-3075.002197	1.000000
0.000000	-54022.789062	119833.890625	1.000000
0.000000	143.129059	390.109619	1.000000
0.000000	-499.273895	65.047615	1.000000
0.000000	13.724895	-1035.212280	1.000000
0.000000	-64483.152344	15457.582031	1.000000
0.000000	2479.582764	929.362610	1.000000
0.000000	55900.957031	149677.734375	1.000000
0.000000	-13377.631836	6555.698242	1.000000
0.000000	-41898.285156	-29697.148438	1.000000
0.000000	-8332.840820	13896.519531	1.000000
0.000000	441.755371	405.295532	1.000000
0.000000	-419.867493	270.899170	1.000000
0.000000	1660.742676	3075.750732	1.000000
0.000000	773.772827	-453.143646	1.000000
0.000000	1829.312744	8.334001	1.000000
0.000000	595.080811	-679.785706	1.000000
0.000000	13959.572266	-14381.457031	1.000000
0.000000	-424.601929	-211.057480	1.000000
0.000000	-1221.599121	1389.372192	1.000000
0.000000	334.565582	357.325226	1.000000
0.000000	-13198.706055	-3014.695557	1.000000
0.000000	-28753.753906	-61625.109375	1.000000
0.000000	1777.563232	8174.235352	1.000000
0.000000	-2442.779297	1734.262207	1.000000
0.000000	223.432892	-207.240555	1.000000
0.000000	-23.026873	105.558189	1.000000
0.000000	-3733.326416	-15924.469727	1.000000
0.000000	898.782776	11.317048	1.000000
0.000000	-8919.271484	12943.347656	1.000000
0.000000	-854.265015	-3309.095703	1.000000
0.000000	927.532043	707.476501	1.000000
0.000000	420.972443	-282.873230	1.000000
0.000000	-5512.089355	-20489.849609	1.000000
0.000000	9.067938	-458.593048	1.000000
0.000000	22477.578125	-24730.357422	1.000000
0.000000	-391.222626	-275.902954	1.000000
0.000000	-3300464.250000	1376390.750000	1.000000
0.000000	-18036.837891	-1386.353149	1.000000
0.000000	-114.545097	699.708618	1.000000
0.000000	203.268646	-470.261322	1.000000
0.000000	6727.838379	2576.553711	1.000000
0.000000	-26008.505859	-23323.113281	1.000000
0.000000	-586712.625000	317545.781250	1.000000
0.000000	-108536.234375	248960.421875	1.000000
0.000000	37889.984375	-56191.003906	1.000000
0.000000	686.432617	-1823.213989	1.000000
0.000000	185.366653	284.947601	1.000000
0.000000	-250.553589	-295.122437	1.000000
0.000000	-423.964539	808.453979	1.000000
0.000000	4112436.000000	2116301.500000	1.000000
0.000000	298.398712	237.177841	1.000000
0.000000	-45327.464844	76085.125000	1.000000
0.000000	824.524841	1750.695068	1.000000
0.000000	4960.032715	12530.168945	1.000000
0.000000	606.157776	1475.716797	1.000000
0.000000	-44191.386719	2463.583740	1.000000
0.000000	245602.046875	-842228.687500	1.000000
0.000000	-345.812958	-197.799057	1.000000
0.000000	576.572937	-119.936134	1.000000
0.000000	-32929.910156	-140130.296875	1.000000
0.000000	-14381.260742	-13440.781250	1.000000
0.000000	-514.001221	-88.873512	1.000000
0.000000	-323763.281250	730136.875000	1.000000
0.000000	-31248.402344	-19604.277344	1.000000
0.000000	-543.080811	-1134.881226	1.000000
0.000000	183.364761	-482.765717	1.000000
0.000000	-3502.699707	-12813.921875	1.000000
0.000000	130.256531	-445.061920	1.000000
0.000000	3240.549316	2872.309082	1.000000
0.000000	90.970978	72.055092	1.000000
0.000000	799013.937500	-982912.687500	1.000000
0.000000	-510.187836	429.858948	1.000000
0.000000	-3154.877197	-2128.236572	1.000000
0.000000	-54.432461	3025.883057	1.000000
0.000000	-408.853821	391.580292	1.000000
0.000000	19785.900391	10653.148438	1.000000
0.000000	200.404999	563.983582	1.000000
0.000000	-3487.609375	-1953.647583	1.000000
0.000000	65140.964844	112782.257812	1.000000
0.000000	362.585175	300.272736	1.000000
0.000000	484892.843750	100930.234375	1.000000
0.000000	-334.880280	320.564514	1.000000
0.000000	78.596138	420.755615	1.000000
0.000000	341.666168	241.602356	1.000000
0.000000	-417.530823	-104.000397	1.000000
0.000000	-52372.832031	-2894.443604	1.000000
0.000000	11464.514648	1486.261108	1.000000
0.000000	-44.011406	-306.635162	1.000000
0.000000	77.495491	1646.140869	1.000000
0.000000	-7879.042480	-93262.671875	1.000000
0.000000	-642.117188	1009.170166	1.000000
0.000000	-126.214684	394.642090	1.000000
0.000000	448.166656	-112.917290	1.000000
0.000000	62.982693	465.346375	1.000000
0.000000	-42994.363281	-77642.695312	1.000000
0.000000	205.183334	-1167.470947	1.000000
0.000000	49.386017	430.099426	1.000000
0.000000	-142.266220	-80.949089	1.000000
0.000000	-470.416992	834.657104	1.000000
0.000000	479.061615	-22.687620	1.000000
0.000000	245.709442	1119.761353	1.000000
0.000000	-237.695801	268.941986	1.000000
0.000000	340.274628	587.815125	1.000000
0.000000	-11118.329102	545.961365	1.000000
0.000000	28171368.000000	16549397.000000	1.000000
0.000000	386.882599	-724.585693	1.000000
0.000000	-32728.140625	266697.500000	1.000000
0.000000	-348.878662	2.220981	1.000000
0.000000	1582.061768	2608.870117	1.000000
0.000000	4426.678223	10707.165039	1.000000
0.000000	-48405.023438	-126250.796875	1.000000
0.000000	-48.734295	-571.327026	1.000000
0.000000	1929694.125000	165303.421875	1.000000
0.000000	-180001.015625	-177937.812500	1.000000
0.000000	-70301.992188	13671.333008	1.000000
0.000000	335.041534	-212.499939	1.000000
0.000000	-131146.781250	15074.011719	1.000000
0.000000	-1175.901001	287.487976	1.000000
0.000000	-1399.950073	910.331665	1.000000
0.000000	-1216.806396	1281.821167	1.000000
0.000000	49287.332031	57664.968750	1.000000
0.000000	83785.023438	3612.606689	1.000000
0.000000	1168.370239	-367.400391	1.000000
0.000000	-457.504852	-327.199066	1.000000
0.000000	-1589278.625000	-1200867.375000	1.000000
0.000000	-381.914246	173.543991	1.000000
0.000000	2590553.750000	19469.097656	1.000000
0.000000	175.296753	-290.862091	1.000000
0.000000	-10515.753906	13288.115234	1.000000
0.000000	1826645.375000	135316.296875	1.000000
0.000000	-1551.763062	906.118896	1.000000
0.000000	379.587372	74.829170	1.000000
0.000000	442.731262	-91.732559	1.000000
0.000000	358.872742	894.004822	1.000000
0.000000	-10695.030273	7499.571777	1.000000
0.000000	-482.169678	182.940948	1.000000
0.000000	27338.294922	26010.871094	1.000000
0.000000	155.556915	370.465607	1.000000
0.000000	278.071869	609.549744	1.000000
0.000000	-153.707123	-9027.955078	1.000000
0.000000	-5712.288574	9775.576172	1.000000
0.000000	459222.156250	25500.687500	1.000000
0.000000	-1119.791748	1138.478027	1.000000
0.000000	2266.546875	-5194.187012	1.000000
0.000000	3489.243652	-2200.811279	1.000000
0.000000	201.235016	164.850327	1.000000
0.000000	318.589447	237.017151	1.000000
0.000000	918.570679	-839.312988	1.000000
0.000000	1220.332153	11620.424805	1.000000
0.000000	17932.964844	-23806.970703	1.000000
0.000000	429.678070	-24.710350	1.000000
0.000000	-7.140795	-318.579193	1.000000
0.000000	1055.875244	1235.794678	1.000000
0.000000	520.564392	-48.461864	1.000000
0.000000	124.355247	279.331940	1.000000
0.000000	-1331.874512	165.896210	1.000000
0.000000	75415.578125	-7396.904297	1.000000
0.000000	110.667259	507.415100	1.000000
0.000000	-101.559921	-720.712036	1.000000
0.000000	1171.778076	-9492.410156	1.000000
0.000000	332.333588	379.649841	1.000000
0.000000	319.461853	288.701202	1.000000
0.000000	-3813.315674	-4509.758301	1.000000
0.000000	619.138794	249.900009	1.000000
0.000000	-2114.469238	-3031.908447	1.000000
0.000000	50.851467	368.513733	1.000000
0.000000	22260.343750	39199.687500	1.000000
0.000000	455.954315	-23.550753	1.000000
0.000000	990.421204	-548.021057	1.000000
0.000000	1343.809326	753.357849	1.000000
0.000000	-324.119781	739.227783	1.000000
0.000000	207.922256	-396.711151	1.000000
0.000000	9637.428711	4753.879395	1.000000
0.000000	-92629.375000	-330279.906250	1.000000
0.000000	8089.899902	16953.250000	1.000000
0.000000	278.448425	-265.287476	1.000000
0.000000	3433.395752	-814.093018	1.000000
0.000000	-423281.750000	-82030.906250	1.000000
0.000000	-44105600.000000	-10494824.000000	1.000000
0.000000	6070.124023	-4491.801270	1.000000
0.000000	-327.706757	252.456207	1.000000
0.000000	1117.396729	-1644.861206	1.000000
0.000000	5771.833008	291.911377	1.000000
0.000000	-357.806946	-138.186081	1.000000
0.000000	-587.126282	1011.565308	1.000000
0.000000	-18763.689453	-32.433533	1.000000
0.000000	-731.790344	-159.865799	1.000000
0.000000	310.452606	-449.770233	1.000000
0.000000	14640.279297	-10998.635742	1.000000
