0.000000	31372.601562	455930.625000	1.000000
0.000000	215059.812500	175434.703125	1.000000
0.000000	1216.261963	-12977.346680	1.000000
0.000000	-320.921936	645.755432	1.000000
0.000000	16872.951172	27190.140625	1.000000
0.000000	-13498.227539	709.370544	1.000000
0.000000	-503.010895	-2542.928467	1.000000
0.000000	-595525.562500	1523932.125000	1.000000
0.000000	3676.521240	-2030.024414	1.000000
0.000000	9292453.000000	3386659.750000	1.000000
0.000000	78697400.000000	19959642.000000	1.000000
0.000000	-471.516113	-238.195557	1.000000
0.000000	-391.241516	275.598145	1.000000
0.000000	85.091484	-446.818268	1.000000
0.000000	-73337376.000000	-31090268.000000	1.000000
0.000000	911.992981	-4419.487793	1.000000
0.000000	422.278320	-606.414917	1.000000
0.000000	-6275.608887	7980.576172	1.000000
0.000000	-986.826599	13.406857	1.000000
0.000000	-373.194244	478.205475	1.000000
0.000000	965.519836	8208.092773	1.000000
0.000000	10428.867188	85133.351562	1.000000
0.000000	-87.035210	1021.998169	1.000000
0.000000	381.500458	-43.665169	1.000000
0.000000	-206990.953125	-53479.316406	1.000000
0.000000	617.902039	-42.953369	1.000000
0.000000	10383.795898	35169.972656	1.000000
0.000000	-4128.339844	11540.298828	1.000000
0.000000	587.534485	-279.451569	1.000000
0.000000	-61262.148438	-273296.843750	1.000000
0.000000	5051.135742	-8739.617188	1.000000
0.000000	5077.545898	956.953491	1.000000
0.000000	-453.198792	541.433044	1.000000
0.000000	-686.688904	-67.902512	1.000000
0.000000	-400.077484	-160.729996	1.000000
0.000000	5048.373047	2866.028564	1.000000
0.000000	-180.493683	-142.546829	1.000000
0.000000	-5897.002441	-1634.915405	1.000000
0.000000	-246214.828125	-73924.531250	1.000000
0.000000	-46576.511719	-6284.504395	1.000000
0.000000	624.148743	219.794662	1.000000
0.000000	657.561340	-153.519104	1.000000
0.000000	-3.678337	441.922363	1.000000
0.000000	-172.328873	-318.363525	1.000000
0.000000	73.138763	437.487396	1.000000
0.000000	-637.438049	-83.969772	1.000000
0.000000	-3913.749023	3237.907715	1.000000
0.000000	-942.733398	597.609192	1.000000
0.000000	-157.021927	-455.919312	1.000000
0.000000	-453.898132	-123.027626	1.000000
0.000000	7242.899902	6257.992188	1.000000
0.000000	-979.087341	1524.343872	1.000000
0.000000	-87.933578	1181.706055	1.000000
0.000000	-3513.982178	-11483.942383	1.000000
0.000000	487.135071	32.704506	1.000000
0.000000	-11.575659	-467.330811	1.000000
0.000000	331.193634	110.817825	1.000000
0.000000	29405522.000000	-21550876.000000	1.000000
0.000000	-716.310852	1780.684204	1.000000
0.000000	365.900848	671.710022	1.000000
0.000000	1609.541626	26069.884766	1.000000
0.000000	3340.102051	-1834.937500	1.000000
0.000000	-195.434265	-422.681091	1.000000
0.000000	268.846039	-529.855103	1.000000
0.000000	5263.219238	-3057.299316	1.000000
0.000000	401220.937500	-1051564.750000	1.000000
0.000000	40035.718750	142427.375000	1.000000
0.000000	899154304.000000	-490293056.000000	1.000000
0.000000	4988.877930	-15022.994141	1.000000
0.000000	-11819835.000000	-661059.437500	1.000000
0.000000	10712.545898	-14945.774414	1.000000
0.000000	-78.042023	-548.286682	1.000000
0.000000	-419.248413	-897.217224	1.000000
0.000000	-308.090515	915.491943	1.000000
0.000000	424087.687500	2442.087646	1.000000
0.000000	-9535.068359	10593.668945	1.000000
0.000000	-363.500275	492.431458	1.000000
0.000000	15.531653	-478.938202	1.000000
0.000000	3440.810059	-13480.051758	1.000000
0.000000	-935690816.000000	516809408.000000	1.000000
0.000000	1333545.500000	80425.046875	1.000000
0.000000	370978.687500	-121762.234375	1.000000
0.000000	282228.250000	227455.968750	1.000000
0.000000	24728.908203	-23046.824219	1.000000
0.000000	2203343.750000	933423.187500	1.000000
0.000000	-252.797104	382.405212	1.000000
0.000000	-98.436699	-75.520775	1.000000
0.000000	-3047.313721	-219.668747	1.000000
0.000000	-1693.385864	1908.641724	1.000000
0.000000	186.637604	447.831421	1.000000
0.000000	-37.002216	-230.798370	1.000000
0.000000	-1396.204956	1050.311890	1.000000
0.000000	1072.866699	-288.556396	1.000000
0.000000	276.550842	1.063381	1.000000
0.000000	-4355021.000000	2416277.250000	1.000000
0.000000	1269.619873	707.354431	1.000000
0.000000	-307.847839	-88085.562500	1.000000
0.000000	1711789.125000	-2028472.500000	1.000000
0.000000	847.440308	-1326.658203	1.000000
0.000000	-108.266296	-5408.911621	1.000000
0.000000	691415.187500	-227615.031250	1.000000
0.000000	12310197.000000	-6573529.500000	1.000000
0.000000	-21989.169922	-21690.988281	1.000000
0.000000	170850.015625	-24636.285156	1.000000
0.000000	-55.470058	352.981110	1.000000
0.000000	467.674774	-87.751045	1.000000
0.000000	441.435486	-1834.904053	1.000000
0.000000	-270.893433	-381.516266	1.000000
0.000000	174.051819	-440.506683	1.000000
0.000000	-935.716553	1246.437622	1.000000
0.000000	-389.366150	-3067.433838	1.000000
0.000000	-54054.273438	119833.890625	1.000000
0.000000	154.084259	419.115356	1.000000
0.000000	-529.252625	72.899788	1.000000
0.000000	43.537182	-1026.735718	1.000000
0.000000	-64456.511719	15440.628906	1.000000
0.000000	2488.816162	958.954895	1.000000
0.000000	55925.175781	149697.109375	1.000000
0.000000	-13407.299805	6546.010742	1.000000
0.000000	-41922.503906	-29678.984375	1.000000
0.000000	-8307.411133	13914.078125	1.000000
0.000000	469.758301	418.578003	1.000000
0.000000	-442.705017	291.863525	1.000000
0.000000	1683.069336	3054.256592	1.000000
0.000000	803.705688	-461.222870	1.000000
0.000000	1809.407959	-15.425337	1.000000
0.000000	601.135498	-710.172668	1.000000
0.000000	13952.912109	-14411.730469	1.000000
0.000000	-451.034424	-227.244308	1.000000
0.000000	-1233.330078	1360.688110	1.000000
0.000000	356.721954	379.008575	1.000000
0.000000	-13168.432617	-3021.507080	1.000000
0.000000	-28773.128906	-61649.328125	1.000000
0.000000	1794.516357	8200.270508	1.000000
0.000000	-2423.858398	1709.740723	1.000000
0.000000	251.795319	-219.747269	1.000000
0.000000	-43.531879	82.309135	1.000000
0.000000	-3713.648682	-15900.250977	1.000000
0.000000	928.564270	19.967766	1.000000
0.000000	-8950.150391	12945.769531	1.000000
0.000000	-844.918091	-3338.612305	1.000000
0.000000	924.164124	738.279724	1.000000
0.000000	451.264801	-289.457703	1.000000
0.000000	-5481.513184	-20485.005859	1.000000
0.000000	10.698683	-489.547638	1.000000
0.000000	22469.101562	-24760.630859	1.000000
0.000000	-412.130219	-298.797241	1.000000
0.000000	-3300464.250000	1376390.750000	1.000000
0.000000	-18047.736328	-1415.264282	1.000000
0.000000	-127.581596	727.825073	1.000000
0.000000	213.599457	-499.494110	1.000000
0.000000	6737.828613	2547.188477	1.000000
0.000000	-25979.443359	-23313.425781	1.000000
0.000000	-586712.625000	317565.156250	1.000000
0.000000	-108536.234375	248931.359375	1.000000
0.000000	37858.500000	-56191.003906	1.000000
0.000000	706.488770	-1846.827271	1.000000
0.000000	200.257401	312.136932	1.000000
0.000000	-257.641663	-264.943604	1.000000
0.000000	-432.422180	838.273315	1.000000
0.000000	4112436.000000	2116301.500000	1.000000
0.000000	328.785675	243.298752	1.000000
0.000000	-45339.574219	76114.187500	1.000000
0.000000	852.489929	1764.091064	1.000000
0.000000	4990.003418	12522.297852	1.000000
0.000000	603.092590	1444.837891	1.000000
0.000000	-44213.183594	2486.288818	1.000000
0.000000	245572.984375	-842228.687500	1.000000
0.000000	-373.853729	-211.005844	1.000000
0.000000	607.489685	-117.547371	1.000000
0.000000	-32917.800781	-140159.359375	1.000000
0.000000	-14391.553711	-13411.718750	1.000000
0.000000	-544.955811	-90.443947	1.000000
0.000000	-323802.031250	730136.875000	1.000000
0.000000	-31221.761719	-19588.535156	1.000000
0.000000	-571.121582	-1148.125854	1.000000
0.000000	191.737259	-512.604370	1.000000
0.000000	-3473.031738	-12823.003906	1.000000
0.000000	139.225037	-474.729889	1.000000
0.000000	3249.782715	2842.792480	1.000000
0.000000	105.644135	44.747505	1.000000
0.000000	798975.187500	-982912.687500	1.000000
0.000000	-540.763977	435.024353	1.000000
0.000000	-3125.209229	-2137.015869	1.000000
0.000000	-60.945980	3056.156494	1.000000
0.000000	-430.726379	413.547455	1.000000
0.000000	19770.158203	10679.789062	1.000000
0.000000	230.962250	558.761414	1.000000
0.000000	-3517.125977	-1963.335083	1.000000
0.000000	65150.652344	112811.320312	1.000000
0.000000	385.441620	321.218170	1.000000
0.000000	484892.843750	100959.296875	1.000000
0.000000	-357.301544	341.964050	1.000000
0.000000	78.203529	451.748047	1.000000
0.000000	346.982941	272.140686	1.000000
0.000000	-448.466492	-105.972900	1.000000
0.000000	-52360.722656	-2866.289307	1.000000
0.000000	11480.862305	1512.598999	1.000000
0.000000	-35.586876	-336.473419	1.000000
0.000000	95.598061	1620.938232	1.000000
0.000000	-7880.556152	-93291.734375	1.000000
0.000000	-660.697510	984.345947	1.000000
0.000000	-146.696548	417.914795	1.000000
0.000000	477.796783	-122.032433	1.000000
0.000000	64.680847	496.300964	1.000000
0.000000	-43018.582031	-77623.320312	1.000000
0.000000	180.955124	-1186.845947	1.000000
0.000000	65.520813	456.569763	1.000000
0.000000	-156.135239	-53.225243	1.000000
0.000000	-473.255127	865.536011	1.000000
0.000000	500.726044	-44.860550	1.000000
0.000000	253.079132	1149.883423	1.000000
0.000000	-252.198669	296.339447	1.000000
0.000000	365.250214	606.168396	1.000000
0.000000	-11149.208008	543.690857	1.000000
0.000000	28171368.000000	16549397.000000	1.000000
0.000000	407.790192	-747.479980	1.000000
0.000000	-32716.031250	266678.125000	1.000000
0.000000	-379.871094	1.433304	1.000000
0.000000	1607.869873	2591.765625	1.000000
0.000000	4396.404785	10714.430664	1.000000
0.000000	-48373.539062	-126250.796875	1.000000
0.000000	-75.950684	-586.161011	1.000000
0.000000	1929694.125000	165322.796875	1.000000
0.000000	-179971.953125	-177937.812500	1.000000
0.000000	-70326.210938	13653.774414	1.000000
0.000000	353.678619	-237.267395	1.000000
0.000000	-131156.468750	15103.679688	1.000000
0.000000	-1203.525513	301.508362	1.000000
0.000000	-1419.400757	886.226440	1.000000
0.000000	-1224.828857	1311.791870	1.000000
0.000000	49294.597656	57694.031250	1.000000
0.000000	83760.804688	3593.988525	1.000000
0.000000	1197.886841	-357.977783	1.000000
0.000000	-485.053680	-341.408661	1.000000
0.000000	-1589278.625000	-1200867.375000	1.000000
0.000000	-411.828186	181.689438	1.000000
0.000000	2590553.750000	19496.949219	1.000000
0.000000	186.062744	-319.924591	1.000000
0.000000	-10533.917969	13313.544922	1.000000
0.000000	1826645.375000	135296.921875	1.000000
0.000000	-1548.205933	936.922119	1.000000
0.000000	409.804047	81.744759	1.000000
0.000000	468.520447	-108.941116	1.000000
0.000000	334.124207	875.348816	1.000000
0.000000	-10716.221680	7522.276855	1.000000
0.000000	-512.556641	189.080780	1.000000
0.000000	27339.505859	26042.355469	1.000000
0.000000	178.186310	391.657013	1.000000
0.000000	279.472015	640.504333	1.000000
0.000000	-183.867035	-9020.689453	1.000000
0.000000	-5743.167480	9776.181641	1.000000
0.000000	459241.531250	25477.679688	1.000000
0.000000	-1148.854248	1149.225098	1.000000
0.000000	2291.522461	-5175.720215	1.000000
0.000000	3489.849121	-2231.841553	1.000000
0.000000	218.188141	190.800339	1.000000
0.000000	345.097626	253.080994	1.000000
0.000000	905.212524	-867.278076	1.000000
0.000000	1223.889282	11589.545898	1.000000
0.000000	17902.691406	-23813.025391	1.000000
0.000000	460.594818	-26.964302	1.000000
0.000000	-5.404507	-349.533783	1.000000
0.000000	1030.142822	1253.050537	1.000000
0.000000	551.556824	-49.254177	1.000000
0.000000	129.325455	309.927032	1.000000
0.000000	-1302.357910	175.347198	1.000000
0.000000	75444.640625	-7393.574219	1.000000
0.000000	118.921501	537.307190	1.000000
0.000000	-70.558029	-720.712036	1.000000
0.000000	1169.810303	-9461.531250	1.000000
0.000000	351.084198	404.341614	1.000000
0.000000	343.112976	308.757355	1.000000
0.000000	-3799.087158	-4482.209473	1.000000
0.000000	649.714966	254.951889	1.000000
0.000000	-2139.293457	-3050.375244	1.000000
0.000000	63.916348	396.630188	1.000000
0.000000	22265.187500	39231.171875	1.000000
0.000000	486.946747	-23.449053	1.000000
0.000000	1021.413635	-547.491272	1.000000
0.000000	1370.601318	768.948669	1.000000
0.000000	-325.406403	770.182373	1.000000
0.000000	227.477005	-420.759613	1.000000
0.000000	9653.170898	4727.238770	1.000000
0.000000	-92614.843750	-330299.281250	1.000000
0.000000	8120.778809	16954.460938	1.000000
0.000000	298.447815	-288.976440	1.000000
0.000000	3443.537354	-784.765625	1.000000
0.000000	-423262.375000	-82055.125000	1.000000
0.000000	-44105600.000000	-10494824.000000	1.000000
0.000000	6084.049805	-4464.252441	1.000000
0.000000	-339.475555	281.140289	1.000000
0.000000	1144.567139	-1629.951538	1.000000
0.000000	5747.614258	272.649902	1.000000
0.000000	-386.585632	-149.708908	1.000000
0.000000	-618.080872	1010.051636	1.000000
0.000000	-18758.845703	-63.040451	1.000000
0.000000	-762.782776	-160.726700	1.000000
0.000000	313.990814	-480.573456	1.000000
0.000000	14668.736328	-10986.526367	1.000000
