0.000000	31492.132812	455818.125000	1.000000
0.000000	215003.562500	175265.953125	1.000000
0.000000	1189.455322	-12798.049805	1.000000
0.000000	-500.877991	648.392151	1.000000
0.000000	16887.013672	27372.953125	1.000000
0.000000	-13674.008789	750.019958	1.000000
0.000000	-664.516052	-2463.826904	1.000000
0.000000	-595300.562500	1523932.125000	1.000000
0.000000	3584.236084	-2184.711914	1.000000
0.000000	9292453.000000	3386659.750000	1.000000
0.000000	78697400.000000	19959642.000000	1.000000
0.000000	-297.822266	-191.064209	1.000000
0.000000	-305.987610	117.063538	1.000000
0.000000	91.710747	-266.972076	1.000000
0.000000	-73337376.000000	-31090268.000000	1.000000
0.000000	755.327942	-4507.378418	1.000000
0.000000	380.090820	-431.462036	1.000000
0.000000	-6182.444824	7825.888672	1.000000
0.000000	-987.266052	193.414032	1.000000
0.000000	-311.451080	309.125885	1.000000
0.000000	926.847961	8032.311523	1.000000
0.000000	10267.148438	85048.976562	1.000000
0.000000	-52.208553	845.338013	1.000000
0.000000	248.017456	78.049088	1.000000
0.000000	-207103.453125	-53352.753906	1.000000
0.000000	438.430511	-57.043335	1.000000
0.000000	10387.311523	35352.785156	1.000000
0.000000	-3951.841553	11575.455078	1.000000
0.000000	430.210266	-192.000397	1.000000
0.000000	-61444.960938	-273296.843750	1.000000
0.000000	5158.362305	-8883.757812	1.000000
0.000000	4903.522461	912.568726	1.000000
0.000000	-287.195374	471.779755	1.000000
0.000000	-555.072693	-190.564865	1.000000
0.000000	-259.452484	-48.447819	1.000000
0.000000	4884.896484	2791.321533	1.000000
0.000000	-13.098184	-76.387703	1.000000
0.000000	-5758.135254	-1521.097046	1.000000
0.000000	-246271.078125	-73755.781250	1.000000
0.000000	-46717.136719	-6175.520020	1.000000
0.000000	485.302704	105.201797	1.000000
0.000000	553.630676	-6.614368	1.000000
0.000000	-2.062145	261.966309	1.000000
0.000000	-91.237328	-157.667160	1.000000
0.000000	50.762249	258.849701	1.000000
0.000000	-569.542542	-250.687302	1.000000
0.000000	-4061.405273	3340.739746	1.000000
0.000000	-840.560547	449.340240	1.000000
0.000000	-117.416214	-280.357788	1.000000
0.000000	-277.787292	-86.003700	1.000000
0.000000	7063.603027	6277.328125	1.000000
0.000000	-880.869568	1675.076294	1.000000
0.000000	14.374245	1329.801758	1.000000
0.000000	-3409.392334	-11631.598633	1.000000
0.000000	319.121826	-31.562666	1.000000
0.000000	-16.025122	-287.374756	1.000000
0.000000	151.315475	117.052567	1.000000
0.000000	29405522.000000	-21550876.000000	1.000000
0.000000	-571.291321	1674.336548	1.000000
0.000000	484.443329	536.138733	1.000000
0.000000	1702.266235	26224.572266	1.000000
0.000000	3271.547363	-1668.384766	1.000000
0.000000	-100.732109	-269.641541	1.000000
0.000000	171.726898	-378.340729	1.000000
0.000000	5373.961426	-2915.795410	1.000000
0.000000	401108.437500	-1051564.750000	1.000000
0.000000	40190.406250	142539.875000	1.000000
0.000000	899154304.000000	-490293056.000000	1.000000
0.000000	5104.893555	-14885.884766	1.000000
0.000000	-11819835.000000	-661284.437500	1.000000
0.000000	10621.139648	-15100.461914	1.000000
0.000000	-24.868191	-376.327484	1.000000
0.000000	-283.347534	-779.224060	1.000000
0.000000	-487.936707	921.644287	1.000000
0.000000	424312.687500	2486.911865	1.000000
0.000000	-9359.287109	10635.856445	1.000000
0.000000	-188.796539	535.717590	1.000000
0.000000	31.296932	-299.641327	1.000000
0.000000	3423.231934	-13300.754883	1.000000
0.000000	-935690816.000000	516809408.000000	1.000000
0.000000	1333545.500000	80256.296875	1.000000
0.000000	370753.687500	-121734.109375	1.000000
0.000000	282453.250000	227399.718750	1.000000
0.000000	24890.626953	-23131.199219	1.000000
0.000000	2203343.750000	933648.187500	1.000000
0.000000	-157.985092	229.375214	1.000000
0.000000	77.232803	-36.272114	1.000000
0.000000	-3159.813721	-360.279541	1.000000
0.000000	-1672.292114	1729.784302	1.000000
0.000000	103.635902	288.090210	1.000000
0.000000	9.242588	-56.830441	1.000000
0.000000	-1222.620972	1097.772827	1.000000
0.000000	920.815979	-192.169922	1.000000
0.000000	236.533920	-174.438370	1.000000
0.000000	-4355021.000000	2416277.250000	1.000000
0.000000	1114.053467	617.046814	1.000000
0.000000	-131.698227	-88057.437500	1.000000
0.000000	1711789.125000	-2028472.500000	1.000000
0.000000	813.822144	-1503.318359	1.000000
0.000000	-256.255798	-5306.958496	1.000000
0.000000	691415.187500	-227446.281250	1.000000
0.000000	12310197.000000	-6573529.500000	1.000000
0.000000	-21946.982422	-21515.207031	1.000000
0.000000	170681.265625	-24530.816406	1.000000
0.996049	22.277403	194.301605	1.000000
0.000000	295.409149	-35.408691	1.000000
0.000000	615.678650	-1790.079834	1.000000
0.000000	-152.460815	-245.944992	1.000000
0.000000	108.526535	-272.855316	1.000000
0.000000	-884.080811	1074.171997	1.000000
0.000000	-214.890305	-3111.379150	1.000000
0.000000	-53871.460938	119833.890625	1.000000
0.000000	90.457214	250.696686	1.000000
0.000000	-355.130219	27.305815	1.000000
0.000000	-129.571594	-1075.954468	1.000000
0.000000	-64611.199219	15539.066406	1.000000
0.000000	2435.202881	787.128723	1.000000
0.000000	55784.550781	149584.609375	1.000000
0.000000	-13235.034180	6602.260742	1.000000
0.000000	-41781.878906	-29784.453125	1.000000
0.000000	-8455.067383	13812.125000	1.000000
0.000000	307.160645	341.453979	1.000000
0.000000	-310.100037	170.096268	1.000000
0.000000	1553.430664	3179.061279	1.000000
0.000000	629.901978	-414.311249	1.000000
0.000000	1924.984131	122.534706	1.000000
0.000000	565.979248	-533.732239	1.000000
0.000000	13991.583984	-14235.949219	1.000000
0.000000	-297.555420	-133.256271	1.000000
0.000000	-1165.214844	1527.240845	1.000000
0.000000	228.072052	253.105270	1.000000
0.000000	-13344.213867	-2981.956299	1.000000
0.000000	-28660.628906	-61508.703125	1.000000
0.000000	1696.078857	8049.098633	1.000000
0.000000	-2533.721680	1852.123535	1.000000
0.000000	87.103439	-147.127640	1.000000
0.000000	75.528763	217.321808	1.000000
0.000000	-3827.906494	-16040.875977	1.000000
0.000000	755.639465	-30.262102	1.000000
0.000000	-8770.853516	12931.707031	1.000000
0.000000	-899.190552	-3167.225586	1.000000
0.000000	943.719788	559.422302	1.000000
0.000000	275.373688	-251.232147	1.000000
0.000000	-5659.052246	-20513.130859	1.000000
0.000000	1.229842	-309.811310	1.000000
0.000000	22518.320312	-24584.849609	1.000000
0.000000	-290.731293	-165.862656	1.000000
0.000000	-3300464.250000	1376390.750000	1.000000
0.000000	-17984.455078	-1247.393188	1.000000
0.000000	-51.883598	564.568237	1.000000
0.000000	153.614105	-329.755341	1.000000
0.000000	6679.820801	2717.696289	1.000000
0.000000	-26148.193359	-23369.675781	1.000000
0.000000	-586712.625000	317452.656250	1.000000
0.000000	-108536.234375	249100.109375	1.000000
0.000000	38041.312500	-56191.003906	1.000000
0.000000	590.033691	-1709.717896	1.000000
0.000000	113.794991	154.263412	1.000000
0.000000	-216.495667	-440.175537	1.000000
0.000000	-383.313293	665.128784	1.000000
0.000000	4112436.000000	2116301.500000	1.000000
0.000000	152.345230	207.757980	1.000000
0.000000	-45269.261719	75945.437500	1.000000
0.000000	690.112000	1686.307861	1.000000
0.000000	4815.979980	12568.000977	1.000000
0.000000	620.890442	1624.134766	1.000000
0.000000	-44086.621094	2354.452881	1.000000
0.000000	245741.734375	-842228.687500	1.000000
0.000000	-211.036346	-134.321274	1.000000
0.000000	427.973114	-131.424377	1.000000
0.000000	-32988.113281	-139990.609375	1.000000
0.000000	-14331.788086	-13580.468750	1.000000
0.000000	-365.219482	-81.325294	1.000000
0.000000	-323577.031250	730136.875000	1.000000
0.000000	-31376.449219	-19679.941406	1.000000
0.000000	-408.374176	-1071.221558	1.000000
0.000000	143.122757	-339.349579	1.000000
0.000000	-3645.297363	-12770.269531	1.000000
0.000000	87.171387	-302.464264	1.000000
0.000000	3196.169434	3014.179199	1.000000
0.996049	20.166843	199.511795	1.000000
0.000000	799200.187500	-982912.687500	1.000000
0.000000	-363.224945	405.031677	1.000000
0.000000	-3297.474854	-2086.039307	1.000000
0.000000	-23.123936	2880.375244	1.000000
0.000000	-303.724426	285.996185	1.000000
0.000000	19861.564453	10525.101562	1.000000
0.000000	53.543758	589.083679	1.000000
0.000000	-3345.739258	-1907.085083	1.000000
0.000000	65094.402344	112642.570312	1.000000
0.000000	252.726776	199.625000	1.000000
0.000000	484892.843750	100790.546875	1.000000
0.000000	-227.113556	217.691742	1.000000
0.000000	80.483192	271.791992	1.000000
0.000000	316.111359	94.821342	1.000000
0.000000	-268.840027	-94.519653	1.000000
0.000000	-52431.035156	-3029.765869	1.000000
0.000000	11385.940430	1359.669312	1.000000
0.000000	-84.503502	-163.248444	1.000000
0.000000	-9.510984	1767.276123	1.000000
0.000000	-7871.767090	-93122.984375	1.000000
0.000000	-552.811768	1128.486572	1.000000
0.000000	-27.773733	282.782959	1.000000
0.000000	305.750885	-69.105797	1.000000
0.000000	54.820614	316.564636	1.000000
0.000000	-42877.957031	-77735.820312	1.000000
0.000000	321.660675	-1074.345947	1.000000
0.000000	-28.168610	302.871033	1.000000
0.000000	-75.587578	-214.187714	1.000000
0.000000	-456.775635	686.239136	1.000000
0.000000	374.932587	83.888458	1.000000
0.000000	210.287384	974.981079	1.000000
0.000000	-167.988464	137.257431	1.000000
0.000000	220.244232	499.588226	1.000000
0.000000	-10969.911133	556.874451	1.000000
0.000000	28171368.000000	16549397.000000	1.000000
0.000000	286.391266	-614.545410	1.000000
0.000000	-32786.343750	266790.625000	1.000000
0.000000	-199.915039	6.006792	1.000000
0.000000	1458.016357	2691.082031	1.000000
0.000000	4572.186035	10672.243164	1.000000
0.000000	-48556.351562	-126250.796875	1.000000
0.000000	82.077087	-500.028168	1.000000
0.000000	1929694.125000	165210.296875	1.000000
0.000000	-180140.703125	-177937.812500	1.000000
0.000000	-70185.585938	13755.727539	1.000000
0.000000	245.463272	-93.449768	1.000000
0.000000	-131100.218750	14931.414062	1.000000
0.000000	-1043.125122	220.099670	1.000000
0.000000	-1306.461304	1026.195679	1.000000
0.000000	-1178.246826	1137.768433	1.000000
0.000000	49252.410156	57525.281250	1.000000
0.000000	83901.429688	3702.093994	1.000000
0.000000	1026.500122	-412.689697	1.000000
0.000000	-325.092743	-258.901337	1.000000
0.000000	-1589278.625000	-1200867.375000	1.000000
0.000000	-238.134354	134.393295	1.000000
0.000000	2590553.750000	19335.230469	1.000000
0.000000	123.548584	-151.140457	1.000000
0.000000	-10428.449219	13165.888672	1.000000
0.000000	1826645.375000	135409.421875	1.000000
0.000000	-1568.860229	758.064697	1.000000
0.000000	235.339691	41.702412	1.000000
0.000000	320.567993	-13.781883	1.000000
0.000000	477.825378	983.674011	1.000000
0.000000	-10593.174805	7390.440918	1.000000
0.000000	-336.116211	153.430145	1.000000
0.000000	27332.474609	25859.542969	1.000000
0.000000	46.789833	268.610138	1.000000
0.000000	271.342133	460.736664	1.000000
0.000000	-8.759335	-9062.876953	1.000000
0.000000	-5563.870605	9772.666016	1.000000
0.000000	459129.031250	25611.273438	1.000000
0.000000	-980.104187	1086.822754	1.000000
0.000000	2146.502930	-5282.946777	1.000000
0.000000	3486.333496	-2051.665771	1.000000
0.000000	119.748337	40.120674	1.000000
0.000000	191.179169	159.807068	1.000000
0.000000	982.776001	-704.900146	1.000000
0.000000	1203.234985	11768.842773	1.000000
0.000000	18078.472656	-23777.869141	1.000000
0.000000	281.078217	-13.877396	1.000000
0.000000	-15.487454	-169.797455	1.000000
0.000000	1179.556885	1152.855225	1.000000
0.000000	371.600769	-44.653652	1.000000
0.000000	100.460136	132.278091	1.000000
0.000000	-1473.744629	120.466728	1.000000
0.000000	75275.890625	-7412.910156	1.000000
0.000000	70.993645	363.817078	1.000000
0.000000	-250.569016	-720.712036	1.000000
0.000000	1181.236084	-9640.828125	1.000000
0.000000	242.216644	260.970032	1.000000
0.000000	205.803955	192.332321	1.000000
0.000000	-3881.704346	-4642.170410	1.000000
0.000000	472.175873	225.618393	1.000000
0.000000	-1994.991821	-2943.148682	1.000000
0.000000	-11.945441	233.373367	1.000000
0.000000	22237.062500	39048.359375	1.000000
0.000000	306.990692	-24.039568	1.000000
0.000000	841.457581	-550.567444	1.000000
0.000000	1215.034912	678.421326	1.000000
0.000000	-317.935699	590.446045	1.000000
0.000000	113.933311	-281.123383	1.000000
0.000000	9561.764648	4881.926270	1.000000
0.000000	-92699.218750	-330186.781250	1.000000
0.000000	7941.481934	16947.429688	1.000000
0.000000	182.322327	-151.427628	1.000000
0.000000	3384.650635	-955.053711	1.000000
0.000000	-423374.875000	-81914.500000	1.000000
0.000000	-44105600.000000	-10494824.000000	1.000000
0.000000	6003.190430	-4624.213379	1.000000
0.000000	-271.140594	114.589767	1.000000
0.000000	986.803467	-1716.523804	1.000000
0.000000	5888.239258	384.490723	1.000000
0.000000	-219.483597	-82.783623	1.000000
0.000000	-438.344543	1018.840698	1.000000
0.000000	-18786.970703	114.681519	1.000000
0.000000	-582.826721	-155.727921	1.000000
0.000000	293.446381	-301.716034	1.000000
0.000000	14503.501953	-11056.838867	1.000000
