0.000000	31668.773438	455651.875000	1.000000
0.000000	214920.437500	175016.578125	1.000000
0.000000	1149.841064	-12533.088867	1.000000
0.000000	-766.813049	652.288635	1.000000
0.000000	16907.794922	27643.109375	1.000000
0.000000	-13933.774414	810.090759	1.000000
0.000000	-903.175720	-2346.932373	1.000000
0.000000	-594968.062500	1523932.125000	1.000000
0.000000	3447.859131	-2413.305664	1.000000
0.000000	9292453.000000	3386659.750000	1.000000
0.000000	78697400.000000	19959642.000000	1.000000
0.000000	-41.127621	-121.410706	1.000000
0.000000	-180.050262	-117.242638	1.000000
0.000000	101.492546	-1.139988	1.000000
0.000000	-73337376.000000	-31090268.000000	1.000000
0.000000	523.811829	-4637.261230	1.000000
0.000000	317.747070	-172.858994	1.000000
0.000000	-6044.769043	7597.294922	1.000000
0.000000	-987.915466	459.368195	1.000000
0.000000	-220.176559	59.264233	1.000000
0.000000	869.699524	7772.545898	1.000000
0.000000	10028.164062	84924.289062	1.000000
0.000000	-0.748293	584.273560	1.000000
0.000000	54.108990	255.661011	1.000000
0.000000	-207269.703125	-53165.722656	1.000000
0.000000	173.281891	-77.865173	1.000000
0.000000	10392.506836	35622.941406	1.000000
0.000000	-3690.777100	11627.408203	1.000000
0.000000	197.720016	-62.767006	1.000000
0.000000	-61715.117188	-273296.843750	1.000000
0.000000	5316.819336	-9096.765625	1.000000
0.000000	4646.354492	846.977905	1.000000
0.000000	-41.839901	368.908112	1.000000
0.000000	-360.446777	-371.884430	1.000000
0.000000	-51.560165	117.490433	1.000000
0.000000	4643.314453	2680.921143	1.000000
0.000000	234.271362	21.368032	1.000000
0.000000	-5552.920410	-1352.898804	1.000000
0.000000	-246354.203125	-73506.406250	1.000000
0.000000	-46924.949219	-6014.465332	1.000000
0.000000	280.250214	-64.170616	1.000000
0.000000	399.925903	210.471252	1.000000
0.160477	2.660460	-1.231053	1.000000
0.000000	22.031776	77.453926	1.000000
0.000000	17.541992	-3.326384	1.000000
0.000000	-469.208099	-496.979340	1.000000
0.000000	-4279.608398	3492.702637	1.000000
0.000000	-689.571777	230.325333	1.000000
0.000000	-57.514091	-21.459661	1.000000
0.000000	-16.441118	-33.061821	1.000000
0.000000	6798.642090	6305.902344	1.000000
0.000000	-735.725525	1897.825317	1.000000
0.000000	165.554749	1548.654297	1.000000
0.000000	-3254.831787	-11849.801758	1.000000
0.000000	73.471947	-133.569885	1.000000
0.000000	-22.204565	-23.489668	1.000000
0.000000	-114.530579	126.266129	1.000000
0.000000	29405522.000000	-21550876.000000	1.000000
0.000000	-356.984680	1517.178345	1.000000
0.000000	659.485962	335.937286	1.000000
0.000000	1839.292603	26453.166016	1.000000
0.000000	3170.238770	-1422.256836	1.000000
0.000000	38.632412	-41.732830	1.000000
0.000000	28.206120	-154.418427	1.000000
0.000000	5537.613770	-2706.684082	1.000000
0.000000	400942.187500	-1051564.750000	1.000000
0.000000	40419.000000	142706.125000	1.000000
0.000000	899154304.000000	-490293056.000000	1.000000
0.000000	5276.338867	-14683.267578	1.000000
0.000000	-11819835.000000	-661616.937500	1.000000
0.000000	10486.061523	-15329.055664	1.000000
0.372817	54.847187	-123.658112	1.000000
0.000000	-82.586365	-604.856384	1.000000
0.000000	-753.857056	930.736084	1.000000
0.000000	424645.187500	2553.152100	1.000000
0.000000	-9099.521484	10698.200195	1.000000
0.000000	69.405746	599.684875	1.000000
0.000000	54.594662	-34.678127	1.000000
0.000000	3397.255371	-13035.793945	1.000000
0.000000	-935690816.000000	516809408.000000	1.000000
0.000000	1333545.500000	80006.921875	1.000000
0.000000	370421.187500	-121692.546875	1.000000
0.000000	282785.750000	227316.593750	1.000000
0.000000	25129.611328	-23255.886719	1.000000
0.000000	2203343.750000	933980.687500	1.000000
0.000000	-20.753468	6.459297	1.000000
0.000000	335.339874	24.229223	1.000000
0.000000	-3326.063721	-568.092041	1.000000
0.000000	-1641.120239	1465.472778	1.000000
0.000000	-19.019203	52.040253	1.000000
0.000000	77.580536	200.247437	1.000000
0.000000	-966.102417	1167.909546	1.000000
0.000000	696.118713	-49.724983	1.000000
0.000000	177.356064	-433.742462	1.000000
0.000000	-4355021.000000	2416277.250000	1.000000
0.000000	883.963379	483.626770	1.000000
0.000000	128.628143	-88015.875000	1.000000
0.000000	1711789.125000	-2028472.500000	1.000000
0.000000	764.141968	-1764.382812	1.000000
0.000000	-474.945984	-5156.294434	1.000000
0.000000	691415.187500	-227196.906250	1.000000
0.000000	12310197.000000	-6573529.500000	1.000000
0.000000	-21884.638672	-21255.441406	1.000000
0.000000	170431.890625	-24374.957031	1.000000
0.000000	136.501755	-43.402058	1.000000
0.000000	40.531288	40.654144	1.000000
0.000000	873.171326	-1723.839600	1.000000
0.047768	18.304779	-46.924591	1.000000
0.000000	11.721351	-25.103548	1.000000
0.000000	-807.774658	819.341003	1.000000
0.000000	43.001762	-3176.320557	1.000000
0.000000	-53601.304688	119833.890625	1.000000
0.160477	0.780409	3.210022	1.000000
0.000000	-97.760117	-40.116695	1.000000
0.000000	-385.400604	-1148.688843	1.000000
0.000000	-64839.792969	15684.535156	1.000000
0.000000	2355.974365	533.207825	1.000000
0.000000	55576.738281	149418.359375	1.000000
0.000000	-12980.463867	6685.385742	1.000000
0.000000	-41574.066406	-29940.312500	1.000000
0.000000	-8673.270508	13661.460938	1.000000
0.000000	66.867119	227.461487	1.000000
0.000000	-112.999237	-9.052542	1.000000
0.000000	1361.853516	3363.494873	1.000000
0.000000	373.058746	-344.986298	1.000000
0.000000	2095.961670	326.398651	1.000000
0.000000	514.026123	-272.843689	1.000000
0.000000	14048.732422	-13976.183594	1.000000
0.000000	-70.737305	5.668734	1.000000
0.000000	-1064.555664	1773.368774	1.000000
0.000000	37.956089	67.048141	1.000000
0.000000	-13603.979492	-2923.509033	1.000000
0.000000	-28494.378906	-61300.890625	1.000000
0.000000	1550.610107	7825.700195	1.000000
0.000000	-2696.075195	2062.533691	1.000000
0.000000	-156.291718	-39.811974	1.000000
0.000000	247.198654	413.879822	1.000000
0.000000	-3996.754150	-16248.688477	1.000000
0.000000	500.102570	-104.498009	1.000000
0.000000	-8505.892578	12910.925781	1.000000
0.000000	-979.393188	-2913.954102	1.000000
0.000000	972.618713	294.977570	1.000000
0.000000	15.441913	-194.814301	1.000000
0.000000	-5921.415527	-20554.693359	1.000000
0.000000	-12.762991	-44.189655	1.000000
0.000000	22591.054688	-24325.083984	1.000000
0.000000	-112.594513	29.773901	1.000000
0.000000	-3300464.250000	1376390.750000	1.000000
0.000000	-17890.939453	-999.317017	1.000000
0.000000	59.939011	324.119446	1.000000
0.024170	65.780983	-79.837494	1.000000
0.000000	6594.098145	2969.668945	1.000000
0.000000	-26397.568359	-23452.800781	1.000000
0.000000	-586712.625000	317286.406250	1.000000
0.000000	-108536.234375	249349.484375	1.000000
0.000000	38311.468750	-56191.003906	1.000000
0.000000	417.938934	-1507.100708	1.000000
0.000000	-12.870899	-79.642029	1.000000
0.000000	-155.694275	-699.012085	1.000000
0.000000	-310.741272	409.259613	1.000000
0.000000	4112436.000000	2116301.500000	1.000000
0.000000	-105.683716	155.355453	1.000000
0.000000	-45165.355469	75696.062500	1.000000
0.000000	450.195374	1571.361572	1.000000
0.000000	4558.812012	12635.540039	1.000000
0.000000	647.191711	1889.095703	1.000000
0.000000	-43899.589844	2159.628662	1.000000
0.000000	245991.109375	-842228.687500	1.000000
0.000000	29.592209	-20.960190	1.000000
0.000000	167.107422	-150.011734	1.000000
0.000000	-33092.019531	-139741.234375	1.000000
0.000000	-14243.467773	-13829.843750	1.000000
0.000000	-99.565674	-67.849953	1.000000
0.000000	-323244.531250	730136.875000	1.000000
0.000000	-31605.042969	-19815.019531	1.000000
0.000000	-167.928604	-957.574097	1.000000
0.024170	70.414024	-82.396614	1.000000
0.000000	-3899.867676	-12692.339844	1.000000
0.047768	14.491146	-46.514156	1.000000
0.000000	3116.940918	3267.450684	1.000000
0.000000	-105.778511	433.746307	1.000000
0.000000	799532.687500	-982912.687500	1.000000
0.000000	-100.909660	360.709167	1.000000
0.000000	-3552.045166	-2010.707397	1.000000
0.000000	32.776131	2620.609619	1.000000
0.000000	-116.046341	97.442078	1.000000
0.000000	19996.642578	10296.507812	1.000000
0.000000	-208.637695	633.893250	1.000000
0.000000	-3092.467773	-1823.960083	1.000000
0.000000	65011.277344	112393.195312	1.000000
0.000000	55.505959	20.164936	1.000000
0.000000	484892.843750	100541.171875	1.000000
0.000000	-34.724651	33.992062	1.000000
0.000000	80.324135	7.913176	1.000000
0.000000	270.490021	-167.226685	1.000000
0.000000	-4.565122	-77.040176	1.000000
0.000000	-52534.941406	-3271.347900	1.000000
0.000000	11245.666992	1133.673218	1.000000
0.000000	-155.747635	94.044922	1.000000
0.000000	-164.831619	1983.531006	1.000000
0.000000	-7858.778809	-92873.609375	1.000000
0.000000	-393.501434	1341.494385	1.000000
0.000000	144.635071	84.120537	1.000000
0.000000	48.852016	6.547777	1.000000
0.000000	41.998672	50.847706	1.000000
0.000000	-42670.144531	-77902.070312	1.000000
0.000000	529.621765	-908.322266	1.000000
0.000000	-166.627167	75.738464	1.000000
0.000000	43.440098	-452.035614	1.000000
0.000000	-432.422607	421.278198	1.000000
0.000000	189.037827	274.166779	1.000000
0.000000	147.050690	716.514282	1.000000
0.917888	-48.603474	-86.674255	1.000000
0.000000	6.054950	341.133118	1.000000
0.000000	-10704.950195	576.356873	1.000000
0.000000	28171368.000000	16549397.000000	1.000000
0.000000	107.053314	-418.097687	1.000000
0.000000	-32890.250000	266956.875000	1.000000
0.000000	62.942604	15.519428	1.000000
0.000000	1236.566162	2837.849609	1.000000
0.000000	4831.951660	10609.899414	1.000000
0.000000	-48826.507812	-126250.796875	1.000000
0.000000	315.601898	-372.743011	1.000000
0.000000	1929694.125000	165044.046875	1.000000
0.000000	-180390.078125	-177937.812500	1.000000
0.000000	-69977.773438	13906.391602	1.000000
0.000000	87.653252	115.486374	1.000000
0.000000	-131017.093750	14676.843750	1.000000
0.000000	-805.790466	99.795723	1.000000
0.000000	-1139.561890	1233.358765	1.000000
0.000000	-1109.408936	880.781494	1.000000
0.000000	49190.066406	57275.906250	1.000000
0.000000	84109.242188	3861.849854	1.000000
0.000000	772.907166	-493.541748	1.000000
0.000000	-88.648560	-137.053085	1.000000
0.000000	-1589278.625000	-1200867.375000	1.000000
0.000000	16.572109	56.857143	1.000000
0.000000	2590553.750000	19096.246094	1.000000
0.000000	34.269176	91.385094	1.000000
0.000000	-10272.589844	12947.685547	1.000000
0.000000	1826645.375000	135575.671875	1.000000
0.000000	-1599.382690	493.753174	1.000000
0.000000	-23.832069	-12.930624	1.000000
0.000000	99.285439	133.879456	1.000000
0.000000	690.183777	1143.997437	1.000000
0.000000	-10411.338867	7195.616699	1.000000
0.000000	-75.376488	100.767426	1.000000
0.000000	27322.083984	25589.386719	1.000000
0.000000	-147.382294	86.783424	1.000000
0.000000	259.327972	194.982605	1.000000
0.000000	250.016296	-9125.220703	1.000000
0.000000	-5298.909668	9767.470703	1.000000
0.000000	458962.781250	25808.695312	1.000000
0.000000	-730.729187	994.605957	1.000000
0.000000	1932.547119	-5441.403809	1.000000
0.000000	3481.138184	-1785.406006	1.000000
0.000000	-25.752283	-182.553925	1.000000
0.000000	-36.285412	21.478607	1.000000
0.000000	1097.189697	-464.909821	1.000000
0.000000	1172.712524	12033.803711	1.000000
0.000000	18338.238281	-23725.916016	1.000000
0.000000	15.497375	5.116373	1.000000
0.000000	-24.166430	92.387817	1.000000
0.000000	1400.357666	1004.746704	1.000000
0.000000	105.669136	-37.855099	1.000000
0.372817	55.606319	-127.191086	1.000000
0.000000	-1727.016113	39.336731	1.000000
0.000000	75026.515625	-7441.484375	1.000000
0.000000	0.171485	107.417114	1.000000
0.000000	-516.505737	-720.712036	1.000000
0.000000	1198.120850	-9905.789062	1.000000
0.000000	81.393730	49.100121	1.000000
0.000000	4.806364	22.018902	1.000000
0.000000	-4003.794189	-4878.557129	1.000000
0.000000	209.798309	182.270004	1.000000
0.000000	-1781.334595	-2784.691650	1.000000
0.000000	-119.226471	-3.438760	1.000000
0.000000	22195.500000	38778.203125	1.000000
0.000000	43.647621	-22.334789	1.000000
0.000000	575.522522	-555.113342	1.000000
0.000000	985.142334	544.642029	1.000000
0.000000	-306.895660	324.721313	1.000000
0.917888	-50.916550	-83.136063	1.000000
0.000000	9426.686523	5110.520020	1.000000
0.000000	-92823.906250	-330020.531250	1.000000
0.000000	7676.520996	16937.039062	1.000000
0.000000	8.227571	49.716324	1.000000
0.000000	3297.629150	-1206.465942	1.000000
0.000000	-423541.125000	-81706.687500	1.000000
0.000000	-44105600.000000	-10494824.000000	1.000000
0.000000	5883.698242	-4860.600098	1.000000
0.000000	-170.196930	-131.461746	1.000000
0.000000	753.663818	-1844.458374	1.000000
0.000000	6096.051758	549.766602	1.000000
0.000000	27.791834	15.715683	1.000000
0.000000	-172.708740	1031.828979	1.000000
0.000000	-18828.533203	377.327881	1.000000
0.000000	-316.891663	-148.340836	1.000000
0.000000	258.699890	-39.404602	1.000000
0.000000	14259.322266	-11160.745117	1.000000
