0.000000	31369.281250	455933.750000	1.000000
0.000000	215061.375000	175439.390625	1.000000
0.000000	1217.006592	-12982.327148	1.000000
0.000000	-315.923157	645.682190	1.000000
0.000000	16872.560547	27185.062500	1.000000
0.000000	-13493.344727	708.241394	1.000000
0.000000	-498.521759	-2545.125732	1.000000
0.000000	-595531.812500	1523932.125000	1.000000
0.000000	3679.084717	-2025.727539	1.000000
0.000000	9292453.000000	3386659.750000	1.000000
0.000000	78697400.000000	19959642.000000	1.000000
0.000000	-476.340942	-239.504761	1.000000
0.000000	-393.609680	280.001831	1.000000
0.000000	84.907616	-451.813995	1.000000
0.000000	-73337376.000000	-31090268.000000	1.000000
0.000000	916.344788	-4417.046387	1.000000
0.000000	423.450195	-611.273315	1.000000
0.000000	-6278.196777	7984.873047	1.000000
0.000000	-986.814392	8.406837	1.000000
0.000000	-374.909332	482.902130	1.000000
0.000000	966.594055	8212.975586	1.000000
0.000000	10433.359375	85135.695312	1.000000
0.000000	-88.002617	1026.905396	1.000000
0.000000	385.180878	-47.049568	1.000000
0.000000	-206987.828125	-53482.832031	1.000000
0.000000	622.888611	-42.561981	1.000000
0.000000	10383.698242	35164.894531	1.000000
0.000000	-4133.222656	11539.322266	1.000000
0.000000	591.904602	-281.880768	1.000000
0.000000	-61257.070312	-273296.843750	1.000000
0.000000	5048.157227	-8735.613281	1.000000
0.000000	5082.379883	958.186401	1.000000
0.000000	-457.809998	543.367859	1.000000
0.000000	-690.344910	-64.495224	1.000000
0.000000	-403.983734	-163.848892	1.000000
0.000000	5052.914062	2868.103760	1.000000
0.000000	-185.143036	-144.383987	1.000000
0.000000	-5900.859863	-1638.077026	1.000000
0.000000	-246213.265625	-73929.218750	1.000000
0.000000	-46572.605469	-6287.531738	1.000000
0.000000	628.006165	222.977646	1.000000
0.000000	660.448303	-157.599304	1.000000
0.000000	-3.723231	446.921143	1.000000
0.000000	-174.581070	-322.828247	1.000000
0.000000	73.760559	442.449554	1.000000
0.000000	-639.324036	-79.338730	1.000000
0.000000	-3909.647461	3235.051270	1.000000
0.000000	-945.571533	601.729065	1.000000
0.000000	-158.122086	-460.796021	1.000000
0.000000	-458.790100	-124.056068	1.000000
0.000000	7247.880371	6257.455078	1.000000
0.000000	-981.815613	1520.156860	1.000000
0.000000	-90.775528	1177.592285	1.000000
0.000000	-3516.887451	-11479.840820	1.000000
0.000000	491.752380	34.622154	1.000000
0.000000	-11.452063	-472.329590	1.000000
0.000000	336.189362	110.644638	1.000000
0.000000	29405522.000000	-21550876.000000	1.000000
0.000000	-720.339172	1783.638306	1.000000
0.000000	362.608002	675.475891	1.000000
0.000000	1606.965942	26065.587891	1.000000
0.000000	3342.006348	-1839.563965	1.000000
0.000000	-198.064880	-426.932190	1.000000
0.000000	271.543793	-534.066528	1.000000
0.000000	5260.143066	-3061.229980	1.000000
0.000000	401224.062500	-1051564.750000	1.000000
0.000000	40031.421875	142424.250000	1.000000
0.000000	899154304.000000	-490293056.000000	1.000000
0.000000	4985.655273	-15026.802734	1.000000
0.000000	-11819835.000000	-661053.187500	1.000000
0.000000	10715.084961	-14941.477539	1.000000
0.000000	-79.519073	-553.065735	1.000000
0.000000	-423.023438	-900.494812	1.000000
0.000000	-303.094788	915.321045	1.000000
0.000000	424081.437500	2440.842529	1.000000
0.000000	-9539.951172	10592.497070	1.000000
0.000000	-368.352570	491.229065	1.000000
0.000000	15.093822	-483.918671	1.000000
0.000000	3441.298340	-13485.032227	1.000000
0.000000	-935690816.000000	516809408.000000	1.000000
0.000000	1333545.500000	80429.734375	1.000000
0.000000	370984.937500	-121763.015625	1.000000
0.000000	282222.000000	227457.531250	1.000000
0.000000	24724.416016	-23044.480469	1.000000
0.000000	2203343.750000	933416.937500	1.000000
0.000000	-255.430771	386.656311	1.000000
0.000000	-103.316460	-76.611015	1.000000
0.000000	-3044.188721	-215.764023	1.000000
0.000000	-1693.971802	1913.609985	1.000000
0.000000	188.943207	452.268677	1.000000
0.000000	-38.286625	-235.630829	1.000000
0.000000	-1401.026733	1048.993530	1.000000
0.000000	1077.090332	-291.232788	1.000000
0.000000	277.661682	5.938232	1.000000
0.000000	-4355021.000000	2416277.250000	1.000000
0.000000	1273.941162	709.862976	1.000000
0.000000	-312.739807	-88086.343750	1.000000
0.000000	1711789.125000	-2028472.500000	1.000000
0.000000	848.374146	-1321.750977	1.000000
0.000000	-104.154816	-5411.743652	1.000000
0.000000	691415.187500	-227619.718750	1.000000
0.000000	12310197.000000	-6573529.500000	1.000000
0.000000	-21990.341797	-21695.871094	1.000000
0.000000	170854.703125	-24639.214844	1.000000
0.000000	-57.621929	357.494659	1.000000
0.000000	472.459930	-89.205208	1.000000
0.000000	436.595398	-1836.149170	1.000000
0.000000	-274.183228	-385.282135	1.000000
0.000000	175.872192	-445.163666	1.000000
0.000000	-937.150879	1251.222778	1.000000
0.000000	-394.212341	-3066.213135	1.000000
0.000000	-54059.351562	119833.890625	1.000000
0.000000	155.851227	423.793701	1.000000
0.000000	-534.086609	74.166267	1.000000
0.000000	48.345608	-1025.368530	1.000000
0.000000	-64452.214844	15437.894531	1.000000
0.000000	2490.305420	963.727844	1.000000
0.000000	55929.082031	149700.234375	1.000000
0.000000	-13412.084961	6544.448242	1.000000
0.000000	-41926.410156	-29676.054688	1.000000
0.000000	-8303.309570	13916.910156	1.000000
0.000000	474.274902	420.720337	1.000000
0.000000	-446.388489	295.244873	1.000000
0.000000	1686.670410	3050.789795	1.000000
0.000000	808.533569	-462.525970	1.000000
0.000000	1806.197510	-19.257568	1.000000
0.000000	602.112061	-715.073792	1.000000
0.000000	13951.837891	-14416.613281	1.000000
0.000000	-455.297729	-229.855087	1.000000
0.000000	-1235.222168	1356.061646	1.000000
0.000000	360.295563	382.505890	1.000000
0.000000	-13163.549805	-3022.605713	1.000000
0.000000	-28776.253906	-61653.234375	1.000000
0.000000	1797.250732	8204.469727	1.000000
0.000000	-2420.806641	1705.785645	1.000000
0.000000	256.369904	-221.764481	1.000000
0.000000	-46.839222	78.559288	1.000000
0.000000	-3710.474854	-15896.344727	1.000000
0.000000	933.367737	21.362991	1.000000
0.000000	-8955.130859	12946.160156	1.000000
0.000000	-843.410522	-3343.373047	1.000000
0.000000	923.620911	743.247986	1.000000
0.000000	456.150665	-290.519714	1.000000
0.000000	-5476.581543	-20484.224609	1.000000
0.000000	10.961706	-494.540314	1.000000
0.000000	22467.734375	-24765.513672	1.000000
0.000000	-415.502411	-302.489868	1.000000
0.000000	-3300464.250000	1376390.750000	1.000000
0.000000	-18049.494141	-1419.927368	1.000000
0.000000	-129.684265	732.359985	1.000000
0.000000	215.265717	-504.209076	1.000000
0.000000	6739.439941	2542.452148	1.000000
0.000000	-25974.755859	-23311.863281	1.000000
0.000000	-586712.625000	317568.281250	1.000000
0.000000	-108536.234375	248926.671875	1.000000
0.000000	37853.421875	-56191.003906	1.000000
0.000000	709.723633	-1850.635864	1.000000
0.000000	202.659134	316.522308	1.000000
0.000000	-258.786072	-260.076050	1.000000
0.000000	-433.786316	843.082886	1.000000
0.000000	4112436.000000	2116301.500000	1.000000
0.000000	333.686798	244.285995	1.000000
0.000000	-45341.527344	76118.875000	1.000000
0.000000	857.000427	1766.251709	1.000000
0.000000	4994.837402	12521.028320	1.000000
0.000000	602.598206	1439.857422	1.000000
0.000000	-44216.699219	2489.950928	1.000000
0.000000	245568.296875	-842228.687500	1.000000
0.000000	-378.376434	-213.135971	1.000000
0.000000	612.476257	-117.162086	1.000000
0.000000	-32915.847656	-140164.046875	1.000000
0.000000	-14393.213867	-13407.031250	1.000000
0.000000	-549.948486	-90.697243	1.000000
0.000000	-323808.281250	730136.875000	1.000000
0.000000	-31217.464844	-19585.996094	1.000000
0.000000	-575.644287	-1150.262085	1.000000
0.000000	193.087662	-517.420044	1.000000
0.000000	-3468.246582	-12824.468750	1.000000
0.000000	140.671570	-479.515045	1.000000
0.000000	3251.271973	2838.031738	1.000000
0.000000	108.010773	40.343056	1.000000
0.000000	798968.937500	-982912.687500	1.000000
0.000000	-545.695618	435.857483	1.000000
0.000000	-3120.424072	-2138.431885	1.000000
0.000000	-61.996548	3061.039307	1.000000
0.000000	-434.254211	417.090546	1.000000
0.000000	19767.619141	10684.085938	1.000000
0.000000	235.890839	557.919128	1.000000
0.000000	-3521.886719	-1964.897583	1.000000
0.000000	65152.214844	112816.007812	1.000000
0.000000	389.128143	324.596466	1.000000
0.000000	484892.843750	100963.984375	1.000000
0.000000	-360.917877	345.415588	1.000000
0.000000	78.140205	456.746826	1.000000
0.000000	347.840485	277.066223	1.000000
0.000000	-453.456116	-106.291046	1.000000
0.000000	-52358.769531	-2861.748291	1.000000
0.000000	11483.499023	1516.847046	1.000000
0.000000	-34.228081	-341.286041	1.000000
0.000000	98.517830	1616.873291	1.000000
0.000000	-7880.800293	-93296.421875	1.000000
0.000000	-663.694336	980.342041	1.000000
0.000000	-150.000076	421.668457	1.000000
0.000000	482.575836	-123.502617	1.000000
0.000000	64.954742	501.293640	1.000000
0.000000	-43022.488281	-77620.195312	1.000000
0.000000	177.047348	-1189.970947	1.000000
0.000000	68.123199	460.839172	1.000000
0.000000	-158.372177	-48.753654	1.000000
0.000000	-473.712891	870.516479	1.000000
0.000000	504.220306	-48.436829	1.000000
0.000000	254.267792	1154.741821	1.000000
0.000000	-254.537842	300.758392	1.000000
0.000000	369.278534	609.128601	1.000000
0.000000	-11154.188477	543.324646	1.000000
0.000000	28171368.000000	16549397.000000	1.000000
0.000000	411.162384	-751.172607	1.000000
0.000000	-32714.078125	266675.000000	1.000000
0.000000	-384.869873	1.306263	1.000000
0.000000	1612.032471	2589.006836	1.000000
0.000000	4391.521973	10715.602539	1.000000
0.000000	-48368.460938	-126250.796875	1.000000
0.000000	-80.340637	-588.553589	1.000000
0.000000	1929694.125000	165325.921875	1.000000
0.000000	-179967.265625	-177937.812500	1.000000
0.000000	-70330.117188	13650.942383	1.000000
0.000000	356.684601	-241.262146	1.000000
0.000000	-131158.031250	15108.464844	1.000000
0.000000	-1207.981079	303.769714	1.000000
0.000000	-1422.537964	882.338501	1.000000
0.000000	-1226.122803	1316.625854	1.000000
0.000000	49295.769531	57698.718750	1.000000
0.000000	83756.898438	3590.985596	1.000000
0.000000	1202.647583	-356.458008	1.000000
0.000000	-489.497040	-343.700531	1.000000
0.000000	-1589278.625000	-1200867.375000	1.000000
0.000000	-416.653015	183.003220	1.000000
0.000000	2590553.750000	19501.441406	1.000000
0.000000	187.799194	-324.612091	1.000000
0.000000	-10536.847656	13317.646484	1.000000
0.000000	1826645.375000	135293.796875	1.000000
0.000000	-1547.632202	941.890381	1.000000
0.000000	414.677704	82.860176	1.000000
0.000000	472.679993	-111.716690	1.000000
0.000000	330.132507	872.339783	1.000000
0.000000	-10719.639648	7525.938965	1.000000
0.000000	-517.457764	190.071075	1.000000
0.000000	27339.701172	26047.433594	1.000000
0.000000	181.836212	395.074982	1.000000
0.000000	279.697845	645.497009	1.000000
0.000000	-188.731537	-9019.517578	1.000000
0.000000	-5748.147949	9776.279297	1.000000
0.000000	459244.656250	25473.968750	1.000000
0.000000	-1153.541748	1150.958496	1.000000
0.000000	2295.550781	-5172.741699	1.000000
0.000000	3489.946777	-2236.846436	1.000000
0.000000	220.922516	194.985825	1.000000
0.000000	349.373138	255.671936	1.000000
0.000000	903.057983	-871.788574	1.000000
0.000000	1224.463013	11584.565430	1.000000
0.000000	17897.808594	-23814.001953	1.000000
0.000000	465.581390	-27.327843	1.000000
0.000000	-5.124461	-354.526459	1.000000
0.000000	1025.992432	1255.833740	1.000000
0.000000	556.555603	-49.381969	1.000000
0.000000	130.126541	314.861725	1.000000
0.000000	-1297.597168	176.871552	1.000000
0.000000	75449.328125	-7393.037109	1.000000
0.000000	120.252831	542.128967	1.000000
0.000000	-65.557724	-720.712036	1.000000
0.000000	1169.492920	-9456.550781	1.000000
0.000000	354.108490	408.324158	1.000000
0.000000	346.927673	311.992218	1.000000
0.000000	-3796.792236	-4477.766113	1.000000
0.000000	654.646606	255.766708	1.000000
0.000000	-2143.297363	-3053.353760	1.000000
0.000000	66.023590	401.165100	1.000000
0.000000	22265.968750	39236.250000	1.000000
0.000000	491.945526	-23.432650	1.000000
0.000000	1026.415405	-547.405823	1.000000
0.000000	1374.922607	771.463318	1.000000
0.000000	-325.613922	775.175049	1.000000
0.000000	230.630997	-424.638397	1.000000
0.000000	9655.709961	4722.941895	1.000000
0.000000	-92612.500000	-330302.406250	1.000000
0.000000	8125.759277	16954.656250	1.000000
0.000000	301.673523	-292.797241	1.000000
0.000000	3445.173096	-780.035400	1.000000
0.000000	-423259.250000	-82059.031250	1.000000
0.000000	-44105600.000000	-10494824.000000	1.000000
0.000000	6086.295898	-4459.809082	1.000000
0.000000	-341.373749	285.766754	1.000000
0.000000	1148.949463	-1627.546753	1.000000
0.000000	5743.708008	269.543213	1.000000
0.000000	-391.227356	-151.567429	1.000000
0.000000	-623.073547	1009.807495	1.000000
0.000000	-18758.064453	-67.977356	1.000000
0.000000	-767.781555	-160.865555	1.000000
0.000000	314.561493	-485.541718	1.000000
0.000000	14673.326172	-10984.573242	1.000000
