0.000000	31465.902344	455842.812500	1.000000
0.000000	215015.906250	175302.984375	1.000000
0.000000	1195.337891	-12837.395508	1.000000
0.000000	-461.387634	647.813538	1.000000
0.000000	16883.927734	27332.835938	1.000000
0.000000	-13635.434570	741.099670	1.000000
0.000000	-629.075989	-2481.185303	1.000000
0.000000	-595349.937500	1523932.125000	1.000000
0.000000	3604.487549	-2150.766602	1.000000
0.000000	9292453.000000	3386659.750000	1.000000
0.000000	78697400.000000	19959642.000000	1.000000
0.000000	-335.938416	-201.406921	1.000000
0.000000	-324.696106	151.854553	1.000000
0.000000	90.258186	-306.438324	1.000000
0.000000	-73337376.000000	-31090268.000000	1.000000
0.000000	789.707214	-4488.091309	1.000000
0.000000	389.348633	-469.867493	1.000000
0.000000	-6202.889160	7859.833984	1.000000
0.000000	-987.169617	153.911621	1.000000
0.000000	-325.000275	346.229462	1.000000
0.000000	935.334290	8070.885742	1.000000
0.000000	10302.636719	85067.492188	1.000000
0.000000	-59.851070	884.105103	1.000000
0.387013	277.442627	51.489899	1.000000
0.000000	-207078.765625	-53380.527344	1.000000
0.000000	477.800323	-53.951370	1.000000
0.000000	10386.540039	35312.667969	1.000000
0.000000	-3990.608643	11567.740234	1.000000
0.000000	464.734192	-211.191071	1.000000
0.000000	-61404.843750	-273296.843750	1.000000
0.000000	5134.832031	-8852.126953	1.000000
0.000000	4941.710938	922.308716	1.000000
0.000000	-323.623901	487.064789	1.000000
0.000000	-583.955139	-163.647293	1.000000
0.000000	-290.311859	-73.089005	1.000000
0.000000	4920.770508	2807.715576	1.000000
0.000000	-49.834038	-90.907280	1.000000
0.000000	-5788.608887	-1546.073853	1.000000
0.000000	-246258.734375	-73792.812500	1.000000
0.000000	-46686.277344	-6199.436035	1.000000
0.000000	515.755188	130.352829	1.000000
0.000000	576.437683	-38.851170	1.000000
0.000000	-2.416810	301.456665	1.000000
0.000000	-109.035713	-192.926407	1.000000
0.000000	55.671421	298.050751	1.000000
0.000000	-584.441833	-214.102066	1.000000
0.000000	-4029.002930	3318.173828	1.000000
0.000000	-862.981812	481.863129	1.000000
0.000000	-126.107468	-318.883789	1.000000
0.000000	-316.433838	-94.128395	1.000000
0.000000	7102.948730	6273.084961	1.000000
0.000000	-902.422913	1641.998901	1.000000
0.000000	-8.076138	1297.302979	1.000000
0.000000	-3432.343994	-11599.196289	1.000000
0.000000	357.388672	-21.176426	1.000000
0.000000	-15.048712	-326.865112	1.000000
0.000000	190.793777	115.684387	1.000000
0.000000	29405522.000000	-21550876.000000	1.000000
0.000000	-603.115051	1697.673950	1.000000
0.000000	458.429840	565.889099	1.000000
0.000000	1681.918335	26190.626953	1.000000
0.000000	3286.591309	-1704.933838	1.000000
0.000000	-121.513969	-303.225220	1.000000
0.000000	193.039154	-411.586884	1.000000
0.000000	5349.659668	-2946.847656	1.000000
0.000000	401133.125000	-1051564.750000	1.000000
0.000000	40156.460938	142515.187500	1.000000
0.000000	899154304.000000	-490293056.000000	1.000000
0.000000	5079.434570	-14915.972656	1.000000
0.000000	-11819835.000000	-661235.062500	1.000000
0.000000	10641.198242	-15066.516602	1.000000
0.000000	-36.536892	-414.057892	1.000000
0.000000	-313.170227	-805.117004	1.000000
0.000000	-448.470459	920.294189	1.000000
0.000000	424263.312500	2477.075439	1.000000
0.000000	-9397.861328	10626.598633	1.000000
0.000000	-227.141724	526.218689	1.000000
0.000000	27.837307	-338.987030	1.000000
0.000000	3427.089355	-13340.100586	1.000000
0.000000	-935690816.000000	516809408.000000	1.000000
0.000000	1333545.500000	80293.328125	1.000000
0.000000	370803.062500	-121740.281250	1.000000
0.000000	282403.875000	227412.062500	1.000000
0.000000	24855.138672	-23112.683594	1.000000
0.000000	2203343.750000	933598.812500	1.000000
0.000000	-178.791061	262.949341	1.000000
0.000000	38.682693	-44.885014	1.000000
0.000000	-3135.126221	-329.420166	1.000000
0.000000	-1676.921021	1769.033569	1.000000
0.000000	121.850166	323.144531	1.000000
0.000000	-0.905728	-95.006294	1.000000
0.000000	-1260.713013	1087.357788	1.000000
0.000000	954.182678	-213.325470	1.000000
0.000000	245.321609	-135.924423	1.000000
0.000000	-4355021.000000	2416277.250000	1.000000
0.000000	1148.191650	636.864319	1.000000
0.000000	-170.356827	-88063.609375	1.000000
0.000000	1711789.125000	-2028472.500000	1.000000
0.000000	821.199463	-1464.551270	1.000000
0.000000	-223.781128	-5329.331543	1.000000
0.000000	691415.187500	-227483.312500	1.000000
0.000000	12310197.000000	-6573529.500000	1.000000
0.000000	-21956.240234	-21553.781250	1.000000
0.000000	170718.296875	-24553.960938	1.000000
0.000000	4.994493	226.150375	1.000000
0.000000	333.211884	-46.893562	1.000000
0.000000	577.441956	-1799.916260	1.000000
0.000000	-178.450195	-275.695343	1.000000
0.000000	122.901459	-309.645477	1.000000
0.000000	-895.411987	1111.974731	1.000000
0.000000	-253.187271	-3101.735596	1.000000
0.000000	-53911.578125	119833.890625	1.000000
0.000000	104.422287	287.653870	1.000000
0.000000	-393.342804	37.311710	1.000000
0.000000	-91.582260	-1065.153687	1.000000
0.000000	-64577.253906	15517.464844	1.000000
0.000000	2446.968018	824.835022	1.000000
0.000000	55815.410156	149609.296875	1.000000
0.000000	-13272.836914	6589.916992	1.000000
0.000000	-41812.738281	-29761.308594	1.000000
0.000000	-8422.665039	13834.498047	1.000000
0.000000	342.841797	358.378418	1.000000
0.000000	-339.199463	196.820969	1.000000
0.000000	1581.879150	3151.673584	1.000000
0.000000	668.042236	-424.605743	1.000000
0.000000	1899.621582	92.259972	1.000000
0.000000	573.694092	-572.451111	1.000000
0.000000	13983.097656	-14274.523438	1.000000
0.000000	-331.235535	-153.881424	1.000000
0.000000	-1180.162354	1490.691772	1.000000
0.000000	256.303558	280.734039	1.000000
0.000000	-13305.639648	-2990.635498	1.000000
0.000000	-28685.316406	-61539.562500	1.000000
0.000000	1717.680420	8082.272461	1.000000
0.000000	-2509.612793	1820.878418	1.000000
0.000000	123.248688	-163.063614	1.000000
0.000000	49.400757	187.691986	1.000000
0.000000	-3802.833252	-16010.016602	1.000000
0.000000	793.586853	-19.239820	1.000000
0.000000	-8810.199219	12934.792969	1.000000
0.000000	-887.280762	-3204.835449	1.000000
0.000000	939.428406	598.671570	1.000000
0.000000	313.972015	-259.615173	1.000000
0.000000	-5620.092285	-20506.958984	1.000000
0.000000	3.307726	-349.253448	1.000000
0.000000	22507.519531	-24623.423828	1.000000
0.000000	-317.371613	-195.034409	1.000000
0.000000	-3300464.250000	1376390.750000	1.000000
0.000000	-17998.341797	-1284.231567	1.000000
0.000000	-68.496819	600.394043	1.000000
0.000000	166.777557	-367.003571	1.000000
0.000000	6692.550293	2680.279297	1.000000
0.000000	-26111.162109	-23357.332031	1.000000
0.000000	-586712.625000	317477.343750	1.000000
0.000000	-108536.234375	249063.078125	1.000000
0.000000	38001.195312	-56191.003906	1.000000
0.000000	615.589111	-1739.805786	1.000000
0.000000	132.768692	188.907883	1.000000
0.000000	-225.524445	-401.721863	1.000000
0.000000	-394.089966	703.124390	1.000000
0.000000	4112436.000000	2116301.500000	1.000000
0.000000	191.064102	215.557205	1.000000
0.000000	-45284.691406	75982.468750	1.000000
0.000000	725.744934	1703.376953	1.000000
0.000000	4854.168457	12557.971680	1.000000
0.000000	616.984802	1584.789062	1.000000
0.000000	-44114.394531	2383.383545	1.000000
0.000000	245704.703125	-842228.687500	1.000000
0.000000	-246.765717	-151.149277	1.000000
0.000000	467.367035	-128.374603	1.000000
0.000000	-32972.683594	-140027.640625	1.000000
0.000000	-14344.903320	-13543.437500	1.000000
0.000000	-404.661621	-83.326332	1.000000
0.000000	-323626.406250	730136.875000	1.000000
0.000000	-31342.503906	-19659.882812	1.000000
0.000000	-444.079437	-1088.097778	1.000000
0.000000	153.790939	-377.369293	1.000000
0.000000	-3607.494629	-12781.841797	1.000000
0.000000	98.592972	-340.266998	1.000000
0.000000	3207.934570	2976.569336	1.000000
0.000000	39.145607	168.519547	1.000000
0.000000	799150.812500	-982912.687500	1.000000
0.000000	-402.184906	411.613403	1.000000
0.000000	-3259.672119	-2097.225830	1.000000
0.000000	-31.424927	2918.949463	1.000000
0.000000	-331.594299	313.986603	1.000000
0.000000	19841.505859	10559.046875	1.000000
0.000000	92.474396	582.429626	1.000000
0.000000	-3383.349121	-1919.428833	1.000000
0.000000	65106.746094	112679.601562	1.000000
0.000000	281.850311	226.301483	1.000000
0.000000	484892.843750	100827.578125	1.000000
0.000000	-255.682587	244.970947	1.000000
0.000000	79.982933	311.282349	1.000000
0.000000	322.885956	133.733093	1.000000
0.000000	-308.258057	-97.033005	1.000000
0.000000	-52415.605469	-2993.891846	1.000000
0.000000	11406.770508	1393.228882	1.000000
0.000000	-73.769020	-201.256104	1.000000
0.000000	13.553752	1735.163086	1.000000
0.000000	-7873.695801	-93160.015625	1.000000
0.000000	-576.486694	1096.855713	1.000000
0.000000	-53.868591	312.436890	1.000000
0.000000	343.505402	-80.720253	1.000000
0.000000	56.984386	356.006775	1.000000
0.000000	-42908.816406	-77711.132812	1.000000
0.000000	290.777191	-1099.033447	1.000000
0.000000	-7.608550	336.599365	1.000000
0.000000	-93.265419	-178.868195	1.000000
0.000000	-460.391968	725.584839	1.000000
0.000000	402.537262	55.633736	1.000000
0.000000	219.677795	1013.362427	1.000000
0.000000	-186.467926	172.167099	1.000000
0.000000	252.055908	522.986633	1.000000
0.000000	-11009.256836	553.981384	1.000000
0.000000	28171368.000000	16549397.000000	1.000000
0.000000	313.031586	-643.717163	1.000000
0.000000	-32770.914062	266765.937500	1.000000
0.000000	-239.405396	5.003260	1.000000
0.000000	1490.900879	2669.287598	1.000000
0.000000	4533.611816	10681.500977	1.000000
0.000000	-48516.234375	-126250.796875	1.000000
0.000000	47.397900	-518.929565	1.000000
0.000000	1929694.125000	165234.984375	1.000000
0.000000	-180103.671875	-177937.812500	1.000000
0.000000	-70216.445312	13733.354492	1.000000
0.000000	269.210541	-125.014328	1.000000
0.000000	-131112.562500	14969.216797	1.000000
0.000000	-1078.324097	237.964355	1.000000
0.000000	-1331.245239	995.477539	1.000000
0.000000	-1188.468994	1175.956909	1.000000
0.000000	49261.667969	57562.312500	1.000000
0.000000	83870.570312	3678.370850	1.000000
0.000000	1064.109985	-400.683472	1.000000
0.000000	-360.195282	-277.007111	1.000000
0.000000	-1589278.625000	-1200867.375000	1.000000
0.000000	-276.250488	144.772171	1.000000
0.000000	2590553.750000	19370.718750	1.000000
0.000000	137.268494	-188.183762	1.000000
0.000000	-10451.593750	13198.291016	1.000000
0.000000	1826645.375000	135384.734375	1.000000
0.000000	-1564.327759	797.313965	1.000000
0.387013	273.491913	50.339802	1.000000
0.000000	351.637207	-30.947495	1.000000
0.000000	446.290955	959.902649	1.000000
0.000000	-10620.176758	7419.371582	1.000000
0.000000	-374.835083	161.253479	1.000000
0.000000	27334.017578	25899.660156	1.000000
0.000000	75.624062	295.612091	1.000000
0.000000	273.126190	500.202911	1.000000
0.000000	-47.185886	-9053.619141	1.000000
0.000000	-5603.216309	9773.437500	1.000000
0.000000	459153.718750	25581.957031	1.000000
0.000000	-1017.135437	1100.516602	1.000000
0.000000	2178.326660	-5259.416504	1.000000
0.000000	3487.104980	-2091.204346	1.000000
0.000000	141.352203	73.188187	1.000000
0.000000	224.955719	180.275513	1.000000
0.000000	965.755127	-740.533081	1.000000
0.000000	1207.767456	11729.497070	1.000000
0.000000	18039.898438	-23785.583984	1.000000
0.000000	320.472137	-16.748810	1.000000
0.000000	-13.274711	-209.239594	1.000000
0.000000	1146.768799	1174.842529	1.000000
0.000000	411.091125	-45.663212	1.000000
0.000000	106.794746	171.262161	1.000000
0.000000	-1436.134766	132.512878	1.000000
0.000000	75312.921875	-7408.666992	1.000000
0.000000	81.511147	401.885010	1.000000
0.000000	-211.066605	-720.712036	1.000000
0.000000	1178.728760	-9601.482422	1.000000
0.000000	266.101593	292.432129	1.000000
0.000000	235.928009	217.875687	1.000000
0.000000	-3863.574463	-4607.067871	1.000000
0.000000	511.135834	232.055466	1.000000
0.000000	-2026.719116	-2966.678955	1.000000
0.000000	4.702426	269.199158	1.000000
0.000000	22243.234375	39088.476562	1.000000
0.000000	346.481049	-23.909983	1.000000
0.000000	880.947937	-549.892395	1.000000
0.000000	1249.173096	698.287048	1.000000
0.000000	-319.575104	629.888184	1.000000
0.000000	138.849838	-311.765778	1.000000
0.000000	9581.823242	4847.980957	1.000000
0.000000	-92680.703125	-330211.468750	1.000000
0.000000	7980.827637	16948.972656	1.000000
0.000000	207.805420	-181.611954	1.000000
0.000000	3397.572998	-917.684937	1.000000
0.000000	-423350.187500	-81945.359375	1.000000
0.000000	-44105600.000000	-10494824.000000	1.000000
0.000000	6020.934570	-4589.110840	1.000000
0.000000	-286.136322	151.136627	1.000000
0.000000	1021.423828	-1697.526001	1.000000
0.000000	5857.379883	359.947876	1.000000
0.000000	-256.153198	-97.471962	1.000000
0.000000	-477.786682	1016.911987	1.000000
0.000000	-18780.798828	75.679367	1.000000
0.000000	-622.317078	-156.824875	1.000000
0.000000	297.954742	-340.965302	1.000000
0.000000	14539.761719	-11041.409180	1.000000
