0.000000	31562.523438	455751.875000	1.000000
0.000000	214970.437500	175166.578125	1.000000
0.000000	1173.669189	-12692.463867	1.000000
0.000000	-606.852112	649.944885	1.000000
0.000000	16895.294922	27480.609375	1.000000
0.000000	-13777.524414	773.957947	1.000000
0.000000	-759.621033	-2417.244873	1.000000
0.000000	-595168.062500	1523932.125000	1.000000
0.000000	3529.890381	-2275.805664	1.000000
0.000000	9292453.000000	3386659.750000	1.000000
0.000000	78697400.000000	19959642.000000	1.000000
0.000000	-195.535889	-163.309082	1.000000
0.000000	-255.782684	23.692699	1.000000
0.000000	95.608757	-161.033646	1.000000
0.000000	-73337376.000000	-31090268.000000	1.000000
0.000000	663.069641	-4559.136230	1.000000
0.000000	355.247070	-328.399292	1.000000
0.000000	-6127.581543	7734.794922	1.000000
0.000000	-987.524841	299.407257	1.000000
0.000000	-275.091217	209.556808	1.000000
0.000000	904.074524	7928.795898	1.000000
0.000000	10171.914062	84999.289062	1.000000
0.000000	-31.699579	741.304810	1.000000
0.000000	171.883453	147.360229	1.000000
0.000000	-207169.703125	-53278.222656	1.000000
0.000000	332.779877	-65.340759	1.000000
0.000000	10389.381836	35460.441406	1.000000
0.000000	-3847.808350	11596.158203	1.000000
0.000000	337.563782	-140.501373	1.000000
0.000000	-61552.617188	-273296.843750	1.000000
0.000000	5221.506836	-8968.640625	1.000000
0.000000	4801.041992	886.431030	1.000000
0.000000	-189.437805	430.761688	1.000000
0.000000	-477.536621	-262.802399	1.000000
0.000000	-176.608994	17.680080	1.000000
0.000000	4788.626953	2747.327393	1.000000
0.000000	85.483681	-37.423775	1.000000
0.000000	-5676.357910	-1454.070679	1.000000
0.000000	-246304.203125	-73656.406250	1.000000
0.000000	-46799.949219	-6111.340332	1.000000
0.000000	403.590057	37.706379	1.000000
0.000000	492.406372	79.895851	1.000000
0.000000	-1.110388	155.961655	1.000000
0.000000	-44.538685	-64.341064	1.000000
0.000000	37.588268	153.683411	1.000000
0.000000	-529.559631	-348.834808	1.000000
0.000000	-4148.358398	3401.296387	1.000000
0.000000	-780.392090	362.063629	1.000000
0.000000	-94.092850	-176.971558	1.000000
0.000000	-174.052032	-64.200722	1.000000
0.000000	6958.017090	6288.714844	1.000000
0.000000	-823.030212	1763.840942	1.000000
0.000000	74.622444	1417.013672	1.000000
0.000000	-3347.800537	-11718.551758	1.000000
0.000000	221.234863	-72.215134	1.000000
0.000000	-18.645361	-181.400635	1.000000
0.000000	45.375130	120.724136	1.000000
0.000000	29405522.000000	-21550876.000000	1.000000
0.000000	-485.890930	1611.709595	1.000000
0.000000	554.212524	456.347443	1.000000
0.000000	1756.870728	26315.666016	1.000000
0.000000	3231.176270	-1570.303711	1.000000
0.000000	-44.960308	-179.490784	1.000000
0.000000	114.534515	-289.123199	1.000000
0.000000	5439.176270	-2832.465332	1.000000
0.000000	401042.187500	-1051564.750000	1.000000
0.000000	40281.500000	142606.125000	1.000000
0.000000	899154304.000000	-490293056.000000	1.000000
0.000000	5173.213867	-14805.142578	1.000000
0.000000	-11819835.000000	-661416.937500	1.000000
0.000000	10567.311523	-15191.555664	1.000000
0.000000	6.445655	-275.076263	1.000000
0.000000	-203.338318	-709.739197	1.000000
0.000000	-593.896118	925.267334	1.000000
0.000000	424445.187500	2513.308350	1.000000
0.000000	-9255.771484	10660.700195	1.000000
0.000000	-85.902153	561.208313	1.000000
0.000000	40.580990	-194.055374	1.000000
0.000000	3412.880371	-13195.168945	1.000000
0.000000	-935690816.000000	516809408.000000	1.000000
0.000000	1333545.500000	80156.921875	1.000000
0.000000	370621.187500	-121717.546875	1.000000
0.000000	282585.750000	227366.593750	1.000000
0.000000	24985.861328	-23180.886719	1.000000
0.000000	2203343.750000	933780.687500	1.000000
0.000000	-102.151360	139.284271	1.000000
0.819993	180.797821	-12.932102	1.000000
0.000000	-3226.063721	-443.092041	1.000000
0.000000	-1659.870239	1624.457153	1.000000
0.000000	54.757118	194.020401	1.000000
0.000000	36.475430	45.610218	1.000000
0.000000	-1120.399292	1125.722046	1.000000
0.000000	831.274963	-135.398071	1.000000
0.000000	212.951767	-277.785431	1.000000
0.000000	-4355021.000000	2416277.250000	1.000000
0.000000	1022.439941	563.865662	1.000000
0.000000	-27.958817	-88040.875000	1.000000
0.000000	1711789.125000	-2028472.500000	1.000000
0.000000	794.024780	-1607.351562	1.000000
0.000000	-343.403015	-5246.919434	1.000000
0.000000	691415.187500	-227346.906250	1.000000
0.000000	12310197.000000	-6573529.500000	1.000000
0.000000	-21922.138672	-21411.691406	1.000000
0.000000	170581.890625	-24468.707031	1.000000
0.000000	67.894806	98.616089	1.000000
0.000000	193.983627	-4.584936	1.000000
0.000000	718.288513	-1763.683350	1.000000
0.000000	-82.717171	-166.108566	1.000000
0.000000	69.950790	-174.127274	1.000000
0.000000	-853.673096	972.661316	1.000000
0.000000	-112.118698	-3137.258057	1.000000
0.000000	-53763.804688	119833.890625	1.000000
0.000000	57.234505	154.520889	1.000000
0.000000	-252.585068	0.452474	1.000000
0.000000	-231.502136	-1104.938843	1.000000
0.000000	-64702.292969	15597.035156	1.000000
0.000000	2403.630615	685.942200	1.000000
0.000000	55701.738281	149518.359375	1.000000
0.000000	-13133.588867	6635.385742	1.000000
0.000000	-41699.066406	-29846.562500	1.000000
0.000000	-8542.020508	13752.085938	1.000000
0.000000	211.408691	296.036499	1.000000
0.000000	-232.020370	98.379356	1.000000
0.000000	1477.087891	3252.557373	1.000000
0.000000	527.550903	-386.685516	1.000000
0.000000	1993.045654	203.763214	1.000000
0.000000	545.276123	-429.777283	1.000000
0.000000	14014.357422	-14132.433594	1.000000
0.000000	-207.173325	-77.893120	1.000000
0.000000	-1125.102539	1625.321899	1.000000
0.000000	152.311554	178.962204	1.000000
0.000000	-13447.729492	-2958.665283	1.000000
0.000000	-28594.378906	-61425.890625	1.000000
0.000000	1638.110107	7960.075195	1.000000
0.000000	-2598.418945	1935.971191	1.000000
0.000000	-9.889017	-104.362755	1.000000
0.000000	141.388107	293.860291	1.000000
0.000000	-3895.191650	-16123.688477	1.000000
0.000000	653.805969	-59.844688	1.000000
0.000000	-8665.267578	12923.425781	1.000000
0.000000	-931.151001	-3066.297852	1.000000
0.000000	955.235901	454.059601	1.000000
0.000000	171.793350	-228.749847	1.000000
0.000000	-5763.603027	-20529.693359	1.000000
0.000000	-4.346243	-203.966568	1.000000
0.000000	22547.304688	-24481.333984	1.000000
0.000000	-219.257462	-87.578957	1.000000
0.000000	-3300464.250000	1376390.750000	1.000000
0.000000	-17947.189453	-1148.535767	1.000000
0.000000	-7.299097	468.428101	1.000000
0.000000	118.284950	-229.806549	1.000000
0.000000	6645.660645	2818.106445	1.000000
0.000000	-26247.568359	-23402.800781	1.000000
0.000000	-586712.625000	317386.406250	1.000000
0.000000	-108536.234375	249199.484375	1.000000
0.000000	38148.968750	-56191.003906	1.000000
0.000000	521.454590	-1628.975708	1.000000
0.000000	62.878067	61.293453	1.000000
0.000000	-192.266541	-543.348022	1.000000
0.000000	-354.393616	563.165894	1.000000
0.000000	4112436.000000	2116301.500000	1.000000
0.000000	51.161152	186.947250	1.000000
0.000000	-45227.855469	75846.062500	1.000000
0.000000	594.489441	1640.502197	1.000000
0.000000	4713.499512	12594.915039	1.000000
0.000000	631.371399	1729.720703	1.000000
0.000000	-44012.089844	2276.816162	1.000000
0.000000	245841.109375	-842228.687500	1.000000
0.000000	-115.152832	-89.148666	1.000000
0.000000	322.257782	-139.608582	1.000000
0.000000	-33029.519531	-139891.234375	1.000000
0.000000	-14296.592773	-13679.843750	1.000000
0.000000	-259.374756	-75.955421	1.000000
0.000000	-323444.531250	730136.875000	1.000000
0.000000	-31467.542969	-19733.769531	1.000000
0.000000	-312.557526	-1025.933472	1.000000
0.000000	114.486588	-237.316055	1.000000
0.000000	-3746.742676	-12739.214844	1.000000
0.000000	56.519081	-201.001419	1.000000
0.000000	3164.597168	3115.106934	1.000000
0.000000	-30.000093	292.887787	1.000000
0.000000	799332.687500	-982912.687500	1.000000
0.000000	-258.674164	387.369324	1.000000
0.000000	-3398.920166	-2056.019775	1.000000
0.000000	-0.847917	2776.859619	1.000000
0.000000	-228.934387	210.863235	1.000000
0.000000	19915.392578	10434.007812	1.000000
0.000000	-50.933769	606.940125	1.000000
0.000000	-3244.811523	-1873.960083	1.000000
0.000000	65061.277344	112543.195312	1.000000
0.000000	172.680038	130.474091	1.000000
0.000000	484892.843750	100691.171875	1.000000
0.000000	-150.447296	144.486786	1.000000
0.000000	79.104851	165.672226	1.000000
0.000000	297.931427	-9.605406	1.000000
0.000000	-163.059982	-87.774963	1.000000
0.000000	-52472.441406	-3126.035400	1.000000
0.000000	11330.041992	1269.610718	1.000000
0.000000	-112.250626	-59.933971	1.000000
0.000000	-71.408623	1853.452881	1.000000
0.000000	-7866.591309	-93023.609375	1.000000
0.000000	-489.302216	1213.369385	1.000000
0.000000	42.253029	203.205322	1.000000
0.000000	204.434982	-37.937889	1.000000
0.000000	49.014034	210.719910	1.000000
0.000000	-42795.144531	-77802.070312	1.000000
0.000000	404.537872	-1008.126953	1.000000
0.000000	-83.339485	212.359558	1.000000
0.000000	-28.154417	-308.969208	1.000000
0.000000	-447.071045	580.653198	1.000000
0.000000	300.854218	159.713654	1.000000
0.000000	185.087799	871.983032	1.000000
0.000000	-118.394882	43.575798	1.000000
0.000000	134.876190	436.767181	1.000000
0.000000	-10864.325195	564.638123	1.000000
0.000000	28171368.000000	16549397.000000	1.000000
0.000000	214.919388	-536.261719	1.000000
0.000000	-32827.750000	266856.875000	1.000000
0.000000	-93.946114	8.699816	1.000000
0.000000	1369.769287	2749.568359	1.000000
0.000000	4675.701660	10647.399414	1.000000
0.000000	-48664.007812	-126250.796875	1.000000
0.000000	175.144104	-449.305511	1.000000
0.000000	1929694.125000	165144.046875	1.000000
0.000000	-180240.078125	-177937.812500	1.000000
0.000000	-70102.773438	13815.766602	1.000000
0.819993	181.622116	-8.973053	1.000000
0.000000	-131067.093750	14829.968750	1.000000
0.000000	-948.563904	172.158997	1.000000
0.000000	-1239.952515	1108.749390	1.000000
0.000000	-1150.815186	1035.287964	1.000000
0.000000	49227.566406	57425.906250	1.000000
0.000000	83984.242188	3765.756104	1.000000
0.000000	925.446228	-444.908936	1.000000
0.000000	-230.884888	-210.344101	1.000000
0.000000	-1589278.625000	-1200867.375000	1.000000
0.000000	-135.847977	106.528656	1.000000
0.000000	2590553.750000	19239.996094	1.000000
0.000000	86.719666	-51.744514	1.000000
0.000000	-10366.339844	13078.935547	1.000000
0.000000	1826645.375000	135475.671875	1.000000
0.000000	-1581.023315	652.737549	1.000000
0.000000	132.018158	18.047474	1.000000
0.000000	232.385635	45.061096	1.000000
0.000000	562.449402	1047.513062	1.000000
0.000000	-10520.713867	7312.804199	1.000000
0.000000	-232.212418	132.435883	1.000000
0.000000	27328.333984	25751.886719	1.000000
0.000000	-30.585493	196.149216	1.000000
0.000000	266.554535	354.827240	1.000000
0.000000	94.357513	-9087.720703	1.000000
0.000000	-5458.284668	9770.595703	1.000000
0.000000	459062.781250	25689.945312	1.000000
0.000000	-880.729187	1050.074707	1.000000
0.000000	2061.102539	-5346.091309	1.000000
0.000000	3484.263184	-1945.562256	1.000000
0.000000	61.763725	-48.616974	1.000000
0.000000	100.533394	104.872276	1.000000
0.000000	1028.439697	-609.277588	1.000000
0.000000	1191.071899	11874.428711	1.000000
0.000000	18181.988281	-23757.166016	1.000000
0.000000	175.362869	-6.172355	1.000000
0.000000	-21.423603	-63.962505	1.000000
0.000000	1267.545166	1093.851318	1.000000
0.000000	265.626648	-41.944454	1.000000
0.000000	83.460930	27.647270	1.000000
0.000000	-1574.672363	88.134270	1.000000
0.000000	75176.515625	-7424.296875	1.000000
0.000000	42.769463	261.660095	1.000000
0.000000	-356.544800	-720.712036	1.000000
0.000000	1187.964600	-9746.414062	1.000000
0.000000	178.134003	176.540100	1.000000
0.000000	124.964119	123.785561	1.000000
0.000000	-3930.356689	-4736.369629	1.000000
0.000000	367.625092	208.344223	1.000000
0.000000	-1909.850220	-2880.004150	1.000000
0.000000	-56.619087	137.233231	1.000000
0.000000	22220.500000	38940.703125	1.000000
0.000000	200.999786	-24.387316	1.000000
0.000000	735.483459	-552.378967	1.000000
0.000000	1123.423584	625.110779	1.000000
0.000000	-313.536285	484.584595	1.000000
0.000000	47.068691	-198.870697	1.000000
0.000000	9507.936523	4973.020020	1.000000
0.000000	-92748.906250	-330120.531250	1.000000
0.000000	7835.895996	16943.289062	1.000000
0.000000	113.937317	-70.438141	1.000000
0.000000	3349.972900	-1055.294067	1.000000
0.000000	-423441.125000	-81831.687500	1.000000
0.000000	-44105600.000000	-10494824.000000	1.000000
0.000000	5955.573242	-4718.412598	1.000000
0.000000	-230.898895	16.524883	1.000000
0.000000	893.898193	-1767.505249	1.000000
0.000000	5971.051758	450.352539	1.000000
0.000000	-121.079063	-43.371044	1.000000
0.000000	-332.499817	1024.016479	1.000000
0.000000	-18803.533203	219.331406	1.000000
0.000000	-476.852600	-152.784195	1.000000
0.000000	281.347992	-196.407196	1.000000
0.000000	14406.197266	-11098.245117	1.000000
