0.000000	31527.992188	455784.375000	1.000000
0.000000	214986.687500	175215.328125	1.000000
0.000000	1181.413330	-12744.260742	1.000000
0.000000	-554.864807	649.183167	1.000000
0.000000	16891.232422	27427.796875	1.000000
0.000000	-13726.743164	762.214783	1.000000
0.000000	-712.965759	-2440.096436	1.000000
0.000000	-595233.062500	1523932.125000	1.000000
0.000000	3556.550537	-2231.118164	1.000000
0.000000	9292453.000000	3386659.750000	1.000000
0.000000	78697400.000000	19959642.000000	1.000000
0.000000	-245.714111	-176.924805	1.000000
0.000000	-280.411438	69.495483	1.000000
0.000000	93.696526	-213.005081	1.000000
0.000000	-73337376.000000	-31090268.000000	1.000000
0.000000	708.328430	-4533.745605	1.000000
0.000000	367.434570	-378.958374	1.000000
0.000000	-6154.495605	7779.482422	1.000000
0.000000	-987.397888	247.417328	1.000000
0.000000	-292.928131	258.402008	1.000000
0.000000	915.246399	7979.577148	1.000000
0.000000	10218.632812	85023.664062	1.000000
0.000000	-41.760555	792.339966	1.000000
0.000000	208.268921	114.600601	1.000000
0.000000	-207137.203125	-53314.785156	1.000000
0.000000	384.608490	-61.270325	1.000000
0.000000	10388.366211	35407.628906	1.000000
0.000000	-3898.843506	11586.001953	1.000000
0.000000	383.013000	-165.765045	1.000000
0.000000	-61499.804688	-273296.843750	1.000000
0.000000	5190.530273	-8927.000000	1.000000
0.000000	4851.315430	899.253296	1.000000
0.000000	-237.394348	450.883759	1.000000
0.000000	-515.587830	-227.363571	1.000000
0.000000	-217.249863	-14.759656	1.000000
0.000000	4835.853516	2768.909424	1.000000
0.000000	37.122475	-56.538155	1.000000
0.000000	-5716.475098	-1486.951538	1.000000
0.000000	-246287.953125	-73705.156250	1.000000
0.000000	-46759.324219	-6142.824707	1.000000
0.000000	443.675507	70.817337	1.000000
0.000000	522.451477	37.456318	1.000000
0.000000	-1.577288	207.964828	1.000000
0.000000	-67.966179	-110.766235	1.000000
0.000000	44.050976	205.273987	1.000000
0.000000	-549.173889	-300.687836	1.000000
0.000000	-4105.702148	3371.589355	1.000000
0.000000	-809.908691	404.878571	1.000000
0.000000	-105.534500	-227.689331	1.000000
0.000000	-224.944366	-74.896523	1.000000
0.000000	7009.813965	6283.128906	1.000000
0.000000	-851.404236	1720.296021	1.000000
0.000000	45.066170	1374.230469	1.000000
0.000000	-3378.015381	-11675.895508	1.000000
0.000000	269.254883	-52.273224	1.000000
0.000000	-17.359961	-233.387939	1.000000
0.000000	97.345146	118.922989	1.000000
0.000000	29405522.000000	-21550876.000000	1.000000
0.000000	-527.785461	1642.432251	1.000000
0.000000	519.998657	495.480743	1.000000
0.000000	1730.083618	26270.978516	1.000000
0.000000	3250.980957	-1618.418945	1.000000
0.000000	-72.321465	-223.718079	1.000000
0.000000	142.591156	-332.890289	1.000000
0.000000	5407.184082	-2873.344238	1.000000
0.000000	401074.687500	-1051564.750000	1.000000
0.000000	40236.812500	142573.625000	1.000000
0.000000	899154304.000000	-490293056.000000	1.000000
0.000000	5139.698242	-14844.751953	1.000000
0.000000	-11819835.000000	-661351.937500	1.000000
0.000000	10593.717773	-15146.868164	1.000000
0.000000	-8.916041	-324.746674	1.000000
0.000000	-242.582703	-743.826111	1.000000
0.000000	-541.908813	923.489990	1.000000
0.000000	424380.187500	2500.359131	1.000000
0.000000	-9306.552734	10648.512695	1.000000
0.000000	-136.375275	548.703430	1.000000
0.000000	36.026546	-245.852249	1.000000
0.000000	3417.958496	-13246.965820	1.000000
0.000000	-935690816.000000	516809408.000000	1.000000
0.000000	1333545.500000	80205.671875	1.000000
0.000000	370686.187500	-121725.671875	1.000000
0.000000	282520.750000	227382.843750	1.000000
0.000000	24939.142578	-23156.511719	1.000000
0.000000	2203343.750000	933715.687500	1.000000
0.000000	-129.541489	183.479828	1.000000
0.000000	129.934219	-24.496204	1.000000
0.000000	-3193.563721	-402.467041	1.000000
0.000000	-1665.963989	1676.127075	1.000000
0.000000	78.735390	240.167862	1.000000
0.000000	23.116261	-4.643784	1.000000
0.000000	-1170.545776	1112.011108	1.000000
0.000000	875.200745	-163.248413	1.000000
0.000000	224.520370	-227.090347	1.000000
0.000000	-4355021.000000	2416277.250000	1.000000
0.000000	1067.383545	589.954529	1.000000
0.000000	-78.848495	-88049.000000	1.000000
0.000000	1711789.125000	-2028472.500000	1.000000
0.000000	803.736694	-1556.316406	1.000000
0.000000	-300.651550	-5276.372559	1.000000
0.000000	691415.187500	-227395.656250	1.000000
0.000000	12310197.000000	-6573529.500000	1.000000
0.000000	-21934.326172	-21462.472656	1.000000
0.000000	170630.640625	-24499.175781	1.000000
0.000000	45.516041	145.557007	1.000000
0.000000	243.733383	-19.706244	1.000000
0.000000	667.951599	-1776.632568	1.000000
0.000000	-116.931038	-205.273605	1.000000
0.000000	88.874741	-222.559891	1.000000
0.000000	-868.590088	1022.490417	1.000000
0.000000	-162.534958	-3124.562744	1.000000
0.000000	-53816.617188	119833.890625	1.000000
0.000000	75.618904	203.159805	1.000000
0.000000	-302.890228	13.625777	1.000000
0.000000	-181.498474	-1090.720093	1.000000
0.000000	-64657.605469	15568.597656	1.000000
0.000000	2419.118896	735.580872	1.000000
0.000000	55742.363281	149550.859375	1.000000
0.000000	-13183.354492	6619.135742	1.000000
0.000000	-41739.691406	-29816.093750	1.000000
0.000000	-8499.364258	13781.539062	1.000000
0.000000	258.381348	318.316772	1.000000
0.000000	-270.318542	133.561234	1.000000
0.000000	1514.539062	3216.502686	1.000000
0.000000	577.760864	-400.237762	1.000000
0.000000	1959.656982	163.915802	1.000000
0.000000	555.432373	-480.780701	1.000000
0.000000	14003.185547	-14183.214844	1.000000
0.000000	-251.511703	-105.053154	1.000000
0.000000	-1144.780273	1577.206665	1.000000
0.000000	189.477081	215.334274	1.000000
0.000000	-13396.948242	-2970.091064	1.000000
0.000000	-28626.878906	-61466.515625	1.000000
0.000000	1666.547607	8003.747070	1.000000
0.000000	-2566.680664	1894.838379	1.000000
0.000000	37.691879	-125.341759	1.000000
0.000000	106.994827	254.853943	1.000000
0.000000	-3862.183838	-16083.063477	1.000000
0.000000	703.762024	-45.332359	1.000000
0.000000	-8717.064453	12927.488281	1.000000
0.000000	-915.472290	-3115.809570	1.000000
0.000000	949.586487	505.761261	1.000000
0.000000	222.606339	-239.778900	1.000000
0.000000	-5712.313965	-20521.568359	1.000000
0.000000	-1.610800	-255.890396	1.000000
0.000000	22533.085938	-24532.115234	1.000000
0.000000	-254.312393	-125.982277	1.000000
0.000000	-3300464.250000	1376390.750000	1.000000
0.000000	-17965.470703	-1197.031860	1.000000
0.000000	-29.170740	515.591187	1.000000
0.000000	135.618500	-278.833710	1.000000
0.000000	6662.418457	2768.848633	1.000000
0.000000	-26198.818359	-23386.550781	1.000000
0.000000	-586712.625000	317418.906250	1.000000
0.000000	-108536.234375	249150.734375	1.000000
0.000000	38096.156250	-56191.003906	1.000000
0.000000	555.097168	-1668.585083	1.000000
0.000000	87.856270	106.901360	1.000000
0.000000	-204.152527	-492.745117	1.000000
0.000000	-368.580627	613.185425	1.000000
0.000000	4112436.000000	2116301.500000	1.000000
0.000000	99.413101	197.095749	1.000000
0.000000	-45248.167969	75894.812500	1.000000
0.000000	641.398621	1662.972900	1.000000
0.000000	4763.772949	12581.711914	1.000000
0.000000	626.229797	1677.923828	1.000000
0.000000	-44048.652344	2314.902100	1.000000
0.000000	245792.359375	-842228.687500	1.000000
0.000000	-162.191132	-111.309921	1.000000
0.000000	374.118134	-135.593689	1.000000
0.000000	-33009.207031	-139939.984375	1.000000
0.000000	-14313.858398	-13631.093750	1.000000
0.000000	-311.298584	-78.589699	1.000000
0.000000	-323509.531250	730136.875000	1.000000
0.000000	-31422.855469	-19707.363281	1.000000
0.000000	-359.561920	-1048.150269	1.000000
0.000000	128.538406	-287.373260	1.000000
0.000000	-3696.977051	-12754.449219	1.000000
0.000000	71.557068	-250.782913	1.000000
0.000000	3180.085449	3065.595215	1.000000
0.000000	-5.389415	247.086349	1.000000
0.000000	799267.687500	-982912.687500	1.000000
0.000000	-309.963226	396.033875	1.000000
0.000000	-3349.154541	-2070.746338	1.000000
0.000000	-11.775745	2827.640869	1.000000
0.000000	-265.623840	247.727249	1.000000
0.000000	19888.986328	10478.695312	1.000000
0.000000	0.319350	598.180359	1.000000
0.000000	-3294.323242	-1890.210083	1.000000
0.000000	65077.527344	112591.945312	1.000000
0.000000	212.912323	163.155884	1.000000
0.000000	484892.843750	100739.921875	1.000000
0.000000	-188.057159	180.398651	1.000000
0.000000	81.167091	217.793518	1.000000
0.000000	306.849884	41.623806	1.000000
0.000000	-214.952072	-91.083679	1.000000
0.000000	-52452.128906	-3078.808838	1.000000
0.000000	11357.463867	1313.790405	1.000000
0.000000	-98.119156	-109.977303	1.000000
0.000000	-41.043022	1811.177490	1.000000
0.000000	-7869.130371	-93072.359375	1.000000
0.000000	-520.446045	1171.728760	1.000000
0.000000	7.900307	242.243408	1.000000
0.000000	254.137131	-53.227806	1.000000
0.000000	51.862545	262.643738	1.000000
0.000000	-42835.769531	-77769.570312	1.000000
0.000000	363.881134	-1040.595947	1.000000
0.000000	-56.274666	256.761414	1.000000
0.000000	-51.422546	-262.472626	1.000000
0.000000	-451.831787	632.450073	1.000000
0.000000	337.194550	122.516388	1.000000
0.000000	197.449860	922.510376	1.000000
0.000000	-142.725403	89.532829	1.000000
0.000000	176.754852	467.585052	1.000000
0.000000	-10916.122070	560.829529	1.000000
0.000000	28171368.000000	16549397.000000	1.000000
0.000000	249.974319	-574.665039	1.000000
0.000000	-32807.437500	266824.375000	1.000000
0.000000	-145.928223	7.378710	1.000000
0.000000	1413.060303	2720.876953	1.000000
0.000000	4624.920410	10659.586914	1.000000
0.000000	-48611.195312	-126250.796875	1.000000
0.000000	129.488586	-474.188324	1.000000
0.000000	1929694.125000	165176.546875	1.000000
0.000000	-180191.328125	-177937.812500	1.000000
0.000000	-70143.398438	13786.313477	1.000000
0.000000	212.998672	-50.299522	1.000000
0.000000	-131083.343750	14879.734375	1.000000
0.000000	-994.965271	195.677063	1.000000
0.000000	-1272.579468	1068.251343	1.000000
0.000000	-1164.272217	1085.561401	1.000000
0.000000	49239.753906	57474.656250	1.000000
0.000000	83943.617188	3734.525635	1.000000
0.000000	975.021423	-429.103271	1.000000
0.000000	-277.104462	-234.163681	1.000000
0.000000	-1589278.625000	-1200867.375000	1.000000
0.000000	-186.026199	120.199921	1.000000
0.000000	2590553.750000	19286.714844	1.000000
0.000000	104.786682	-100.503448	1.000000
0.000000	-10396.808594	13121.591797	1.000000
0.000000	1826645.375000	135443.171875	1.000000
0.000000	-1575.056519	704.407471	1.000000
0.000000	182.704193	29.651783	1.000000
0.000000	275.644897	16.195129	1.000000
0.000000	520.935730	1016.171570	1.000000
0.000000	-10556.260742	7350.890137	1.000000
0.000000	-283.184082	142.734955	1.000000
0.000000	27330.365234	25804.699219	1.000000
0.000000	7.371958	231.696091	1.000000
0.000000	268.903168	406.782806	1.000000
0.000000	43.773041	-9075.533203	1.000000
0.000000	-5510.081543	9771.611328	1.000000
0.000000	459095.281250	25651.351562	1.000000
0.000000	-929.479187	1068.102051	1.000000
0.000000	2102.997070	-5315.114746	1.000000
0.000000	3485.278809	-1997.613037	1.000000
0.000000	90.208847	-5.085149	1.000000
0.000000	145.003632	131.824890	1.000000
0.000000	1006.045044	-656.186768	1.000000
0.000000	1197.038696	11822.631836	1.000000
0.000000	18131.207031	-23767.322266	1.000000
0.000000	227.223221	-9.952187	1.000000
0.000000	-18.511616	-115.878403	1.000000
0.000000	1224.381104	1122.796631	1.000000
0.000000	317.613953	-43.273495	1.000000
0.000000	91.800163	78.975838	1.000000
0.000000	-1525.160645	103.995476	1.000000
0.000000	75225.265625	-7418.710938	1.000000
0.000000	56.615288	311.774841	1.000000
0.000000	-304.557495	-720.712036	1.000000
0.000000	1184.663818	-9694.617188	1.000000
0.000000	209.570770	217.958557	1.000000
0.000000	164.621704	157.412277	1.000000
0.000000	-3906.489502	-4690.158691	1.000000
0.000000	418.914154	216.818344	1.000000
0.000000	-1951.617798	-2910.980713	1.000000
0.000000	-34.703804	184.396317	1.000000
0.000000	22228.625000	38993.515625	1.000000
0.000000	253.002960	-24.216722	1.000000
0.000000	787.470764	-551.490295	1.000000
0.000000	1168.364990	651.263123	1.000000
0.000000	-315.694489	536.525146	1.000000
0.000000	79.870201	-239.225922	1.000000
0.000000	9534.342773	4928.332520	1.000000
0.000000	-92724.531250	-330153.031250	1.000000
0.000000	7887.692871	16945.320312	1.000000
0.000000	147.484680	-110.166534	1.000000
0.000000	3366.984619	-1006.140137	1.000000
0.000000	-423408.625000	-81872.312500	1.000000
0.000000	-44105600.000000	-10494824.000000	1.000000
0.000000	5978.932617	-4672.201660	1.000000
0.000000	-250.640106	64.632187	1.000000
0.000000	939.474365	-1742.495483	1.000000
0.000000	5930.426758	418.042969	1.000000
0.000000	-169.352982	-62.703625	1.000000
0.000000	-384.423645	1021.477417	1.000000
0.000000	-18795.408203	167.994736	1.000000
0.000000	-528.839905	-154.228287	1.000000
0.000000	287.283051	-248.061249	1.000000
0.000000	14453.931641	-11077.932617	1.000000
