0.000000	31649.515625	455670.000000	1.000000
0.000000	214929.500000	175043.765625	1.000000
0.000000	1154.159912	-12561.975586	1.000000
0.000000	-737.820129	651.863831	1.000000
0.000000	16905.529297	27613.656250	1.000000
0.000000	-13905.454102	803.541687	1.000000
0.000000	-877.156433	-2359.676514	1.000000
0.000000	-595004.312500	1523932.125000	1.000000
0.000000	3462.727295	-2388.383789	1.000000
0.000000	9292453.000000	3386659.750000	1.000000
0.000000	78697400.000000	19959642.000000	1.000000
0.000000	-69.116051	-129.007935	1.000000
0.000000	-193.776764	-91.696831	1.000000
0.000000	100.426109	-30.120468	1.000000
0.000000	-73337376.000000	-31090268.000000	1.000000
0.000000	549.052307	-4623.101074	1.000000
0.000000	324.543945	-201.046555	1.000000
0.000000	-6059.778809	7622.216797	1.000000
0.000000	-987.844666	430.375275	1.000000
0.000000	-230.132919	86.504448	1.000000
0.000000	875.929993	7800.866211	1.000000
0.000000	10054.218750	84937.882812	1.000000
0.000000	-6.358425	612.735474	1.000000
0.000000	75.456451	236.031494	1.000000
0.000000	-207251.578125	-53186.113281	1.000000
0.000000	202.195160	-75.595123	1.000000
0.000000	10391.940430	35593.488281	1.000000
0.000000	-3719.239014	11621.744141	1.000000
0.000000	223.066696	-76.856361	1.000000
0.000000	-61685.664062	-273296.843750	1.000000
0.000000	5299.543945	-9073.542969	1.000000
0.000000	4674.391602	854.128784	1.000000
0.000000	-68.582306	380.130035	1.000000
0.000000	-381.669312	-352.113312	1.000000
0.000000	-74.225266	99.400833	1.000000
0.000000	4669.652344	2692.957275	1.000000
0.000000	207.305115	10.709196	1.000000
0.000000	-5575.293457	-1371.236206	1.000000
0.000000	-246345.140625	-73533.593750	1.000000
0.000000	-46902.292969	-6032.023926	1.000000
0.000000	302.605560	-45.704887	1.000000
0.000000	416.687988	186.806091	1.000000
0.000000	2.399126	27.125862	1.000000
0.000000	8.966820	51.562965	1.000000
0.000000	21.193211	24.704807	1.000000
0.000000	-480.146820	-470.128143	1.000000
0.000000	-4255.819336	3476.135254	1.000000
0.000000	-706.032959	254.202896	1.000000
0.000000	-63.897224	-49.748997	1.000000
0.000000	-45.017986	-39.374706	1.000000
0.000000	6827.528809	6302.787109	1.000000
0.000000	-751.549500	1873.540649	1.000000
0.000000	149.075867	1524.794434	1.000000
0.000000	-3271.682373	-11826.012695	1.000000
0.000000	100.256767	-122.447525	1.000000
0.000000	-21.290764	-52.132626	1.000000
0.000000	-85.546509	125.261642	1.000000
0.000000	29405522.000000	-21550876.000000	1.000000
0.000000	-380.348938	1534.312134	1.000000
0.000000	640.405151	357.761627	1.000000
0.000000	1824.353638	26428.244141	1.000000
0.000000	3181.283691	-1449.090332	1.000000
0.000000	23.373257	-66.393631	1.000000
0.000000	43.853359	-178.835846	1.000000
0.000000	5519.771973	-2729.481934	1.000000
0.000000	400960.312500	-1051564.750000	1.000000
0.000000	40394.078125	142688.000000	1.000000
0.000000	899154304.000000	-490293056.000000	1.000000
0.000000	5257.647461	-14705.357422	1.000000
0.000000	-11819835.000000	-661580.687500	1.000000
0.000000	10500.788086	-15304.133789	1.000000
0.000000	45.144436	-149.911163	1.000000
0.000000	-104.472656	-623.866394	1.000000
0.000000	-724.864136	929.744873	1.000000
0.000000	424608.937500	2545.930420	1.000000
0.000000	-9127.841797	10691.403320	1.000000
0.000000	41.256222	592.710999	1.000000
0.000000	52.054684	-63.567059	1.000000
0.000000	3400.087402	-13064.680664	1.000000
0.000000	-935690816.000000	516809408.000000	1.000000
0.000000	1333545.500000	80034.109375	1.000000
0.000000	370457.437500	-121697.078125	1.000000
0.000000	282749.500000	227325.656250	1.000000
0.000000	25103.556641	-23242.292969	1.000000
0.000000	2203343.750000	933944.437500	1.000000
0.000000	-36.027340	31.111225	1.000000
0.000000	307.037262	17.904722	1.000000
0.000000	-3307.938721	-545.435791	1.000000
0.000000	-1644.518677	1494.288696	1.000000
0.000000	-5.647383	77.772942	1.000000
0.000000	70.128754	172.219177	1.000000
0.000000	-994.068726	1160.263062	1.000000
0.000000	720.615784	-65.254517	1.000000
0.000000	183.807785	-405.475250	1.000000
0.000000	-4355021.000000	2416277.250000	1.000000
0.000000	909.062256	498.158630	1.000000
0.000000	100.245880	-88020.406250	1.000000
0.000000	1711789.125000	-2028472.500000	1.000000
0.000000	769.558228	-1735.920898	1.000000
0.000000	-451.103821	-5172.720215	1.000000
0.000000	691415.187500	-227224.093750	1.000000
0.000000	12310197.000000	-6573529.500000	1.000000
0.000000	-21891.435547	-21283.761719	1.000000
0.000000	170459.078125	-24391.949219	1.000000
0.000000	124.023117	-17.225056	1.000000
0.000000	68.278214	32.222214	1.000000
0.000000	845.098816	-1731.061279	1.000000
0.000000	3.471398	-67.449440	1.000000
0.000000	22.275974	-52.114330	1.000000
0.000000	-816.093750	847.130310	1.000000
0.000000	14.886561	-3169.240479	1.000000
0.000000	-53630.757812	119833.890625	1.000000
0.000000	11.033144	30.979416	1.000000
0.000000	-125.814926	-32.771114	1.000000
0.000000	-357.505096	-1140.759155	1.000000
0.000000	-64814.871094	15668.675781	1.000000
0.000000	2364.612061	560.890930	1.000000
0.000000	55599.394531	149436.484375	1.000000
0.000000	-13008.217773	6676.323242	1.000000
0.000000	-41596.722656	-29923.320312	1.000000
0.000000	-8649.481445	13677.886719	1.000000
0.000000	93.067833	239.895874	1.000000
0.732401	-135.459488	9.719881	1.000000
0.000000	1382.739746	3343.387451	1.000000
0.000000	401.060455	-352.544281	1.000000
0.000000	2077.270264	304.167206	1.000000
0.000000	519.690186	-301.287903	1.000000
0.000000	14042.501953	-14004.503906	1.000000
0.000000	-95.468903	-9.477047	1.000000
0.000000	-1075.529785	1746.535278	1.000000
0.000000	58.683018	87.332565	1.000000
0.000000	-13575.659180	-2929.881104	1.000000
0.000000	-28512.503906	-61323.546875	1.000000
0.000000	1566.469482	7850.055664	1.000000
0.000000	-2678.375000	2039.594238	1.000000
0.000000	-129.759125	-51.511803	1.000000
0.000000	228.020493	392.126282	1.000000
0.000000	-3978.345947	-16226.032227	1.000000
0.000000	527.955139	-96.404594	1.000000
0.000000	-8534.779297	12913.191406	1.000000
0.000000	-970.649292	-2941.566406	1.000000
0.000000	969.468079	323.811188	1.000000
0.000000	43.782127	-200.965118	1.000000
0.000000	-5892.812012	-20550.162109	1.000000
0.000000	-11.237455	-73.150085	1.000000
0.000000	22583.125000	-24353.404297	1.000000
0.732401	-131.039749	9.202757	1.000000
0.000000	-3300464.250000	1376390.750000	1.000000
0.000000	-17901.134766	-1026.362915	1.000000
0.000000	47.741364	350.421936	1.000000
0.029781	74.924622	-106.789719	1.000000
0.000000	6603.443848	2942.198242	1.000000
0.000000	-26370.380859	-23443.738281	1.000000
0.000000	-586712.625000	317304.531250	1.000000
0.000000	-108536.234375	249322.296875	1.000000
0.000000	38282.015625	-56191.003906	1.000000
0.000000	436.701141	-1529.190552	1.000000
0.000000	-0.054829	-53.602699	1.000000
0.000000	-162.322998	-670.797974	1.000000
0.000000	-318.653259	437.155121	1.000000
0.000000	4112436.000000	2116301.500000	1.000000
0.000000	-77.257202	161.081467	1.000000
0.000000	-45176.683594	75723.250000	1.000000
0.000000	476.338562	1583.893311	1.000000
0.000000	4586.849121	12628.176758	1.000000
0.000000	644.324280	1860.208984	1.000000
0.000000	-43919.980469	2180.868896	1.000000
0.000000	245963.921875	-842228.687500	1.000000
0.000000	3.357464	-33.319351	1.000000
0.000000	196.020691	-147.772659	1.000000
0.000000	-33080.691406	-139768.421875	1.000000
0.000000	-14253.096680	-13802.656250	1.000000
0.000000	-128.527695	-69.319069	1.000000
0.000000	-323280.781250	730136.875000	1.000000
0.000000	-31580.121094	-19800.292969	1.000000
0.000000	-194.142593	-969.964233	1.000000
0.029781	78.773567	-110.706482	1.000000
0.000000	-3872.113770	-12700.835938	1.000000
0.000000	18.631668	-75.590347	1.000000
0.000000	3125.578613	3239.838379	1.000000
0.000000	-92.052010	408.204926	1.000000
0.000000	799496.437500	-982912.687500	1.000000
0.000000	-129.504333	365.541321	1.000000
0.000000	-3524.291260	-2018.920288	1.000000
0.000000	26.681871	2648.929932	1.000000
0.000000	-136.505188	117.996429	1.000000
0.000000	19981.916016	10321.429688	1.000000
0.000000	-180.051880	629.007996	1.000000
0.000000	-3120.080078	-1833.022583	1.000000
0.000000	65020.339844	112420.382812	1.000000
0.318743	76.813950	39.819279	1.000000
0.000000	484892.843750	100568.359375	1.000000
0.000000	-55.699383	54.017620	1.000000
0.318743	80.033943	36.844547	1.000000
0.000000	275.463776	-138.658569	1.000000
0.000000	-32.391148	-79.489281	1.000000
0.000000	-52523.613281	-3245.010010	1.000000
0.000000	11260.959961	1158.311890	1.000000
0.000000	-147.862198	66.136139	1.000000
0.000000	-147.901382	1959.954346	1.000000
0.000000	-7860.194824	-92900.796875	1.000000
0.000000	-410.865326	1318.271729	1.000000
0.000000	125.474609	105.891777	1.000000
0.000000	76.570518	-1.979387	1.000000
0.000000	45.165672	78.880524	1.000000
0.000000	-42692.800781	-77883.945312	1.000000
0.000000	506.961578	-926.411865	1.000000
0.000000	-151.528900	100.501038	1.000000
0.000000	30.463642	-426.104828	1.000000
0.000000	-435.077637	450.164917	1.000000
0.000000	209.304550	253.422150	1.000000
0.000000	153.944916	744.692993	1.000000
0.000000	-59.233921	-69.470108	1.000000
0.000000	29.414759	358.320007	1.000000
0.000000	-10733.836914	574.232849	1.000000
0.000000	28171368.000000	16549397.000000	1.000000
0.000000	126.607605	-439.514923	1.000000
0.000000	-32878.921875	266938.750000	1.000000
0.000000	33.951897	14.782658	1.000000
0.000000	1260.709229	2821.848633	1.000000
0.000000	4803.631348	10616.696289	1.000000
0.000000	-48797.054688	-126250.796875	1.000000
0.000000	290.149017	-386.619965	1.000000
0.000000	1929694.125000	165062.171875	1.000000
0.000000	-180362.890625	-177937.812500	1.000000
0.000000	-70000.429688	13889.965820	1.000000
0.000000	105.087944	92.312393	1.000000
0.000000	-131026.156250	14704.597656	1.000000
0.000000	-831.668152	112.911568	1.000000
0.000000	-1157.757690	1210.773315	1.000000
0.000000	-1116.913818	908.783203	1.000000
0.000000	49196.863281	57303.093750	1.000000
0.000000	84086.585938	3844.432861	1.000000
0.000000	800.554871	-484.727051	1.000000
0.000000	-114.428894	-150.337082	1.000000
0.000000	-1589278.625000	-1200867.375000	1.000000
0.000000	-11.407859	64.481499	1.000000
0.000000	2590553.750000	19122.300781	1.000000
0.000000	42.764648	65.117180	1.000000
0.000000	-10289.582031	12971.474609	1.000000
0.000000	1826645.375000	135557.546875	1.000000
0.000000	-1596.055054	522.569092	1.000000
0.000000	4.436559	-6.458990	1.000000
0.000000	123.406380	117.781128	1.000000
0.000000	667.031921	1126.509644	1.000000
0.000000	-10431.163086	7216.856934	1.000000
0.000000	-103.803001	106.506714	1.000000
0.000000	27323.216797	25618.839844	1.000000
0.000000	-126.212860	106.603218	1.000000
0.000000	260.637787	223.948975	1.000000
0.000000	221.802185	-9118.423828	1.000000
0.000000	-5327.796387	9768.037109	1.000000
0.000000	458980.906250	25787.171875	1.000000
0.000000	-757.916687	1004.659668	1.000000
0.000000	1955.840576	-5424.128418	1.000000
0.000000	3481.704590	-1814.434326	1.000000
0.000000	-9.889589	-158.278107	1.000000
0.000000	-11.483929	36.508286	1.000000
0.000000	1084.728760	-491.088409	1.000000
0.000000	1176.040161	12004.916992	1.000000
0.000000	18309.917969	-23731.580078	1.000000
0.000000	44.713203	3.350387	1.000000
0.000000	-22.542437	63.434677	1.000000
0.000000	1376.285400	1020.924683	1.000000
0.000000	134.658646	-38.596294	1.000000
0.000000	61.390720	-100.021317	1.000000
0.000000	-1699.403809	48.180191	1.000000
0.000000	75053.703125	-7438.369141	1.000000
0.000000	7.892089	135.371307	1.000000
0.000000	-487.512817	-720.712036	1.000000
0.000000	1196.280029	-9876.902344	1.000000
0.000000	98.930199	72.197449	1.000000
0.000000	25.042933	39.069180	1.000000
0.000000	-3990.483643	-4852.785645	1.000000
0.000000	238.410675	186.995956	1.000000
0.000000	-1804.628052	-2801.967041	1.000000
0.000000	-107.004486	22.859676	1.000000
0.000000	22200.031250	38807.656250	1.000000
0.000000	72.647835	-22.239651	1.000000
0.000000	604.515442	-554.617737	1.000000
0.000000	1010.205811	559.226990	1.000000
0.000000	-308.099274	353.696533	1.000000
0.000000	-35.562927	-97.212624	1.000000
0.000000	9441.413086	5085.598145	1.000000
0.000000	-92810.312500	-330038.656250	1.000000
0.000000	7705.407715	16938.171875	1.000000
0.000000	28.820185	29.264172	1.000000
0.000000	3307.116455	-1179.066040	1.000000
0.000000	-423523.000000	-81729.343750	1.000000
0.000000	-44105600.000000	-10494824.000000	1.000000
0.000000	5896.725586	-4834.828613	1.000000
0.000000	-181.206451	-104.632111	1.000000
0.000000	779.081299	-1830.510620	1.000000
0.000000	6073.395508	531.747803	1.000000
0.000000	0.532779	5.335163	1.000000
0.000000	-201.675110	1030.412964	1.000000
0.000000	-18824.001953	348.688965	1.000000
0.000000	-345.884583	-149.146194	1.000000
0.000000	262.009827	-68.216095	1.000000
0.000000	14285.943359	-11149.416992	1.000000
