0.000000	31511.390625	455800.000000	1.000000
0.000000	214994.500000	175238.765625	1.000000
0.000000	1185.136475	-12769.163086	1.000000
0.000000	-529.870911	648.816956	1.000000
0.000000	16889.279297	27402.406250	1.000000
0.000000	-13702.329102	756.569031	1.000000
0.000000	-690.535339	-2451.082764	1.000000
0.000000	-595264.312500	1523932.125000	1.000000
0.000000	3569.367920	-2209.633789	1.000000
0.000000	9292453.000000	3386659.750000	1.000000
0.000000	78697400.000000	19959642.000000	1.000000
0.000000	-269.838257	-183.470825	1.000000
0.000000	-292.252258	91.517731	1.000000
0.000000	92.777184	-237.991348	1.000000
0.000000	-73337376.000000	-31090268.000000	1.000000
0.000000	730.087463	-4521.538574	1.000000
0.000000	373.293945	-403.265625	1.000000
0.000000	-6167.435059	7800.966797	1.000000
0.000000	-987.336853	222.415802	1.000000
0.000000	-301.503571	281.885284	1.000000
0.000000	920.617493	8003.991211	1.000000
0.000000	10241.093750	85035.382812	1.000000
0.000000	-46.597591	816.876099	1.000000
0.000000	226.671021	97.678604	1.000000
0.000000	-207121.578125	-53332.363281	1.000000
0.000000	409.526093	-59.313385	1.000000
0.000000	10387.877930	35382.238281	1.000000
0.000000	-3923.379639	11581.119141	1.000000
0.000000	404.863586	-177.911041	1.000000
0.000000	-61474.414062	-273296.843750	1.000000
0.000000	5175.637695	-8906.980469	1.000000
0.000000	4875.485352	905.417847	1.000000
0.000000	-260.450378	460.557831	1.000000
0.000000	-533.867859	-210.327133	1.000000
0.000000	-236.788742	-30.356009	1.000000
0.000000	4858.558594	2779.285400	1.000000
0.000000	13.871939	-65.727760	1.000000
0.000000	-5735.762207	-1502.759644	1.000000
0.000000	-246280.140625	-73728.593750	1.000000
0.000000	-46739.792969	-6157.961426	1.000000
0.000000	462.947357	86.736069	1.000000
0.000000	536.886292	17.053410	1.000000
0.000000	-1.801759	232.966354	1.000000
0.000000	-79.230980	-133.085159	1.000000
0.000000	47.158047	230.077148	1.000000
0.000000	-558.603821	-277.540253	1.000000
0.000000	-4085.194336	3357.307129	1.000000
0.000000	-824.099365	425.462677	1.000000
0.000000	-111.035294	-252.072876	1.000000
0.000000	-249.411835	-80.038734	1.000000
0.000000	7034.716309	6280.443359	1.000000
0.000000	-865.045593	1699.360962	1.000000
0.000000	30.856501	1353.661621	1.000000
0.000000	-3392.541748	-11655.387695	1.000000
0.000000	292.341431	-42.684982	1.000000
0.000000	-16.741980	-258.381836	1.000000
0.000000	122.331413	118.057053	1.000000
0.000000	29405522.000000	-21550876.000000	1.000000
0.000000	-547.927063	1657.202759	1.000000
0.000000	503.541840	514.296692	1.000000
0.000000	1717.205200	26249.494141	1.000000
0.000000	3260.502441	-1641.551270	1.000000
0.000000	-85.474541	-244.981201	1.000000
0.000000	156.079926	-353.932159	1.000000
0.000000	5391.803223	-2892.997559	1.000000
0.000000	401090.312500	-1051564.750000	1.000000
0.000000	40215.328125	142558.000000	1.000000
0.000000	899154304.000000	-490293056.000000	1.000000
0.000000	5123.584961	-14863.794922	1.000000
0.000000	-11819835.000000	-661320.687500	1.000000
0.000000	10606.413086	-15125.383789	1.000000
0.000000	-16.301296	-348.626678	1.000000
0.000000	-261.452393	-760.214050	1.000000
0.000000	-516.914917	922.635498	1.000000
0.000000	424348.937500	2494.133545	1.000000
0.000000	-9330.966797	10642.653320	1.000000
0.000000	-160.644379	542.691467	1.000000
0.000000	33.836910	-270.754608	1.000000
0.000000	3420.399902	-13271.868164	1.000000
0.000000	-935690816.000000	516809408.000000	1.000000
0.000000	1333545.500000	80229.109375	1.000000
0.000000	370717.437500	-121729.578125	1.000000
0.000000	282489.500000	227390.656250	1.000000
0.000000	24916.681641	-23144.792969	1.000000
0.000000	2203343.750000	933684.437500	1.000000
0.000000	-142.709824	204.727692	1.000000
0.000000	105.535416	-29.948360	1.000000
0.000000	-3177.938721	-382.935791	1.000000
0.000000	-1668.893677	1700.968384	1.000000
0.000000	90.263405	262.354126	1.000000
0.000000	16.693264	-28.804394	1.000000
0.000000	-1194.654663	1105.419312	1.000000
0.000000	896.318909	-176.638000	1.000000
0.000000	230.082199	-202.714432	1.000000
0.000000	-4355021.000000	2416277.250000	1.000000
0.000000	1088.989990	602.497253	1.000000
0.000000	-103.315964	-88052.906250	1.000000
0.000000	1711789.125000	-2028472.500000	1.000000
0.000000	808.405884	-1531.780273	1.000000
0.000000	-280.097961	-5290.532715	1.000000
0.000000	691415.187500	-227419.093750	1.000000
0.000000	12310197.000000	-6573529.500000	1.000000
0.000000	-21940.185547	-21486.886719	1.000000
0.000000	170654.078125	-24513.824219	1.000000
0.000000	34.756687	168.124756	1.000000
0.000000	267.655243	-26.976103	1.000000
0.000000	643.751160	-1782.858154	1.000000
0.000000	-133.380005	-224.102951	1.000000
0.000000	97.972794	-245.844803	1.000000
0.000000	-875.761719	1046.418091	1.000000
0.000000	-186.773544	-3118.459229	1.000000
0.000000	-53842.007812	119833.890625	1.000000
0.000000	84.457558	226.543900	1.000000
0.000000	-327.075409	19.959127	1.000000
0.000000	-157.458252	-1083.884155	1.000000
0.000000	-64636.121094	15554.925781	1.000000
0.000000	2426.565186	759.445618	1.000000
0.000000	55761.894531	149566.484375	1.000000
0.000000	-13207.280273	6611.323242	1.000000
0.000000	-41759.222656	-29801.445312	1.000000
0.000000	-8478.856445	13795.699219	1.000000
0.000000	280.964355	329.028442	1.000000
0.000000	-288.735901	150.475601	1.000000
0.000000	1532.544434	3199.168701	1.000000
0.000000	601.900269	-406.753265	1.000000
0.000000	1943.604736	144.758392	1.000000
0.000000	560.315186	-505.301575	1.000000
0.000000	13997.814453	-14207.628906	1.000000
0.000000	-272.828247	-118.110863	1.000000
0.000000	-1154.240723	1554.074341	1.000000
0.000000	207.345123	232.820847	1.000000
0.000000	-13372.534180	-2975.584229	1.000000
0.000000	-28642.503906	-61486.046875	1.000000
0.000000	1680.219482	8024.743164	1.000000
0.000000	-2551.421875	1875.062988	1.000000
0.000000	60.566711	-135.427811	1.000000
0.000000	90.458115	236.100891	1.000000
0.000000	-3846.314697	-16063.532227	1.000000
0.000000	727.779358	-38.355278	1.000000
0.000000	-8741.966797	12929.441406	1.000000
0.000000	-907.934448	-3139.613281	1.000000
0.000000	946.870422	530.606384	1.000000
0.000000	247.035660	-245.081329	1.000000
0.000000	-5687.655762	-20517.662109	1.000000
0.000000	-0.295685	-280.853790	1.000000
0.000000	22526.250000	-24556.529297	1.000000
0.000000	-271.172577	-144.445419	1.000000
0.000000	-3300464.250000	1376390.750000	1.000000
0.000000	-17974.259766	-1220.347290	1.000000
0.000000	-39.685951	538.265747	1.000000
0.000000	143.949799	-302.408539	1.000000
0.000000	6670.475098	2745.166992	1.000000
0.000000	-26175.380859	-23378.738281	1.000000
0.000000	-586712.625000	317434.531250	1.000000
0.000000	-108536.234375	249127.296875	1.000000
0.000000	38070.765625	-56191.003906	1.000000
0.000000	571.271484	-1687.628052	1.000000
0.000000	99.864937	128.828232	1.000000
0.000000	-209.866943	-468.407349	1.000000
0.000000	-375.401306	637.233276	1.000000
0.000000	4112436.000000	2116301.500000	1.000000
0.000000	123.918716	202.031967	1.000000
0.000000	-45257.933594	75918.250000	1.000000
0.000000	663.951111	1673.776123	1.000000
0.000000	4787.942871	12575.364258	1.000000
0.000000	623.757874	1653.021484	1.000000
0.000000	-44066.230469	2333.212646	1.000000
0.000000	245768.921875	-842228.687500	1.000000
0.000000	-184.804657	-121.964371	1.000000
0.000000	399.050995	-133.663452	1.000000
0.000000	-32999.441406	-139963.421875	1.000000
0.000000	-14322.159180	-13607.656250	1.000000
0.000000	-336.261963	-79.856178	1.000000
0.000000	-323540.781250	730136.875000	1.000000
0.000000	-31401.371094	-19694.667969	1.000000
0.000000	-382.160187	-1058.831421	1.000000
0.000000	135.290421	-311.436371	1.000000
0.000000	-3673.051270	-12761.773438	1.000000
0.000000	78.785919	-274.710358	1.000000
0.000000	3187.531738	3041.791504	1.000000
0.000000	6.442507	225.060287	1.000000
0.000000	799236.437500	-982912.687500	1.000000
0.000000	-334.621429	400.199524	1.000000
0.000000	-3325.228760	-2077.826416	1.000000
0.000000	-17.029537	2852.054932	1.000000
0.000000	-283.263000	265.446259	1.000000
0.000000	19876.291016	10500.179688	1.000000
0.000000	24.960157	593.968933	1.000000
0.000000	-3318.126953	-1898.022583	1.000000
0.000000	65085.339844	112615.382812	1.000000
0.000000	231.344940	180.039734	1.000000
0.000000	484892.843750	100763.359375	1.000000
0.000000	-206.138824	197.663971	1.000000
0.000000	80.850471	242.795044	1.000000
0.000000	311.137604	66.253227	1.000000
0.000000	-239.900192	-92.674408	1.000000
0.000000	-52442.363281	-3056.103760	1.000000
0.000000	11370.647461	1335.030640	1.000000
0.000000	-91.325180	-134.035645	1.000000
0.000000	-26.444540	1790.852783	1.000000
0.000000	-7870.351074	-93095.796875	1.000000
0.000000	-535.430176	1151.709229	1.000000
0.000000	-8.615483	261.011719	1.000000
0.000000	278.032379	-60.578728	1.000000
0.000000	53.232021	287.607117	1.000000
0.000000	-42855.300781	-77753.945312	1.000000
0.000000	344.334625	-1056.220947	1.000000
0.000000	-43.262733	278.108459	1.000000
0.000000	-62.609146	-240.118500	1.000000
0.000000	-454.120605	657.352417	1.000000
0.000000	354.665863	104.633087	1.000000
0.000000	203.393158	946.802368	1.000000
0.000000	-154.421265	111.627556	1.000000
0.000000	196.888824	482.401337	1.000000
0.000000	-10941.024414	558.998474	1.000000
0.000000	28171368.000000	16549397.000000	1.000000
0.000000	266.832550	-593.128174	1.000000
0.000000	-32797.671875	266808.750000	1.000000
0.000000	-170.922119	6.743563	1.000000
0.000000	1433.873291	2707.083008	1.000000
0.000000	4600.506348	10665.446289	1.000000
0.000000	-48585.804688	-126250.796875	1.000000
0.000000	107.538818	-486.151215	1.000000
0.000000	1929694.125000	165192.171875	1.000000
0.000000	-180167.890625	-177937.812500	1.000000
0.000000	-70162.929688	13772.153320	1.000000
0.000000	228.028580	-70.275787	1.000000
0.000000	-131091.156250	14903.660156	1.000000
0.000000	-1017.273621	206.983826	1.000000
0.000000	-1288.265503	1048.781128	1.000000
0.000000	-1170.741943	1109.731323	1.000000
0.000000	49245.613281	57498.093750	1.000000
0.000000	83924.085938	3719.510986	1.000000
0.000000	998.855652	-421.504395	1.000000
0.000000	-299.321259	-245.615402	1.000000
0.000000	-1589278.625000	-1200867.375000	1.000000
0.000000	-210.150345	126.772644	1.000000
0.000000	2590553.750000	19309.175781	1.000000
0.000000	113.472748	-123.944763	1.000000
0.000000	-10411.457031	13142.099609	1.000000
0.000000	1826645.375000	135427.546875	1.000000
0.000000	-1572.187866	729.248779	1.000000
0.000000	207.072479	35.230778	1.000000
0.000000	296.442627	2.316874	1.000000
0.000000	500.977234	1001.126404	1.000000
0.000000	-10573.350586	7369.200684	1.000000
0.000000	-307.689697	147.686432	1.000000
0.000000	27331.341797	25830.089844	1.000000
0.000000	25.620733	248.785934	1.000000
0.000000	270.032318	431.761444	1.000000
0.000000	19.452438	-9069.673828	1.000000
0.000000	-5534.983887	9772.099609	1.000000
0.000000	459110.906250	25632.796875	1.000000
0.000000	-952.916687	1076.769043	1.000000
0.000000	2123.138672	-5300.222168	1.000000
0.000000	3485.767090	-2022.637451	1.000000
0.000000	103.884537	15.843380	1.000000
0.000000	166.381195	144.779602	1.000000
0.000000	995.272339	-678.739258	1.000000
0.000000	1199.907349	11797.729492	1.000000
0.000000	18106.792969	-23772.205078	1.000000
0.000000	252.156082	-11.769413	1.000000
0.000000	-17.111622	-140.839935	1.000000
0.000000	1203.629150	1136.712646	1.000000
0.000000	342.607849	-43.912457	1.000000
0.000000	95.809410	103.653114	1.000000
0.000000	-1501.356934	111.621056	1.000000
0.000000	75248.703125	-7416.025391	1.000000
0.000000	63.271935	335.868469	1.000000
0.000000	-279.563599	-720.712036	1.000000
0.000000	1183.076904	-9669.714844	1.000000
0.000000	224.684601	237.871277	1.000000
0.000000	183.687561	173.578964	1.000000
0.000000	-3895.014893	-4667.941895	1.000000
0.000000	443.572357	220.892441	1.000000
0.000000	-1971.698364	-2925.873291	1.000000
0.000000	-24.167610	207.070877	1.000000
0.000000	22232.531250	39018.906250	1.000000
0.000000	277.997772	-24.134706	1.000000
0.000000	812.464661	-551.063049	1.000000
0.000000	1189.971436	663.836365	1.000000
0.000000	-316.732086	561.488525	1.000000
0.000000	95.640160	-258.626434	1.000000
0.000000	9547.038086	4906.848145	1.000000
0.000000	-92712.812500	-330168.656250	1.000000
0.000000	7912.595215	16946.296875	1.000000
0.000000	163.613220	-129.266983	1.000000
0.000000	3375.163330	-982.489014	1.000000
0.000000	-423393.000000	-81891.843750	1.000000
0.000000	-44105600.000000	-10494824.000000	1.000000
0.000000	5990.163086	-4649.984863	1.000000
0.000000	-260.131073	87.760696	1.000000
0.000000	961.385986	-1730.471558	1.000000
0.000000	5910.895508	402.509521	1.000000
0.000000	-192.561600	-71.999779	1.000000
0.000000	-409.387024	1020.256714	1.000000
0.000000	-18791.501953	143.313644	1.000000
0.000000	-553.833801	-154.922562	1.000000
0.000000	290.136444	-272.900116	1.000000
0.000000	14476.880859	-11068.166992	1.000000
