0.000000	31507.738281	455803.437500	1.000000
0.000000	214996.218750	175243.921875	1.000000
0.000000	1185.955566	-12774.641602	1.000000
0.000000	-524.372253	648.736389	1.000000
0.000000	16888.849609	27396.820312	1.000000
0.000000	-13696.958008	755.326965	1.000000
0.000000	-685.600647	-2453.499756	1.000000
0.000000	-595271.187500	1523932.125000	1.000000
0.000000	3572.187744	-2204.907227	1.000000
0.000000	9292453.000000	3386659.750000	1.000000
0.000000	78697400.000000	19959642.000000	1.000000
0.000000	-275.145569	-184.910950	1.000000
0.000000	-294.857239	96.362625	1.000000
0.000000	92.574928	-243.488327	1.000000
0.000000	-73337376.000000	-31090268.000000	1.000000
0.000000	734.874451	-4518.853027	1.000000
0.000000	374.583008	-408.613220	1.000000
0.000000	-6170.281738	7805.693359	1.000000
0.000000	-987.323425	216.915466	1.000000
0.000000	-303.390167	287.051605	1.000000
0.000000	921.799133	8009.362305	1.000000
0.000000	10246.035156	85037.960938	1.000000
0.000000	-47.661739	822.274048	1.000000
0.000000	230.719482	93.955765	1.000000
0.000000	-207118.140625	-53336.230469	1.000000
0.000000	415.007965	-58.882858	1.000000
0.000000	10387.770508	35376.652344	1.000000
0.000000	-3928.777588	11580.044922	1.000000
0.000000	409.670715	-180.583160	1.000000
0.000000	-61468.828125	-273296.843750	1.000000
0.000000	5172.361328	-8902.576172	1.000000
0.000000	4880.802734	906.774048	1.000000
0.000000	-265.522705	462.686127	1.000000
0.000000	-537.889465	-206.579117	1.000000
0.000000	-241.087296	-33.787212	1.000000
0.000000	4863.553711	2781.568115	1.000000
0.000000	8.756916	-67.749474	1.000000
0.000000	-5740.005371	-1506.237427	1.000000
0.000000	-246278.421875	-73733.750000	1.000000
0.000000	-46735.496094	-6161.291504	1.000000
0.000000	467.187164	90.238190	1.000000
0.000000	540.061951	12.564689	1.000000
0.000000	-1.851142	238.466690	1.000000
0.000000	-81.709236	-137.994675	1.000000
0.000000	47.841602	235.533844	1.000000
0.000000	-560.678406	-272.447784	1.000000
0.000000	-4080.682617	3354.165039	1.000000
0.000000	-827.221313	429.991180	1.000000
0.000000	-112.245468	-257.437256	1.000000
0.000000	-254.794678	-81.170021	1.000000
0.000000	7040.194824	6279.852539	1.000000
0.000000	-868.046692	1694.755249	1.000000
0.000000	27.730566	1349.136475	1.000000
0.000000	-3395.737549	-11650.875977	1.000000
0.000000	297.420471	-40.575569	1.000000
0.000000	-16.606024	-263.880493	1.000000
0.000000	127.828392	117.866547	1.000000
0.000000	29405522.000000	-21550876.000000	1.000000
0.000000	-552.358215	1660.452271	1.000000
0.000000	499.919708	518.439148	1.000000
0.000000	1714.371948	26244.767578	1.000000
0.000000	3262.597168	-1646.640381	1.000000
0.000000	-88.368217	-249.659088	1.000000
0.000000	159.047455	-358.561371	1.000000
0.000000	5388.419434	-2897.321289	1.000000
0.000000	401093.750000	-1051564.750000	1.000000
0.000000	40210.601562	142554.562500	1.000000
0.000000	899154304.000000	-490293056.000000	1.000000
0.000000	5120.040039	-14867.984375	1.000000
0.000000	-11819835.000000	-661313.812500	1.000000
0.000000	10609.206055	-15120.657227	1.000000
0.000000	-17.926052	-353.880280	1.000000
0.000000	-265.604919	-763.819397	1.000000
0.000000	-511.416626	922.447510	1.000000
0.000000	424342.062500	2492.763916	1.000000
0.000000	-9336.337891	10641.364258	1.000000
0.000000	-165.983582	541.368835	1.000000
0.000000	33.355190	-276.233124	1.000000
0.000000	3420.937012	-13277.346680	1.000000
0.000000	-935690816.000000	516809408.000000	1.000000
0.000000	1333545.500000	80234.265625	1.000000
0.000000	370724.312500	-121730.437500	1.000000
0.000000	282482.625000	227392.375000	1.000000
0.000000	24911.740234	-23142.214844	1.000000
0.000000	2203343.750000	933677.562500	1.000000
0.000000	-145.606857	209.402222	1.000000
0.000000	100.167679	-31.147835	1.000000
0.000000	-3174.501221	-378.638916	1.000000
0.000000	-1669.538208	1706.433472	1.000000
0.000000	92.799568	267.235107	1.000000
0.000000	15.280205	-34.119678	1.000000
0.000000	-1199.958618	1103.969116	1.000000
0.000000	900.964905	-179.583710	1.000000
0.000000	231.305801	-197.351730	1.000000
0.000000	-4355021.000000	2416277.250000	1.000000
0.000000	1093.743408	605.256653	1.000000
0.000000	-108.698807	-88053.765625	1.000000
0.000000	1711789.125000	-2028472.500000	1.000000
0.000000	809.433105	-1526.382324	1.000000
0.000000	-275.576172	-5293.647949	1.000000
0.000000	691415.187500	-227424.250000	1.000000
0.000000	12310197.000000	-6573529.500000	1.000000
0.000000	-21941.474609	-21492.257812	1.000000
0.000000	170659.234375	-24517.046875	1.000000
0.000000	32.389629	173.089661	1.000000
0.000000	272.918915	-28.575472	1.000000
0.000000	638.427063	-1784.227783	1.000000
0.000000	-136.998779	-228.245407	1.000000
0.000000	99.974365	-250.967484	1.000000
0.000000	-877.339478	1051.681763	1.000000
0.000000	-192.106033	-3117.116455	1.000000
0.000000	-53847.593750	119833.890625	1.000000
0.115418	85.484314	230.433044	1.000000
0.000000	-332.396149	21.352465	1.000000
0.000000	-152.169403	-1082.380249	1.000000
0.000000	-64631.394531	15551.917969	1.000000
0.000000	2428.203369	764.695862	1.000000
0.000000	55766.191406	149569.921875	1.000000
0.000000	-13212.543945	6609.604492	1.000000
0.000000	-41763.519531	-29798.222656	1.000000
0.000000	-8474.344727	13798.814453	1.000000
0.000000	285.932617	331.385010	1.000000
0.000000	-292.787720	154.196762	1.000000
0.000000	1536.505615	3195.355225	1.000000
0.000000	607.210938	-408.186676	1.000000
0.000000	1940.073242	140.543762	1.000000
0.000000	561.389404	-510.696167	1.000000
0.000000	13996.632812	-14213.000000	1.000000
0.000000	-277.517883	-120.983559	1.000000
0.000000	-1156.322021	1548.985229	1.000000
0.000000	211.276093	236.667892	1.000000
0.000000	-13367.163086	-2976.792725	1.000000
0.000000	-28645.941406	-61490.343750	1.000000
0.000000	1683.227295	8029.362305	1.000000
0.000000	-2548.064941	1870.712402	1.000000
0.000000	65.599304	-137.646744	1.000000
0.115418	87.737785	233.231110	1.000000
0.000000	-3842.823486	-16059.235352	1.000000
0.000000	733.063171	-36.820320	1.000000
0.000000	-8747.445312	12929.871094	1.000000
0.000000	-906.276123	-3144.850098	1.000000
0.000000	946.272888	536.071472	1.000000
0.000000	252.410110	-246.247864	1.000000
0.000000	-5682.230957	-20516.802734	1.000000
0.000000	-0.006363	-286.345734	1.000000
0.000000	22524.746094	-24561.900391	1.000000
0.000000	-274.881989	-148.507309	1.000000
0.000000	-3300464.250000	1376390.750000	1.000000
0.000000	-17976.193359	-1225.476685	1.000000
0.000000	-41.999298	543.254150	1.000000
0.000000	145.782684	-307.595001	1.000000
0.000000	6672.247559	2739.957031	1.000000
0.000000	-26170.224609	-23377.019531	1.000000
0.000000	-586712.625000	317437.968750	1.000000
0.000000	-108536.234375	249122.140625	1.000000
0.000000	38065.179688	-56191.003906	1.000000
0.000000	574.829834	-1691.817505	1.000000
0.000000	102.506844	133.652145	1.000000
0.000000	-211.124115	-463.053040	1.000000
0.000000	-376.901855	642.523804	1.000000
0.000000	4112436.000000	2116301.500000	1.000000
0.000000	129.309952	203.117935	1.000000
0.000000	-45260.082031	75923.406250	1.000000
0.000000	668.912659	1676.152832	1.000000
0.000000	4793.260254	12573.967773	1.000000
0.000000	623.214050	1647.542969	1.000000
0.000000	-44070.097656	2337.240967	1.000000
0.000000	245763.765625	-842228.687500	1.000000
0.000000	-189.779633	-124.308350	1.000000
0.000000	404.536224	-133.238800	1.000000
0.000000	-32997.292969	-139968.578125	1.000000
0.000000	-14323.985352	-13602.500000	1.000000
0.000000	-341.753906	-80.134804	1.000000
0.000000	-323547.656250	730136.875000	1.000000
0.000000	-31396.644531	-19691.875000	1.000000
0.000000	-387.131805	-1061.181274	1.000000
0.000000	136.775864	-316.730255	1.000000
0.000000	-3667.787598	-12763.384766	1.000000
0.000000	80.376266	-279.974030	1.000000
0.000000	3189.169922	3036.554688	1.000000
0.000000	9.045526	220.214554	1.000000
0.000000	799229.562500	-982912.687500	1.000000
0.000000	-340.046234	401.115967	1.000000
0.000000	-3319.965088	-2079.384033	1.000000
0.000000	-18.185371	2857.426025	1.000000
0.000000	-287.143616	269.343658	1.000000
0.000000	19873.498047	10504.906250	1.000000
0.000000	30.381186	593.042419	1.000000
0.000000	-3323.363770	-1899.741333	1.000000
0.000000	65087.058594	112620.539062	1.000000
0.000000	235.400116	183.754181	1.000000
0.000000	484892.843750	100768.515625	1.000000
0.000000	-210.116791	201.462341	1.000000
0.000000	80.780815	248.295380	1.000000
0.000000	312.080902	71.671318	1.000000
0.000000	-245.388779	-93.024368	1.000000
0.000000	-52440.214844	-3051.108643	1.000000
0.000000	11373.547852	1339.703491	1.000000
0.000000	-89.830505	-139.327850	1.000000
0.000000	-23.233004	1786.381348	1.000000
0.000000	-7870.619629	-93100.953125	1.000000
0.000000	-538.726685	1147.304932	1.000000
0.000000	-12.248944	265.140747	1.000000
0.000000	283.289337	-62.195930	1.000000
0.000000	53.533306	293.099060	1.000000
0.000000	-42859.597656	-77750.507812	1.000000
0.000000	340.034393	-1059.658447	1.000000
0.000000	-40.400108	282.804810	1.000000
0.000000	-65.070381	-235.200592	1.000000
0.000000	-454.624146	662.830933	1.000000
0.000000	358.509552	100.698761	1.000000
0.000000	204.700684	952.146606	1.000000
0.000000	-156.994354	116.488396	1.000000
0.000000	201.318298	485.660919	1.000000
0.000000	-10946.502930	558.595642	1.000000
0.000000	28171368.000000	16549397.000000	1.000000
0.000000	270.541962	-597.190063	1.000000
0.000000	-32795.523438	266805.312500	1.000000
0.000000	-176.420776	6.603830	1.000000
0.000000	1438.452148	2704.048340	1.000000
0.000000	4595.135254	10666.735352	1.000000
0.000000	-48580.218750	-126250.796875	1.000000
0.000000	102.709869	-488.783051	1.000000
0.000000	1929694.125000	165195.609375	1.000000
0.000000	-180162.734375	-177937.812500	1.000000
0.000000	-70167.226562	13769.038086	1.000000
0.000000	231.335159	-74.670853	1.000000
0.000000	-131092.875000	14908.923828	1.000000
0.000000	-1022.181458	209.471313	1.000000
0.000000	-1291.716431	1044.497681	1.000000
0.000000	-1172.165283	1115.048706	1.000000
0.000000	49246.902344	57503.250000	1.000000
0.000000	83919.789062	3716.207764	1.000000
0.000000	1004.099182	-419.832642	1.000000
0.000000	-304.208954	-248.134781	1.000000
0.000000	-1589278.625000	-1200867.375000	1.000000
0.000000	-215.457657	128.218521	1.000000
0.000000	2590553.750000	19314.117188	1.000000
0.000000	115.383682	-129.102036	1.000000
0.000000	-10414.679688	13146.611328	1.000000
0.000000	1826645.375000	135424.109375	1.000000
0.000000	-1571.556763	734.713867	1.000000
0.000000	212.433502	36.458157	1.000000
0.000000	301.018127	-0.736335	1.000000
0.000000	496.586365	997.816467	1.000000
0.000000	-10577.110352	7373.229004	1.000000
0.000000	-313.080933	148.775757	1.000000
0.000000	27331.556641	25835.675781	1.000000
0.000000	29.635416	252.545700	1.000000
0.000000	270.280731	437.256744	1.000000
0.000000	14.101906	-9068.384766	1.000000
0.000000	-5540.462402	9772.207031	1.000000
0.000000	459114.343750	25628.714844	1.000000
0.000000	-958.072937	1078.675781	1.000000
0.000000	2127.569824	-5296.945801	1.000000
0.000000	3485.874512	-2028.142822	1.000000
0.000000	106.893188	20.447624	1.000000
0.000000	171.084259	147.629639	1.000000
0.000000	992.902344	-683.700806	1.000000
0.000000	1200.538452	11792.250977	1.000000
0.000000	18101.421875	-23773.279297	1.000000
0.000000	257.641327	-12.169203	1.000000
0.000000	-16.803623	-146.331879	1.000000
0.000000	1199.063721	1139.774170	1.000000
0.000000	348.106506	-44.053028	1.000000
0.000000	96.691444	109.082115	1.000000
0.000000	-1496.120117	113.298683	1.000000
0.000000	75253.859375	-7415.434570	1.000000
0.000000	64.736397	341.169067	1.000000
0.000000	-274.064941	-720.712036	1.000000
0.000000	1182.727783	-9664.236328	1.000000
0.000000	228.009644	242.252075	1.000000
0.000000	187.882050	177.135635	1.000000
0.000000	-3892.490479	-4663.054199	1.000000
0.000000	448.997162	221.788742	1.000000
0.000000	-1976.116089	-2929.149658	1.000000
0.000000	-21.849648	212.059280	1.000000
0.000000	22233.390625	39024.492188	1.000000
0.000000	283.496429	-24.116663	1.000000
0.000000	817.963318	-550.969055	1.000000
0.000000	1194.724854	666.602478	1.000000
0.000000	-316.960358	566.980469	1.000000
0.000000	99.109550	-262.893097	1.000000
0.000000	9549.831055	4902.121582	1.000000
0.000000	-92710.234375	-330172.093750	1.000000
0.000000	7918.073730	16946.511719	1.000000
0.000000	167.161499	-133.469864	1.000000
0.000000	3376.962646	-977.285767	1.000000
0.000000	-423389.562500	-81896.140625	1.000000
0.000000	-44105600.000000	-10494824.000000	1.000000
0.000000	5992.633789	-4645.097168	1.000000
0.000000	-262.219086	92.848969	1.000000
0.000000	966.206543	-1727.826294	1.000000
0.000000	5906.598633	399.092163	1.000000
0.000000	-197.667496	-74.044991	1.000000
0.000000	-414.878967	1019.988159	1.000000
0.000000	-18790.642578	137.883804	1.000000
0.000000	-559.332458	-155.075302	1.000000
0.000000	290.764191	-278.365204	1.000000
0.000000	14481.929688	-11066.018555	1.000000
