0.000000	31484.164062	455825.625000	1.000000
0.000000	215007.312500	175277.203125	1.000000
0.000000	1191.242432	-12810.002930	1.000000
0.000000	-488.880920	648.216370	1.000000
0.000000	16886.076172	27360.765625	1.000000
0.000000	-13662.290039	747.309998	1.000000
0.000000	-653.749451	-2469.100342	1.000000
0.000000	-595315.562500	1523932.125000	1.000000
0.000000	3590.388428	-2174.399414	1.000000
0.000000	9292453.000000	3386659.750000	1.000000
0.000000	78697400.000000	19959642.000000	1.000000
0.000000	-309.401855	-194.206299	1.000000
0.000000	-311.671204	127.634216	1.000000
0.000000	91.269463	-278.961823	1.000000
0.000000	-73337376.000000	-31090268.000000	1.000000
0.000000	765.772278	-4501.519043	1.000000
0.000000	382.903320	-443.129517	1.000000
0.000000	-6188.655762	7836.201172	1.000000
0.000000	-987.236755	181.413300	1.000000
0.000000	-315.567291	320.397858	1.000000
0.000000	929.426086	8044.030273	1.000000
0.000000	10277.929688	85054.601562	1.000000
0.000000	-54.530331	857.115356	1.000000
0.000000	256.850464	69.926529	1.000000
0.000000	-207095.953125	-53361.191406	1.000000
0.000000	450.390961	-56.104004	1.000000
0.000000	10387.077148	35340.597656	1.000000
0.000000	-3963.618896	11573.111328	1.000000
0.000000	440.698547	-197.830475	1.000000
0.000000	-61432.773438	-273296.843750	1.000000
0.000000	5151.213867	-8874.148438	1.000000
0.000000	4915.124023	915.527710	1.000000
0.000000	-298.262268	476.423309	1.000000
0.000000	-563.847107	-182.387375	1.000000
0.000000	-268.827484	-55.934086	1.000000
0.000000	4895.794922	2796.302002	1.000000
0.000000	-24.258402	-80.798714	1.000000
0.000000	-5767.393066	-1528.684937	1.000000
0.000000	-246267.328125	-73767.031250	1.000000
0.000000	-46707.761719	-6182.785645	1.000000
0.000000	494.553192	112.842789	1.000000
0.000000	560.559387	-16.407969	1.000000
0.000000	-2.169891	273.963379	1.000000
0.000000	-96.644432	-168.378830	1.000000
0.000000	52.253643	270.758881	1.000000
0.000000	-574.068909	-239.572800	1.000000
0.000000	-4051.561523	3333.884277	1.000000
0.000000	-847.372070	459.220612	1.000000
0.000000	-120.056595	-292.061890	1.000000
0.000000	-289.528015	-88.471962	1.000000
0.000000	7075.556152	6276.039062	1.000000
0.000000	-887.417419	1665.027466	1.000000
0.000000	7.553802	1319.928711	1.000000
0.000000	-3416.364990	-11621.754883	1.000000
0.000000	330.203369	-26.960768	1.000000
0.000000	-15.728491	-299.371826	1.000000
0.000000	163.308884	116.636917	1.000000
0.000000	29405522.000000	-21550876.000000	1.000000
0.000000	-580.959290	1681.426392	1.000000
0.000000	476.540497	545.176819	1.000000
0.000000	1696.084595	26214.259766	1.000000
0.000000	3276.117676	-1679.488281	1.000000
0.000000	-107.045586	-279.844177	1.000000
0.000000	178.201508	-388.440826	1.000000
0.000000	5366.578613	-2925.229004	1.000000
0.000000	401115.937500	-1051564.750000	1.000000
0.000000	40180.093750	142532.375000	1.000000
0.000000	899154304.000000	-490293056.000000	1.000000
0.000000	5097.159180	-14895.025391	1.000000
0.000000	-11819835.000000	-661269.437500	1.000000
0.000000	10627.233398	-15090.149414	1.000000
0.000000	-28.413113	-387.789886	1.000000
0.000000	-292.407593	-787.090271	1.000000
0.000000	-475.946960	921.234131	1.000000
0.000000	424297.687500	2483.923584	1.000000
0.000000	-9371.005859	10633.043945	1.000000
0.000000	-200.445709	532.831848	1.000000
0.000000	30.245907	-311.594452	1.000000
0.000000	3424.403809	-13312.708008	1.000000
0.000000	-935690816.000000	516809408.000000	1.000000
0.000000	1333545.500000	80267.546875	1.000000
0.000000	370768.687500	-121735.984375	1.000000
0.000000	282438.250000	227403.468750	1.000000
0.000000	24879.845703	-23125.574219	1.000000
0.000000	2203343.750000	933633.187500	1.000000
0.000000	-164.305893	239.574188	1.000000
0.000000	65.521378	-38.888691	1.000000
0.000000	-3152.313721	-350.904541	1.000000
0.000000	-1673.698364	1741.708130	1.000000
0.000000	109.169350	298.739624	1.000000
0.000000	6.159550	-68.427773	1.000000
0.000000	-1234.193237	1094.608765	1.000000
0.000000	930.952698	-198.596924	1.000000
0.000000	239.203598	-162.737930	1.000000
0.000000	-4355021.000000	2416277.250000	1.000000
0.000000	1124.424561	623.067322	1.000000
0.000000	-143.442612	-88059.312500	1.000000
0.000000	1711789.125000	-2028472.500000	1.000000
0.000000	816.063354	-1491.541016	1.000000
0.000000	-246.390076	-5313.755371	1.000000
0.000000	691415.187500	-227457.531250	1.000000
0.000000	12310197.000000	-6573529.500000	1.000000
0.000000	-21949.794922	-21526.925781	1.000000
0.000000	170692.515625	-24537.847656	1.000000
0.000000	16.828800	201.325851	1.000000
0.000000	306.893524	-38.897766	1.000000
0.000000	604.062439	-1793.068115	1.000000
0.000000	-160.356323	-254.983078	1.000000
0.000000	112.893600	-284.032074	1.000000
0.000000	-887.523193	1085.656372	1.000000
0.000000	-226.524826	-3108.449463	1.000000
0.000000	-53883.648438	119833.890625	1.000000
0.000000	94.699768	261.922974	1.000000
0.000000	-366.739105	30.345823	1.000000
0.000000	-118.030701	-1072.673218	1.000000
0.000000	-64600.886719	15532.503906	1.000000
0.000000	2438.777100	798.583801	1.000000
0.000000	55793.925781	149592.109375	1.000000
0.000000	-13246.518555	6598.510742	1.000000
0.000000	-41791.253906	-29777.421875	1.000000
0.000000	-8445.223633	13818.921875	1.000000
0.000000	318.000488	346.595581	1.000000
0.000000	-318.940369	178.215164	1.000000
0.000000	1562.073242	3170.740967	1.000000
0.000000	641.488892	-417.438690	1.000000
0.000000	1917.279053	113.337318	1.000000
0.000000	568.322998	-545.494934	1.000000
0.000000	13989.005859	-14247.667969	1.000000
0.000000	-307.787354	-139.522141	1.000000
0.000000	-1169.755859	1516.137329	1.000000
0.000000	236.648712	261.498810	1.000000
0.000000	-13332.495117	-2984.593018	1.000000
0.000000	-28668.128906	-61518.078125	1.000000
0.000000	1702.641357	8059.176758	1.000000
0.000000	-2526.397461	1842.631348	1.000000
0.000000	98.084274	-151.968948	1.000000
0.000000	67.591141	208.320343	1.000000
0.000000	-3820.289307	-16031.500977	1.000000
0.000000	767.167786	-26.913561	1.000000
0.000000	-8782.806641	12932.644531	1.000000
0.000000	-895.572388	-3178.651367	1.000000
0.000000	942.416077	571.346130	1.000000
0.000000	287.099762	-253.777313	1.000000
0.000000	-5647.216309	-20511.255859	1.000000
0.000000	1.861098	-321.793732	1.000000
0.000000	22515.039062	-24596.568359	1.000000
0.000000	-298.824554	-174.724960	1.000000
0.000000	-3300464.250000	1376390.750000	1.000000
0.000000	-17988.673828	-1258.584595	1.000000
0.000000	-56.930901	575.452026	1.000000
0.000000	157.613129	-341.071259	1.000000
0.000000	6683.687988	2706.329102	1.000000
0.000000	-26136.943359	-23365.925781	1.000000
0.000000	-586712.625000	317460.156250	1.000000
0.000000	-108536.234375	249088.859375	1.000000
0.000000	38029.125000	-56191.003906	1.000000
0.000000	597.797363	-1718.858521	1.000000
0.000000	119.559151	164.788315	1.000000
0.000000	-219.238586	-428.493408	1.000000
0.000000	-386.587219	676.671753	1.000000
0.000000	4112436.000000	2116301.500000	1.000000
0.000000	164.107925	210.127365	1.000000
0.000000	-45273.949219	75956.687500	1.000000
0.000000	700.937195	1691.493408	1.000000
0.000000	4827.581543	12564.954102	1.000000
0.000000	619.703918	1612.181641	1.000000
0.000000	-44095.058594	2363.241943	1.000000
0.000000	245730.484375	-842228.687500	1.000000
0.000000	-221.890839	-139.433578	1.000000
0.000000	439.940887	-130.497864	1.000000
0.000000	-32983.425781	-140001.859375	1.000000
0.000000	-14335.772461	-13569.218750	1.000000
0.000000	-377.201904	-81.933205	1.000000
0.000000	-323592.031250	730136.875000	1.000000
0.000000	-31366.136719	-19673.847656	1.000000
0.000000	-419.221344	-1076.348511	1.000000
0.000000	146.363724	-350.899872	1.000000
0.000000	-3633.812988	-12773.785156	1.000000
0.000000	90.641235	-313.948639	1.000000
0.000000	3199.743652	3002.753418	1.000000
0.000000	26.130720	192.748215	1.000000
0.000000	799185.187500	-982912.687500	1.000000
0.000000	-375.060883	407.031189	1.000000
0.000000	-3285.990479	-2089.437744	1.000000
0.000000	-25.645756	2892.093994	1.000000
0.000000	-312.191223	294.499603	1.000000
0.000000	19855.470703	10535.414062	1.000000
0.000000	65.371353	587.062195	1.000000
0.000000	-3357.165039	-1910.835083	1.000000
0.000000	65098.152344	112653.820312	1.000000
0.000000	261.574432	207.729248	1.000000
0.000000	484892.843750	100801.796875	1.000000
0.000000	-235.792755	225.979095	1.000000
0.000000	80.331215	283.789062	1.000000
0.000000	318.169464	106.642632	1.000000
0.000000	-280.815125	-95.283203	1.000000
0.000000	-52426.347656	-3018.867432	1.000000
0.000000	11392.268555	1369.864624	1.000000
0.000000	-81.242393	-174.795074	1.000000
0.000000	-2.503983	1757.520264	1.000000
0.000000	-7872.353027	-93134.234375	1.000000
0.000000	-560.004150	1118.877197	1.000000
0.000000	-35.701286	291.791748	1.000000
0.000000	317.220612	-72.634239	1.000000
0.000000	55.477962	328.547058	1.000000
0.000000	-42887.332031	-77728.320312	1.000000
0.000000	312.278351	-1081.845947	1.000000
0.000000	-21.922424	313.117615	1.000000
0.000000	-80.958061	-203.457733	1.000000
0.000000	-457.874268	698.192261	1.000000
0.000000	383.318817	75.304474	1.000000
0.000000	213.140167	986.641235	1.000000
0.000000	-173.602478	147.862900	1.000000
0.000000	229.908539	506.700043	1.000000
0.000000	-10981.864258	555.995544	1.000000
0.000000	28171368.000000	16549397.000000	1.000000
0.000000	294.484528	-623.407715	1.000000
0.000000	-32781.656250	266783.125000	1.000000
0.000000	-211.912109	5.701921	1.000000
0.000000	1468.006592	2684.460938	1.000000
0.000000	4560.467285	10675.055664	1.000000
0.000000	-48544.164062	-126250.796875	1.000000
0.000000	71.541199	-505.770355	1.000000
0.000000	1929694.125000	165217.796875	1.000000
0.000000	-180129.453125	-177937.812500	1.000000
0.000000	-70194.960938	13748.930664	1.000000
0.000000	252.677628	-103.039001	1.000000
0.000000	-131103.968750	14942.898438	1.000000
0.000000	-1053.818481	225.526917	1.000000
0.000000	-1313.990601	1016.861206	1.000000
0.000000	-1181.352295	1149.369995	1.000000
0.000000	49255.222656	57536.531250	1.000000
0.000000	83892.054688	3694.886963	1.000000
0.000000	1037.925903	-409.042236	1.000000
0.000000	-335.756805	-264.401825	1.000000
0.000000	-1589278.625000	-1200867.375000	1.000000
0.000000	-249.713943	137.546371	1.000000
0.000000	2590553.750000	19346.011719	1.000000
0.000000	127.717896	-162.394119	1.000000
0.000000	-10435.480469	13175.732422	1.000000
0.000000	1826645.375000	135401.921875	1.000000
0.000000	-1567.483276	769.988525	1.000000
0.000000	247.036469	44.380329	1.000000
0.000000	330.550903	-20.443336	1.000000
0.000000	468.245300	976.452332	1.000000
0.000000	-10601.377930	7399.229980	1.000000
0.000000	-347.878906	155.806854	1.000000
0.000000	27332.943359	25871.730469	1.000000
0.000000	55.549599	276.813263	1.000000
0.000000	271.884125	472.726410	1.000000
0.000000	-20.433224	-9060.064453	1.000000
0.000000	-5575.823730	9772.900391	1.000000
0.000000	459136.531250	25602.367188	1.000000
0.000000	-991.354187	1090.982910	1.000000
0.000000	2156.170898	-5275.798340	1.000000
0.000000	3486.567871	-2063.677490	1.000000
0.000000	126.312668	50.166756	1.000000
0.000000	201.440399	166.025330	1.000000
0.000000	977.605103	-715.725342	1.000000
0.000000	1204.611938	11756.889648	1.000000
0.000000	18066.753906	-23780.212891	1.000000
0.000000	293.045990	-14.749664	1.000000
0.000000	-14.815228	-181.779877	1.000000
0.000000	1169.595947	1159.534912	1.000000
0.000000	383.597839	-44.960354	1.000000
0.000000	102.384575	144.121353	1.000000
0.000000	-1462.318848	124.127007	1.000000
0.000000	75287.140625	-7411.621094	1.000000
0.000000	74.188835	375.382019	1.000000
0.000000	-238.568283	-720.712036	1.000000
0.000000	1180.474365	-9628.875000	1.000000
0.000000	249.471283	270.528137	1.000000
0.000000	214.955566	200.092331	1.000000
0.000000	-3876.196533	-4631.506348	1.000000
0.000000	484.011810	227.573959	1.000000
0.000000	-2004.630493	-2950.297119	1.000000
0.000000	-6.887839	244.257156	1.000000
0.000000	22238.937500	39060.546875	1.000000
0.000000	318.987762	-24.000200	1.000000
0.000000	853.454651	-550.362366	1.000000
0.000000	1225.406006	684.456482	1.000000
0.000000	-318.433746	602.428467	1.000000
0.000000	121.502892	-290.432465	1.000000
0.000000	9567.858398	4871.613770	1.000000
0.000000	-92693.593750	-330194.281250	1.000000
0.000000	7953.435059	16947.898438	1.000000
0.000000	190.064026	-160.597549	1.000000
0.000000	3388.576416	-943.701172	1.000000
0.000000	-423367.375000	-81923.875000	1.000000
0.000000	-44105600.000000	-10494824.000000	1.000000
0.000000	6008.581055	-4613.549316	1.000000
0.000000	-275.696259	125.691452	1.000000
0.000000	997.321045	-1710.752319	1.000000
0.000000	5878.864258	377.034668	1.000000
0.000000	-230.623734	-87.245903	1.000000
0.000000	-450.326965	1018.254761	1.000000
0.000000	-18785.095703	102.832764	1.000000
0.000000	-594.823792	-156.061172	1.000000
0.000000	294.816010	-313.639862	1.000000
0.000000	14514.517578	-11052.151367	1.000000
