0.000000	31661.468750	455658.750000	1.000000
0.000000	214923.875000	175026.890625	1.000000
0.000000	1151.479248	-12544.045898	1.000000
0.000000	-755.815735	652.127502	1.000000
0.000000	16906.935547	27631.937500	1.000000
0.000000	-13923.032227	807.606628	1.000000
0.000000	-893.306335	-2351.766357	1.000000
0.000000	-594981.812500	1523932.125000	1.000000
0.000000	3453.498779	-2403.852539	1.000000
0.000000	9292453.000000	3386659.750000	1.000000
0.000000	78697400.000000	19959642.000000	1.000000
0.000000	-51.743923	-124.292633	1.000000
0.000000	-185.256866	-107.552849	1.000000
0.000000	101.088036	-12.132490	1.000000
0.000000	-73337376.000000	-31090268.000000	1.000000
0.000000	533.385803	-4631.890137	1.000000
0.000000	320.325195	-183.550827	1.000000
0.000000	-6050.462402	7606.748047	1.000000
0.000000	-987.888611	448.370880	1.000000
0.000000	-223.953110	69.596489	1.000000
0.000000	872.062805	7783.288086	1.000000
0.000000	10038.046875	84929.445312	1.000000
0.000000	-2.876274	595.069458	1.000000
0.000000	62.206753	248.215332	1.000000
0.000000	-207262.828125	-53173.457031	1.000000
0.000000	184.248993	-77.004120	1.000000
0.000000	10392.291992	35611.769531	1.000000
0.000000	-3701.572998	11625.259766	1.000000
0.000000	207.334274	-68.111244	1.000000
0.000000	-61703.945312	-273296.843750	1.000000
0.000000	5310.266602	-9087.957031	1.000000
0.000000	4656.989258	849.690308	1.000000
0.000000	-51.983715	373.164703	1.000000
0.000000	-368.496704	-364.385040	1.000000
0.000000	-60.157272	110.628860	1.000000
0.000000	4653.304688	2685.486572	1.000000
0.000000	224.042786	17.325026	1.000000
0.000000	-5561.406738	-1359.854370	1.000000
0.000000	-246350.765625	-73516.718750	1.000000
0.000000	-46916.355469	-6021.125488	1.000000
0.000000	288.729828	-57.166374	1.000000
0.000000	406.283936	201.494812	1.000000
0.191367	2.596726	9.190819	1.000000
0.000000	17.076103	67.633217	1.000000
0.825452	18.622343	7.207087	1.000000
0.000000	-473.357269	-486.794403	1.000000
0.000000	-4270.584961	3486.418457	1.000000
0.000000	-695.815674	239.382339	1.000000
0.000000	-59.935280	-32.190098	1.000000
0.648372	-27.400703	-35.671772	1.000000
0.000000	6809.599121	6304.720703	1.000000
0.000000	-741.727722	1888.613892	1.000000
0.000000	159.304138	1539.604004	1.000000
0.000000	-3261.223389	-11840.778320	1.000000
0.000000	83.631706	-129.350220	1.000000
0.648372	-21.737791	-34.138924	1.000000
0.000000	-103.536621	125.885117	1.000000
0.000000	29405522.000000	-21550876.000000	1.000000
0.000000	-365.846985	1523.677368	1.000000
0.000000	652.248413	344.215485	1.000000
0.000000	1833.626099	26443.712891	1.000000
0.000000	3174.428223	-1432.435059	1.000000
0.000000	32.844219	-51.086926	1.000000
0.000000	34.141445	-163.680206	1.000000
0.000000	5530.846191	-2715.331543	1.000000
0.000000	400949.062500	-1051564.750000	1.000000
0.000000	40409.546875	142699.250000	1.000000
0.000000	899154304.000000	-490293056.000000	1.000000
0.000000	5269.249023	-14691.646484	1.000000
0.000000	-11819835.000000	-661603.187500	1.000000
0.000000	10491.647461	-15319.602539	1.000000
0.000000	50.461819	-132.712067	1.000000
0.000000	-90.888062	-612.067078	1.000000
0.000000	-742.859741	930.360107	1.000000
0.000000	424631.437500	2550.412842	1.000000
0.000000	-9110.263672	10695.622070	1.000000
0.000000	58.728603	597.039612	1.000000
0.000000	53.631222	-45.635998	1.000000
0.000000	3398.329590	-13046.750977	1.000000
0.000000	-935690816.000000	516809408.000000	1.000000
0.000000	1333545.500000	80017.234375	1.000000
0.000000	370434.937500	-121694.265625	1.000000
0.000000	282772.000000	227320.031250	1.000000
0.000000	25119.728516	-23250.730469	1.000000
0.000000	2203343.750000	933966.937500	1.000000
0.000000	-26.547115	15.810018	1.000000
0.000000	324.604401	21.830275	1.000000
0.000000	-3319.188721	-559.498291	1.000000
0.000000	-1642.409302	1476.402954	1.000000
0.000000	-13.947210	61.801376	1.000000
0.000000	74.753998	189.616028	1.000000
0.000000	-976.710327	1165.009155	1.000000
0.000000	705.410706	-55.615562	1.000000
0.000000	179.803268	-423.020416	1.000000
0.000000	-4355021.000000	2416277.250000	1.000000
0.000000	893.483643	489.138855	1.000000
0.000000	117.862457	-88017.593750	1.000000
0.000000	1711789.125000	-2028472.500000	1.000000
0.000000	766.196411	-1753.586914	1.000000
0.000000	-465.902405	-5162.524902	1.000000
0.000000	691415.187500	-227207.218750	1.000000
0.000000	12310197.000000	-6573529.500000	1.000000
0.000000	-21887.216797	-21266.183594	1.000000
0.000000	170442.203125	-24381.402344	1.000000
0.000000	131.768478	-33.473087	1.000000
0.000000	51.056114	37.455826	1.000000
0.000000	862.523132	-1726.578857	1.000000
0.469898	15.263611	-54.221527	1.000000
0.000000	15.724704	-35.349194	1.000000
0.000000	-810.930176	829.881775	1.000000
0.000000	32.337624	-3173.635010	1.000000
0.000000	-53612.476562	119833.890625	1.000000
0.191367	4.634004	14.077437	1.000000
0.000000	-108.401596	-37.330441	1.000000
0.000000	-374.819550	-1145.681030	1.000000
0.000000	-64830.339844	15678.519531	1.000000
0.000000	2359.250732	543.708313	1.000000
0.000000	55585.332031	149425.234375	1.000000
0.000000	-12990.991211	6681.948242	1.000000
0.000000	-41582.660156	-29933.867188	1.000000
0.000000	-8664.247070	13667.691406	1.000000
0.000000	76.805321	232.177979	1.000000
0.000000	-121.099518	-1.610623	1.000000
0.000000	1369.775879	3355.867920	1.000000
0.000000	383.680084	-347.853119	1.000000
0.000000	2088.871826	317.966034	1.000000
0.000000	516.174561	-283.632874	1.000000
0.000000	14046.369141	-13986.925781	1.000000
0.000000	-80.118256	-0.076211	1.000000
0.000000	-1068.718262	1763.190552	1.000000
0.000000	45.818027	74.742233	1.000000
0.000000	-13593.237305	-2925.926025	1.000000
0.000000	-28501.253906	-61309.484375	1.000000
0.000000	1556.625732	7834.938477	1.000000
0.000000	-2689.361328	2053.832520	1.000000
0.000000	-146.227631	-44.249840	1.000000
0.000000	239.924179	405.628479	1.000000
0.000000	-3989.771729	-16240.094727	1.000000
0.000000	510.663483	-101.428093	1.000000
0.000000	-8516.849609	12911.785156	1.000000
0.000000	-976.076538	-2924.427734	1.000000
0.000000	971.423645	305.914459	1.000000
0.000000	26.191643	-197.147369	1.000000
0.000000	-5910.565918	-20552.974609	1.000000
0.000000	-12.184340	-55.174381	1.000000
0.000000	22588.046875	-24335.826172	1.000000
0.000000	-120.009979	21.649702	1.000000
0.000000	-3300464.250000	1376390.750000	1.000000
0.000000	-17894.806641	-1009.575806	1.000000
0.000000	55.312317	334.096252	1.000000
0.026405	69.218285	-90.065849	1.000000
0.000000	6597.643066	2959.249023	1.000000
0.000000	-26387.255859	-23449.363281	1.000000
0.000000	-586712.625000	317293.281250	1.000000
0.000000	-108536.234375	249339.171875	1.000000
0.000000	38300.296875	-56191.003906	1.000000
0.000000	425.055634	-1515.479614	1.000000
0.000000	-8.701785	-69.390053	1.000000
0.000000	-158.208618	-688.310181	1.000000
0.000000	-313.742371	419.840668	1.000000
0.000000	4112436.000000	2116301.500000	1.000000
0.000000	-94.901245	157.527390	1.000000
0.000000	-45169.652344	75706.375000	1.000000
0.000000	460.111755	1576.114990	1.000000
0.000000	4569.446777	12632.747070	1.000000
0.000000	646.104065	1878.138672	1.000000
0.000000	-43907.324219	2167.685303	1.000000
0.000000	245980.796875	-842228.687500	1.000000
0.000000	19.640999	-25.648148	1.000000
0.000000	178.074524	-149.162430	1.000000
0.000000	-33087.722656	-139751.546875	1.000000
0.000000	-14247.120117	-13819.531250	1.000000
0.000000	-110.551239	-68.407204	1.000000
0.000000	-323258.281250	730136.875000	1.000000
0.000000	-31595.589844	-19809.433594	1.000000
0.000000	-177.871841	-962.273804	1.000000
0.026405	73.615875	-93.129906	1.000000
0.000000	-3889.340332	-12695.562500	1.000000
0.469898	13.476438	-58.031223	1.000000
0.000000	3120.217285	3256.977051	1.000000
0.000000	-100.571907	424.058197	1.000000
0.000000	799518.937500	-982912.687500	1.000000
0.000000	-111.755913	362.542053	1.000000
0.000000	-3541.517822	-2013.822632	1.000000
0.000000	30.464602	2631.351807	1.000000
0.000000	-123.805893	105.238556	1.000000
0.000000	19991.056641	10305.960938	1.000000
0.000000	-197.794800	632.040222	1.000000
0.000000	-3102.941406	-1827.397583	1.000000
0.000000	65014.714844	112403.507812	1.000000
0.000000	63.617149	27.595089	1.000000
0.000000	484892.843750	100551.484375	1.000000
0.000000	-42.680584	41.587963	1.000000
0.000000	80.184822	18.912321	1.000000
0.000000	272.376617	-156.390503	1.000000
0.000000	-14.427769	-78.343956	1.000000
0.000000	-52530.644531	-3261.357666	1.000000
0.000000	11251.467773	1143.018921	1.000000
0.000000	-152.756607	83.458832	1.000000
0.000000	-158.409805	1974.588135	1.000000
0.000000	-7859.315918	-92883.921875	1.000000
0.000000	-400.087738	1332.685791	1.000000
0.000000	137.367310	92.378593	1.000000
0.000000	59.365932	3.313360	1.000000
0.000000	42.601242	61.831593	1.000000
0.000000	-42678.738281	-77895.195312	1.000000
0.000000	521.028015	-915.183838	1.000000
0.000000	-160.900238	85.131165	1.000000
0.000000	38.517994	-442.199799	1.000000
0.000000	-433.429688	432.235229	1.000000
0.000000	196.725204	266.298126	1.000000
0.000000	149.665741	727.202759	1.000000
1.013361	-50.689045	-85.340416	1.000000
0.000000	14.915553	347.652283	1.000000
0.000000	-10715.907227	575.551208	1.000000
0.000000	28171368.000000	16549397.000000	1.000000
0.000000	114.470459	-426.221466	1.000000
0.000000	-32885.953125	266950.000000	1.000000
0.000000	51.946129	15.239964	1.000000
0.000000	1245.723877	2831.780273	1.000000
0.000000	4821.209473	10612.477539	1.000000
0.000000	-48815.335938	-126250.796875	1.000000
0.000000	305.947357	-378.006683	1.000000
0.000000	1929694.125000	165050.921875	1.000000
0.000000	-180379.765625	-177937.812500	1.000000
0.000000	-69986.367188	13900.161133	1.000000
0.000000	94.266411	106.696243	1.000000
0.000000	-131020.531250	14687.371094	1.000000
0.000000	-815.606140	104.770699	1.000000
0.000000	-1146.463745	1224.791870	1.000000
0.000000	-1112.255615	891.402832	1.000000
0.000000	49192.644531	57286.218750	1.000000
0.000000	84100.648438	3855.243408	1.000000
0.000000	783.394226	-490.198242	1.000000
0.000000	-98.427307	-142.091843	1.000000
0.000000	-1589278.625000	-1200867.375000	1.000000
0.000000	5.958985	59.749142	1.000000
0.000000	2590553.750000	19106.128906	1.000000
0.000000	38.090206	81.070915	1.000000
0.000000	-10279.035156	12956.708984	1.000000
0.000000	1826645.375000	135568.796875	1.000000
0.000000	-1598.120483	504.683350	1.000000
0.000000	-13.109547	-10.475866	1.000000
0.000000	108.434761	127.773193	1.000000
0.000000	681.402039	1137.364136	1.000000
0.000000	-10418.858398	7203.673340	1.000000
0.000000	-86.158958	102.944397	1.000000
0.000000	27322.513672	25600.558594	1.000000
0.000000	-139.352509	94.301277	1.000000
0.000000	259.824799	205.969849	1.000000
0.000000	239.314392	-9122.642578	1.000000
0.000000	-5309.866699	9767.685547	1.000000
0.000000	458969.656250	25800.531250	1.000000
0.000000	-741.041687	998.419434	1.000000
0.000000	1941.382568	-5434.851074	1.000000
0.000000	3481.353027	-1796.416748	1.000000
0.000000	-19.735399	-173.345856	1.000000
0.000000	-26.877834	27.179520	1.000000
0.000000	1092.463135	-474.839630	1.000000
0.000000	1173.974731	12022.846680	1.000000
0.000000	18327.496094	-23728.064453	1.000000
0.000000	26.760370	4.658833	1.000000
0.000000	-23.550432	81.405609	1.000000
0.000000	1391.226807	1010.883179	1.000000
0.000000	116.664772	-38.136242	1.000000
0.000000	58.505436	-117.788956	1.000000
0.000000	-1716.542480	42.691147	1.000000
0.000000	75036.828125	-7440.302734	1.000000
0.000000	3.099990	118.019989	1.000000
0.000000	-505.508423	-720.712036	1.000000
0.000000	1197.422607	-9894.832031	1.000000
0.000000	88.045494	57.860878	1.000000
0.000000	13.196390	29.132664	1.000000
0.000000	-3998.745361	-4868.781738	1.000000
0.000000	220.651276	184.062607	1.000000
0.000000	-1790.170044	-2791.244385	1.000000
0.000000	-114.590546	6.536541	1.000000
0.000000	22197.218750	38789.375000	1.000000
0.000000	54.647453	-22.298702	1.000000
0.000000	586.519836	-554.925354	1.000000
0.000000	994.649170	550.174255	1.000000
0.000000	-307.352203	335.711914	1.000000
1.013361	-47.039696	-83.284050	1.000000
0.000000	9432.272461	5101.066895	1.000000
0.000000	-92818.750000	-330027.406250	1.000000
0.000000	7687.478027	16937.468750	1.000000
0.000000	15.324549	41.312241	1.000000
0.000000	3301.227783	-1196.072876	1.000000
0.000000	-423534.250000	-81715.281250	1.000000
0.000000	-44105600.000000	-10494824.000000	1.000000
0.000000	5888.639648	-4850.824707	1.000000
0.000000	-174.372955	-121.284637	1.000000
0.000000	763.304932	-1839.167847	1.000000
0.000000	6087.458008	542.931885	1.000000
0.825452	17.575457	11.665015	1.000000
0.000000	-183.695984	1031.291870	1.000000
0.000000	-18826.814453	366.464844	1.000000
0.000000	-327.888977	-148.646317	1.000000
0.000000	259.955383	-50.333099	1.000000
0.000000	14269.419922	-11156.448242	1.000000
