0.000000	31656.156250	455663.750000	1.000000
0.000000	214926.375000	175034.390625	1.000000
0.000000	1152.670654	-12552.014648	1.000000
0.000000	-747.817688	652.010315	1.000000
0.000000	16906.310547	27623.812500	1.000000
0.000000	-13915.219727	805.799988	1.000000
0.000000	-886.128601	-2355.281982	1.000000
0.000000	-594991.812500	1523932.125000	1.000000
0.000000	3457.600342	-2396.977539	1.000000
0.000000	9292453.000000	3386659.750000	1.000000
0.000000	78697400.000000	19959642.000000	1.000000
0.000000	-59.464870	-126.388580	1.000000
0.000000	-189.043488	-100.505730	1.000000
0.000000	100.793846	-20.127106	1.000000
0.000000	-73337376.000000	-31090268.000000	1.000000
0.000000	540.348694	-4627.983887	1.000000
0.000000	322.200195	-191.326706	1.000000
0.000000	-6054.603027	7613.623047	1.000000
0.000000	-987.869080	440.372833	1.000000
0.000000	-226.699692	77.111137	1.000000
0.000000	873.781555	7791.100586	1.000000
0.000000	10045.234375	84933.195312	1.000000
0.000000	-4.423897	602.921021	1.000000
0.000000	68.095612	242.800293	1.000000
0.000000	-207257.828125	-53179.082031	1.000000
0.000000	192.225067	-76.377899	1.000000
0.000000	10392.135742	35603.644531	1.000000
0.000000	-3709.424561	11623.697266	1.000000
0.000000	214.326462	-71.997963	1.000000
0.000000	-61695.820312	-273296.843750	1.000000
0.000000	5305.500977	-9081.550781	1.000000
0.000000	4664.723633	851.662964	1.000000
0.000000	-59.361034	376.260406	1.000000
0.000000	-374.351196	-358.930939	1.000000
0.000000	-66.409714	105.638626	1.000000
0.000000	4660.570312	2688.806885	1.000000
0.000000	216.603821	14.384657	1.000000
0.000000	-5567.578613	-1364.912964	1.000000
0.000000	-246348.265625	-73524.218750	1.000000
0.000000	-46910.105469	-6025.969238	1.000000
0.000000	294.896820	-52.072380	1.000000
0.000000	410.907959	194.966492	1.000000
0.000000	2.488914	17.126396	1.000000
0.000000	13.471977	60.490883	1.000000
0.000000	19.950001	14.782398	1.000000
0.000000	-476.374847	-479.387177	1.000000
0.000000	-4264.022461	3481.848145	1.000000
0.000000	-700.356689	245.969254	1.000000
0.000000	-61.696144	-39.994053	1.000000
0.000000	-35.231762	-37.317822	1.000000
0.000000	6817.567871	6303.861328	1.000000
0.000000	-746.092957	1881.914673	1.000000
0.000000	154.758240	1533.021973	1.000000
0.000000	-3265.871826	-11834.215820	1.000000
0.000000	91.020622	-126.282059	1.000000
0.000000	-21.537956	-42.135830	1.000000
0.000000	-95.541016	125.608017	1.000000
0.000000	29405522.000000	-21550876.000000	1.000000
0.000000	-372.292297	1528.403931	1.000000
0.000000	646.984741	350.235992	1.000000
0.000000	1829.505005	26436.837891	1.000000
0.000000	3177.475098	-1439.837402	1.000000
0.000000	28.634869	-57.889904	1.000000
0.000000	38.457851	-170.416046	1.000000
0.000000	5525.924316	-2721.620605	1.000000
0.000000	400954.062500	-1051564.750000	1.000000
0.000000	40402.671875	142694.250000	1.000000
0.000000	899154304.000000	-490293056.000000	1.000000
0.000000	5264.092773	-14697.740234	1.000000
0.000000	-11819835.000000	-661593.187500	1.000000
0.000000	10495.709961	-15312.727539	1.000000
0.000000	48.098537	-140.356110	1.000000
0.000000	-96.925659	-617.311218	1.000000
0.000000	-734.861694	930.086670	1.000000
0.000000	424621.437500	2548.420654	1.000000
0.000000	-9118.076172	10693.747070	1.000000
0.000000	50.963100	595.115784	1.000000
0.000000	52.930538	-53.605358	1.000000
0.000000	3399.110840	-13054.719727	1.000000
0.000000	-935690816.000000	516809408.000000	1.000000
0.000000	1333545.500000	80024.734375	1.000000
0.000000	370444.937500	-121695.515625	1.000000
0.000000	282762.000000	227322.531250	1.000000
0.000000	25112.541016	-23246.980469	1.000000
0.000000	2203343.750000	933956.937500	1.000000
0.000000	-30.760677	22.610554	1.000000
0.000000	316.796783	20.085585	1.000000
0.000000	-3314.188721	-553.248291	1.000000
0.000000	-1643.346802	1484.352173	1.000000
0.000000	-10.258398	68.899956	1.000000
0.000000	72.698334	181.884094	1.000000
0.000000	-984.425171	1162.899780	1.000000
0.000000	712.168518	-59.899620	1.000000
0.000000	181.583054	-415.222565	1.000000
0.000000	-4355021.000000	2416277.250000	1.000000
0.000000	900.407471	493.147644	1.000000
0.000000	110.032867	-88018.843750	1.000000
0.000000	1711789.125000	-2028472.500000	1.000000
0.000000	767.690552	-1745.735352	1.000000
0.000000	-459.325256	-5167.056152	1.000000
0.000000	691415.187500	-227214.718750	1.000000
0.000000	12310197.000000	-6573529.500000	1.000000
0.000000	-21889.091797	-21273.996094	1.000000
0.000000	170449.703125	-24386.089844	1.000000
0.000000	128.326096	-26.251774	1.000000
0.000000	58.710533	35.129776	1.000000
0.000000	854.778992	-1728.571045	1.000000
0.000000	10.050545	-59.918812	1.000000
0.000000	18.636372	-42.800365	1.000000
0.000000	-813.225098	837.547791	1.000000
0.000000	24.581593	-3171.681885	1.000000
0.000000	-53620.601562	119833.890625	1.000000
0.000000	7.498064	21.625015	1.000000
0.000000	-116.140854	-35.304073	1.000000
0.000000	-367.124237	-1143.493530	1.000000
0.000000	-64823.464844	15674.144531	1.000000
0.000000	2361.633545	551.345032	1.000000
0.000000	55591.582031	149430.234375	1.000000
0.000000	-12998.647461	6679.448242	1.000000
0.000000	-41588.910156	-29929.179688	1.000000
0.000000	-8657.684570	13672.222656	1.000000
0.000000	84.033104	235.608154	1.000000
0.000000	-126.990631	3.801705	1.000000
0.000000	1375.537598	3350.321045	1.000000
0.000000	391.404694	-349.938080	1.000000
0.000000	2083.715576	311.833221	1.000000
0.000000	517.737061	-291.479553	1.000000
0.000000	14044.650391	-13994.738281	1.000000
0.000000	-86.940765	-4.254345	1.000000
0.000000	-1071.745605	1755.788208	1.000000
0.000000	51.535801	80.337936	1.000000
0.000000	-13585.424805	-2927.683838	1.000000
0.000000	-28506.253906	-61315.734375	1.000000
0.000000	1561.000732	7841.657227	1.000000
0.000000	-2684.478516	2047.504395	1.000000
0.000000	-138.908295	-47.477379	1.000000
0.000000	234.633652	399.627502	1.000000
0.000000	-3984.693604	-16233.844727	1.000000
0.000000	518.348206	-99.195427	1.000000
0.000000	-8524.818359	12912.410156	1.000000
0.000000	-973.664429	-2932.044922	1.000000
0.000000	970.554504	313.868561	1.000000
0.000000	34.009636	-198.844147	1.000000
0.000000	-5902.675293	-20551.724609	1.000000
0.000000	-11.763502	-63.163273	1.000000
0.000000	22585.859375	-24343.638672	1.000000
0.000000	-125.403046	15.741194	1.000000
0.000000	-3300464.250000	1376390.750000	1.000000
0.000000	-17897.619141	-1017.036743	1.000000
0.000000	51.947449	341.352112	1.000000
0.027986	71.741844	-97.499748	1.000000
0.000000	6600.221191	2951.670898	1.000000
0.000000	-26379.755859	-23446.863281	1.000000
0.000000	-586712.625000	317298.281250	1.000000
0.000000	-108536.234375	249331.671875	1.000000
0.000000	38292.171875	-56191.003906	1.000000
0.000000	430.231415	-1521.573364	1.000000
0.000000	-4.858706	-62.373451	1.000000
0.000000	-160.037231	-680.526978	1.000000
0.000000	-315.924988	427.535980	1.000000
0.000000	4112436.000000	2116301.500000	1.000000
0.000000	-87.059448	159.106979	1.000000
0.000000	-45172.777344	75713.875000	1.000000
0.000000	467.323669	1579.572021	1.000000
0.000000	4577.181152	12630.715820	1.000000
0.000000	645.313049	1870.169922	1.000000
0.000000	-43912.949219	2173.544678	1.000000
0.000000	245973.296875	-842228.687500	1.000000
0.000000	12.403831	-29.057571	1.000000
0.000000	186.050598	-148.544754	1.000000
0.000000	-33084.597656	-139759.046875	1.000000
0.000000	-14249.776367	-13812.031250	1.000000
0.000000	-118.540741	-68.812477	1.000000
0.000000	-323268.281250	730136.875000	1.000000
0.000000	-31588.714844	-19805.371094	1.000000
0.000000	-185.103287	-965.691772	1.000000
0.027986	75.920769	-100.940857	1.000000
0.000000	-3881.684082	-12697.906250	1.000000
0.000000	15.739745	-66.016983	1.000000
0.000000	3122.600098	3249.359863	1.000000
0.000000	-96.785286	417.012299	1.000000
0.000000	799508.937500	-982912.687500	1.000000
0.000000	-119.644096	363.875061	1.000000
0.000000	-3533.861572	-2016.088257	1.000000
0.000000	28.783388	2639.164307	1.000000
0.000000	-129.449524	110.908722	1.000000
0.000000	19986.994141	10312.835938	1.000000
0.000000	-189.909058	630.692566	1.000000
0.000000	-3110.558594	-1829.897583	1.000000
0.000000	65017.214844	112411.007812	1.000000
0.000000	69.516769	32.998779	1.000000
0.000000	484892.843750	100558.984375	1.000000
0.000000	-48.466717	47.112255	1.000000
0.000000	80.083504	26.911589	1.000000
0.000000	273.748688	-148.509644	1.000000
0.000000	-22.411503	-78.852989	1.000000
0.000000	-52527.519531	-3254.092041	1.000000
0.000000	11255.686523	1149.815796	1.000000
0.000000	-150.581314	75.759857	1.000000
0.000000	-153.739395	1968.084229	1.000000
0.000000	-7859.706543	-92891.421875	1.000000
0.000000	-404.877777	1326.279541	1.000000
0.000000	132.081665	98.384453	1.000000
0.000000	67.012413	0.961027	1.000000
0.924976	43.055569	69.789238	1.000000
0.000000	-42684.988281	-77890.195312	1.000000
0.000000	514.778015	-920.174072	1.000000
0.000000	-156.735199	91.962219	1.000000
0.000000	34.938282	-435.046478	1.000000
0.000000	-434.162109	440.203979	1.000000
0.000000	202.316025	260.575470	1.000000
0.000000	151.567596	734.976196	1.000000
0.000000	-54.554813	-78.307999	1.000000
0.000000	21.359644	352.393494	1.000000
0.000000	-10723.875977	574.965271	1.000000
0.000000	28171368.000000	16549397.000000	1.000000
0.000000	119.864746	-432.129669	1.000000
0.000000	-32882.828125	266945.000000	1.000000
0.000000	43.948692	15.036716	1.000000
0.000000	1252.384033	2827.366211	1.000000
0.000000	4813.396973	10614.352539	1.000000
0.000000	-48807.210938	-126250.796875	1.000000
0.000000	298.925873	-381.834808	1.000000
0.000000	1929694.125000	165055.921875	1.000000
0.000000	-180372.265625	-177937.812500	1.000000
0.000000	-69992.617188	13895.629883	1.000000
0.000000	99.075981	100.303421	1.000000
0.000000	-131023.031250	14695.027344	1.000000
0.000000	-822.744812	108.388863	1.000000
0.000000	-1151.483276	1218.561401	1.000000
0.000000	-1114.325928	899.127441	1.000000
0.000000	49194.519531	57293.718750	1.000000
0.000000	84094.398438	3850.438721	1.000000
0.000000	791.021179	-487.766602	1.000000
0.000000	-105.539124	-145.756393	1.000000
0.000000	-1589278.625000	-1200867.375000	1.000000
0.000000	-1.759598	61.852413	1.000000
0.000000	2590553.750000	19113.316406	1.000000
0.924976	40.853077	73.600243	1.000000
0.000000	-10283.722656	12963.271484	1.000000
0.000000	1826645.375000	135563.796875	1.000000
0.000000	-1597.202515	512.632568	1.000000
0.000000	-5.311264	-8.690588	1.000000
0.000000	115.088814	123.332275	1.000000
0.000000	675.015320	1132.539917	1.000000
0.000000	-10424.327148	7209.532715	1.000000
0.000000	-94.000755	104.527649	1.000000
0.000000	27322.826172	25608.683594	1.000000
0.000000	-133.512665	99.768806	1.000000
0.000000	260.186127	213.960571	1.000000
0.000000	231.531189	-9120.767578	1.000000
0.000000	-5317.835449	9767.841797	1.000000
0.000000	458974.656250	25794.593750	1.000000
0.000000	-748.541687	1001.192871	1.000000
0.000000	1947.808350	-5430.085449	1.000000
0.000000	3481.509277	-1804.424561	1.000000
0.000000	-15.359484	-166.649078	1.000000
0.000000	-20.036098	31.325638	1.000000
0.000000	1089.025635	-482.061310	1.000000
0.000000	1174.892700	12014.877930	1.000000
0.000000	18319.683594	-23729.626953	1.000000
0.000000	34.739296	4.077320	1.000000
0.000000	-23.102434	73.418549	1.000000
0.000000	1384.586182	1015.346069	1.000000
0.000000	124.661598	-38.340710	1.000000
0.000000	59.787785	-109.892227	1.000000
0.000000	-1708.925293	45.130722	1.000000
0.000000	75044.328125	-7439.443359	1.000000
0.000000	5.229812	125.731171	1.000000
0.000000	-497.510376	-720.712036	1.000000
0.000000	1196.914795	-9886.863281	1.000000
0.000000	92.883141	64.232361	1.000000
0.353904	18.742743	33.272106	1.000000
0.000000	-3995.073486	-4861.672363	1.000000
0.000000	228.544342	185.366318	1.000000
0.000000	-1796.595825	-2796.010010	1.000000
0.000000	-111.218964	13.791332	1.000000
0.000000	22198.468750	38797.500000	1.000000
0.000000	62.647331	-22.272457	1.000000
0.000000	594.517883	-554.788635	1.000000
0.000000	1001.563232	554.197693	1.000000
0.000000	-307.684235	343.705078	1.000000
0.000000	-41.870911	-89.453529	1.000000
0.000000	9436.334961	5094.191895	1.000000
0.000000	-92815.000000	-330032.406250	1.000000
0.000000	7695.446777	16937.781250	1.000000
0.353904	21.041428	36.234344	1.000000
0.000000	3303.844971	-1188.514282	1.000000
0.000000	-423529.250000	-81721.531250	1.000000
0.000000	-44105600.000000	-10494824.000000	1.000000
0.000000	5892.233398	-4843.715332	1.000000
0.000000	-177.410065	-113.883514	1.000000
0.000000	770.316650	-1835.320190	1.000000
0.000000	6081.208008	537.961182	1.000000
0.000000	9.815863	9.053226	1.000000
0.000000	-191.686707	1030.901245	1.000000
0.000000	-18825.564453	358.564453	1.000000
0.000000	-335.887024	-148.868484	1.000000
0.000000	260.868469	-58.281097	1.000000
0.000000	14276.763672	-11153.323242	1.000000
