0.000000	31657.152344	455662.812500	1.000000
0.000000	214925.906250	175032.984375	1.000000
0.000000	1152.447266	-12550.520508	1.000000
0.000000	-749.317322	652.032288	1.000000
0.000000	16906.427734	27625.335938	1.000000
0.000000	-13916.684570	806.138733	1.000000
0.000000	-887.474426	-2354.622803	1.000000
0.000000	-594989.937500	1523932.125000	1.000000
0.000000	3456.831299	-2398.266602	1.000000
0.000000	9292453.000000	3386659.750000	1.000000
0.000000	78697400.000000	19959642.000000	1.000000
0.000000	-58.017193	-125.995590	1.000000
0.000000	-188.333496	-101.827065	1.000000
0.000000	100.849007	-18.628101	1.000000
0.000000	-73337376.000000	-31090268.000000	1.000000
0.000000	539.043152	-4628.716309	1.000000
0.000000	321.848633	-189.868729	1.000000
0.000000	-6053.826660	7612.333984	1.000000
0.000000	-987.872742	441.872467	1.000000
0.000000	-226.184708	75.702141	1.000000
0.000000	873.459290	7789.635742	1.000000
0.000000	10043.886719	84932.492188	1.000000
0.000000	-4.133718	601.448853	1.000000
0.000000	66.991486	243.815613	1.000000
0.000000	-207258.765625	-53178.027344	1.000000
0.000000	190.729553	-76.495316	1.000000
0.000000	10392.165039	35605.167969	1.000000
0.000000	-3707.952393	11623.990234	1.000000
0.000000	213.015427	-71.269203	1.000000
0.000000	-61697.343750	-273296.843750	1.000000
0.000000	5306.394531	-9082.751953	1.000000
0.000000	4663.273438	851.293091	1.000000
0.000000	-57.977787	375.679962	1.000000
0.000000	-373.253479	-359.953583	1.000000
0.000000	-65.237381	106.574295	1.000000
0.000000	4659.208008	2688.184326	1.000000
0.000000	217.998627	14.935976	1.000000
0.000000	-5566.421387	-1363.964478	1.000000
0.000000	-246348.734375	-73522.812500	1.000000
0.000000	-46911.277344	-6025.061035	1.000000
0.000000	293.740509	-53.027504	1.000000
0.000000	410.040955	196.190552	1.000000
0.000000	2.502382	15.626469	1.000000
0.000000	14.147751	61.830070	1.000000
0.000000	19.763519	13.294037	1.000000
0.000000	-475.809052	-480.776031	1.000000
0.000000	-4265.252930	3482.705078	1.000000
0.000000	-699.505249	244.734207	1.000000
0.000000	-61.365982	-38.530811	1.000000
0.000000	-33.763828	-37.009289	1.000000
0.000000	6816.073730	6304.022461	1.000000
0.000000	-745.274475	1883.170776	1.000000
0.000000	155.610596	1534.256104	1.000000
0.000000	-3265.000244	-11835.446289	1.000000
0.000000	89.635201	-126.857239	1.000000
0.000000	-21.575035	-40.636311	1.000000
0.000000	-97.040192	125.659973	1.000000
0.000000	29405522.000000	-21550876.000000	1.000000
0.000000	-371.083801	1527.517700	1.000000
0.000000	647.971680	349.107147	1.000000
0.000000	1830.277710	26438.126953	1.000000
0.000000	3176.903809	-1438.449463	1.000000
0.000000	29.424110	-56.614346	1.000000
0.000000	37.648525	-169.153076	1.000000
0.000000	5526.847168	-2720.441406	1.000000
0.000000	400953.125000	-1051564.750000	1.000000
0.000000	40403.960938	142695.187500	1.000000
0.000000	899154304.000000	-490293056.000000	1.000000
0.000000	5265.059570	-14696.597656	1.000000
0.000000	-11819835.000000	-661595.062500	1.000000
0.000000	10494.948242	-15314.016602	1.000000
0.000000	48.541653	-138.922852	1.000000
0.000000	-95.793610	-616.327942	1.000000
0.000000	-736.361328	930.137939	1.000000
0.000000	424623.312500	2548.794189	1.000000
0.000000	-9116.611328	10694.098633	1.000000
0.000000	52.419132	595.476501	1.000000
0.000000	53.061916	-52.111103	1.000000
0.000000	3398.964355	-13053.225586	1.000000
0.000000	-935690816.000000	516809408.000000	1.000000
0.000000	1333545.500000	80023.328125	1.000000
0.000000	370443.062500	-121695.281250	1.000000
0.000000	282763.875000	227322.062500	1.000000
0.000000	25113.888672	-23247.683594	1.000000
0.000000	2203343.750000	933958.812500	1.000000
0.000000	-29.970634	21.335453	1.000000
0.000000	318.260712	20.412714	1.000000
0.000000	-3315.126221	-554.420166	1.000000
0.000000	-1643.171021	1482.861694	1.000000
0.000000	-10.950050	67.569008	1.000000
0.000000	73.083771	183.333832	1.000000
0.000000	-982.978638	1163.295288	1.000000
0.000000	710.901428	-59.096359	1.000000
0.000000	181.249344	-416.684662	1.000000
0.000000	-4355021.000000	2416277.250000	1.000000
0.000000	899.109253	492.395996	1.000000
0.000000	111.500916	-88018.609375	1.000000
0.000000	1711789.125000	-2028472.500000	1.000000
0.000000	767.410400	-1747.207520	1.000000
0.000000	-460.558472	-5166.206543	1.000000
0.000000	691415.187500	-227213.312500	1.000000
0.000000	12310197.000000	-6573529.500000	1.000000
0.000000	-21888.740234	-21272.531250	1.000000
0.000000	170448.296875	-24385.210938	1.000000
0.000000	128.971542	-27.605782	1.000000
0.000000	57.275330	35.565910	1.000000
0.000000	856.231018	-1728.197510	1.000000
0.000000	11.037426	-58.789165	1.000000
0.000000	18.090431	-41.403271	1.000000
0.000000	-812.794800	836.110413	1.000000
0.000000	26.035851	-3172.048096	1.000000
0.000000	-53619.078125	119833.890625	1.000000
0.000000	6.967802	20.221855	1.000000
0.000000	-114.689743	-35.684017	1.000000
0.000000	-368.567108	-1143.903687	1.000000
0.000000	-64824.753906	15674.964844	1.000000
0.000000	2361.186768	549.913147	1.000000
0.000000	55590.410156	149429.296875	1.000000
0.000000	-12997.211914	6679.916992	1.000000
0.000000	-41587.738281	-29930.058594	1.000000
0.000000	-8658.915039	13671.373047	1.000000
0.000000	82.677895	234.964996	1.000000
0.000000	-125.886047	2.786893	1.000000
0.000000	1374.457275	3351.361084	1.000000
0.000000	389.956329	-349.547150	1.000000
0.000000	2084.682373	312.983124	1.000000
0.000000	517.444092	-290.008301	1.000000
0.000000	14044.972656	-13993.273438	1.000000
0.000000	-85.661545	-3.470944	1.000000
0.000000	-1071.177979	1757.176147	1.000000
0.000000	50.463718	79.288742	1.000000
0.000000	-13586.889648	-2927.354248	1.000000
0.000000	-28505.316406	-61314.562500	1.000000
0.000000	1560.180420	7840.397461	1.000000
0.000000	-2685.394043	2048.690918	1.000000
0.000000	-140.280670	-46.872215	1.000000
0.000000	235.625626	400.752686	1.000000
0.000000	-3985.645752	-16235.016602	1.000000
0.000000	516.907166	-99.614052	1.000000
0.000000	-8523.324219	12912.292969	1.000000
0.000000	-974.116699	-2930.616699	1.000000
0.000000	970.717468	312.377167	1.000000
0.000000	32.543762	-198.526001	1.000000
0.000000	-5904.154785	-20551.958984	1.000000
0.000000	-11.842409	-61.665356	1.000000
0.000000	22586.269531	-24342.173828	1.000000
0.000000	-124.391846	16.849039	1.000000
0.000000	-3300464.250000	1376390.750000	1.000000
0.000000	-17897.091797	-1015.637817	1.000000
0.000000	52.578362	339.991638	1.000000
0.027672	71.267151	-96.106087	1.000000
0.000000	6599.737793	2953.091797	1.000000
0.000000	-26381.162109	-23447.332031	1.000000
0.000000	-586712.625000	317297.343750	1.000000
0.000000	-108536.234375	249333.078125	1.000000
0.000000	38293.695312	-56191.003906	1.000000
0.000000	429.260956	-1520.430786	1.000000
0.000000	-5.579284	-63.689064	1.000000
0.000000	-159.694366	-681.986328	1.000000
0.000000	-315.515747	426.093109	1.000000
0.000000	4112436.000000	2116301.500000	1.000000
0.000000	-88.529785	158.810806	1.000000
0.000000	-45172.191406	75712.468750	1.000000
0.000000	465.971436	1578.923828	1.000000
0.000000	4575.730957	12631.096680	1.000000
0.000000	645.461365	1871.664062	1.000000
0.000000	-43911.894531	2172.446045	1.000000
0.000000	245974.703125	-842228.687500	1.000000
0.000000	13.760786	-28.418304	1.000000
0.000000	184.555084	-148.660568	1.000000
0.000000	-33085.183594	-139757.640625	1.000000
0.000000	-14249.278320	-13813.437500	1.000000
0.000000	-117.042709	-68.736488	1.000000
0.000000	-323266.406250	730136.875000	1.000000
0.000000	-31590.003906	-19806.132812	1.000000
0.000000	-183.747391	-965.050903	1.000000
0.027672	75.490128	-99.476044	1.000000
0.000000	-3883.119629	-12697.466797	1.000000
0.000000	15.305957	-64.580978	1.000000
0.000000	3122.153320	3250.788086	1.000000
0.000000	-97.495277	418.333405	1.000000
0.000000	799510.812500	-982912.687500	1.000000
0.000000	-118.165062	363.625122	1.000000
0.000000	-3535.297119	-2015.663452	1.000000
0.000000	29.098616	2637.699463	1.000000
0.000000	-128.391174	109.845566	1.000000
0.000000	19987.755859	10311.546875	1.000000
0.000000	-191.387634	630.945251	1.000000
0.000000	-3109.130371	-1829.428833	1.000000
0.000000	65016.746094	112409.601562	1.000000
0.000000	68.410583	31.985634	1.000000
0.000000	484892.843750	100557.578125	1.000000
0.000000	-47.381817	46.076450	1.000000
0.000000	80.102501	25.411726	1.000000
0.000000	273.491425	-149.987305	1.000000
0.000000	-20.914558	-78.757545	1.000000
0.000000	-52528.105469	-3255.454346	1.000000
0.000000	11254.895508	1148.541382	1.000000
0.000000	-150.989182	77.203415	1.000000
0.000000	-154.615097	1969.303711	1.000000
0.000000	-7859.633301	-92890.015625	1.000000
0.000000	-403.979645	1327.480713	1.000000
0.000000	133.072723	97.258354	1.000000
0.000000	65.578697	1.402090	1.000000
0.000000	42.957306	68.322067	1.000000
0.000000	-42683.816406	-77891.132812	1.000000
0.000000	515.949890	-919.238403	1.000000
0.000000	-157.516144	90.681396	1.000000
0.000000	35.609478	-436.387726	1.000000
0.000000	-434.024780	438.709839	1.000000
0.000000	201.267746	261.648468	1.000000
0.000000	151.210999	733.518677	1.000000
0.000000	-53.852947	-79.633682	1.000000
0.000000	20.151377	351.504517	1.000000
0.000000	-10722.381836	575.075134	1.000000
0.000000	28171368.000000	16549397.000000	1.000000
0.000000	118.853317	-431.021881	1.000000
0.000000	-32883.414062	266945.937500	1.000000
0.000000	45.448212	15.074825	1.000000
0.000000	1251.135254	2828.193848	1.000000
0.000000	4814.861816	10614.000977	1.000000
0.000000	-48808.734375	-126250.796875	1.000000
0.000000	300.242401	-381.117035	1.000000
0.000000	1929694.125000	165054.984375	1.000000
0.000000	-180373.671875	-177937.812500	1.000000
0.000000	-69991.445312	13896.479492	1.000000
0.000000	98.174187	101.502075	1.000000
0.000000	-131022.562500	14693.591797	1.000000
0.000000	-821.406311	107.710457	1.000000
0.000000	-1150.542114	1219.729614	1.000000
0.000000	-1113.937744	897.679077	1.000000
0.000000	49194.167969	57292.312500	1.000000
0.000000	84095.570312	3851.339600	1.000000
0.000000	789.591125	-488.222534	1.000000
0.000000	-104.205658	-145.069290	1.000000
0.000000	-1589278.625000	-1200867.375000	1.000000
0.000000	-0.312363	61.458050	1.000000
0.000000	2590553.750000	19111.968750	1.000000
0.000000	40.348087	74.976173	1.000000
0.000000	-10282.843750	12962.041016	1.000000
0.000000	1826645.375000	135564.734375	1.000000
0.000000	-1597.374634	511.142090	1.000000
0.000000	-6.773433	-9.025328	1.000000
0.000000	113.841179	124.164948	1.000000
0.000000	676.212830	1133.444458	1.000000
0.000000	-10423.301758	7208.434082	1.000000
0.000000	-92.530418	104.230789	1.000000
0.000000	27322.767578	25607.160156	1.000000
0.000000	-134.607635	98.743645	1.000000
0.000000	260.118378	212.462311	1.000000
0.000000	232.990540	-9121.119141	1.000000
0.000000	-5316.341309	9767.812500	1.000000
0.000000	458973.718750	25795.707031	1.000000
0.000000	-747.135437	1000.672852	1.000000
0.000000	1946.603516	-5430.979004	1.000000
0.000000	3481.479980	-1802.923096	1.000000
0.000000	-16.179968	-167.904724	1.000000
0.000000	-21.318924	30.548241	1.000000
0.000000	1089.670166	-480.707245	1.000000
0.000000	1174.720581	12016.372070	1.000000
0.000000	18321.148438	-23729.333984	1.000000
0.000000	33.243210	4.186354	1.000000
0.000000	-23.186434	74.916122	1.000000
0.000000	1385.831299	1014.509277	1.000000
0.000000	123.162193	-38.302372	1.000000
0.000000	59.547344	-111.372864	1.000000
0.000000	-1710.353516	44.673302	1.000000
0.000000	75042.921875	-7439.604492	1.000000
0.000000	4.830471	124.285324	1.000000
0.000000	-499.010010	-720.712036	1.000000
0.000000	1197.010010	-9888.357422	1.000000
0.000000	91.976082	63.037689	1.000000
0.394805	18.060471	33.095661	1.000000
0.000000	-3995.761963	-4863.005371	1.000000
0.000000	227.064392	185.121872	1.000000
0.000000	-1795.390991	-2795.116455	1.000000
0.000000	-111.851135	12.431059	1.000000
0.000000	22198.234375	38795.976562	1.000000
0.000000	61.147354	-22.277378	1.000000
0.000000	593.018250	-554.814270	1.000000
0.000000	1000.266846	553.443298	1.000000
0.000000	-307.621979	342.206360	1.000000
0.000000	-42.817108	-88.289665	1.000000
0.000000	9435.573242	5095.480957	1.000000
0.000000	-92815.703125	-330031.468750	1.000000
0.000000	7693.952637	16937.722656	1.000000
0.394805	19.611847	36.586769	1.000000
0.000000	3303.354248	-1189.931519	1.000000
0.000000	-423530.187500	-81720.359375	1.000000
0.000000	-44105600.000000	-10494824.000000	1.000000
0.000000	5891.559570	-4845.048340	1.000000
0.000000	-176.840607	-115.271225	1.000000
0.000000	769.001953	-1836.041626	1.000000
0.000000	6082.379883	538.893188	1.000000
0.000000	11.208323	9.610926	1.000000
0.000000	-190.188446	1030.974487	1.000000
0.000000	-18825.798828	360.045776	1.000000
0.000000	-334.387390	-148.826828	1.000000
0.000000	260.697266	-56.790848	1.000000
0.000000	14275.386719	-11153.909180	1.000000
