0.000000	31555.218750	455758.750000	1.000000
0.000000	214973.875000	175176.890625	1.000000
0.000000	1175.307373	-12703.420898	1.000000
0.000000	-595.854797	649.783752	1.000000
0.000000	16894.435547	27469.437500	1.000000
0.000000	-13766.782227	771.473816	1.000000
0.000000	-749.751648	-2422.078857	1.000000
0.000000	-595181.812500	1523932.125000	1.000000
0.000000	3535.530029	-2266.352539	1.000000
0.000000	9292453.000000	3386659.750000	1.000000
0.000000	78697400.000000	19959642.000000	1.000000
0.000000	-206.150513	-166.189331	1.000000
0.000000	-260.992493	33.381649	1.000000
0.000000	95.204247	-172.027603	1.000000
0.000000	-73337376.000000	-31090268.000000	1.000000
0.000000	672.643616	-4553.765137	1.000000
0.000000	357.825195	-339.094482	1.000000
0.000000	-6133.274902	7744.248047	1.000000
0.000000	-987.497986	288.409943	1.000000
0.000000	-278.864410	219.889450	1.000000
0.000000	906.437805	7939.538086	1.000000
0.000000	10181.796875	85004.445312	1.000000
0.000000	-33.827816	752.100708	1.000000
0.201487	179.779770	140.674713	1.000000
0.000000	-207162.828125	-53285.957031	1.000000
0.000000	343.743622	-64.479706	1.000000
0.000000	10389.166992	35449.269531	1.000000
0.000000	-3858.604248	11594.009766	1.000000
0.000000	347.178040	-145.845612	1.000000
0.000000	-61541.445312	-273296.843750	1.000000
0.000000	5214.954102	-8959.832031	1.000000
0.000000	4811.676758	889.143433	1.000000
0.000000	-199.582458	435.018280	1.000000
0.000000	-485.586548	-255.303329	1.000000
0.000000	-185.206100	10.817828	1.000000
0.000000	4798.617188	2751.892822	1.000000
0.000000	75.253426	-41.467201	1.000000
0.000000	-5684.844238	-1461.026245	1.000000
0.000000	-246300.765625	-73666.718750	1.000000
0.000000	-46791.355469	-6118.000488	1.000000
0.000000	412.069672	44.710621	1.000000
0.000000	498.764404	70.917732	1.000000
0.000000	-1.209155	166.962326	1.000000
0.000000	-49.494358	-74.161774	1.000000
0.000000	38.955379	164.596802	1.000000
0.000000	-533.708801	-338.649872	1.000000
0.000000	-4139.334961	3395.012207	1.000000
0.000000	-786.635986	371.120636	1.000000
0.000000	-96.513199	-187.700317	1.000000
0.000000	-184.817719	-66.463295	1.000000
0.000000	6968.974121	6287.533203	1.000000
0.000000	-829.032410	1754.629517	1.000000
0.000000	68.370155	1407.963379	1.000000
0.000000	-3354.192139	-11709.528320	1.000000
0.000000	231.392944	-67.997147	1.000000
0.000000	-18.373449	-192.397949	1.000000
0.000000	56.368248	120.343124	1.000000
0.000000	29405522.000000	-21550876.000000	1.000000
0.000000	-494.753235	1618.208618	1.000000
0.000000	546.974976	464.625641	1.000000
0.000000	1751.204224	26306.212891	1.000000
0.000000	3235.365723	-1580.481934	1.000000
0.000000	-50.748501	-188.846558	1.000000
0.000000	120.469574	-298.381622	1.000000
0.000000	5432.408691	-2841.112793	1.000000
0.000000	401049.062500	-1051564.750000	1.000000
0.000000	40272.046875	142599.250000	1.000000
0.000000	899154304.000000	-490293056.000000	1.000000
0.000000	5166.124023	-14813.521484	1.000000
0.000000	-11819835.000000	-661403.187500	1.000000
0.000000	10572.897461	-15182.102539	1.000000
0.000000	3.196051	-285.583466	1.000000
0.000000	-211.640015	-716.949890	1.000000
0.000000	-582.898804	924.891357	1.000000
0.000000	424431.437500	2510.569092	1.000000
0.000000	-9266.513672	10658.122070	1.000000
0.000000	-96.578880	558.563049	1.000000
0.000000	39.617550	-205.012405	1.000000
0.000000	3413.954590	-13206.125977	1.000000
0.000000	-935690816.000000	516809408.000000	1.000000
0.000000	1333545.500000	80167.234375	1.000000
0.000000	370634.937500	-121719.265625	1.000000
0.000000	282572.000000	227370.031250	1.000000
0.000000	24975.978516	-23175.730469	1.000000
0.000000	2203343.750000	933766.937500	1.000000
0.000000	-107.945427	148.633331	1.000000
0.000000	169.948257	-15.554708	1.000000
0.000000	-3219.188721	-434.498291	1.000000
0.000000	-1661.159302	1635.387329	1.000000
0.000000	59.829445	203.782364	1.000000
0.000000	33.649731	34.979649	1.000000
0.000000	-1131.007202	1122.821655	1.000000
0.000000	840.566956	-141.289490	1.000000
0.000000	215.398972	-267.063385	1.000000
0.000000	-4355021.000000	2416277.250000	1.000000
0.000000	1031.948975	569.384460	1.000000
0.000000	-38.723820	-88042.593750	1.000000
0.000000	1711789.125000	-2028472.500000	1.000000
0.000000	796.079224	-1596.555664	1.000000
0.000000	-334.359436	-5253.149902	1.000000
0.000000	691415.187500	-227357.218750	1.000000
0.000000	12310197.000000	-6573529.500000	1.000000
0.000000	-21924.716797	-21422.433594	1.000000
0.000000	170592.203125	-24475.152344	1.000000
0.000000	63.161381	108.545898	1.000000
0.000000	204.507614	-7.783674	1.000000
0.000000	707.640320	-1766.422607	1.000000
0.000000	-89.954720	-174.393478	1.000000
0.000000	73.953934	-184.372635	1.000000
0.000000	-856.828613	983.202087	1.000000
0.000000	-122.783676	-3134.572510	1.000000
0.000000	-53774.976562	119833.890625	1.000000
0.000000	61.123512	164.809891	1.000000
0.000000	-263.226532	3.239096	1.000000
0.000000	-220.924438	-1101.931030	1.000000
0.000000	-64692.839844	15591.019531	1.000000
0.000000	2406.906982	696.442688	1.000000
0.000000	55710.332031	149525.234375	1.000000
0.000000	-13144.116211	6631.948242	1.000000
0.000000	-41707.660156	-29840.117188	1.000000
0.000000	-8532.997070	13758.316406	1.000000
0.000000	221.345215	300.749634	1.000000
0.000000	-240.120651	105.821678	1.000000
0.000000	1485.010254	3244.930420	1.000000
0.000000	538.172241	-389.552338	1.000000
0.000000	1985.982666	195.333954	1.000000
0.000000	547.424561	-440.566467	1.000000
0.000000	14011.994141	-14143.175781	1.000000
0.000000	-216.552597	-83.638512	1.000000
0.000000	-1129.265137	1615.143677	1.000000
0.000000	160.173492	186.656296	1.000000
0.000000	-13436.987305	-2961.082275	1.000000
0.000000	-28601.253906	-61434.484375	1.000000
0.000000	1644.125732	7969.313477	1.000000
0.000000	-2591.705078	1927.270020	1.000000
0.000000	0.176139	-108.800621	1.000000
0.000000	134.113632	285.608948	1.000000
0.000000	-3888.209229	-16115.094727	1.000000
0.000000	664.373596	-56.774773	1.000000
0.000000	-8676.224609	12924.285156	1.000000
0.000000	-927.834351	-3076.771484	1.000000
0.000000	954.040833	464.996490	1.000000
0.000000	182.542252	-231.082916	1.000000
0.000000	-5752.753418	-20527.974609	1.000000
0.000000	-3.767591	-214.950455	1.000000
0.000000	22544.296875	-24492.076172	1.000000
0.000000	-226.672928	-95.702736	1.000000
0.000000	-3300464.250000	1376390.750000	1.000000
0.000000	-17951.056641	-1158.794556	1.000000
0.000000	-11.925791	478.404907	1.000000
0.000000	121.952400	-240.176117	1.000000
0.000000	6649.205566	2807.686523	1.000000
0.000000	-26237.255859	-23399.363281	1.000000
0.000000	-586712.625000	317393.281250	1.000000
0.000000	-108536.234375	249189.171875	1.000000
0.000000	38137.796875	-56191.003906	1.000000
0.000000	528.571289	-1637.354614	1.000000
0.000000	68.162056	70.941277	1.000000
0.000000	-194.780884	-532.646118	1.000000
0.000000	-357.394714	573.746948	1.000000
0.000000	4112436.000000	2116301.500000	1.000000
0.000000	61.944462	189.119186	1.000000
0.000000	-45232.152344	75856.375000	1.000000
0.000000	604.412537	1645.255615	1.000000
0.000000	4724.134277	12592.122070	1.000000
0.000000	630.283752	1718.763672	1.000000
0.000000	-44019.824219	2284.872803	1.000000
0.000000	245830.796875	-842228.687500	1.000000
0.000000	-125.104462	-93.836624	1.000000
0.000000	333.228241	-138.759277	1.000000
0.000000	-33025.222656	-139901.546875	1.000000
0.000000	-14300.245117	-13669.531250	1.000000
0.000000	-270.358643	-76.512672	1.000000
0.000000	-323458.281250	730136.875000	1.000000
0.000000	-31458.089844	-19728.183594	1.000000
0.000000	-322.500763	-1030.633179	1.000000
0.000000	117.459152	-247.907181	1.000000
0.000000	-3736.215332	-12742.437500	1.000000
0.000000	59.700615	-211.532120	1.000000
0.000000	3167.873535	3104.633301	1.000000
0.000000	-24.793909	283.199677	1.000000
0.000000	799318.937500	-982912.687500	1.000000
0.000000	-269.523773	389.202209	1.000000
0.000000	-3388.392822	-2059.135010	1.000000
0.000000	-3.159546	2787.601807	1.000000
0.000000	-236.695618	218.661392	1.000000
0.000000	19909.806641	10443.460938	1.000000
0.000000	-40.091713	605.087097	1.000000
0.000000	-3255.285156	-1877.397583	1.000000
0.000000	65064.714844	112553.507812	1.000000
0.201487	180.991409	137.143219	1.000000
0.000000	484892.843750	100701.484375	1.000000
0.000000	-158.403229	152.083527	1.000000
0.000000	78.965538	176.672897	1.000000
0.000000	299.818024	1.231493	1.000000
0.000000	-174.037155	-88.474884	1.000000
0.000000	-52468.144531	-3116.045166	1.000000
0.000000	11335.842773	1278.956421	1.000000
0.000000	-109.261276	-70.520058	1.000000
0.000000	-64.985130	1844.510010	1.000000
0.000000	-7867.128418	-93033.921875	1.000000
0.000000	-495.888519	1204.560791	1.000000
0.000000	34.986107	211.463379	1.000000
0.000000	214.948898	-41.172295	1.000000
0.000000	49.616604	221.703796	1.000000
0.000000	-42803.738281	-77795.195312	1.000000
0.000000	395.937408	-1014.988525	1.000000
0.000000	-77.614235	221.752258	1.000000
0.000000	-33.076523	-299.133392	1.000000
0.000000	-448.078125	591.610229	1.000000
0.000000	308.541595	151.845001	1.000000
0.000000	187.702850	882.671509	1.000000
0.000000	-123.542740	53.297478	1.000000
0.000000	143.735138	443.286346	1.000000
0.000000	-10875.282227	563.832458	1.000000
0.000000	28171368.000000	16549397.000000	1.000000
0.000000	222.334854	-544.385498	1.000000
0.000000	-32823.453125	266850.000000	1.000000
0.000000	-104.941750	8.420351	1.000000
0.000000	1378.927002	2743.499023	1.000000
0.000000	4664.959473	10649.977539	1.000000
0.000000	-48652.835938	-126250.796875	1.000000
0.000000	165.486206	-454.569183	1.000000
0.000000	1929694.125000	165150.921875	1.000000
0.000000	-180229.765625	-177937.812500	1.000000
0.000000	-70111.367188	13809.536133	1.000000
0.000000	188.349625	-17.538746	1.000000
0.000000	-131070.531250	14840.496094	1.000000
0.000000	-958.379578	177.133972	1.000000
0.000000	-1246.854370	1100.182495	1.000000
0.000000	-1153.661865	1045.922729	1.000000
0.000000	49230.144531	57436.218750	1.000000
0.000000	83975.648438	3759.149658	1.000000
0.000000	935.933289	-441.565430	1.000000
0.000000	-240.663635	-215.382858	1.000000
0.000000	-1589278.625000	-1200867.375000	1.000000
0.000000	-146.462601	109.420654	1.000000
0.000000	2590553.750000	19249.878906	1.000000
0.000000	90.541534	-62.059532	1.000000
0.000000	-10372.785156	13087.958984	1.000000
0.000000	1826645.375000	135468.796875	1.000000
0.000000	-1579.761108	663.667725	1.000000
0.000000	142.740204	20.502232	1.000000
0.000000	241.536636	38.954834	1.000000
0.000000	553.667664	1040.879761	1.000000
0.000000	-10528.233398	7320.860840	1.000000
0.000000	-242.994888	134.614532	1.000000
0.000000	27328.763672	25763.058594	1.000000
0.000000	-22.556128	203.668747	1.000000
0.000000	267.051361	365.817841	1.000000
0.000000	83.657288	-9085.142578	1.000000
0.000000	-5469.241699	9770.810547	1.000000
0.000000	459069.656250	25681.781250	1.000000
0.000000	-891.041687	1053.888184	1.000000
0.000000	2069.964844	-5339.538574	1.000000
0.000000	3484.478027	-1956.572998	1.000000
0.000000	67.780716	-39.408066	1.000000
0.000000	109.941200	110.574028	1.000000
0.000000	1023.712280	-619.200684	1.000000
0.000000	1192.334106	11863.471680	1.000000
0.000000	18171.246094	-23759.314453	1.000000
0.000000	186.333328	-6.971935	1.000000
0.000000	-20.807606	-74.944717	1.000000
0.000000	1258.414307	1099.974365	1.000000
0.000000	276.623962	-42.225597	1.000000
0.000000	85.224998	38.505104	1.000000
0.000000	-1564.198730	91.489525	1.000000
0.000000	75186.828125	-7423.115234	1.000000
0.000000	45.698387	272.261292	1.000000
0.000000	-345.547485	-720.712036	1.000000
0.000000	1187.266357	-9735.457031	1.000000
0.000000	184.784088	185.301697	1.000000
0.000000	133.353699	130.898911	1.000000
0.000000	-3925.307861	-4726.594238	1.000000
0.000000	378.474701	210.136826	1.000000
0.000000	-1918.685669	-2886.556885	1.000000
0.000000	-51.983162	147.210037	1.000000
0.000000	22222.218750	38951.875000	1.000000
0.000000	212.000458	-24.351229	1.000000
0.000000	746.480774	-552.190979	1.000000
0.000000	1132.930420	630.643005	1.000000
0.000000	-313.992828	495.575195	1.000000
0.000000	54.007473	-207.407379	1.000000
0.000000	9513.522461	4963.566895	1.000000
0.000000	-92743.750000	-330127.406250	1.000000
0.000000	7846.853027	16943.718750	1.000000
0.000000	121.033875	-78.842224	1.000000
0.000000	3353.571533	-1044.901001	1.000000
0.000000	-423434.250000	-81840.281250	1.000000
0.000000	-44105600.000000	-10494824.000000	1.000000
0.000000	5960.514648	-4708.637207	1.000000
0.000000	-235.074921	26.701427	1.000000
0.000000	903.539307	-1762.214722	1.000000
0.000000	5962.458008	443.517822	1.000000
0.000000	-131.290848	-47.460629	1.000000
0.000000	-343.483704	1023.479370	1.000000
0.000000	-18801.814453	208.471725	1.000000
0.000000	-487.849915	-153.089676	1.000000
0.000000	282.603485	-207.334015	1.000000
0.000000	14416.294922	-11093.948242	1.000000
