0.000000	31593.734375	455722.500000	1.000000
0.000000	214955.750000	175122.515625	1.000000
0.000000	1166.669678	-12645.647461	1.000000
0.000000	-653.840637	650.633362	1.000000
0.000000	16898.966797	27528.343750	1.000000
0.000000	-13823.422852	784.571960	1.000000
0.000000	-801.790222	-2396.590576	1.000000
0.000000	-595109.312500	1523932.125000	1.000000
0.000000	3505.793701	-2316.196289	1.000000
0.000000	9292453.000000	3386659.750000	1.000000
0.000000	78697400.000000	19959642.000000	1.000000
0.000000	-150.182495	-151.002563	1.000000
0.000000	-233.536285	-17.706093	1.000000
0.000000	97.337120	-114.061584	1.000000
0.000000	-73337376.000000	-31090268.000000	1.000000
0.000000	622.162659	-4582.085449	1.000000
0.000000	344.231445	-282.701660	1.000000
0.000000	-6103.255371	7694.404297	1.000000
0.000000	-987.639587	346.395782	1.000000
0.000000	-258.969391	165.408249	1.000000
0.000000	893.976868	7882.897461	1.000000
0.000000	10129.687500	84977.257812	1.000000
0.000000	-22.607744	695.176880	1.000000
0.000000	137.287506	179.173584	1.000000
0.000000	-207199.078125	-53245.175781	1.000000
0.000000	285.934784	-69.019806	1.000000
0.000000	10390.299805	35508.175781	1.000000
0.000000	-3801.680420	11605.337891	1.000000
0.000000	296.484680	-117.666908	1.000000
0.000000	-61600.351562	-273296.843750	1.000000
0.000000	5249.504883	-9006.277344	1.000000
0.000000	4755.602539	874.841675	1.000000
0.000000	-146.092468	412.574432	1.000000
0.000000	-443.141479	-294.845245	1.000000
0.000000	-139.875900	47.001293	1.000000
0.000000	4745.941406	2727.820557	1.000000
0.000000	129.194580	-20.148546	1.000000
0.000000	-5640.098145	-1424.351440	1.000000
0.000000	-246318.890625	-73612.343750	1.000000
0.000000	-46836.667969	-6082.883301	1.000000
0.000000	367.358978	7.780368	1.000000
0.000000	465.240234	118.256905	1.000000
0.000000	-0.688341	108.961685	1.000000
0.237547	-23.294436	-21.853710	1.000000
0.000000	31.746897	107.050240	1.000000
0.000000	-511.831390	-392.352264	1.000000
0.000000	-4186.913086	3428.146973	1.000000
0.000000	-753.713623	323.365509	1.000000
0.000000	-83.751358	-131.130493	1.000000
0.000000	-128.053192	-54.533360	1.000000
0.000000	6911.200684	6293.763672	1.000000
0.000000	-797.384460	1803.198853	1.000000
0.000000	101.336769	1455.683105	1.000000
0.000000	-3320.490967	-11757.106445	1.000000
0.000000	177.832153	-90.237442	1.000000
0.280277	-19.917049	-134.740723	1.000000
0.000000	-1.596480	122.352097	1.000000
0.000000	29405522.000000	-21550876.000000	1.000000
0.000000	-448.024719	1583.941040	1.000000
0.000000	585.136597	420.976959	1.000000
0.000000	1781.082153	26356.056641	1.000000
0.000000	3213.275879	-1526.814941	1.000000
0.280277	-20.119936	-139.188995	1.000000
0.000000	89.175629	-249.562164	1.000000
0.000000	5468.092285	-2795.517090	1.000000
0.000000	401012.812500	-1051564.750000	1.000000
0.000000	40321.890625	142635.500000	1.000000
0.000000	899154304.000000	-490293056.000000	1.000000
0.000000	5203.506836	-14769.341797	1.000000
0.000000	-11819835.000000	-661475.687500	1.000000
0.000000	10543.444336	-15231.946289	1.000000
0.000000	20.329983	-230.173615	1.000000
0.000000	-167.867432	-678.929871	1.000000
0.000000	-640.884644	926.873779	1.000000
0.000000	424503.937500	2525.012451	1.000000
0.000000	-9209.873047	10671.715820	1.000000
0.000000	-40.281548	572.510803	1.000000
0.000000	44.697506	-147.238968	1.000000
0.000000	3408.290527	-13148.352539	1.000000
0.000000	-935690816.000000	516809408.000000	1.000000
0.000000	1333545.500000	80112.859375	1.000000
0.000000	370562.437500	-121710.203125	1.000000
0.000000	282644.500000	227351.906250	1.000000
0.000000	25028.087891	-23202.917969	1.000000
0.000000	2203343.750000	933839.437500	1.000000
0.492228	-77.352486	99.227325	1.000000
0.000000	225.057281	-0.413376	1.000000
0.000000	-3255.438721	-479.810791	1.000000
0.000000	-1654.362427	1577.755493	1.000000
0.000000	33.084450	152.310196	1.000000
0.000000	48.548870	91.033875	1.000000
0.000000	-1075.074585	1138.114624	1.000000
0.000000	791.572815	-110.230713	1.000000
0.000000	202.495529	-323.597809	1.000000
0.000000	-4355021.000000	2416277.250000	1.000000
0.000000	981.762451	540.285339	1.000000
0.000000	18.038227	-88033.531250	1.000000
0.000000	1711789.125000	-2028472.500000	1.000000
0.000000	785.246704	-1653.479492	1.000000
0.000000	-382.043762	-5220.298340	1.000000
0.000000	691415.187500	-227302.843750	1.000000
0.000000	12310197.000000	-6573529.500000	1.000000
0.000000	-21911.123047	-21365.792969	1.000000
0.000000	170537.828125	-24441.167969	1.000000
0.000000	88.118805	56.189384	1.000000
0.000000	148.402573	10.204302	1.000000
0.000000	763.785339	-1751.979248	1.000000
0.000000	-51.794518	-130.709396	1.000000
0.000000	52.846451	-130.351639	1.000000
0.000000	-840.190430	927.623474	1.000000
0.000000	-66.550156	-3148.732666	1.000000
0.000000	-53716.070312	119833.890625	1.000000
0.000000	40.617836	110.558792	1.000000
0.000000	-207.077133	-11.491169	1.000000
0.000000	-276.704315	-1117.790405	1.000000
0.000000	-64742.683594	15622.738281	1.000000
0.000000	2389.631592	641.076477	1.000000
0.000000	55665.019531	149488.984375	1.000000
0.000000	-13088.608398	6650.073242	1.000000
0.000000	-41662.347656	-29874.101562	1.000000
0.000000	-8580.575195	13725.464844	1.000000
0.000000	168.952637	275.898560	1.000000
0.000000	-197.410080	66.580345	1.000000
0.000000	1443.237793	3285.145264	1.000000
0.000000	482.168854	-374.436371	1.000000
0.000000	2023.223877	239.779144	1.000000
0.000000	536.096436	-383.678040	1.000000
0.000000	14024.455078	-14086.535156	1.000000
0.000000	-167.098251	-53.346184	1.000000
0.000000	-1107.316895	1668.810669	1.000000
0.000000	118.719635	146.087448	1.000000
0.000000	-13493.627930	-2948.338135	1.000000
0.000000	-28565.003906	-61389.171875	1.000000
0.000000	1612.406982	7920.602539	1.000000
0.000000	-2627.105469	1973.148926	1.000000
0.000000	-52.894497	-85.400963	1.000000
0.000000	172.469955	329.116028	1.000000
0.000000	-3925.025635	-16160.407227	1.000000
0.000000	608.653381	-72.961601	1.000000
0.000000	-8618.451172	12919.753906	1.000000
0.000000	-945.322144	-3021.546875	1.000000
0.000000	960.342102	407.329254	1.000000
0.000000	125.866226	-218.781281	1.000000
0.000000	-5809.960449	-20537.037109	1.000000
0.000000	-6.818663	-157.035416	1.000000
0.000000	22560.156250	-24435.435547	1.000000
0.000000	-187.573196	-52.867111	1.000000
0.000000	-3300464.250000	1376390.750000	1.000000
0.000000	-17930.666016	-1104.702759	1.000000
0.000000	12.469498	425.799927	1.000000
0.000000	102.614937	-185.500214	1.000000
0.000000	6630.514160	2862.627930	1.000000
0.000000	-26291.630859	-23417.488281	1.000000
0.000000	-586712.625000	317357.031250	1.000000
0.000000	-108536.234375	249243.546875	1.000000
0.000000	38196.703125	-56191.003906	1.000000
0.000000	491.046844	-1593.174927	1.000000
0.000000	40.298187	20.070921	1.000000
0.000000	-181.523438	-589.074341	1.000000
0.000000	-341.570740	517.955933	1.000000
0.000000	4112436.000000	2116301.500000	1.000000
0.000000	5.087012	177.667160	1.000000
0.000000	-45209.496094	75802.000000	1.000000
0.000000	552.090759	1620.192139	1.000000
0.000000	4668.060059	12606.848633	1.000000
0.000000	636.018616	1776.537109	1.000000
0.000000	-43979.042969	2242.392334	1.000000
0.000000	245885.171875	-842228.687500	1.000000
0.000000	-72.632233	-69.118301	1.000000
0.000000	275.384003	-143.237427	1.000000
0.000000	-33047.878906	-139847.171875	1.000000
0.000000	-14280.987305	-13723.906250	1.000000
0.000000	-212.430283	-73.574440	1.000000
0.000000	-323385.781250	730136.875000	1.000000
0.000000	-31507.933594	-19757.636719	1.000000
0.000000	-270.072784	-1005.852905	1.000000
0.000000	101.785629	-192.063065	1.000000
0.000000	-3791.723145	-12725.445312	1.000000
0.000000	42.925255	-156.006607	1.000000
0.000000	3150.598145	3159.857910	1.000000
0.000000	-52.243069	334.282440	1.000000
0.000000	799391.437500	-982912.687500	1.000000
0.000000	-212.330261	379.537903	1.000000
0.000000	-3443.900635	-2042.709351	1.000000
0.000000	9.029131	2730.961182	1.000000
0.000000	-195.772766	177.543839	1.000000
0.000000	19939.259766	10393.617188	1.000000
0.000000	-97.256348	614.857605	1.000000
0.000000	-3200.060547	-1859.272583	1.000000
0.000000	65046.589844	112499.132812	1.000000
0.000000	138.026718	98.725845	1.000000
0.000000	484892.843750	100647.109375	1.000000
0.000000	-116.453773	112.027992	1.000000
0.000000	79.700096	118.670784	1.000000
0.000000	289.870514	-55.908916	1.000000
0.000000	-116.157509	-84.784393	1.000000
0.000000	-52490.800781	-3168.720947	1.000000
0.000000	11305.256836	1229.679077	1.000000
0.000000	-125.023300	-14.702523	1.000000
0.000000	-98.854454	1891.663330	1.000000
0.000000	-7864.296387	-92979.546875	1.000000
0.000000	-461.160736	1251.006104	1.000000
0.000000	69.975342	168.953293	1.000000
0.146535	159.108780	-24.055416	1.000000
0.000000	49.767113	162.757477	1.000000
0.000000	-42758.425781	-77831.445312	1.000000
0.000000	441.285309	-978.809326	1.000000
0.000000	-107.801918	172.227112	1.000000
0.000000	-7.123591	-350.994965	1.000000
0.000000	-442.768066	533.836792	1.000000
0.000000	268.008148	193.334259	1.000000
0.000000	173.914398	826.314087	1.000000
0.000000	-96.399490	2.038707	1.000000
0.000000	97.018448	408.912567	1.000000
0.000000	-10817.508789	568.080505	1.000000
0.000000	28171368.000000	16549397.000000	1.000000
0.000000	183.235123	-501.551056	1.000000
0.000000	-32846.109375	266886.250000	1.000000
0.000000	-46.963459	9.893892	1.000000
0.000000	1330.640869	2775.500977	1.000000
0.000000	4721.600098	10636.383789	1.000000
0.000000	-48711.742188	-126250.796875	1.000000
0.000000	216.409668	-426.815277	1.000000
0.000000	1929694.125000	165114.671875	1.000000
0.000000	-180284.140625	-177937.812500	1.000000
0.000000	-70066.054688	13842.387695	1.000000
0.000000	155.588440	25.191141	1.000000
0.000000	-131052.406250	14784.988281	1.000000
0.000000	-906.624207	150.902283	1.000000
0.000000	-1210.462769	1145.353394	1.000000
0.000000	-1138.652100	989.891602	1.000000
0.000000	49216.550781	57381.843750	1.000000
0.000000	84020.960938	3793.983643	1.000000
0.000000	880.637878	-459.194824	1.000000
0.000000	-189.102966	-188.814865	1.000000
0.000000	-1589278.625000	-1200867.375000	1.000000
0.000000	-90.500519	94.171936	1.000000
0.000000	2590553.750000	19197.769531	1.000000
0.000000	72.057144	-8.924420	1.000000
0.000000	-10338.800781	13040.380859	1.000000
0.000000	1826645.375000	135505.046875	1.000000
0.000000	-1586.416382	606.035889	1.000000
0.000000	86.205772	7.558965	1.000000
0.000000	193.285904	71.151489	1.000000
0.000000	599.971375	1075.855347	1.000000
0.000000	-10488.584961	7278.380371	1.000000
0.000000	-186.141861	123.130859	1.000000
0.000000	27326.498047	25704.152344	1.000000
0.000000	-64.894501	164.020309	1.000000
0.000000	264.431732	307.867401	1.000000
0.000000	140.078552	-9098.736328	1.000000
0.000000	-5411.468262	9769.677734	1.000000
0.000000	459033.406250	25724.828125	1.000000
0.000000	-836.666687	1033.780762	1.000000
0.000000	2023.311279	-5374.089355	1.000000
0.000000	3483.345215	-1898.516357	1.000000
0.000000	36.057014	-87.961945	1.000000
0.000000	60.336407	80.510246	1.000000
0.000000	1048.635010	-566.878906	1.000000
0.000000	1185.678833	11921.245117	1.000000
0.000000	18227.886719	-23747.986328	1.000000
0.000000	128.489090	-2.755888	1.000000
0.237547	-24.125675	-17.561840	1.000000
0.000000	1306.558838	1067.689209	1.000000
0.000000	218.638138	-40.743206	1.000000
0.000000	74.257004	-17.491686	1.000000
0.000000	-1619.423340	73.798180	1.000000
0.000000	75132.453125	-7429.345703	1.000000
0.000000	30.255219	216.351532	1.000000
0.000000	-403.533325	-720.712036	1.000000
0.000000	1190.947998	-9793.230469	1.000000
0.000000	149.720001	139.104187	1.000000
0.000000	89.113136	93.392189	1.000000
0.000000	-3951.928955	-4778.137207	1.000000
0.000000	321.267670	200.684921	1.000000
0.000000	-1872.098755	-2852.006104	1.000000
0.492228	-76.469742	94.716454	1.000000
0.000000	22213.156250	38892.968750	1.000000
0.146535	154.400986	-24.603973	1.000000
0.000000	688.494934	-553.182190	1.000000
0.000000	1082.803467	601.473083	1.000000
0.000000	-311.585602	437.624756	1.000000
0.000000	17.422052	-162.395782	1.000000
0.000000	9484.069336	5013.410645	1.000000
0.000000	-92770.937500	-330091.156250	1.000000
0.000000	7789.079590	16941.453125	1.000000
0.000000	83.615662	-34.529781	1.000000
0.000000	3334.596924	-1099.700806	1.000000
0.000000	-423470.500000	-81794.968750	1.000000
0.000000	-44105600.000000	-10494824.000000	1.000000
0.000000	5934.459961	-4760.180176	1.000000
0.000000	-213.096100	-26.920319	1.000000
0.000000	852.704346	-1790.110229	1.000000
0.000000	6007.770508	479.555420	1.000000
0.000000	-77.446861	-25.896740	1.000000
0.000000	-285.568665	1026.311401	1.000000
0.000000	-18810.876953	265.734863	1.000000
0.000000	-429.864075	-151.478958	1.000000
0.000000	275.983612	-149.719879	1.000000
0.000000	14363.052734	-11116.604492	1.000000
