0.000000	31362.640625	455940.000000	1.000000
0.000000	215064.500000	175448.765625	1.000000
0.000000	1218.495850	-12992.288086	1.000000
0.000000	-305.925598	645.535706	1.000000
0.000000	16871.779297	27174.906250	1.000000
0.000000	-13483.579102	705.983093	1.000000
0.000000	-489.543488	-2549.520264	1.000000
0.000000	-595544.312500	1523932.125000	1.000000
0.000000	3684.211670	-2017.133789	1.000000
0.000000	9292453.000000	3386659.750000	1.000000
0.000000	78697400.000000	19959642.000000	1.000000
0.000000	-485.990601	-242.123169	1.000000
0.000000	-398.346008	288.809204	1.000000
0.000000	84.539879	-461.805450	1.000000
0.000000	-73337376.000000	-31090268.000000	1.000000
0.000000	925.048401	-4412.163574	1.000000
0.000000	425.793945	-620.990112	1.000000
0.000000	-6283.372559	7993.466797	1.000000
0.000000	-986.789978	-1.593117	1.000000
0.692534	-379.943481	492.021698	1.000000
0.000000	968.742493	8222.741211	1.000000
0.000000	10442.343750	85140.382812	1.000000
0.000000	-89.937431	1036.719849	1.000000
0.000000	392.541718	-53.818367	1.000000
0.000000	-206981.578125	-53489.863281	1.000000
0.000000	632.861755	-41.779205	1.000000
0.000000	10383.502930	35154.738281	1.000000
0.000000	-4142.988281	11537.369141	1.000000
0.000000	600.644836	-286.739166	1.000000
0.000000	-61246.914062	-273296.843750	1.000000
0.000000	5042.200195	-8727.605469	1.000000
0.000000	5092.047852	960.652222	1.000000
0.000000	-467.032410	547.237488	1.000000
0.000000	-697.656921	-57.679939	1.000000
0.000000	-411.796234	-170.086685	1.000000
0.000000	5061.996094	2872.254150	1.000000
0.000000	-194.441742	-148.058304	1.000000
0.000000	-5908.574707	-1644.400269	1.000000
0.000000	-246210.140625	-73938.593750	1.000000
0.000000	-46564.792969	-6293.586426	1.000000
0.000000	635.721008	229.343613	1.000000
0.000000	666.222229	-165.759705	1.000000
0.000000	-3.813020	456.918701	1.000000
0.000000	-179.085464	-331.757690	1.000000
0.000000	75.004150	452.373871	1.000000
0.000000	-643.096008	-70.076645	1.000000
0.000000	-3901.444336	3229.338379	1.000000
0.000000	-951.247803	609.968811	1.000000
0.000000	-160.322403	-470.549438	1.000000
0.000000	-468.574036	-126.112953	1.000000
0.000000	7257.841309	6256.380859	1.000000
0.000000	-987.272156	1511.782837	1.000000
0.000000	-96.459427	1169.364746	1.000000
0.000000	-3522.697998	-11471.637695	1.000000
0.000000	500.987000	38.457451	1.000000
0.000000	-11.204870	-482.327148	1.000000
0.000000	346.180817	110.298264	1.000000
0.000000	29405522.000000	-21550876.000000	1.000000
0.000000	-728.395813	1789.546509	1.000000
0.000000	356.022308	683.007629	1.000000
0.000000	1601.814575	26056.994141	1.000000
0.000000	3345.814941	-1848.816895	1.000000
0.000000	-203.326111	-435.434387	1.000000
0.000000	276.939301	-542.489380	1.000000
0.000000	5253.990723	-3069.091309	1.000000
0.000000	401230.312500	-1051564.750000	1.000000
0.000000	40022.828125	142418.000000	1.000000
0.000000	899154304.000000	-490293056.000000	1.000000
0.000000	4979.209961	-15034.419922	1.000000
0.000000	-11819835.000000	-661040.687500	1.000000
0.000000	10720.163086	-14932.883789	1.000000
0.000000	-82.473175	-562.623840	1.000000
0.000000	-430.573486	-907.049988	1.000000
0.000000	-293.103333	914.979248	1.000000
0.000000	424068.937500	2438.352295	1.000000
0.000000	-9549.716797	10590.153320	1.000000
0.692534	-376.455750	489.098389	1.000000
0.000000	14.218158	-493.879608	1.000000
0.000000	3442.274902	-13494.993164	1.000000
0.000000	-935690816.000000	516809408.000000	1.000000
0.000000	1333545.500000	80439.109375	1.000000
0.000000	370997.437500	-121764.578125	1.000000
0.000000	282209.500000	227460.656250	1.000000
0.000000	24715.431641	-23039.792969	1.000000
0.000000	2203343.750000	933404.437500	1.000000
0.000000	-260.698090	395.158508	1.000000
0.000000	-113.075981	-78.791496	1.000000
0.000000	-3037.938721	-207.954575	1.000000
0.000000	-1695.143677	1923.546509	1.000000
0.000000	193.554413	461.143188	1.000000
0.000000	-40.855442	-245.295746	1.000000
0.000000	-1410.670288	1046.356812	1.000000
0.000000	1085.537598	-296.585571	1.000000
0.000000	279.883362	15.688006	1.000000
0.000000	-4355021.000000	2416277.250000	1.000000
0.000000	1282.583740	714.880066	1.000000
0.000000	-322.523743	-88087.906250	1.000000
0.000000	1711789.125000	-2028472.500000	1.000000
0.000000	850.241821	-1311.936523	1.000000
0.000000	-95.931854	-5417.407715	1.000000
0.000000	691415.187500	-227629.093750	1.000000
0.000000	12310197.000000	-6573529.500000	1.000000
0.000000	-21992.685547	-21705.636719	1.000000
0.000000	170864.078125	-24645.074219	1.000000
0.000000	-61.925671	366.521759	1.000000
0.000000	482.030243	-92.113533	1.000000
0.000000	426.915222	-1838.639404	1.000000
0.000000	-280.762817	-392.813873	1.000000
0.000000	179.512939	-454.477631	1.000000
0.000000	-940.019531	1260.793091	1.000000
0.000000	-403.904724	-3063.771729	1.000000
0.000000	-54069.507812	119833.890625	1.000000
0.000000	159.385162	433.150391	1.000000
0.000000	-543.754578	76.699226	1.000000
0.000000	57.962460	-1022.628052	1.000000
0.000000	-64443.621094	15432.425781	1.000000
0.000000	2493.283936	973.273743	1.000000
0.000000	55936.894531	149706.484375	1.000000
0.000000	-13421.655273	6541.323242	1.000000
0.000000	-41934.222656	-29670.195312	1.000000
0.000000	-8295.106445	13922.574219	1.000000
0.000000	483.308105	425.005005	1.000000
0.000000	-453.755432	302.007568	1.000000
0.000000	1693.872559	3043.856201	1.000000
0.000000	818.189331	-465.132172	1.000000
0.000000	1799.776611	-26.922058	1.000000
0.000000	604.065186	-724.876038	1.000000
0.000000	13949.689453	-14426.378906	1.000000
0.000000	-463.824341	-235.076645	1.000000
0.000000	-1239.006348	1346.808716	1.000000
0.000000	367.442780	389.500519	1.000000
0.000000	-13153.784180	-3024.802979	1.000000
0.000000	-28782.503906	-61661.046875	1.000000
0.000000	1802.719482	8212.868164	1.000000
0.000000	-2414.703125	1697.875488	1.000000
0.000000	265.519073	-225.798904	1.000000
0.000000	-53.453907	71.059593	1.000000
0.000000	-3704.127197	-15888.532227	1.000000
0.000000	942.974670	24.153442	1.000000
0.000000	-8965.091797	12946.941406	1.000000
0.000000	-840.395386	-3352.894531	1.000000
0.000000	922.534485	753.184509	1.000000
0.000000	465.922394	-292.643738	1.000000
0.000000	-5466.718262	-20482.662109	1.000000
0.000000	11.487753	-504.525665	1.000000
0.000000	22465.000000	-24775.279297	1.000000
0.000000	-422.246796	-309.875122	1.000000
0.000000	-3300464.250000	1376390.750000	1.000000
0.000000	-18053.009766	-1429.253540	1.000000
0.000000	-133.889587	741.429810	1.000000
0.000000	218.598236	-513.637939	1.000000
0.000000	6742.662598	2532.979492	1.000000
0.000000	-25965.380859	-23308.738281	1.000000
0.000000	-586712.625000	317574.531250	1.000000
0.000000	-108536.234375	248917.296875	1.000000
0.000000	37843.265625	-56191.003906	1.000000
0.000000	716.193359	-1858.253052	1.000000
0.000000	207.462601	325.293060	1.000000
0.000000	-261.074890	-250.340942	1.000000
0.000000	-436.514587	852.702026	1.000000
0.000000	4112436.000000	2116301.500000	1.000000
0.000000	343.489044	246.260483	1.000000
0.000000	-45345.433594	76128.250000	1.000000
0.000000	866.021423	1770.572998	1.000000
0.000000	5004.505371	12518.489258	1.000000
0.000000	601.609436	1429.896484	1.000000
0.000000	-44223.730469	2497.275146	1.000000
0.000000	245558.921875	-842228.687500	1.000000
0.000000	-387.421844	-217.396225	1.000000
0.000000	622.449402	-116.391518	1.000000
0.000000	-32911.941406	-140173.421875	1.000000
0.000000	-14396.534180	-13397.656250	1.000000
0.000000	-559.933838	-91.203835	1.000000
0.000000	-323820.781250	730136.875000	1.000000
0.000000	-31208.871094	-19580.917969	1.000000
0.000000	-584.689697	-1154.534546	1.000000
0.000000	195.788467	-527.051392	1.000000
0.000000	-3458.676270	-12827.398438	1.000000
0.000000	143.564636	-489.085358	1.000000
0.000000	3254.250488	2828.510254	1.000000
0.000000	112.744049	31.534136	1.000000
0.000000	798956.437500	-982912.687500	1.000000
0.000000	-555.558899	437.523743	1.000000
0.000000	-3110.853760	-2141.263916	1.000000
0.000000	-64.097687	3070.804932	1.000000
0.000000	-441.309875	424.176727	1.000000
0.000000	19762.541016	10692.679688	1.000000
0.000000	245.748016	556.234558	1.000000
0.000000	-3531.408203	-1968.022583	1.000000
0.000000	65155.339844	112825.382812	1.000000
0.000000	396.501190	331.353058	1.000000
0.000000	484892.843750	100973.359375	1.000000
0.000000	-368.150543	352.318665	1.000000
0.259023	78.028244	466.736481	1.000000
0.000000	349.555573	286.917297	1.000000
0.000000	-463.435364	-106.927338	1.000000
0.000000	-52354.863281	-2852.666260	1.000000
0.000000	11488.772461	1525.343140	1.000000
0.000000	-31.510420	-350.911285	1.000000
0.000000	104.357368	1608.743408	1.000000
0.000000	-7881.288574	-93305.796875	1.000000
0.000000	-669.687988	972.334229	1.000000
0.000000	-156.607132	429.175781	1.000000
0.000000	492.133942	-126.442986	1.000000
0.000000	65.502533	511.278992	1.000000
0.000000	-43030.300781	-77613.945312	1.000000
0.000000	169.231796	-1196.220947	1.000000
0.259023	73.313194	469.386078	1.000000
0.000000	-162.846054	-39.810478	1.000000
0.000000	-474.628418	880.477417	1.000000
0.000000	511.208832	-55.589386	1.000000
0.000000	256.644287	1164.458618	1.000000
0.000000	-259.218292	309.596283	1.000000
0.000000	377.335175	615.049011	1.000000
0.000000	-11164.149414	542.592224	1.000000
0.000000	28171368.000000	16549397.000000	1.000000
0.000000	417.906769	-758.557861	1.000000
0.000000	-32710.171875	266668.750000	1.000000
0.000000	-394.867432	1.052180	1.000000
0.000000	1620.357666	2583.489258	1.000000
0.000000	4381.756348	10717.946289	1.000000
0.000000	-48358.304688	-126250.796875	1.000000
0.000000	-89.120544	-593.338745	1.000000
0.000000	1929694.125000	165332.171875	1.000000
0.000000	-179957.890625	-177937.812500	1.000000
0.000000	-70337.929688	13645.278320	1.000000
0.000000	362.696564	-249.251648	1.000000
0.000000	-131161.156250	15118.035156	1.000000
0.000000	-1216.892212	308.292419	1.000000
0.000000	-1428.812378	874.562622	1.000000
0.000000	-1228.710693	1326.293823	1.000000
0.000000	49298.113281	57708.093750	1.000000
0.000000	83749.085938	3584.979736	1.000000
0.000000	1212.169067	-353.418457	1.000000
0.000000	-498.383759	-348.284271	1.000000
0.000000	-1589278.625000	-1200867.375000	1.000000
0.000000	-426.302673	185.630783	1.000000
0.000000	2590553.750000	19510.425781	1.000000
0.000000	191.272095	-333.987091	1.000000
0.000000	-10542.707031	13325.849609	1.000000
0.000000	1826645.375000	135287.546875	1.000000
0.000000	-1546.484741	951.826904	1.000000
0.000000	424.425018	85.091011	1.000000
0.000000	480.999084	-117.267838	1.000000
0.000000	322.149109	866.321716	1.000000
0.000000	-10726.475586	7533.263184	1.000000
0.000000	-527.260010	192.051666	1.000000
0.000000	27340.091797	26057.589844	1.000000
0.000000	189.136017	401.910919	1.000000
0.000000	280.149506	655.482361	1.000000
0.000000	-198.460541	-9017.173828	1.000000
0.000000	-5758.108887	9776.474609	1.000000
0.000000	459250.906250	25466.546875	1.000000
0.000000	-1162.916748	1154.425293	1.000000
0.000000	2303.607422	-5166.784668	1.000000
0.000000	3490.142090	-2246.856201	1.000000
0.000000	226.391266	203.356796	1.000000
0.000000	357.924164	260.853821	1.000000
0.000000	898.748901	-880.809570	1.000000
0.000000	1225.610474	11574.604492	1.000000
0.000000	17888.042969	-23815.955078	1.000000
0.000000	475.554535	-28.054924	1.000000
0.000000	-4.564368	-364.511810	1.000000
0.000000	1017.691650	1261.400146	1.000000
0.000000	566.553162	-49.637554	1.000000
0.000000	131.728714	324.731110	1.000000
0.000000	-1288.075684	179.920258	1.000000
0.000000	75458.703125	-7391.962891	1.000000
0.000000	122.915489	551.772522	1.000000
0.000000	-55.557758	-720.712036	1.000000
0.000000	1168.858154	-9446.589844	1.000000
0.000000	360.157074	416.289246	1.000000
0.000000	354.557068	318.461945	1.000000
0.000000	-3792.202393	-4468.879395	1.000000
0.000000	664.509888	257.396362	1.000000
0.000000	-2151.305176	-3059.310791	1.000000
0.000000	70.238068	410.234924	1.000000
0.000000	22267.531250	39246.406250	1.000000
0.000000	501.943085	-23.399843	1.000000
0.000000	1036.425171	-547.234924	1.000000
0.000000	1383.565186	776.492615	1.000000
0.000000	-326.028961	785.160400	1.000000
0.000000	236.938980	-432.395966	1.000000
0.000000	9660.788086	4714.348145	1.000000
0.000000	-92607.812500	-330308.656250	1.000000
0.000000	8135.720215	16955.046875	1.000000
0.000000	308.124939	-300.438843	1.000000
0.000000	3448.444580	-770.574951	1.000000
0.000000	-423253.000000	-82066.843750	1.000000
0.000000	-44105600.000000	-10494824.000000	1.000000
0.000000	6090.788086	-4450.922363	1.000000
0.000000	-345.170135	295.019684	1.000000
0.000000	1157.714111	-1622.737183	1.000000
0.000000	5735.895508	263.329834	1.000000
0.000000	-400.510803	-155.284470	1.000000
0.000000	-633.058899	1009.319214	1.000000
0.000000	-18756.501953	-77.851318	1.000000
0.000000	-777.779114	-161.143265	1.000000
0.000000	315.702850	-495.478241	1.000000
0.000000	14682.505859	-10980.666992	1.000000
