0.000000	31539.613281	455773.437500	1.000000
0.000000	214981.218750	175198.921875	1.000000
0.000000	1178.807129	-12726.829102	1.000000
0.000000	-572.360535	649.439514	1.000000
0.000000	16892.599609	27445.570312	1.000000
0.000000	-13743.833008	766.166809	1.000000
0.000000	-728.667053	-2432.406006	1.000000
0.000000	-595211.187500	1523932.125000	1.000000
0.000000	3547.578369	-2246.157227	1.000000
0.000000	9292453.000000	3386659.750000	1.000000
0.000000	78697400.000000	19959642.000000	1.000000
0.000000	-228.827209	-172.342590	1.000000
0.000000	-272.122864	54.080769	1.000000
0.000000	94.340065	-195.514694	1.000000
0.000000	-73337376.000000	-31090268.000000	1.000000
0.000000	693.097107	-4542.290527	1.000000
0.000000	363.333008	-361.943298	1.000000
0.000000	-6145.437988	7764.443359	1.000000
0.000000	-987.440613	264.915680	1.000000
0.000000	-286.925323	241.963730	1.000000
0.000000	911.486633	7962.487305	1.000000
0.000000	10202.910156	85015.460938	1.000000
0.000000	-38.374630	775.164673	1.000000
0.000000	195.387451	126.445999	1.000000
0.000000	-207148.140625	-53302.480469	1.000000
0.000000	367.166168	-62.640182	1.000000
0.000000	10388.708008	35425.402344	1.000000
0.000000	-3881.668213	11589.419922	1.000000
0.000000	367.717590	-157.262848	1.000000
0.000000	-61517.578125	-273296.843750	1.000000
0.000000	5200.955078	-8941.013672	1.000000
0.000000	4834.396484	894.938110	1.000000
0.000000	-221.255127	444.111908	1.000000
0.000000	-502.784119	-239.289078	1.000000
0.000000	-203.572647	-3.842454	1.000000
0.000000	4819.959961	2761.646240	1.000000
0.000000	53.397881	-50.105431	1.000000
0.000000	-5702.974121	-1475.885864	1.000000
0.000000	-246293.421875	-73688.750000	1.000000
0.000000	-46772.996094	-6132.229004	1.000000
0.000000	430.185211	59.674229	1.000000
0.000000	512.347107	51.738354	1.000000
0.000000	-1.420158	190.463760	1.000000
0.000000	-60.081478	-95.142380	1.000000
0.000000	41.876026	187.911774	1.000000
0.000000	-542.572937	-316.891144	1.000000
0.000000	-4120.057617	3381.586914	1.000000
0.000000	-799.975220	390.469696	1.000000
0.000000	-101.683945	-210.620850	1.000000
0.000000	-207.817139	-71.296974	1.000000
0.000000	6992.382324	6285.008789	1.000000
0.000000	-841.855286	1734.950562	1.000000
0.000000	55.012993	1388.628662	1.000000
0.000000	-3367.846924	-11690.250977	1.000000
0.000000	253.094299	-58.984993	1.000000
0.000000	-17.792547	-215.892212	1.000000
0.000000	79.854759	119.529144	1.000000
0.000000	29405522.000000	-21550876.000000	1.000000
0.000000	-513.686340	1632.092896	1.000000
0.000000	531.512939	482.310883	1.000000
0.000000	1739.098511	26286.017578	1.000000
0.000000	3244.315918	-1602.226318	1.000000
0.000000	-63.114185	-208.833893	1.000000
0.000000	133.149017	-318.160980	1.000000
0.000000	5417.950684	-2859.586914	1.000000
0.000000	401063.750000	-1051564.750000	1.000000
0.000000	40251.851562	142584.562500	1.000000
0.000000	899154304.000000	-490293056.000000	1.000000
0.000000	5150.977539	-14831.421875	1.000000
0.000000	-11819835.000000	-661373.812500	1.000000
0.000000	10584.831055	-15161.907227	1.000000
0.000000	-3.746231	-308.030670	1.000000
0.000000	-229.375458	-732.354553	1.000000
0.000000	-559.404541	924.088135	1.000000
0.000000	424402.062500	2504.717041	1.000000
0.000000	-9289.462891	10652.614258	1.000000
0.000000	-119.388252	552.911804	1.000000
0.000000	37.559292	-228.420609	1.000000
0.000000	3416.249512	-13229.534180	1.000000
0.000000	-935690816.000000	516809408.000000	1.000000
0.000000	1333545.500000	80189.265625	1.000000
0.000000	370664.312500	-121722.937500	1.000000
0.000000	282542.625000	227377.375000	1.000000
0.000000	24954.865234	-23164.714844	1.000000
0.000000	2203343.750000	933737.562500	1.000000
0.000000	-120.323662	168.606323	1.000000
0.000000	147.013382	-20.679695	1.000000
0.000000	-3204.501221	-416.138916	1.000000
0.000000	-1663.913208	1658.738159	1.000000
0.000000	70.665779	224.637466	1.000000
0.000000	27.612358	12.268812	1.000000
0.000000	-1153.669556	1116.625366	1.000000
0.000000	860.418030	-153.875702	1.000000
0.000000	220.627090	-244.153488	1.000000
0.000000	-4355021.000000	2416277.250000	1.000000
0.000000	1052.259033	581.174622	1.000000
0.000000	-61.721447	-88046.265625	1.000000
0.000000	1711789.125000	-2028472.500000	1.000000
0.000000	800.468262	-1573.491699	1.000000
0.000000	-315.039062	-5266.460449	1.000000
0.000000	691415.187500	-227379.250000	1.000000
0.000000	12310197.000000	-6573529.500000	1.000000
0.000000	-21930.224609	-21445.382812	1.000000
0.000000	170614.234375	-24488.921875	1.000000
0.000000	53.047588	129.759583	1.000000
0.000000	226.990677	-14.617342	1.000000
0.000000	684.891907	-1772.274658	1.000000
0.000000	-105.416756	-192.093063	1.000000
0.000000	82.506104	-206.260452	1.000000
0.000000	-863.569946	1005.721008	1.000000
0.000000	-145.567947	-3128.835205	1.000000
0.000000	-53798.843750	119833.890625	1.000000
0.000000	69.431847	186.790939	1.000000
0.000000	-285.960602	9.192431	1.000000
0.000000	-198.326630	-1095.505249	1.000000
0.000000	-64672.644531	15578.167969	1.000000
0.000000	2413.906494	718.875549	1.000000
0.000000	55728.691406	149539.921875	1.000000
0.000000	-13166.606445	6624.604492	1.000000
0.000000	-41726.019531	-29826.347656	1.000000
0.000000	-8513.719727	13771.626953	1.000000
0.000000	242.573242	310.818604	1.000000
0.000000	-257.426392	121.721184	1.000000
0.000000	1501.935303	3228.636475	1.000000
0.000000	560.863281	-395.676910	1.000000
0.000000	1970.893555	177.325989	1.000000
0.000000	552.014404	-463.616089	1.000000
0.000000	14006.945312	-14166.125000	1.000000
0.000000	-236.590134	-95.912758	1.000000
0.000000	-1138.157959	1593.399292	1.000000
0.000000	176.969452	203.093674	1.000000
0.000000	-13414.038086	-2966.245850	1.000000
0.000000	-28615.941406	-61452.843750	1.000000
0.000000	1656.977295	7989.049805	1.000000
0.000000	-2577.361816	1908.681152	1.000000
0.000000	21.679068	-118.281517	1.000000
0.000000	118.570526	267.981079	1.000000
0.000000	-3873.292236	-16096.735352	1.000000
0.000000	686.949890	-50.216316	1.000000
0.000000	-8699.632812	12926.121094	1.000000
0.000000	-920.748779	-3099.146973	1.000000
0.000000	951.487732	488.361664	1.000000
0.000000	205.505814	-236.067200	1.000000
0.000000	-5729.574707	-20524.302734	1.000000
0.000000	-2.531382	-238.416031	1.000000
0.000000	22537.871094	-24515.025391	1.000000
0.000000	-242.515060	-113.058083	1.000000
0.000000	-3300464.250000	1376390.750000	1.000000
0.000000	-17959.318359	-1180.711060	1.000000
0.000000	-21.810091	499.718994	1.000000
0.000000	129.786591	-262.331329	1.000000
0.000000	6656.778809	2785.425781	1.000000
0.000000	-26215.224609	-23392.019531	1.000000
0.000000	-586712.625000	317407.968750	1.000000
0.000000	-108536.234375	249167.140625	1.000000
0.000000	38113.929688	-56191.003906	1.000000
0.000000	543.775146	-1655.255005	1.000000
0.000000	79.450203	91.552544	1.000000
0.000000	-200.152435	-509.781555	1.000000
0.000000	-363.806152	596.351929	1.000000
0.000000	4112436.000000	2116301.500000	1.000000
0.000000	82.259171	193.640396	1.000000
0.000000	-45241.332031	75878.406250	1.000000
0.000000	625.611877	1655.410645	1.000000
0.000000	4746.854004	12586.155273	1.000000
0.000000	627.960144	1695.355469	1.000000
0.000000	-44036.347656	2302.084717	1.000000
0.000000	245808.765625	-842228.687500	1.000000
0.000000	-146.361664	-103.851807	1.000000
0.000000	356.665131	-136.944855	1.000000
0.000000	-33016.042969	-139923.578125	1.000000
0.000000	-14308.047852	-13647.500000	1.000000
0.000000	-293.824219	-77.703163	1.000000
0.000000	-323487.656250	730136.875000	1.000000
0.000000	-31437.894531	-19716.250000	1.000000
0.000000	-343.743134	-1040.673462	1.000000
0.000000	123.809631	-270.529083	1.000000
0.000000	-3713.725098	-12749.322266	1.000000
0.000000	66.496872	-234.029526	1.000000
0.000000	3174.873047	3082.257812	1.000000
0.000000	-13.671700	262.502350	1.000000
0.000000	799289.562500	-982912.687500	1.000000
0.000000	-292.702484	393.117920	1.000000
0.000000	-3365.902588	-2065.790283	1.000000
0.000000	-8.098091	2810.551025	1.000000
0.000000	-253.276428	235.321091	1.000000
0.000000	19897.873047	10463.656250	1.000000
0.000000	-16.929138	601.128357	1.000000
0.000000	-3277.660645	-1884.741333	1.000000
0.000000	65072.058594	112575.539062	1.000000
0.000000	200.009491	151.337189	1.000000
0.000000	484892.843750	100723.515625	1.000000
0.000000	-175.399994	168.312927	1.000000
0.000000	81.388725	200.292450	1.000000
0.000000	303.848480	24.383091	1.000000
0.000000	-197.488388	-89.970169	1.000000
0.000000	-52458.964844	-3094.702393	1.000000
0.000000	11348.235352	1298.922241	1.000000
0.000000	-102.874939	-93.135796	1.000000
0.000000	-51.262215	1825.404785	1.000000
0.000000	-7868.275879	-93055.953125	1.000000
0.000000	-509.959259	1185.742432	1.000000
0.000000	19.461319	229.105591	1.000000
0.000000	237.410446	-48.082161	1.000000
0.000000	50.903912	245.169373	1.000000
0.000000	-42822.097656	-77780.507812	1.000000
0.000000	377.563690	-1029.658447	1.000000
0.000000	-65.383018	241.818481	1.000000
0.000000	-43.591927	-278.120514	1.000000
0.000000	-450.229614	615.018433	1.000000
0.000000	324.964630	135.034698	1.000000
0.000000	193.289551	905.505981	1.000000
0.000000	-134.538300	74.066521	1.000000
0.000000	162.661072	457.213654	1.000000
0.000000	-10898.690430	562.111267	1.000000
0.000000	28171368.000000	16549397.000000	1.000000
0.000000	238.176987	-561.740845	1.000000
0.000000	-32814.273438	266835.312500	1.000000
0.000000	-128.432495	7.823313	1.000000
0.000000	1398.491211	2730.532715	1.000000
0.000000	4642.010254	10655.485352	1.000000
0.000000	-48628.968750	-126250.796875	1.000000
0.000000	144.853424	-465.814301	1.000000
0.000000	1929694.125000	165165.609375	1.000000
0.000000	-180207.734375	-177937.812500	1.000000
0.000000	-70129.726562	13796.225586	1.000000
0.000000	202.477737	-36.316559	1.000000
0.000000	-131077.875000	14862.986328	1.000000
0.000000	-979.349426	187.762329	1.000000
0.000000	-1261.599243	1081.880493	1.000000
0.000000	-1159.743408	1068.642456	1.000000
0.000000	49235.652344	57458.250000	1.000000
0.000000	83957.289062	3745.035889	1.000000
0.000000	958.337463	-434.422485	1.000000
0.000000	-261.552704	-226.147476	1.000000
0.000000	-1589278.625000	-1200867.375000	1.000000
0.000000	-169.139297	115.599014	1.000000
0.000000	2590553.750000	19270.992188	1.000000
0.000000	98.706436	-84.094528	1.000000
0.000000	-10386.554688	13107.236328	1.000000
0.000000	1826645.375000	135454.109375	1.000000
0.000000	-1577.064575	687.018555	1.000000
0.000000	165.646393	25.746487	1.000000
0.000000	261.086487	25.909637	1.000000
0.000000	534.906677	1026.708618	1.000000
0.000000	-10544.297852	7338.072754	1.000000
0.000000	-266.030151	139.268921	1.000000
0.000000	27329.681641	25786.925781	1.000000
0.000000	-5.402240	219.733200	1.000000
0.000000	268.112762	389.297760	1.000000
0.000000	60.797462	-9079.634766	1.000000
0.000000	-5492.649902	9771.269531	1.000000
0.000000	459084.343750	25664.339844	1.000000
0.000000	-913.072937	1062.035156	1.000000
0.000000	2088.897949	-5325.539551	1.000000
0.000000	3484.937012	-1980.095947	1.000000
0.000000	80.635864	-19.735050	1.000000
0.000000	130.039337	122.755043	1.000000
0.000000	1013.585938	-640.400024	1.000000
0.000000	1195.030640	11840.063477	1.000000
0.000000	18148.296875	-23763.904297	1.000000
0.000000	209.770218	-8.680128	1.000000
0.000000	-19.491611	-98.406708	1.000000
0.000000	1238.907471	1113.055420	1.000000
0.000000	300.118225	-42.826221	1.000000
0.000000	88.993690	61.701744	1.000000
0.000000	-1541.823242	98.657570	1.000000
0.000000	75208.859375	-7420.590820	1.000000
0.000000	51.955635	294.909302	1.000000
0.000000	-322.053223	-720.712036	1.000000
0.000000	1185.774658	-9712.048828	1.000000
0.000000	198.991089	204.019653	1.000000
0.000000	151.275604	146.095596	1.000000
0.000000	-3914.521729	-4705.710449	1.000000
0.000000	401.653412	213.966476	1.000000
0.000000	-1937.561401	-2900.555908	1.000000
0.000000	-42.079140	168.524124	1.000000
0.000000	22225.890625	38975.742188	1.000000
0.000000	235.501892	-24.274134	1.000000
0.000000	769.975037	-551.789368	1.000000
0.000000	1153.240479	642.461853	1.000000
0.000000	-314.968170	519.050781	1.000000
0.000000	68.831230	-225.644836	1.000000
0.000000	9525.456055	4943.371582	1.000000
0.000000	-92732.734375	-330142.093750	1.000000
0.000000	7870.261230	16944.636719	1.000000
0.000000	136.194702	-96.796402	1.000000
0.000000	3361.259521	-1022.695923	1.000000
0.000000	-423419.562500	-81858.640625	1.000000
0.000000	-44105600.000000	-10494824.000000	1.000000
0.000000	5971.071289	-4687.753418	1.000000
0.000000	-243.996429	48.442226	1.000000
0.000000	924.136230	-1750.912231	1.000000
0.000000	5944.098633	428.916382	1.000000
0.000000	-153.106949	-56.197468	1.000000
0.000000	-366.949280	1022.331909	1.000000
0.000000	-18798.142578	185.271500	1.000000
0.000000	-511.344177	-153.742294	1.000000
0.000000	285.285675	-230.677673	1.000000
0.000000	14437.867188	-11084.768555	1.000000
