0.000000	31665.453125	455655.000000	1.000000
0.000000	214922.000000	175021.265625	1.000000
0.000000	1150.585693	-12538.069336	1.000000
0.000000	-761.814270	652.215393	1.000000
0.000000	16907.404297	27638.031250	1.000000
0.000000	-13928.891602	808.961609	1.000000
0.000000	-898.689636	-2349.129639	1.000000
0.000000	-594974.312500	1523932.125000	1.000000
0.000000	3450.422607	-2409.008789	1.000000
0.000000	9292453.000000	3386659.750000	1.000000
0.000000	78697400.000000	19959642.000000	1.000000
0.000000	-45.953213	-122.720673	1.000000
0.000000	-182.416901	-112.838188	1.000000
0.000000	101.308678	-6.136587	1.000000
0.000000	-73337376.000000	-31090268.000000	1.000000
0.000000	528.163635	-4634.819824	1.000000
0.000000	318.918945	-177.718918	1.000000
0.000000	-6047.356934	7601.591797	1.000000
0.000000	-987.903259	454.369415	1.000000
0.000000	-221.893173	63.960506	1.000000
0.000000	870.773743	7777.428711	1.000000
0.000000	10032.656250	84926.632812	1.000000
0.000000	-1.715557	589.180786	1.000000
0.000000	57.789791	252.276611	1.000000
0.000000	-207266.578125	-53169.238281	1.000000
0.000000	178.266937	-77.473785	1.000000
0.000000	10392.409180	35617.863281	1.000000
0.000000	-3695.684326	11626.431641	1.000000
0.000000	202.090134	-65.196205	1.000000
0.000000	-61710.039062	-273296.843750	1.000000
0.000000	5313.840820	-9092.761719	1.000000
0.000000	4651.188477	848.210815	1.000000
0.000000	-46.450726	370.842926	1.000000
0.000000	-364.105835	-368.475616	1.000000
0.000000	-55.467941	114.371536	1.000000
0.000000	4647.855469	2682.996338	1.000000
0.000000	229.622009	19.530302	1.000000
0.000000	-5556.777832	-1356.060425	1.000000
0.000000	-246352.640625	-73511.093750	1.000000
0.000000	-46921.042969	-6017.492676	1.000000
0.000000	284.104584	-60.986870	1.000000
0.000000	402.815918	206.391052	1.000000
0.179835	2.688675	3.451365	1.000000
0.000000	19.779198	72.989967	1.000000
0.651961	18.089287	1.453350	1.000000
0.000000	-471.094086	-492.349823	1.000000
0.000000	-4275.506836	3489.846191	1.000000
0.000000	-692.409912	234.442154	1.000000
0.000000	-58.614632	-26.337133	1.000000
0.633554	-21.333553	-34.094429	1.000000
0.000000	6803.622559	6305.365234	1.000000
0.000000	-738.453796	1893.638306	1.000000
0.000000	162.713562	1544.540527	1.000000
0.000000	-3257.737061	-11845.700195	1.000000
0.000000	78.090019	-131.651855	1.000000
0.633554	-22.081642	-28.483913	1.000000
0.000000	-109.533325	126.092941	1.000000
0.000000	29405522.000000	-21550876.000000	1.000000
0.000000	-361.013000	1520.132446	1.000000
0.000000	656.196167	339.700104	1.000000
0.000000	1836.716919	26448.869141	1.000000
0.000000	3172.143066	-1426.883301	1.000000
0.000000	36.001415	-45.984692	1.000000
0.000000	30.904064	-158.628326	1.000000
0.000000	5534.537598	-2710.614746	1.000000
0.000000	400945.312500	-1051564.750000	1.000000
0.000000	40414.703125	142703.000000	1.000000
0.000000	899154304.000000	-490293056.000000	1.000000
0.000000	5273.116211	-14687.076172	1.000000
0.000000	-11819835.000000	-661610.687500	1.000000
0.000000	10488.600586	-15324.758789	1.000000
0.000000	52.234280	-126.979202	1.000000
0.000000	-86.359863	-608.133972	1.000000
0.000000	-748.858276	930.565186	1.000000
0.000000	424638.937500	2551.906982	1.000000
0.000000	-9104.404297	10697.028320	1.000000
0.000000	64.552689	598.482483	1.000000
0.000000	54.156734	-39.658978	1.000000
0.000000	3397.743652	-13040.774414	1.000000
0.000000	-935690816.000000	516809408.000000	1.000000
0.000000	1333545.500000	80011.609375	1.000000
0.000000	370427.437500	-121693.328125	1.000000
0.000000	282779.500000	227318.156250	1.000000
0.000000	25125.119141	-23253.542969	1.000000
0.000000	2203343.750000	933974.437500	1.000000
0.000000	-23.386944	10.709615	1.000000
0.000000	330.460114	23.138792	1.000000
0.000000	-3322.938721	-564.185791	1.000000
0.000000	-1641.706177	1470.441040	1.000000
0.000000	-16.713791	56.477127	1.000000
0.000000	76.295746	195.414978	1.000000
0.000000	-970.924194	1166.591187	1.000000
0.000000	700.342346	-52.402519	1.000000
0.000000	178.468430	-428.868805	1.000000
0.000000	-4355021.000000	2416277.250000	1.000000
0.000000	888.290771	486.132263	1.000000
0.000000	123.734650	-88016.656250	1.000000
0.000000	1711789.125000	-2028472.500000	1.000000
0.000000	765.075806	-1759.475586	1.000000
0.000000	-470.835266	-5159.126465	1.000000
0.000000	691415.187500	-227201.593750	1.000000
0.000000	12310197.000000	-6573529.500000	1.000000
0.000000	-21885.810547	-21260.324219	1.000000
0.000000	170436.578125	-24377.886719	1.000000
0.000000	134.350266	-38.888889	1.000000
0.000000	45.315300	39.200363	1.000000
0.000000	868.331238	-1725.084717	1.000000
0.162060	17.380482	-50.703117	1.000000
0.000000	13.541057	-29.760721	1.000000
0.000000	-809.208984	824.132263	1.000000
0.000000	38.154427	-3175.099854	1.000000
0.000000	-53606.382812	119833.890625	1.000000
0.179835	2.474859	8.204554	1.000000
0.000000	-102.597153	-38.850216	1.000000
0.000000	-380.591034	-1147.321655	1.000000
0.000000	-64835.496094	15681.800781	1.000000
0.000000	2357.463623	537.980774	1.000000
0.000000	55580.644531	149421.484375	1.000000
0.000000	-12985.249023	6683.823242	1.000000
0.000000	-41577.972656	-29937.382812	1.000000
0.000000	-8669.168945	13664.292969	1.000000
0.000000	71.384483	229.605347	1.000000
0.000000	-116.681183	-5.669859	1.000000
0.000000	1365.454590	3360.028076	1.000000
0.000000	377.886627	-346.289398	1.000000
0.000000	2092.739014	322.565643	1.000000
0.000000	515.002686	-277.747864	1.000000
0.000000	14047.658203	-13981.066406	1.000000
0.000000	-75.001373	3.057391	1.000000
0.000000	-1066.447754	1768.742310	1.000000
0.000000	41.529697	70.545456	1.000000
0.000000	-13599.096680	-2924.607666	1.000000
0.000000	-28497.503906	-61304.796875	1.000000
0.000000	1553.344482	7829.899414	1.000000
0.000000	-2693.023438	2058.578613	1.000000
0.000000	-151.717133	-41.829185	1.000000
0.000000	243.892075	410.129211	1.000000
0.000000	-3993.580322	-16244.782227	1.000000
0.000000	504.902985	-103.102592	1.000000
0.000000	-8510.873047	12911.316406	1.000000
0.000000	-977.885620	-2918.714844	1.000000
0.000000	972.075500	299.948883	1.000000
0.000000	20.328148	-195.874786	1.000000
0.000000	-5916.483887	-20553.912109	1.000000
0.000000	-12.499968	-49.182713	1.000000
0.000000	22589.687500	-24329.966797	1.000000
0.000000	-115.965179	26.081083	1.000000
0.000000	-3300464.250000	1376390.750000	1.000000
0.000000	-17892.697266	-1003.980103	1.000000
0.000000	57.835968	328.654358	1.000000
0.025178	67.338707	-84.487938	1.000000
0.000000	6595.709473	2964.932617	1.000000
0.000000	-26392.880859	-23451.238281	1.000000
0.000000	-586712.625000	317289.531250	1.000000
0.000000	-108536.234375	249344.796875	1.000000
0.000000	38306.390625	-56191.003906	1.000000
0.000000	421.173798	-1510.909302	1.000000
0.828606	-11.432332	-74.922623	1.000000
0.000000	-156.837158	-694.147583	1.000000
0.000000	-312.105408	414.069183	1.000000
0.000000	4112436.000000	2116301.500000	1.000000
0.000000	-100.782593	156.342697	1.000000
0.000000	-45167.308594	75700.750000	1.000000
0.000000	454.702820	1573.522217	1.000000
0.000000	4563.645996	12634.270508	1.000000
0.000000	646.697327	1884.115234	1.000000
0.000000	-43903.105469	2163.290771	1.000000
0.000000	245986.421875	-842228.687500	1.000000
0.000000	25.068932	-23.091080	1.000000
0.000000	172.092468	-149.625687	1.000000
0.000000	-33090.066406	-139745.921875	1.000000
0.000000	-14245.127930	-13825.156250	1.000000
0.000000	-104.559113	-68.103249	1.000000
0.000000	-323250.781250	730136.875000	1.000000
0.000000	-31600.746094	-19812.480469	1.000000
0.000000	-172.448257	-959.710327	1.000000
0.025178	71.874100	-87.274178	1.000000
0.000000	-3895.082520	-12693.804688	1.000000
0.162060	13.571866	-51.287457	1.000000
0.000000	3118.430176	3262.689941	1.000000
0.000000	-103.411873	429.342621	1.000000
0.000000	799526.437500	-982912.687500	1.000000
0.000000	-105.839775	361.542297	1.000000
0.000000	-3547.260010	-2012.123413	1.000000
0.000000	31.725512	2625.492432	1.000000
0.000000	-119.573410	100.985931	1.000000
0.000000	19994.103516	10300.804688	1.000000
0.000000	-203.709106	633.050964	1.000000
0.000000	-3097.228516	-1825.522583	1.000000
0.000000	65012.839844	112397.882812	1.000000
0.000000	59.192863	23.542278	1.000000
0.000000	484892.843750	100545.859375	1.000000
0.000000	-38.340984	37.444744	1.000000
0.000000	80.260811	12.912812	1.000000
0.000000	271.347565	-162.301147	1.000000
0.828606	-8.591656	-77.692245	1.000000
0.000000	-52532.988281	-3266.806885	1.000000
0.000000	11248.303711	1137.921265	1.000000
0.000000	-154.388077	89.233063	1.000000
0.000000	-161.912613	1979.466064	1.000000
0.000000	-7859.022949	-92878.296875	1.000000
0.000000	-396.495209	1337.490479	1.000000
0.000000	141.331543	87.874199	1.000000
0.000000	53.631069	5.077593	1.000000
0.000000	42.272568	55.840382	1.000000
0.000000	-42674.050781	-77898.945312	1.000000
0.000000	525.715515	-911.441162	1.000000
0.000000	-164.024017	80.007874	1.000000
0.000000	41.202778	-447.564789	1.000000
0.000000	-432.880371	426.258667	1.000000
0.000000	192.532089	270.590118	1.000000
0.000000	148.239349	721.372681	1.000000
0.074480	-48.496170	-86.211533	1.000000
0.000000	10.082484	344.096375	1.000000
0.000000	-10709.930664	575.990662	1.000000
0.000000	28171368.000000	16549397.000000	1.000000
0.000000	110.424744	-421.790314	1.000000
0.000000	-32888.296875	266953.750000	1.000000
0.000000	57.944206	15.392399	1.000000
0.000000	1240.728760	2835.090820	1.000000
0.000000	4827.068848	10611.071289	1.000000
0.000000	-48821.429688	-126250.796875	1.000000
0.000000	311.213470	-375.135590	1.000000
0.000000	1929694.125000	165047.171875	1.000000
0.000000	-180385.390625	-177937.812500	1.000000
0.000000	-69981.679688	13903.559570	1.000000
0.000000	90.659233	111.490860	1.000000
0.000000	-131018.656250	14681.628906	1.000000
0.000000	-810.252136	102.057076	1.000000
0.000000	-1142.699097	1229.464722	1.000000
0.000000	-1110.702881	885.609375	1.000000
0.000000	49191.238281	57280.593750	1.000000
0.000000	84105.335938	3858.846924	1.000000
0.000000	777.674011	-492.021973	1.000000
0.000000	-93.093445	-139.343430	1.000000
0.000000	-1589278.625000	-1200867.375000	1.000000
0.000000	11.747958	58.171688	1.000000
0.000000	2590553.750000	19100.738281	1.000000
0.000000	36.006008	86.696831	1.000000
0.000000	-10275.519531	12951.787109	1.000000
0.000000	1826645.375000	135572.546875	1.000000
0.000000	-1598.808960	498.721436	1.000000
0.000000	-18.958221	-11.814825	1.000000
0.000000	103.444221	131.103882	1.000000
0.000000	686.192078	1140.982300	1.000000
0.000000	-10414.756836	7199.278809	1.000000
0.000000	-80.277611	101.756958	1.000000
0.000000	27322.279297	25594.464844	1.000000
0.000000	-143.732391	90.200630	1.000000
0.000000	259.553802	199.976807	1.000000
0.000000	245.151794	-9124.048828	1.000000
0.000000	-5303.890137	9767.568359	1.000000
0.000000	458965.906250	25804.984375	1.000000
0.000000	-735.416687	996.339355	1.000000
0.000000	1936.563232	-5438.425293	1.000000
0.000000	3481.235840	-1790.410889	1.000000
0.000000	-23.017336	-178.368439	1.000000
0.000000	-32.009136	24.069931	1.000000
0.000000	1095.041260	-469.423370	1.000000
0.000000	1173.286255	12028.823242	1.000000
0.000000	18333.355469	-23726.892578	1.000000
0.651961	20.558422	4.934397	1.000000
0.000000	-23.886431	87.395905	1.000000
0.000000	1396.207275	1007.536011	1.000000
0.000000	110.667152	-37.982891	1.000000
0.000000	57.543674	-123.711502	1.000000
0.000000	-1722.255371	40.861465	1.000000
0.000000	75031.203125	-7440.947266	1.000000
0.000000	1.502624	112.236603	1.000000
0.000000	-511.506958	-720.712036	1.000000
0.000000	1197.803467	-9900.808594	1.000000
0.000000	84.417259	53.082283	1.000000
0.000000	8.620012	25.252430	1.000000
0.000000	-4001.499268	-4874.113770	1.000000
0.000000	214.731476	183.084824	1.000000
0.000000	-1785.350708	-2787.670166	1.000000
0.000000	-117.119232	1.095463	1.000000
0.000000	22196.281250	38783.281250	1.000000
0.000000	48.647545	-22.318386	1.000000
0.000000	580.521301	-555.027893	1.000000
0.000000	989.463623	547.156677	1.000000
0.000000	-307.103180	329.717041	1.000000
0.074480	-50.209633	-83.059723	1.000000
0.000000	9429.225586	5106.223145	1.000000
0.000000	-92821.562500	-330023.656250	1.000000
0.000000	7681.501465	16937.234375	1.000000
0.000000	11.453470	45.896286	1.000000
0.000000	3299.264893	-1201.741821	1.000000
0.000000	-423538.000000	-81710.593750	1.000000
0.000000	-44105600.000000	-10494824.000000	1.000000
0.000000	5885.944336	-4856.156738	1.000000
0.000000	-172.095123	-126.835480	1.000000
0.000000	758.046143	-1842.053589	1.000000
0.000000	6092.145508	546.659912	1.000000
0.000000	23.150301	13.856686	1.000000
0.000000	-177.702942	1031.584839	1.000000
0.000000	-18827.751953	372.390137	1.000000
0.000000	-321.890442	-148.479691	1.000000
0.000000	259.270569	-44.372101	1.000000
0.000000	14263.912109	-11158.791992	1.000000
