0.000000	31416.429688	455889.375000	1.000000
0.000000	215039.187500	175372.828125	1.000000
0.000000	1206.432861	-12911.604492	1.000000
0.000000	-386.905823	646.722229	1.000000
0.000000	16878.107422	27257.171875	1.000000
0.000000	-13562.680664	724.275330	1.000000
0.000000	-562.233337	-2513.924561	1.000000
0.000000	-595443.062500	1523932.125000	1.000000
0.000000	3642.683350	-2086.743164	1.000000
0.000000	9292453.000000	3386659.750000	1.000000
0.000000	78697400.000000	19959642.000000	1.000000
0.000000	-407.828369	-220.914062	1.000000
0.000000	-359.981750	217.469482	1.000000
0.000000	87.518547	-380.874664	1.000000
0.000000	-73337376.000000	-31090268.000000	1.000000
0.000000	854.549133	-4451.714355	1.000000
0.000000	406.809570	-542.284058	1.000000
0.000000	-6241.448730	7923.857422	1.000000
0.000000	-986.987732	79.407074	1.000000
0.000000	-350.555084	416.209625	1.000000
0.000000	951.340149	8143.639648	1.000000
0.000000	10369.570312	85102.414062	1.000000
0.000000	-74.265434	957.222778	1.000000
0.000000	332.918915	1.007144	1.000000
0.000000	-207032.203125	-53432.910156	1.000000
0.000000	552.079285	-48.119690	1.000000
0.000000	10385.084961	35237.003906	1.000000
0.000000	-4063.726318	11553.189453	1.000000
0.000000	529.848938	-247.386139	1.000000
0.000000	-61329.179688	-273296.843750	1.000000
0.000000	5090.452148	-8792.468750	1.000000
0.000000	5013.737305	940.679077	1.000000
0.000000	-392.330872	515.893494	1.000000
0.000000	-638.429626	-112.878708	1.000000
0.000000	-348.514984	-119.560562	1.000000
0.000000	4988.431641	2838.635986	1.000000
0.000000	-119.120766	-118.292305	1.000000
0.000000	-5846.084473	-1593.182007	1.000000
0.000000	-246235.453125	-73862.656250	1.000000
0.000000	-46628.074219	-6244.543457	1.000000
0.000000	573.230774	177.779282	1.000000
0.000000	619.453430	-99.655167	1.000000
0.000000	-3.085733	375.938477	1.000000
0.000000	-142.599869	-259.429199	1.000000
0.000000	64.931061	371.986908	1.000000
0.000000	-612.543030	-145.099533	1.000000
0.000000	-3967.889648	3275.612793	1.000000
0.000000	-905.270020	543.226868	1.000000
0.000000	-142.499832	-391.546753	1.000000
0.000000	-389.324158	-109.452187	1.000000
0.000000	7177.157715	6265.082031	1.000000
0.000000	-943.074158	1579.612427	1.000000
0.000000	-50.419846	1236.007812	1.000000
0.000000	-3475.632568	-11538.083008	1.000000
0.000000	426.186584	7.393980	1.000000
0.000000	-13.207129	-401.346924	1.000000
0.000000	265.250031	113.103897	1.000000
0.000000	29405522.000000	-21550876.000000	1.000000
0.000000	-663.137024	1741.690063	1.000000
0.000000	409.366425	622.000549	1.000000
0.000000	1643.540649	26126.603516	1.000000
0.000000	3314.965332	-1773.868164	1.000000
0.000000	-160.710144	-366.566589	1.000000
0.000000	233.235687	-474.291656	1.000000
0.000000	5303.824707	-3005.414551	1.000000
0.000000	401179.687500	-1051564.750000	1.000000
0.000000	40092.437500	142468.625000	1.000000
0.000000	899154304.000000	-490293056.000000	1.000000
0.000000	5031.416992	-14972.720703	1.000000
0.000000	-11819835.000000	-661141.937500	1.000000
0.000000	10679.030273	-15002.493164	1.000000
0.000000	-58.544949	-485.220306	1.000000
0.000000	-369.418091	-853.953064	1.000000
0.000000	-374.034119	917.747803	1.000000
0.000000	424170.187500	2458.523193	1.000000
0.000000	-9470.615234	10609.137695	1.000000
0.000000	-299.449982	508.303040	1.000000
0.000000	21.312191	-413.196014	1.000000
0.000000	3434.364746	-13414.309570	1.000000
0.000000	-935690816.000000	516809408.000000	1.000000
0.000000	1333545.500000	80363.171875	1.000000
0.000000	370896.187500	-121751.921875	1.000000
0.000000	282310.750000	227435.343750	1.000000
0.000000	24788.205078	-23077.761719	1.000000
0.000000	2203343.750000	933505.687500	1.000000
0.000000	-218.032700	326.290710	1.000000
0.000000	-34.023861	-61.129597	1.000000
0.000000	-3088.563721	-271.217041	1.000000
0.000000	-1685.651489	1843.060669	1.000000
0.000000	156.203644	389.259644	1.000000
0.000000	-20.046247	-167.009918	1.000000
0.000000	-1332.557495	1067.714233	1.000000
0.000000	1017.114807	-253.226440	1.000000
0.000000	261.887756	-63.284252	1.000000
0.000000	-4355021.000000	2416277.250000	1.000000
0.000000	1212.578857	674.241638	1.000000
0.000000	-243.269882	-88075.250000	1.000000
0.000000	1711789.125000	-2028472.500000	1.000000
0.000000	835.113647	-1391.433594	1.000000
0.000000	-162.531433	-5371.528809	1.000000
0.000000	691415.187500	-227553.156250	1.000000
0.000000	12310197.000000	-6573529.500000	1.000000
0.000000	-21973.701172	-21626.535156	1.000000
0.000000	170788.140625	-24597.613281	1.000000
0.000000	-27.065804	293.402252	1.000000
0.000000	404.510712	-68.556099	1.000000
0.000000	505.324646	-1818.468506	1.000000
0.000000	-227.468140	-331.806793	1.000000
0.000000	150.022888	-379.034515	1.000000
0.000000	-916.783447	1183.273560	1.000000
0.000000	-325.396423	-3083.547119	1.000000
0.000000	-53987.242188	119833.890625	1.000000
0.000000	130.760284	357.361206	1.000000
0.000000	-465.414642	56.182255	1.000000
0.000000	-19.934528	-1044.782593	1.000000
0.000000	-64513.230469	15476.722656	1.000000
0.000000	2469.157959	895.951965	1.000000
0.000000	55873.613281	149655.859375	1.000000
0.000000	-13344.135742	6566.635742	1.000000
0.000000	-41870.941406	-29717.656250	1.000000
0.000000	-8361.551758	13876.695312	1.000000
0.000000	410.139160	390.299194	1.000000
0.000000	-394.083191	247.225784	1.000000
0.000000	1635.535156	3100.018311	1.000000
0.000000	739.977661	-444.021942	1.000000
0.000000	1851.785889	35.159523	1.000000
0.000000	588.244873	-645.477844	1.000000
0.000000	13967.091797	-14347.277344	1.000000
0.000000	-394.758789	-192.782028	1.000000
0.000000	-1208.354492	1421.757446	1.000000
0.000000	309.550323	332.844025	1.000000
0.000000	-13232.885742	-3007.005127	1.000000
0.000000	-28731.878906	-61597.765625	1.000000
0.000000	1758.422607	8144.840820	1.000000
0.000000	-2464.141602	1761.947754	1.000000
0.000000	191.410797	-193.120071	1.000000
0.000000	0.123191	131.807892	1.000000
0.000000	-3755.543213	-15951.813477	1.000000
0.000000	865.158508	1.549984	1.000000
0.000000	-8884.408203	12940.613281	1.000000
0.000000	-864.817993	-3275.770508	1.000000
0.000000	931.334534	672.698669	1.000000
0.000000	386.771393	-275.439148	1.000000
0.000000	-5546.610840	-20495.318359	1.000000
0.000000	7.226775	-423.644318	1.000000
0.000000	22487.148438	-24696.177734	1.000000
0.000000	-367.617279	-250.054550	1.000000
0.000000	-3300464.250000	1376390.750000	1.000000
0.000000	-18024.533203	-1353.711548	1.000000
0.000000	-99.826469	667.964233	1.000000
0.000000	191.604828	-437.256561	1.000000
0.000000	6716.559082	2609.708008	1.000000
0.000000	-26041.318359	-23334.050781	1.000000
0.000000	-586712.625000	317523.906250	1.000000
0.000000	-108536.234375	248993.234375	1.000000
0.000000	37925.531250	-56191.003906	1.000000
0.000000	663.788574	-1796.553833	1.000000
0.000000	168.554520	254.249985	1.000000
0.000000	-242.553406	-329.195312	1.000000
0.000000	-414.415588	774.786987	1.000000
0.000000	4112436.000000	2116301.500000	1.000000
0.000000	264.090851	230.267136	1.000000
0.000000	-45313.792969	76052.312500	1.000000
0.000000	792.951355	1735.570557	1.000000
0.000000	4926.194824	12539.055664	1.000000
0.000000	609.618469	1510.580078	1.000000
0.000000	-44166.777344	2437.948975	1.000000
0.000000	245634.859375	-842228.687500	1.000000
0.000000	-314.154022	-182.888168	1.000000
0.000000	541.666931	-122.633125	1.000000
0.000000	-32943.582031	-140097.484375	1.000000
0.000000	-14369.639648	-13473.593750	1.000000
0.000000	-479.052490	-87.100441	1.000000
0.000000	-323719.531250	730136.875000	1.000000
0.000000	-31278.480469	-19622.050781	1.000000
0.000000	-511.422272	-1119.927612	1.000000
0.000000	173.911942	-449.077362	1.000000
0.000000	-3536.195801	-12803.667969	1.000000
0.000000	120.134949	-411.565826	1.000000
0.000000	3230.124512	2905.634277	1.000000
0.000000	74.404510	102.886238	1.000000
0.000000	799057.687500	-982912.687500	1.000000
0.000000	-475.666351	424.027039	1.000000
0.000000	-3188.373291	-2118.324463	1.000000
0.000000	-47.078487	2991.703369	1.000000
0.000000	-384.158997	366.778656	1.000000
0.000000	19803.673828	10623.070312	1.000000
0.000000	165.904877	569.879578	1.000000
0.000000	-3454.284180	-1942.710083	1.000000
0.000000	65130.027344	112749.445312	1.000000
0.000000	336.779510	276.624664	1.000000
0.000000	484892.843750	100897.421875	1.000000
0.000000	-309.565948	296.403748	1.000000
0.000000	79.039406	385.764160	1.000000
0.000000	335.663361	207.123596	1.000000
0.000000	-382.603455	-101.773376	1.000000
0.000000	-52386.503906	-2926.230713	1.000000
0.000000	11446.057617	1456.524780	1.000000
0.000000	-53.522972	-272.946808	1.000000
0.000000	57.057110	1674.595459	1.000000
0.000000	-7877.333496	-93229.859375	1.000000
0.000000	-621.139404	1037.197510	1.000000
0.000000	-103.089989	368.366455	1.000000
0.000000	414.713287	-102.625999	1.000000
0.000000	61.065426	430.397644	1.000000
0.000000	-42967.019531	-77664.570312	1.000000
0.000000	232.537766	-1145.595947	1.000000
0.000000	31.169252	400.213562	1.000000
0.000000	-126.607170	-112.250206	1.000000
0.000000	-467.212646	799.793823	1.000000
0.000000	454.601776	2.346819	1.000000
0.000000	237.388824	1085.752563	1.000000
0.000000	-221.321594	238.009384	1.000000
0.000000	312.076385	567.093689	1.000000
0.000000	-11083.465820	548.524841	1.000000
0.000000	28171368.000000	16549397.000000	1.000000
0.000000	363.277252	-698.737305	1.000000
0.000000	-32741.812500	266719.375000	1.000000
0.000000	-313.887207	3.110354	1.000000
0.000000	1552.923584	2628.181641	1.000000
0.000000	4460.857910	10698.961914	1.000000
0.000000	-48440.570312	-126250.796875	1.000000
0.000000	-18.007288	-554.578979	1.000000
0.000000	1929694.125000	165281.546875	1.000000
0.000000	-180033.828125	-177937.812500	1.000000
0.000000	-70274.648438	13691.157227	1.000000
0.000000	313.999664	-184.536682	1.000000
0.000000	-131135.843750	15040.515625	1.000000
0.000000	-1144.712036	271.658508	1.000000
0.000000	-1377.989624	937.547241	1.000000
0.000000	-1207.748779	1247.983276	1.000000
0.000000	49279.128906	57632.156250	1.000000
0.000000	83812.367188	3633.627197	1.000000
0.000000	1135.045044	-378.038818	1.000000
0.000000	-426.401337	-311.155975	1.000000
0.000000	-1589278.625000	-1200867.375000	1.000000
0.000000	-348.140442	164.347519	1.000000
0.000000	2590553.750000	19437.652344	1.000000
0.000000	163.141602	-258.049591	1.000000
0.000000	-10495.246094	13259.404297	1.000000
0.000000	1826645.375000	135338.171875	1.000000
0.000000	-1555.779175	871.341064	1.000000
0.000000	345.471771	67.021248	1.000000
0.000000	413.614441	-72.303543	1.000000
0.000000	386.814636	915.068054	1.000000
0.000000	-10671.104492	7473.937012	1.000000
0.000000	-447.861816	176.008881	1.000000
0.000000	27336.927734	25975.324219	1.000000
0.000000	130.007599	346.539825	1.000000
0.000000	276.491058	574.601013	1.000000
0.000000	-119.656914	-9036.158203	1.000000
0.000000	-5677.425293	9774.892578	1.000000
0.000000	459200.281250	25526.664062	1.000000
0.000000	-1086.979248	1126.344238	1.000000
0.000000	2238.348633	-5215.036621	1.000000
0.000000	3488.560059	-2165.777100	1.000000
0.000000	182.094391	135.551926	1.000000
0.000000	288.660858	218.880554	1.000000
0.000000	933.652466	-807.739502	1.000000
0.000000	1216.316040	11655.288086	1.000000
0.000000	17967.144531	-23800.134766	1.000000
0.000000	394.772064	-22.165565	1.000000
0.000000	-9.101308	-283.630463	1.000000
0.000000	1084.927979	1216.312256	1.000000
0.000000	485.572937	-47.567318	1.000000
0.000000	118.742302	244.789078	1.000000
0.000000	-1365.199707	155.225739	1.000000
0.000000	75382.765625	-7400.664062	1.000000
0.000000	101.347954	473.684021	1.000000
0.000000	-136.562057	-720.712036	1.000000
0.000000	1173.999756	-9527.273438	1.000000
0.000000	311.163544	351.772034	1.000000
0.000000	292.758972	266.057159	1.000000
0.000000	-3829.380127	-4540.861816	1.000000
0.000000	584.617310	244.196274	1.000000
0.000000	-2086.441895	-3011.058838	1.000000
0.000000	36.100796	336.769348	1.000000
0.000000	22254.875000	39164.140625	1.000000
0.000000	420.962860	-23.665575	1.000000
0.000000	955.429749	-548.619202	1.000000
0.000000	1313.560303	735.755310	1.000000
0.000000	-322.667145	704.279053	1.000000
0.000000	185.844315	-369.559662	1.000000
0.000000	9619.655273	4783.957520	1.000000
0.000000	-92645.781250	-330258.031250	1.000000
0.000000	8055.036621	16951.882812	1.000000
0.000000	255.868469	-238.541885	1.000000
0.000000	3421.945557	-847.204590	1.000000
0.000000	-423303.625000	-82003.562500	1.000000
0.000000	-44105600.000000	-10494824.000000	1.000000
0.000000	6054.401367	-4522.904785	1.000000
0.000000	-314.419403	220.070953	1.000000
0.000000	1086.720459	-1661.694702	1.000000
0.000000	5799.176758	313.658203	1.000000
0.000000	-325.314880	-125.175285	1.000000
0.000000	-552.177551	1013.274292	1.000000
0.000000	-18769.158203	2.122919	1.000000
0.000000	-696.798889	-158.893814	1.000000
0.000000	306.457855	-414.992401	1.000000
0.000000	14608.150391	-11012.307617	1.000000
