0.000000	31678.734375	455642.500000	1.000000
0.000000	214915.750000	175002.515625	1.000000
0.000000	1147.607178	-12518.147461	1.000000
0.000000	-781.809387	652.508362	1.000000
0.000000	16908.966797	27658.343750	1.000000
0.000000	-13948.422852	813.478210	1.000000
0.000000	-916.633972	-2340.340576	1.000000
0.000000	-594949.312500	1523932.125000	1.000000
0.000000	3440.168701	-2426.196289	1.000000
0.000000	9292453.000000	3386659.750000	1.000000
0.000000	78697400.000000	19959642.000000	1.000000
0.000000	-26.651054	-117.480804	1.000000
0.000000	-172.950348	-130.455566	1.000000
0.000000	102.044151	13.849792	1.000000
0.000000	-73337376.000000	-31090268.000000	1.000000
0.000000	510.756409	-4644.585449	1.000000
0.000000	314.231445	-158.279221	1.000000
0.000000	-6037.005371	7584.404297	1.000000
0.000000	-987.952087	474.364532	1.000000
0.000000	-215.026718	45.175411	1.000000
0.000000	866.476868	7757.897461	1.000000
0.000000	10014.687500	84917.257812	1.000000
0.000000	2.153499	569.551880	1.000000
0.000000	43.066586	265.814209	1.000000
0.000000	-207279.078125	-53155.175781	1.000000
0.000000	158.326752	-79.039337	1.000000
0.000000	10392.799805	35638.175781	1.000000
0.000000	-3676.055420	11630.337891	1.000000
0.000000	184.609665	-55.479408	1.000000
0.000000	-61730.351562	-273296.843750	1.000000
0.000000	5325.754883	-9108.777344	1.000000
0.000000	4631.852539	843.279175	1.000000
0.000000	-28.007427	363.103668	1.000000
0.000000	-349.469604	-382.110870	1.000000
0.000000	-39.836838	126.847122	1.000000
0.000000	4629.691406	2674.695557	1.000000
0.000000	248.219421	26.881224	1.000000
0.000000	-5541.348145	-1343.413940	1.000000
0.000000	-246358.890625	-73492.343750	1.000000
0.000000	-46936.667969	-6005.383301	1.000000
0.000000	268.687103	-73.721855	1.000000
0.000000	391.255859	222.711853	1.000000
0.759122	3.658501	-15.322129	1.000000
0.000000	28.789513	90.845802	1.000000
0.000000	15.677178	-18.209997	1.000000
0.000000	-463.550140	-510.867889	1.000000
0.000000	-4291.913086	3501.271973	1.000000
0.000000	-681.057373	217.974869	1.000000
0.000000	-54.212471	-6.827426	1.000000
0.000000	-1.761832	-29.976494	1.000000
0.000000	6783.700684	6307.513672	1.000000
0.000000	-727.540710	1910.386353	1.000000
0.000000	174.078308	1560.995605	1.000000
0.000000	-3246.115967	-11862.106445	1.000000
0.000000	59.618088	-139.323975	1.000000
0.000000	-22.575354	-8.494331	1.000000
0.000000	-129.522339	126.785690	1.000000
0.000000	29405522.000000	-21550876.000000	1.000000
0.000000	-344.899719	1508.316040	1.000000
0.000000	669.355347	324.648834	1.000000
0.000000	1847.019653	26466.056641	1.000000
0.000000	3164.525879	-1408.377441	1.000000
0.000000	46.525402	-28.977245	1.000000
0.000000	20.112286	-141.788727	1.000000
0.000000	5546.842285	-2694.892090	1.000000
0.000000	400932.812500	-1051564.750000	1.000000
0.000000	40431.890625	142715.500000	1.000000
0.000000	899154304.000000	-490293056.000000	1.000000
0.000000	5286.006836	-14671.841797	1.000000
0.000000	-11819835.000000	-661635.687500	1.000000
0.000000	10478.444336	-15341.946289	1.000000
0.000000	59.374825	-110.392899	1.000000
0.000000	-71.265869	-595.023621	1.000000
0.000000	-768.853394	931.248779	1.000000
0.000000	424663.937500	2556.887451	1.000000
0.000000	-9084.873047	10701.715820	1.000000
0.000000	83.964920	603.292053	1.000000
0.000000	55.908443	-19.735579	1.000000
0.000000	3395.790527	-13020.852539	1.000000
0.000000	-935690816.000000	516809408.000000	1.000000
0.000000	1333545.500000	79992.859375	1.000000
0.000000	370402.437500	-121690.203125	1.000000
0.000000	282804.500000	227311.906250	1.000000
0.000000	25143.087891	-23262.917969	1.000000
0.000000	2203343.750000	933999.437500	1.000000
0.000000	-12.853039	-6.291576	1.000000
0.000000	349.979156	27.500517	1.000000
0.000000	-3335.438721	-579.810791	1.000000
0.000000	-1639.362427	1450.567993	1.000000
0.000000	-25.935440	38.729630	1.000000
0.000000	81.434906	214.744812	1.000000
0.000000	-951.637085	1171.864624	1.000000
0.000000	683.447815	-41.692375	1.000000
0.000000	174.018967	-448.363434	1.000000
0.000000	-4355021.000000	2416277.250000	1.000000
0.000000	870.981201	476.110291	1.000000
0.000000	143.308624	-88013.531250	1.000000
0.000000	1711789.125000	-2028472.500000	1.000000
0.000000	761.340454	-1779.104492	1.000000
0.000000	-487.278137	-5147.798340	1.000000
0.000000	691415.187500	-227182.843750	1.000000
0.000000	12310197.000000	-6573529.500000	1.000000
0.000000	-21881.123047	-21240.792969	1.000000
0.000000	170417.828125	-24366.167969	1.000000
0.000000	142.956223	-56.941563	1.000000
0.000000	26.179255	45.015488	1.000000
0.000000	887.691589	-1720.104248	1.000000
0.000000	27.213264	-35.500267	1.000000
0.759122	5.310321	-11.888659	1.000000
0.000000	-803.471680	804.967224	1.000000
0.000000	57.543770	-3179.982666	1.000000
0.000000	-53586.070312	119833.890625	1.000000
0.000000	-4.433751	-10.973198	1.000000
0.000000	-83.249008	-43.916134	1.000000
0.000000	-399.829315	-1152.790405	1.000000
0.000000	-64852.683594	15692.738281	1.000000
0.000000	2351.506592	518.888977	1.000000
0.000000	55565.019531	149408.984375	1.000000
0.000000	-12966.108398	6690.073242	1.000000
0.000000	-41562.347656	-29949.101562	1.000000
0.000000	-8685.575195	13652.964844	1.000000
0.000000	53.315029	221.029907	1.000000
0.000000	-101.953400	-19.200590	1.000000
0.000000	1351.050293	3373.895264	1.000000
0.000000	358.575104	-341.076996	1.000000
0.000000	2105.629639	337.897675	1.000000
0.000000	511.099274	-258.131165	1.000000
0.000000	14051.955078	-13961.535156	1.000000
0.000000	-57.945099	13.502787	1.000000
0.000000	-1058.879395	1787.248169	1.000000
0.628306	27.642233	55.873398	1.000000
0.000000	-13618.627930	-2920.213135	1.000000
0.000000	-28485.003906	-61289.171875	1.000000
0.000000	1542.406982	7813.102539	1.000000
0.000000	-2705.230469	2074.398926	1.000000
0.000000	-170.015472	-33.760338	1.000000
0.000000	257.118896	425.131653	1.000000
0.000000	-4006.275635	-16260.407227	1.000000
0.000000	485.701324	-108.684258	1.000000
0.000000	-8490.951172	12909.753906	1.000000
0.000000	-983.915894	-2899.671875	1.000000
0.000000	974.248352	280.063629	1.000000
0.000000	0.783392	-191.632843	1.000000
0.000000	-5936.210449	-20557.037109	1.000000
0.000000	-13.552061	-29.210484	1.000000
0.000000	22595.156250	-24310.435547	1.000000
0.000000	-102.482513	40.852810	1.000000
0.000000	-3300464.250000	1376390.750000	1.000000
0.000000	-17885.666016	-985.327759	1.000000
0.000000	66.247734	310.514709	1.000000
0.021430	61.159576	-65.872734	1.000000
0.000000	6589.264160	2983.877930	1.000000
0.000000	-26411.630859	-23457.488281	1.000000
0.000000	-586712.625000	317277.031250	1.000000
0.000000	-108536.234375	249363.546875	1.000000
0.000000	38326.703125	-56191.003906	1.000000
0.000000	408.234344	-1495.674927	1.000000
0.000000	-20.076672	-92.798157	1.000000
0.000000	-152.265625	-713.605591	1.000000
0.000000	-306.648865	394.830902	1.000000
0.000000	4112436.000000	2116301.500000	1.000000
0.000000	-120.387085	152.393723	1.000000
0.000000	-45159.496094	75682.000000	1.000000
0.000000	436.673035	1564.879639	1.000000
0.000000	4544.310059	12639.348633	1.000000
0.000000	648.674866	1904.037109	1.000000
0.000000	-43889.042969	2148.642334	1.000000
0.000000	246005.171875	-842228.687500	1.000000
0.000000	42.419544	-16.154707	1.000000
0.000000	152.152283	-151.169876	1.000000
0.000000	-33097.878906	-139727.171875	1.000000
0.000000	-14238.487305	-13843.906250	1.000000
0.000000	-84.585358	-67.090065	1.000000
0.000000	-323225.781250	730136.875000	1.000000
0.000000	-31617.933594	-19822.636719	1.000000
0.000000	-154.369644	-951.165405	1.000000
0.021430	65.982033	-67.777336	1.000000
0.000000	-3914.223145	-12687.945312	1.000000
0.000000	11.113526	-32.283100	1.000000
0.000000	3112.473145	3281.732910	1.000000
0.000000	-112.878426	446.957367	1.000000
0.000000	799551.437500	-982912.687500	1.000000
0.000000	-86.119316	358.209778	1.000000
0.000000	-3566.400635	-2006.459351	1.000000
0.000000	35.927834	2605.961182	1.000000
0.000000	-105.465134	86.810516	1.000000
0.000000	20004.259766	10283.617188	1.000000
0.000000	-223.423462	636.420105	1.000000
0.000000	-3078.185547	-1819.272583	1.000000
0.000000	65006.589844	112379.132812	1.000000
0.000000	44.445244	10.033077	1.000000
0.000000	484892.843750	100527.109375	1.000000
0.000000	-23.875654	23.633551	1.000000
0.000000	80.514107	-7.085597	1.000000
0.000000	267.917389	-182.003296	1.000000
0.000000	10.404571	-76.085739	1.000000
0.000000	-52540.800781	-3284.970947	1.000000
0.000000	11237.756836	1120.929077	1.000000
0.000000	-159.826309	108.480499	1.000000
0.000000	-173.588638	1995.725830	1.000000
0.000000	-7858.046387	-92859.546875	1.000000
0.000000	-384.520111	1353.506104	1.000000
0.000000	154.545654	72.859550	1.000000
0.000000	34.514858	10.958330	1.000000
0.000000	41.176987	35.869678	1.000000
0.000000	-42658.425781	-77911.445312	1.000000
0.000000	541.340515	-898.965576	1.000000
0.000000	-174.436615	62.930241	1.000000
0.000000	50.152058	-465.448090	1.000000
0.000000	-431.049316	406.336792	1.000000
0.000000	178.555038	284.896759	1.000000
0.000000	143.484711	701.939087	1.000000
0.000000	-41.609909	-99.892715	1.000000
0.000000	-6.027627	332.243347	1.000000
0.000000	-10690.008789	577.455505	1.000000
0.000000	28171368.000000	16549397.000000	1.000000
0.000000	96.939026	-407.019806	1.000000
0.000000	-32896.109375	266966.250000	1.000000
0.000000	77.936737	15.900517	1.000000
0.000000	1224.078369	2846.125977	1.000000
0.000000	4846.600098	10606.383789	1.000000
0.000000	-48841.742188	-126250.796875	1.000000
0.000000	328.767181	-365.565277	1.000000
0.000000	1929694.125000	165034.671875	1.000000
0.000000	-180404.140625	-177937.812500	1.000000
0.000000	-69966.054688	13914.887695	1.000000
0.000000	78.635307	127.472916	1.000000
0.000000	-131012.406250	14662.488281	1.000000
0.000000	-792.405457	93.011665	1.000000
0.000000	-1130.150269	1245.040894	1.000000
0.000000	-1105.527100	866.297852	1.000000
0.000000	49186.550781	57261.843750	1.000000
0.000000	84120.960938	3870.858643	1.000000
0.000000	758.606628	-498.101074	1.000000
0.000000	-75.313904	-130.182053	1.000000
0.000000	-1589278.625000	-1200867.375000	1.000000
0.628306	30.637398	53.597023	1.000000
0.000000	2590553.750000	19082.769531	1.000000
0.000000	29.058359	105.449883	1.000000
0.000000	-10263.800781	12935.380859	1.000000
0.000000	1826645.375000	135585.046875	1.000000
0.000000	-1601.103882	478.848389	1.000000
0.000000	-38.453865	-16.278021	1.000000
0.000000	86.809090	142.206177	1.000000
0.000000	702.158875	1153.042847	1.000000
0.000000	-10401.084961	7184.630371	1.000000
0.000000	-60.673119	97.798828	1.000000
0.000000	27321.498047	25574.152344	1.000000
0.000000	-158.332001	76.531807	1.000000
0.000000	258.650482	180.000000	1.000000
0.000000	264.609802	-9128.736328	1.000000
0.000000	-5283.968262	9767.177734	1.000000
0.000000	458953.406250	25819.828125	1.000000
0.000000	-716.666687	989.405762	1.000000
0.000000	1920.498779	-5450.339355	1.000000
0.000000	3480.845215	-1770.391357	1.000000
0.000000	-33.956989	-195.110382	1.000000
0.000000	-49.114239	13.704636	1.000000
0.000000	1103.635010	-451.369171	1.000000
0.000000	1170.991333	12048.745117	1.000000
0.000000	18352.886719	-23722.986328	1.000000
0.000000	0.537083	6.206709	1.000000
0.000000	-25.006426	107.363556	1.000000
0.000000	1412.808838	996.378784	1.000000
0.000000	90.675087	-37.471722	1.000000
0.000000	53.105415	-140.930359	1.000000
0.000000	-1741.298340	34.762527	1.000000
0.000000	75012.453125	-7443.095703	1.000000
0.000000	-3.821932	92.958649	1.000000
0.000000	-531.502075	-720.712036	1.000000
0.000000	1199.072998	-9920.730469	1.000000
0.000000	72.323143	37.153633	1.000000
0.000000	-6.634542	12.318210	1.000000
0.000000	-4010.678955	-4891.887207	1.000000
0.000000	194.998810	179.825546	1.000000
0.000000	-1769.286255	-2775.756104	1.000000
0.000000	-125.548187	-17.041470	1.000000
0.000000	22193.156250	38762.968750	1.000000
0.000000	29.389967	-20.796732	1.000000
0.000000	560.526184	-555.369690	1.000000
0.000000	972.178467	537.098083	1.000000
0.000000	-306.273102	309.734131	1.000000
0.000000	-60.353394	-71.535736	1.000000
0.000000	9419.069336	5123.410645	1.000000
0.000000	-92830.937500	-330011.156250	1.000000
0.000000	7661.579590	16936.453125	1.000000
0.000000	-1.449998	61.176437	1.000000
0.000000	3292.721924	-1220.638306	1.000000
0.000000	-423550.500000	-81694.968750	1.000000
0.000000	-44105600.000000	-10494824.000000	1.000000
0.000000	5876.959961	-4873.930176	1.000000
0.000000	-164.502350	-145.341141	1.000000
0.000000	740.516846	-1851.672729	1.000000
0.000000	6107.770508	559.086670	1.000000
0.000000	41.716831	21.292946	1.000000
0.000000	-157.726135	1032.561401	1.000000
0.000000	-18830.876953	392.141113	1.000000
0.000000	-301.895325	-147.924271	1.000000
0.000000	256.987854	-24.502106	1.000000
0.000000	14245.552734	-11166.604492	1.000000
