0.000000	31552.230469	455761.562500	1.000000
0.000000	214975.281250	175181.109375	1.000000
0.000000	1175.977539	-12707.903320	1.000000
0.000000	-591.355896	649.717834	1.000000
0.000000	16894.083984	27464.867188	1.000000
0.000000	-13762.387695	770.457581	1.000000
0.000000	-745.714172	-2424.056396	1.000000
0.000000	-595187.437500	1523932.125000	1.000000
0.000000	3537.837158	-2262.485352	1.000000
0.000000	9292453.000000	3386659.750000	1.000000
0.000000	78697400.000000	19959642.000000	1.000000
0.000000	-210.492859	-167.367615	1.000000
0.000000	-263.123840	37.345310	1.000000
0.000000	95.038765	-176.525131	1.000000
0.000000	-73337376.000000	-31090268.000000	1.000000
0.000000	676.560242	-4551.567871	1.000000
0.000000	358.879883	-343.469788	1.000000
0.000000	-6135.604004	7748.115234	1.000000
0.000000	-987.487000	283.911041	1.000000
0.000000	-280.407990	224.116440	1.000000
0.000000	907.404602	7943.932617	1.000000
0.000000	10185.839844	85006.554688	1.000000
0.000000	-34.698483	756.517212	1.000000
0.653041	181.703247	139.328613	1.000000
0.000000	-207160.015625	-53289.121094	1.000000
0.000000	348.228790	-64.127457	1.000000
0.000000	10389.079102	35444.699219	1.000000
0.000000	-3863.020752	11593.130859	1.000000
0.000000	351.111145	-148.031891	1.000000
0.000000	-61536.875000	-273296.843750	1.000000
0.000000	5212.273438	-8956.228516	1.000000
0.000000	4816.027344	890.253052	1.000000
0.000000	-203.732544	436.759613	1.000000
0.000000	-488.879700	-252.236771	1.000000
0.000000	-188.723099	8.010564	1.000000
0.000000	4802.704102	2753.760498	1.000000
0.000000	71.068321	-43.121330	1.000000
0.000000	-5688.315918	-1463.871704	1.000000
0.000000	-246299.359375	-73670.937500	1.000000
0.000000	-46787.839844	-6120.725098	1.000000
0.000000	415.538605	47.575993	1.000000
0.000000	501.365417	67.244865	1.000000
0.000000	-1.249560	171.462601	1.000000
0.000000	-51.521679	-78.179337	1.000000
0.000000	39.514652	169.061371	1.000000
0.000000	-535.406189	-334.483307	1.000000
0.000000	-4135.643555	3392.441406	1.000000
0.000000	-789.190308	374.825775	1.000000
0.000000	-97.503342	-192.089355	1.000000
0.000000	-189.221863	-67.388893	1.000000
0.000000	6973.456543	6287.049805	1.000000
0.000000	-831.487854	1750.861206	1.000000
0.000000	65.812401	1404.260986	1.000000
0.000000	-3356.806885	-11705.836914	1.000000
0.000000	235.548523	-66.271606	1.000000
0.000000	-18.262213	-196.896851	1.000000
0.000000	60.865433	120.187256	1.000000
0.000000	29405522.000000	-21550876.000000	1.000000
0.000000	-498.378723	1620.867310	1.000000
0.000000	544.014160	468.012177	1.000000
0.000000	1748.886108	26302.345703	1.000000
0.000000	3237.079590	-1584.645752	1.000000
0.000000	-53.116398	-192.673920	1.000000
0.000000	122.897552	-302.169159	1.000000
0.000000	5429.640137	-2844.650391	1.000000
0.000000	401051.875000	-1051564.750000	1.000000
0.000000	40268.179688	142596.437500	1.000000
0.000000	899154304.000000	-490293056.000000	1.000000
0.000000	5163.223633	-14816.949219	1.000000
0.000000	-11819835.000000	-661397.562500	1.000000
0.000000	10575.182617	-15178.235352	1.000000
0.000000	1.866683	-289.881866	1.000000
0.000000	-215.036163	-719.899719	1.000000
0.000000	-578.399902	924.737549	1.000000
0.000000	424425.812500	2509.448486	1.000000
0.000000	-9270.908203	10657.067383	1.000000
0.000000	-100.946632	557.480896	1.000000
0.000000	39.223415	-209.494827	1.000000
0.000000	3414.394043	-13210.608398	1.000000
0.000000	-935690816.000000	516809408.000000	1.000000
0.000000	1333545.500000	80171.453125	1.000000
0.000000	370640.562500	-121719.968750	1.000000
0.000000	282566.375000	227371.437500	1.000000
0.000000	24971.935547	-23173.621094	1.000000
0.000000	2203343.750000	933761.312500	1.000000
0.000000	-110.315727	152.457947	1.000000
0.000000	165.556473	-16.536057	1.000000
0.000000	-3216.376221	-430.982666	1.000000
0.000000	-1661.686646	1639.858765	1.000000
0.000000	61.904488	207.775894	1.000000
0.000000	32.493763	30.630779	1.000000
0.000000	-1135.346802	1121.635132	1.000000
0.000000	844.368225	-143.699615	1.000000
0.000000	216.400101	-262.677094	1.000000
0.000000	-4355021.000000	2416277.250000	1.000000
0.000000	1035.838135	571.642151	1.000000
0.000000	-43.127621	-88043.296875	1.000000
0.000000	1711789.125000	-2028472.500000	1.000000
0.000000	796.919678	-1592.139160	1.000000
0.000000	-330.659790	-5255.698730	1.000000
0.000000	691415.187500	-227361.437500	1.000000
0.000000	12310197.000000	-6573529.500000	1.000000
0.000000	-21925.771484	-21426.828125	1.000000
0.000000	170596.421875	-24477.789062	1.000000
0.000000	61.224697	112.608093	1.000000
0.000000	208.812881	-9.092249	1.000000
0.000000	703.284241	-1767.543213	1.000000
0.000000	-92.915535	-177.782761	1.000000
0.000000	75.591583	-188.563919	1.000000
0.000000	-858.119507	987.514221	1.000000
0.000000	-127.146622	-3133.473877	1.000000
0.000000	-53779.546875	119833.890625	1.000000
0.000000	62.714470	169.019028	1.000000
0.000000	-267.579865	4.379085	1.000000
0.000000	-216.597198	-1100.700562	1.000000
0.000000	-64688.972656	15588.558594	1.000000
0.000000	2408.247314	700.738342	1.000000
0.000000	55713.847656	149528.046875	1.000000
0.000000	-13148.422852	6630.541992	1.000000
0.000000	-41711.175781	-29837.480469	1.000000
0.000000	-8529.305664	13760.865234	1.000000
0.000000	225.410156	302.677734	1.000000
0.000000	-243.434402	108.866264	1.000000
0.000000	1488.251221	3241.810303	1.000000
0.000000	542.517334	-390.725128	1.000000
0.000000	1983.093262	191.885620	1.000000
0.000000	548.303467	-444.980225	1.000000
0.000000	14011.027344	-14147.570312	1.000000
0.000000	-220.389572	-85.988899	1.000000
0.000000	-1130.968018	1610.979858	1.000000
0.000000	163.389740	189.803879	1.000000
0.000000	-13432.592773	-2962.071045	1.000000
0.000000	-28604.066406	-61438.000000	1.000000
0.000000	1646.586670	7973.092773	1.000000
0.000000	-2588.958496	1923.710449	1.000000
0.000000	4.293714	-110.616112	1.000000
0.000000	131.137711	282.233398	1.000000
0.000000	-3885.352783	-16111.579102	1.000000
0.000000	668.696716	-55.518898	1.000000
0.000000	-8680.707031	12924.636719	1.000000
0.000000	-926.477539	-3081.056152	1.000000
0.000000	953.551941	469.470673	1.000000
0.000000	186.939529	-232.037354	1.000000
0.000000	-5748.314941	-20527.271484	1.000000
0.000000	-3.530870	-219.443863	1.000000
0.000000	22543.066406	-24496.470703	1.000000
0.000000	-229.706528	-99.026100	1.000000
0.000000	-3300464.250000	1376390.750000	1.000000
0.000000	-17952.638672	-1162.991333	1.000000
0.000000	-13.818529	482.486328	1.000000
0.000000	123.452721	-244.418213	1.000000
0.000000	6650.655762	2803.423828	1.000000
0.000000	-26233.037109	-23397.957031	1.000000
0.000000	-586712.625000	317396.093750	1.000000
0.000000	-108536.234375	249184.953125	1.000000
0.000000	38133.226562	-56191.003906	1.000000
0.000000	531.482666	-1640.782349	1.000000
0.000000	70.323616	74.888115	1.000000
0.000000	-195.809479	-528.268066	1.000000
0.000000	-358.622437	578.075562	1.000000
0.000000	4112436.000000	2116301.500000	1.000000
0.000000	66.355629	190.007706	1.000000
0.000000	-45233.910156	75860.593750	1.000000
0.000000	608.471985	1647.200195	1.000000
0.000000	4728.484863	12590.979492	1.000000
0.000000	629.838806	1714.281250	1.000000
0.000000	-44022.988281	2288.168701	1.000000
0.000000	245826.578125	-842228.687500	1.000000
0.000000	-129.175385	-95.754425	1.000000
0.000000	337.716156	-138.411835	1.000000
0.000000	-33023.464844	-139905.765625	1.000000
0.000000	-14301.739258	-13665.312500	1.000000
0.000000	-274.852051	-76.740639	1.000000
0.000000	-323463.906250	730136.875000	1.000000
0.000000	-31454.222656	-19725.898438	1.000000
0.000000	-326.568451	-1032.555786	1.000000
0.000000	118.675201	-252.239914	1.000000
0.000000	-3731.908691	-12743.755859	1.000000
0.000000	61.002151	-215.840134	1.000000
0.000000	3169.213867	3100.348633	1.000000
0.000000	-22.664106	279.236359	1.000000
0.000000	799313.312500	-982912.687500	1.000000
0.000000	-273.962250	389.952026	1.000000
0.000000	-3384.086182	-2060.409424	1.000000
0.000000	-4.105210	2791.996338	1.000000
0.000000	-239.870667	221.851547	1.000000
0.000000	19907.521484	10447.328125	1.000000
0.000000	-35.656326	604.329041	1.000000
0.000000	-3259.569824	-1878.803833	1.000000
0.000000	65066.121094	112557.726562	1.000000
0.653041	185.698792	138.483017	1.000000
0.000000	484892.843750	100705.703125	1.000000
0.000000	-161.657928	155.191284	1.000000
0.000000	78.908546	181.173172	1.000000
0.000000	300.589813	5.664777	1.000000
0.000000	-178.527817	-88.761215	1.000000
0.000000	-52466.386719	-3111.958252	1.000000
0.000000	11338.215820	1282.779663	1.000000
0.000000	-108.038361	-74.850731	1.000000
0.000000	-62.357338	1840.851562	1.000000
0.000000	-7867.348145	-93038.140625	1.000000
0.000000	-498.582916	1200.957275	1.000000
0.000000	32.013275	214.841675	1.000000
0.000000	219.250046	-42.495461	1.000000
0.000000	49.863110	226.197205	1.000000
0.000000	-42807.253906	-77792.382812	1.000000
0.000000	392.419037	-1017.795532	1.000000
0.000000	-75.272087	225.594727	1.000000
0.000000	-35.090111	-295.109650	1.000000
0.000000	-448.490112	596.092651	1.000000
0.000000	311.686432	148.626007	1.000000
0.000000	188.772644	887.044067	1.000000
0.000000	-125.648682	57.274529	1.000000
0.000000	147.359253	445.953278	1.000000
0.000000	-10879.764648	563.502869	1.000000
0.000000	28171368.000000	16549397.000000	1.000000
0.000000	225.368454	-547.708862	1.000000
0.000000	-32821.695312	266847.187500	1.000000
0.000000	-109.439964	8.306025	1.000000
0.000000	1382.673340	2741.016113	1.000000
0.000000	4660.564941	10651.032227	1.000000
0.000000	-48648.265625	-126250.796875	1.000000
0.000000	161.535248	-456.722504	1.000000
0.000000	1929694.125000	165153.734375	1.000000
0.000000	-180225.546875	-177937.812500	1.000000
0.000000	-70114.882812	13806.987305	1.000000
0.000000	191.055008	-21.134537	1.000000
0.000000	-131071.937500	14844.802734	1.000000
0.000000	-962.395081	179.169189	1.000000
0.000000	-1249.677856	1096.677856	1.000000
0.000000	-1154.826416	1050.273315	1.000000
0.000000	49231.199219	57440.437500	1.000000
0.000000	83972.132812	3756.447021	1.000000
0.000000	940.223450	-440.197632	1.000000
0.000000	-244.664032	-217.444168	1.000000
0.000000	-1589278.625000	-1200867.375000	1.000000
0.000000	-150.804947	110.603745	1.000000
0.000000	2590553.750000	19253.921875	1.000000
0.000000	92.105026	-66.279129	1.000000
0.000000	-10375.421875	13091.650391	1.000000
0.000000	1826645.375000	135465.984375	1.000000
0.000000	-1579.244751	668.139160	1.000000
0.000000	147.126495	21.506451	1.000000
0.000000	245.280228	36.456818	1.000000
0.000000	550.075134	1038.166138	1.000000
0.000000	-10531.309570	7324.156738	1.000000
0.000000	-247.405899	135.505798	1.000000
0.000000	27328.939453	25767.628906	1.000000
0.000000	-19.271387	206.744919	1.000000
0.000000	267.254608	370.313995	1.000000
0.000000	79.279922	-9084.087891	1.000000
0.000000	-5473.724121	9770.898438	1.000000
0.000000	459072.468750	25678.441406	1.000000
0.000000	-895.260437	1055.448242	1.000000
0.000000	2073.590332	-5336.857910	1.000000
0.000000	3484.565918	-1961.077393	1.000000
0.000000	70.242340	-35.640785	1.000000
0.000000	113.789848	112.906563	1.000000
0.000000	1021.773193	-623.260132	1.000000
0.000000	1192.850464	11858.989258	1.000000
0.000000	18166.851562	-23760.193359	1.000000
0.000000	190.821243	-7.299036	1.000000
0.000000	-20.555607	-79.437439	1.000000
0.000000	1254.678955	1102.479248	1.000000
0.000000	281.122864	-42.340611	1.000000
0.000000	85.946663	42.947014	1.000000
0.000000	-1559.914062	92.862129	1.000000
0.000000	75191.046875	-7422.631836	1.000000
0.000000	46.896584	276.598145	1.000000
0.000000	-341.048584	-720.712036	1.000000
0.000000	1186.980713	-9730.974609	1.000000
0.000000	187.504578	188.885986	1.000000
0.000000	136.785553	133.808914	1.000000
0.000000	-3923.242432	-4722.595215	1.000000
0.000000	382.913177	210.870163	1.000000
0.000000	-1922.300171	-2889.237549	1.000000
0.000000	-50.086647	151.291458	1.000000
0.000000	22222.921875	38956.445312	1.000000
0.000000	216.500732	-24.336466	1.000000
0.000000	750.979675	-552.114075	1.000000
0.000000	1136.819580	632.906189	1.000000
0.000000	-314.179596	500.071350	1.000000
0.000000	56.846066	-210.899658	1.000000
0.000000	9515.807617	4959.699707	1.000000
0.000000	-92741.640625	-330130.218750	1.000000
0.000000	7851.335449	16943.894531	1.000000
0.000000	123.937012	-82.280258	1.000000
0.000000	3355.043701	-1040.649292	1.000000
0.000000	-423431.437500	-81843.796875	1.000000
0.000000	-44105600.000000	-10494824.000000	1.000000
0.000000	5962.536133	-4704.638184	1.000000
0.000000	-236.783295	30.864559	1.000000
0.000000	907.483398	-1760.050415	1.000000
0.000000	5958.942383	440.721802	1.000000
0.000000	-135.468399	-49.133640	1.000000
0.000000	-347.977112	1023.259644	1.000000
0.000000	-18801.111328	204.029129	1.000000
0.000000	-492.348816	-153.214645	1.000000
0.000000	283.117096	-211.804077	1.000000
0.000000	14420.425781	-11092.190430	1.000000
