0.000000	31384.222656	455919.687500	1.000000
0.000000	215054.343750	175418.296875	1.000000
0.000000	1213.655762	-12959.915039	1.000000
0.000000	-338.417664	646.011780	1.000000
0.000000	16874.318359	27207.914062	1.000000
0.000000	-13515.317383	713.322571	1.000000
0.000000	-518.718323	-2535.238037	1.000000
0.000000	-595503.687500	1523932.125000	1.000000
0.000000	3667.549072	-2045.063477	1.000000
0.000000	9292453.000000	3386659.750000	1.000000
0.000000	78697400.000000	19959642.000000	1.000000
0.000000	-454.629211	-233.613342	1.000000
0.000000	-382.952942	260.185242	1.000000
0.000000	85.735023	-429.333221	1.000000
0.000000	-73337376.000000	-31090268.000000	1.000000
0.000000	896.761658	-4428.032715	1.000000
0.000000	418.176758	-589.410522	1.000000
0.000000	-6266.551270	7965.537109	1.000000
0.000000	-986.869324	30.906639	1.000000
0.000000	-367.191437	461.767181	1.000000
0.000000	961.760071	8191.002930	1.000000
0.000000	10413.144531	85125.148438	1.000000
0.000000	-83.649284	1004.822876	1.000000
0.000000	368.618988	-31.819780	1.000000
0.000000	-207001.890625	-53467.011719	1.000000
0.000000	600.449036	-44.323227	1.000000
0.000000	10384.137695	35187.746094	1.000000
0.000000	-4111.250000	11543.716797	1.000000
0.000000	572.239075	-270.949371	1.000000
0.000000	-61279.921875	-273296.843750	1.000000
0.000000	5061.560547	-8753.630859	1.000000
0.000000	5060.626953	952.638306	1.000000
0.000000	-437.059570	534.661194	1.000000
0.000000	-673.892883	-79.828018	1.000000
0.000000	-386.405609	-149.813858	1.000000
0.000000	5032.479492	2858.765381	1.000000
0.000000	-164.220947	-136.116776	1.000000
0.000000	-5883.501465	-1623.849731	1.000000
0.000000	-246220.296875	-73908.125000	1.000000
0.000000	-46590.183594	-6273.908691	1.000000
0.000000	610.647766	208.654221	1.000000
0.000000	647.456970	-139.238403	1.000000
0.000000	-3.521207	424.426636	1.000000
0.000000	-164.446182	-302.737000	1.000000
0.000000	70.962479	420.119843	1.000000
0.000000	-630.837097	-100.178421	1.000000
0.000000	-3928.104492	3247.905273	1.000000
0.000000	-932.799927	583.189636	1.000000
0.000000	-153.171371	-438.850830	1.000000
0.000000	-436.776245	-119.428078	1.000000
0.000000	7225.468262	6259.872070	1.000000
0.000000	-969.538391	1538.998413	1.000000
0.000000	-77.986755	1196.104248	1.000000
0.000000	-3503.813721	-11498.297852	1.000000
0.000000	470.974487	25.993334	1.000000
0.000000	-12.008245	-449.835083	1.000000
0.000000	313.708588	111.423981	1.000000
0.000000	29405522.000000	-21550876.000000	1.000000
0.000000	-702.211731	1770.344849	1.000000
0.000000	377.425812	658.529480	1.000000
0.000000	1618.556519	26084.923828	1.000000
0.000000	3333.437012	-1818.744873	1.000000
0.000000	-186.227112	-407.802246	1.000000
0.000000	259.403900	-515.115112	1.000000
0.000000	5273.985840	-3043.541992	1.000000
0.000000	401210.000000	-1051564.750000	1.000000
0.000000	40050.757812	142438.312500	1.000000
0.000000	899154304.000000	-490293056.000000	1.000000
0.000000	5000.157227	-15009.664062	1.000000
0.000000	-11819835.000000	-661081.312500	1.000000
0.000000	10703.659180	-14960.813477	1.000000
0.000000	-72.872345	-531.559998	1.000000
0.000000	-406.035828	-885.745667	1.000000
0.000000	-325.575562	916.090088	1.000000
0.000000	424109.562500	2446.445557	1.000000
0.000000	-9517.978516	10597.770508	1.000000
0.000000	-346.517242	496.639832	1.000000
0.000000	17.064297	-461.506561	1.000000
0.000000	3439.101074	-13462.620117	1.000000
0.000000	-935690816.000000	516809408.000000	1.000000
0.000000	1333545.500000	80408.640625	1.000000
0.000000	370956.812500	-121759.500000	1.000000
0.000000	282250.125000	227450.500000	1.000000
0.000000	24744.630859	-23055.027344	1.000000
0.000000	2203343.750000	933445.062500	1.000000
0.000000	-243.579269	367.526367	1.000000
0.000000	-81.357536	-71.704933	1.000000
0.000000	-3058.251221	-233.335281	1.000000
0.000000	-1691.335083	1891.252808	1.000000
0.000000	178.567993	432.301025	1.000000
0.000000	-32.506786	-213.884766	1.000000
0.000000	-1379.328735	1054.926147	1.000000
0.000000	1058.083984	-279.189026	1.000000
0.000000	272.662903	-15.998675	1.000000
0.000000	-4355021.000000	2416277.250000	1.000000
0.000000	1254.495361	698.574524	1.000000
0.000000	-290.725952	-88082.828125	1.000000
0.000000	1711789.125000	-2028472.500000	1.000000
0.000000	844.171875	-1343.833496	1.000000
0.000000	-122.656479	-5398.999512	1.000000
0.000000	691415.187500	-227598.625000	1.000000
0.000000	12310197.000000	-6573529.500000	1.000000
0.000000	-21985.068359	-21673.898438	1.000000
0.000000	170833.609375	-24626.031250	1.000000
0.000000	-47.938511	337.183685	1.000000
0.000000	450.926727	-82.661476	1.000000
0.000000	458.375793	-1830.546143	1.000000
0.000000	-259.379150	-368.335724	1.000000
0.000000	167.680511	-424.207245	1.000000
0.000000	-930.696411	1229.689575	1.000000
0.000000	-372.404480	-3071.706299	1.000000
0.000000	-54036.500000	119833.890625	1.000000
0.000000	147.899872	402.741150	1.000000
0.000000	-512.333679	68.467110	1.000000
0.000000	26.707689	-1031.520874	1.000000
0.000000	-64471.550781	15450.199219	1.000000
0.000000	2483.603760	942.249573	1.000000
0.000000	55911.503906	149686.171875	1.000000
0.000000	-13390.551758	6551.479492	1.000000
0.000000	-41908.832031	-29689.238281	1.000000
0.000000	-8321.766602	13904.166016	1.000000
0.000000	453.950195	411.079834	1.000000
0.000000	-429.812866	280.028809	1.000000
0.000000	1670.465576	3066.390381	1.000000
0.000000	786.808105	-456.662018	1.000000
0.000000	1820.644531	-2.012813	1.000000
0.000000	597.717529	-693.018738	1.000000
0.000000	13956.671875	-14394.640625	1.000000
0.000000	-436.112854	-218.106583	1.000000
0.000000	-1226.707764	1376.880737	1.000000
0.000000	344.214325	366.767975	1.000000
0.000000	-13185.522461	-3017.661865	1.000000
0.000000	-28762.191406	-61635.656250	1.000000
0.000000	1784.946045	8185.573242	1.000000
0.000000	-2434.539551	1723.583496	1.000000
0.000000	235.784271	-212.687027	1.000000
0.000000	-31.956182	95.433601	1.000000
0.000000	-3724.757080	-15913.922852	1.000000
0.000000	911.752136	15.084414	1.000000
0.000000	-8932.718750	12944.402344	1.000000
0.000000	-850.194580	-3321.949707	1.000000
0.000000	926.065369	720.890808	1.000000
0.000000	434.164276	-285.740662	1.000000
0.000000	-5498.773926	-20487.740234	1.000000
0.000000	9.778101	-472.073273	1.000000
0.000000	22473.886719	-24743.541016	1.000000
0.000000	-400.327545	-285.873047	1.000000
0.000000	-3300464.250000	1376390.750000	1.000000
0.000000	-18041.583984	-1398.943481	1.000000
0.000000	-120.222282	711.952881	1.000000
0.000000	207.767548	-482.991730	1.000000
0.000000	6732.188965	2563.765625	1.000000
0.000000	-25995.849609	-23318.894531	1.000000
0.000000	-586712.625000	317554.218750	1.000000
0.000000	-108536.234375	248947.765625	1.000000
0.000000	37876.273438	-56191.003906	1.000000
0.000000	695.166748	-1833.497192	1.000000
0.000000	191.851334	296.788116	1.000000
0.000000	-253.639374	-281.980042	1.000000
0.000000	-427.647705	821.439819	1.000000
0.000000	4112436.000000	2116301.500000	1.000000
0.000000	311.631744	239.843399	1.000000
0.000000	-45332.738281	76097.781250	1.000000
0.000000	836.703186	1756.528809	1.000000
0.000000	4973.084473	12526.741211	1.000000
0.000000	604.822937	1462.269531	1.000000
0.000000	-44200.878906	2473.471436	1.000000
0.000000	245589.390625	-842228.687500	1.000000
0.000000	-358.024261	-203.550400	1.000000
0.000000	590.036682	-118.895866	1.000000
0.000000	-32924.636719	-140142.953125	1.000000
0.000000	-14385.743164	-13428.125000	1.000000
0.000000	-527.481445	-89.557411	1.000000
0.000000	-323780.156250	730136.875000	1.000000
0.000000	-31236.800781	-19597.421875	1.000000
0.000000	-555.292114	-1140.649048	1.000000
0.000000	187.010849	-495.759796	1.000000
0.000000	-3489.779785	-12817.876953	1.000000
0.000000	134.162170	-457.981842	1.000000
0.000000	3244.570312	2859.455078	1.000000
0.000000	97.360901	60.163078	1.000000
0.000000	798997.062500	-982912.687500	1.000000
0.000000	-523.503235	432.108398	1.000000
0.000000	-3141.957275	-2132.059814	1.000000
0.000000	-57.268993	3039.066650	1.000000
0.000000	-418.378967	401.146637	1.000000
0.000000	19779.044922	10664.750000	1.000000
0.000000	213.712189	561.709412	1.000000
0.000000	-3500.463379	-1957.866333	1.000000
0.000000	65145.183594	112794.914062	1.000000
0.000000	372.538788	309.394135	1.000000
0.000000	484892.843750	100942.890625	1.000000
0.000000	-344.644379	329.883667	1.000000
0.000000	78.425163	434.252319	1.000000
0.000000	343.981537	254.901306	1.000000
0.000000	-431.002808	-104.859390	1.000000
0.000000	-52367.558594	-2882.182861	1.000000
0.000000	11471.633789	1497.730835	1.000000
0.000000	-40.342659	-319.629242	1.000000
0.000000	85.378868	1635.165527	1.000000
0.000000	-7879.701660	-93275.328125	1.000000
0.000000	-650.208618	998.359619	1.000000
0.000000	-135.134201	404.776978	1.000000
0.000000	461.070099	-116.886787	1.000000
0.000000	63.722210	478.826599	1.000000
0.000000	-43004.910156	-77634.257812	1.000000
0.000000	194.632339	-1175.908447	1.000000
0.000000	56.412460	441.626831	1.000000
0.000000	-148.305954	-68.875801	1.000000
0.000000	-471.652954	848.104370	1.000000
0.000000	488.496124	-32.343575	1.000000
0.000000	248.918823	1132.879028	1.000000
0.000000	-244.011566	280.873138	1.000000
0.000000	351.151093	595.807678	1.000000
0.000000	-11131.776367	544.972595	1.000000
0.000000	28171368.000000	16549397.000000	1.000000
0.000000	395.987518	-734.555786	1.000000
0.000000	-32722.867188	266689.062500	1.000000
0.000000	-362.375366	1.877949	1.000000
0.000000	1593.300781	2601.421387	1.000000
0.000000	4413.494629	10710.329102	1.000000
0.000000	-48391.312500	-126250.796875	1.000000
0.000000	-60.586140	-577.786987	1.000000
0.000000	1929694.125000	165311.859375	1.000000
0.000000	-179988.359375	-177937.812500	1.000000
0.000000	-70312.539062	13663.686523	1.000000
0.000000	343.157684	-223.285767	1.000000
0.000000	-131151.000000	15086.931641	1.000000
0.000000	-1187.931030	293.593628	1.000000
0.000000	-1408.420532	899.834229	1.000000
0.000000	-1220.300049	1294.872925	1.000000
0.000000	49290.496094	57677.625000	1.000000
0.000000	83774.476562	3604.498779	1.000000
0.000000	1181.224243	-363.296997	1.000000
0.000000	-469.501923	-333.387115	1.000000
0.000000	-1589278.625000	-1200867.375000	1.000000
0.000000	-394.941284	177.091202	1.000000
0.000000	2590553.750000	19481.226562	1.000000
0.000000	179.985168	-303.518341	1.000000
0.000000	-10523.664062	13299.189453	1.000000
0.000000	1826645.375000	135307.859375	1.000000
0.000000	-1550.213989	919.533203	1.000000
0.000000	392.746246	77.840797	1.000000
0.000000	453.962036	-99.226608	1.000000
0.000000	348.095154	885.880432	1.000000
0.000000	-10704.258789	7509.459473	1.000000
0.000000	-495.402710	185.614746	1.000000
0.000000	27338.822266	26024.582031	1.000000
0.000000	165.411652	379.694122	1.000000
0.000000	278.681610	623.029968	1.000000
0.000000	-166.841278	-9024.791016	1.000000
0.000000	-5725.735840	9775.839844	1.000000
0.000000	459230.593750	25490.667969	1.000000
0.000000	-1132.447998	1143.158203	1.000000
0.000000	2277.423340	-5186.145020	1.000000
0.000000	3489.507324	-2214.324463	1.000000
0.000000	208.617828	176.151138	1.000000
0.000000	330.133331	244.012695	1.000000
0.000000	912.753418	-851.491333	1.000000
0.000000	1221.881226	11606.977539	1.000000
0.000000	17919.781250	-23809.607422	1.000000
0.000000	443.141815	-25.691910	1.000000
0.000000	-6.384670	-332.059418	1.000000
0.000000	1044.669189	1243.309326	1.000000
0.000000	534.061096	-48.806904	1.000000
0.000000	126.520241	292.655609	1.000000
0.000000	-1319.020508	170.011963	1.000000
0.000000	75428.234375	-7395.454102	1.000000
0.000000	114.261848	520.430969	1.000000
0.000000	-88.059097	-720.712036	1.000000
0.000000	1170.921143	-9478.962891	1.000000
0.000000	340.499176	390.402710	1.000000
0.000000	329.761536	297.435333	1.000000
0.000000	-3807.119385	-4497.761230	1.000000
0.000000	632.454224	252.100021	1.000000
0.000000	-2125.279785	-3039.950439	1.000000
0.000000	56.541012	380.757996	1.000000
0.000000	22262.453125	39213.398438	1.000000
0.000000	469.451019	-23.506464	1.000000
0.000000	1003.917908	-547.790344	1.000000
0.000000	1355.476807	760.147400	1.000000
0.000000	-324.680084	752.708008	1.000000
0.000000	216.438034	-407.183868	1.000000
0.000000	9644.284180	4742.277832	1.000000
0.000000	-92623.046875	-330288.343750	1.000000
0.000000	8103.347168	16953.777344	1.000000
0.000000	287.157837	-275.603638	1.000000
0.000000	3437.812256	-801.321411	1.000000
0.000000	-423273.312500	-82041.453125	1.000000
0.000000	-44105600.000000	-10494824.000000	1.000000
0.000000	6076.188477	-4479.804199	1.000000
0.000000	-332.831879	264.947662	1.000000
0.000000	1129.229004	-1638.368286	1.000000
0.000000	5761.286133	283.523315	1.000000
0.000000	-370.339600	-143.204086	1.000000
0.000000	-600.606506	1010.906128	1.000000
0.000000	-18761.580078	-45.762352	1.000000
0.000000	-745.287048	-160.240707	1.000000
0.000000	311.993439	-463.184540	1.000000
0.000000	14652.671875	-10993.362305	1.000000
