0.000000	31556.878906	455757.187500	1.000000
0.000000	214973.093750	175174.546875	1.000000
0.000000	1174.935059	-12700.930664	1.000000
0.000000	-598.354187	649.820374	1.000000
0.000000	16894.630859	27471.976562	1.000000
0.000000	-13769.223633	772.038391	1.000000
0.000000	-751.994690	-2420.980225	1.000000
0.000000	-595178.687500	1523932.125000	1.000000
0.000000	3534.248291	-2268.500977	1.000000
0.000000	9292453.000000	3386659.750000	1.000000
0.000000	78697400.000000	19959642.000000	1.000000
0.000000	-203.738098	-165.534729	1.000000
0.000000	-259.808411	31.179615	1.000000
0.000000	95.296181	-169.528976	1.000000
0.000000	-73337376.000000	-31090268.000000	1.000000
0.000000	670.467712	-4554.985840	1.000000
0.000000	357.239258	-336.663757	1.000000
0.000000	-6131.980957	7742.099609	1.000000
0.000000	-987.504089	290.909332	1.000000
0.000000	-278.006866	217.541122	1.000000
0.000000	905.900696	7937.096680	1.000000
0.000000	10179.550781	85003.273438	1.000000
0.000000	-33.344112	749.647095	1.000000
0.665317	178.139404	141.612167	1.000000
0.000000	-207164.390625	-53284.199219	1.000000
0.000000	341.251862	-64.675400	1.000000
0.000000	10389.215820	35451.808594	1.000000
0.000000	-3856.150635	11594.498047	1.000000
0.000000	344.992981	-144.631012	1.000000
0.000000	-61543.984375	-273296.843750	1.000000
0.000000	5216.443359	-8961.833984	1.000000
0.000000	4809.259766	888.526978	1.000000
0.000000	-197.276855	434.050873	1.000000
0.000000	-483.757019	-257.007416	1.000000
0.000000	-183.252213	12.377419	1.000000
0.000000	4796.346680	2750.855225	1.000000
0.000000	77.578484	-40.548241	1.000000
0.000000	-5682.915527	-1459.445435	1.000000
0.000000	-246301.546875	-73664.375000	1.000000
0.000000	-46793.308594	-6116.486816	1.000000
0.000000	410.142487	43.118748	1.000000
0.000000	497.319397	72.958214	1.000000
0.000000	-1.186708	164.462173	1.000000
0.000000	-48.368069	-71.929794	1.000000
0.000000	38.644672	162.116486	1.000000
0.000000	-532.765808	-340.964630	1.000000
0.000000	-4141.385742	3396.440430	1.000000
0.000000	-785.216919	369.062225	1.000000
0.000000	-95.963120	-185.261963	1.000000
0.000000	-182.370972	-65.949074	1.000000
0.000000	6966.483887	6287.801758	1.000000
0.000000	-827.668274	1756.723022	1.000000
0.000000	69.791130	1410.020264	1.000000
0.000000	-3352.739502	-11711.579102	1.000000
0.000000	229.084290	-68.955780	1.000000
0.000000	-18.435247	-189.898560	1.000000
0.000000	53.869812	120.429718	1.000000
0.000000	29405522.000000	-21550876.000000	1.000000
0.000000	-492.739075	1616.731567	1.000000
0.000000	548.619873	462.744232	1.000000
0.000000	1752.492065	26308.361328	1.000000
0.000000	3234.413574	-1578.168701	1.000000
0.000000	-49.433002	-186.720245	1.000000
0.000000	119.120697	-296.277435	1.000000
0.000000	5433.946777	-2839.147461	1.000000
0.000000	401047.500000	-1051564.750000	1.000000
0.000000	40274.195312	142600.812500	1.000000
0.000000	899154304.000000	-490293056.000000	1.000000
0.000000	5167.735352	-14811.617188	1.000000
0.000000	-11819835.000000	-661406.312500	1.000000
0.000000	10571.627930	-15184.250977	1.000000
0.000000	3.934589	-283.195465	1.000000
0.000000	-209.753265	-715.311096	1.000000
0.000000	-585.398193	924.976807	1.000000
0.000000	424434.562500	2511.191650	1.000000
0.000000	-9264.072266	10658.708008	1.000000
0.000000	-94.152351	559.164246	1.000000
0.000000	39.836514	-202.522171	1.000000
0.000000	3413.710449	-13203.635742	1.000000
0.000000	-935690816.000000	516809408.000000	1.000000
0.000000	1333545.500000	80164.890625	1.000000
0.000000	370631.812500	-121718.875000	1.000000
0.000000	282575.125000	227369.250000	1.000000
0.000000	24978.224609	-23176.902344	1.000000
0.000000	2203343.750000	933770.062500	1.000000
0.000000	-106.628593	146.508545	1.000000
0.000000	172.388138	-15.009540	1.000000
0.000000	-3220.751221	-436.451416	1.000000
0.000000	-1660.866333	1632.903198	1.000000
0.000000	58.676643	201.563736	1.000000
0.000000	34.291935	37.395687	1.000000
0.000000	-1128.596313	1123.480835	1.000000
0.000000	838.455139	-139.950531	1.000000
0.000000	214.842789	-269.500214	1.000000
0.000000	-4355021.000000	2416277.250000	1.000000
0.000000	1029.788330	568.130188	1.000000
0.000000	-36.277264	-88042.203125	1.000000
0.000000	1711789.125000	-2028472.500000	1.000000
0.000000	795.612305	-1599.009277	1.000000
0.000000	-336.414795	-5251.733887	1.000000
0.000000	691415.187500	-227354.875000	1.000000
0.000000	12310197.000000	-6573529.500000	1.000000
0.000000	-21924.130859	-21419.992188	1.000000
0.000000	170589.859375	-24473.687500	1.000000
0.000000	64.237274	106.289124	1.000000
0.000000	202.115799	-7.056688	1.000000
0.000000	710.060364	-1765.800049	1.000000
0.000000	-88.309822	-172.510544	1.000000
0.000000	73.044128	-182.044144	1.000000
0.000000	-856.111450	980.806458	1.000000
0.000000	-120.359818	-3135.182861	1.000000
0.000000	-53772.437500	119833.890625	1.000000
0.000000	60.239647	162.471481	1.000000
0.000000	-260.808014	2.605773	1.000000
0.000000	-223.328461	-1102.614624	1.000000
0.000000	-64694.988281	15592.386719	1.000000
0.000000	2406.162354	694.056213	1.000000
0.000000	55708.378906	149523.671875	1.000000
0.000000	-13141.723633	6632.729492	1.000000
0.000000	-41705.707031	-29841.582031	1.000000
0.000000	-8535.047852	13756.900391	1.000000
0.000000	219.086914	299.678467	1.000000
0.000000	-238.279678	104.130241	1.000000
0.000000	1483.209717	3246.663818	1.000000
0.000000	535.758301	-388.900787	1.000000
0.000000	1987.587891	197.249695	1.000000
0.000000	546.936279	-438.114380	1.000000
0.000000	14012.531250	-14140.734375	1.000000
0.000000	-214.420944	-82.332741	1.000000
0.000000	-1128.319092	1617.456909	1.000000
0.000000	158.386688	184.907639	1.000000
0.000000	-13439.428711	-2960.532959	1.000000
0.000000	-28599.691406	-61432.531250	1.000000
0.000000	1642.758545	7967.213867	1.000000
0.000000	-2593.230957	1929.247559	1.000000
0.000000	-2.111402	-107.792015	1.000000
0.000000	135.766922	287.484253	1.000000
0.000000	-3889.796143	-16117.047852	1.000000
0.000000	661.971863	-57.472481	1.000000
0.000000	-8673.734375	12924.089844	1.000000
0.000000	-928.588135	-3074.391113	1.000000
0.000000	954.312439	462.510834	1.000000
0.000000	180.099319	-230.552673	1.000000
0.000000	-5755.219238	-20528.365234	1.000000
0.000000	-3.899103	-212.454117	1.000000
0.000000	22544.980469	-24489.634766	1.000000
0.000000	-224.987595	-93.856422	1.000000
0.000000	-3300464.250000	1376390.750000	1.000000
0.000000	-17950.177734	-1156.463013	1.000000
0.000000	-10.874269	476.137451	1.000000
0.000000	121.118889	-237.819397	1.000000
0.000000	6648.399902	2810.054688	1.000000
0.000000	-26239.599609	-23400.144531	1.000000
0.000000	-586712.625000	317391.718750	1.000000
0.000000	-108536.234375	249191.515625	1.000000
0.000000	38140.335938	-56191.003906	1.000000
0.000000	526.953857	-1635.450317	1.000000
0.000000	66.961189	68.748589	1.000000
0.000000	-194.209442	-535.078369	1.000000
0.000000	-356.712646	571.342163	1.000000
0.000000	4112436.000000	2116301.500000	1.000000
0.000000	59.493710	188.625565	1.000000
0.000000	-45231.175781	75854.031250	1.000000
0.000000	602.157288	1644.175293	1.000000
0.000000	4721.717285	12592.756836	1.000000
0.000000	630.530945	1721.253906	1.000000
0.000000	-44018.066406	2283.041748	1.000000
0.000000	245833.140625	-842228.687500	1.000000
0.000000	-122.842728	-92.771179	1.000000
0.000000	330.734955	-138.952301	1.000000
0.000000	-33026.199219	-139899.203125	1.000000
0.000000	-14299.415039	-13671.875000	1.000000
0.000000	-267.862305	-76.386024	1.000000
0.000000	-323455.156250	730136.875000	1.000000
0.000000	-31460.238281	-19729.453125	1.000000
0.000000	-320.240936	-1029.565063	1.000000
0.000000	116.783569	-245.500107	1.000000
0.000000	-3738.607910	-12741.705078	1.000000
0.000000	58.977539	-209.138779	1.000000
0.000000	3167.128906	3107.013672	1.000000
0.000000	-25.977133	285.401520	1.000000
0.000000	799322.062500	-982912.687500	1.000000
0.000000	-267.057953	388.785645	1.000000
0.000000	-3390.785400	-2058.427002	1.000000
0.000000	-2.634179	2785.160400	1.000000
0.000000	-234.931702	216.889084	1.000000
0.000000	19911.076172	10441.312500	1.000000
0.000000	-42.555817	605.508240	1.000000
0.000000	-3252.904785	-1876.616333	1.000000
0.000000	65063.933594	112551.164062	1.000000
0.665317	178.947937	136.209213	1.000000
0.000000	484892.843750	100699.140625	1.000000
0.000000	-156.595062	150.356995	1.000000
0.000000	78.997200	174.172745	1.000000
0.000000	299.389252	-1.231441	1.000000
0.000000	-171.542343	-88.315811	1.000000
0.000000	-52469.121094	-3118.315674	1.000000
0.000000	11334.524414	1276.832397	1.000000
0.000000	-109.940674	-68.114128	1.000000
0.000000	-66.445015	1846.542480	1.000000
0.000000	-7867.006348	-93031.578125	1.000000
0.000000	-494.391632	1206.562744	1.000000
0.000000	36.637680	209.586548	1.000000
0.000000	212.559372	-40.437202	1.000000
0.000000	49.479656	219.207458	1.000000
0.000000	-42801.785156	-77796.757812	1.000000
0.000000	397.892059	-1013.429077	1.000000
0.000000	-78.915428	219.617554	1.000000
0.000000	-31.957861	-301.368805	1.000000
0.000000	-447.849243	589.119995	1.000000
0.000000	306.794464	153.633331	1.000000
0.000000	187.108521	880.242310	1.000000
0.000000	-122.372772	51.088005	1.000000
0.000000	141.721741	441.804718	1.000000
0.000000	-10872.791992	564.015564	1.000000
0.000000	28171368.000000	16549397.000000	1.000000
0.000000	220.649521	-542.539185	1.000000
0.000000	-32824.429688	266851.562500	1.000000
0.000000	-102.442741	8.483866	1.000000
0.000000	1376.845703	2744.878418	1.000000
0.000000	4667.400879	10649.391602	1.000000
0.000000	-48655.375000	-126250.796875	1.000000
0.000000	167.681183	-453.372894	1.000000
0.000000	1929694.125000	165149.359375	1.000000
0.000000	-180232.109375	-177937.812500	1.000000
0.000000	-70109.414062	13810.952148	1.000000
0.000000	186.846634	-15.541096	1.000000
0.000000	-131069.750000	14838.103516	1.000000
0.000000	-956.148743	176.003296	1.000000
0.000000	-1245.285767	1102.129517	1.000000
0.000000	-1153.014893	1043.505737	1.000000
0.000000	49229.558594	57433.875000	1.000000
0.000000	83977.601562	3760.651123	1.000000
0.000000	933.549866	-442.325317	1.000000
0.000000	-238.441193	-214.237686	1.000000
0.000000	-1589278.625000	-1200867.375000	1.000000
0.000000	-144.050186	108.763382	1.000000
0.000000	2590553.750000	19247.632812	1.000000
0.000000	89.672928	-59.715210	1.000000
0.000000	-10371.320312	13085.908203	1.000000
0.000000	1826645.375000	135470.359375	1.000000
0.000000	-1580.047974	661.183594	1.000000
0.000000	140.303375	19.944332	1.000000
0.000000	239.456863	40.342621	1.000000
0.000000	555.663513	1042.387329	1.000000
0.000000	-10526.524414	7319.029785	1.000000
0.000000	-240.544327	134.119385	1.000000
0.000000	27328.666016	25760.519531	1.000000
0.000000	-24.380983	201.959763	1.000000
0.000000	266.938446	363.319977	1.000000
0.000000	86.089157	-9085.728516	1.000000
0.000000	-5466.751465	9770.761719	1.000000
0.000000	459068.093750	25683.636719	1.000000
0.000000	-888.697937	1053.021484	1.000000
0.000000	2067.950684	-5341.027832	1.000000
0.000000	3484.429199	-1954.070557	1.000000
0.000000	66.413147	-41.500999	1.000000
0.000000	107.803062	109.278175	1.000000
0.000000	1024.787354	-616.945435	1.000000
0.000000	1192.047241	11865.961914	1.000000
0.000000	18173.687500	-23758.826172	1.000000
0.000000	183.840042	-6.790212	1.000000
0.000000	-20.947605	-72.448761	1.000000
0.000000	1260.489502	1098.582764	1.000000
0.000000	274.124573	-42.161701	1.000000
0.000000	84.824074	36.037376	1.000000
0.000000	-1566.579102	90.726967	1.000000
0.000000	75184.484375	-7423.383789	1.000000
0.000000	45.032722	269.851929	1.000000
0.000000	-348.046875	-720.712036	1.000000
0.000000	1187.425049	-9737.947266	1.000000
0.000000	183.272705	183.310425	1.000000
0.000000	131.447113	129.282242	1.000000
0.000000	-3926.455322	-4728.815918	1.000000
0.000000	376.008881	209.729416	1.000000
0.000000	-1916.677612	-2885.067627	1.000000
0.000000	-53.036781	144.942581	1.000000
0.000000	22221.828125	38949.335938	1.000000
0.000000	209.500305	-24.359430	1.000000
0.000000	743.981384	-552.233704	1.000000
0.000000	1130.769775	629.385681	1.000000
0.000000	-313.889069	493.077332	1.000000
0.000000	52.430477	-205.467224	1.000000
0.000000	9512.252930	4965.715332	1.000000
0.000000	-92744.921875	-330125.843750	1.000000
0.000000	7844.362793	16943.621094	1.000000
0.000000	119.421021	-76.932205	1.000000
0.000000	3352.753662	-1047.263062	1.000000
0.000000	-423435.812500	-81838.328125	1.000000
0.000000	-44105600.000000	-10494824.000000	1.000000
0.000000	5959.391602	-4710.858887	1.000000
0.000000	-234.125824	24.388577	1.000000
0.000000	901.348145	-1763.417114	1.000000
0.000000	5964.411133	445.071167	1.000000
0.000000	-128.969986	-46.531178	1.000000
0.000000	-340.987366	1023.601440	1.000000
0.000000	-18802.205078	210.939835	1.000000
0.000000	-485.350525	-153.020248	1.000000
0.000000	282.318146	-204.850647	1.000000
0.000000	14414.000000	-11094.924805	1.000000
