0.000000	31382.894531	455920.937500	1.000000
0.000000	215054.968750	175420.171875	1.000000
0.000000	1213.953613	-12961.907227	1.000000
0.000000	-336.418152	645.982483	1.000000
0.000000	16874.162109	27205.882812	1.000000
0.000000	-13513.364258	712.870911	1.000000
0.000000	-516.923889	-2536.116943	1.000000
0.000000	-595506.187500	1523932.125000	1.000000
0.000000	3668.574463	-2043.344727	1.000000
0.000000	9292453.000000	3386659.750000	1.000000
0.000000	78697400.000000	19959642.000000	1.000000
0.000000	-456.559143	-234.137024	1.000000
0.000000	-383.900208	261.946716	1.000000
0.000000	85.661476	-431.331512	1.000000
0.000000	-73337376.000000	-31090268.000000	1.000000
0.000000	898.502380	-4427.056152	1.000000
0.000000	418.645508	-591.353882	1.000000
0.000000	-6267.586426	7967.255859	1.000000
0.000000	-986.864441	28.906670	1.000000
0.000000	-367.877472	463.645844	1.000000
0.000000	962.189758	8192.956055	1.000000
0.000000	10414.941406	85126.085938	1.000000
0.000000	-84.036247	1006.785767	1.000000
0.000000	370.091156	-33.173531	1.000000
0.000000	-207000.640625	-53468.417969	1.000000
0.000000	602.443665	-44.166672	1.000000
0.000000	10384.098633	35185.714844	1.000000
0.000000	-4113.203125	11543.326172	1.000000
0.000000	573.987122	-271.921051	1.000000
0.000000	-61277.890625	-273296.843750	1.000000
0.000000	5060.369141	-8752.029297	1.000000
0.000000	5062.560547	953.131470	1.000000
0.000000	-438.904053	535.435120	1.000000
0.000000	-675.355286	-78.465103	1.000000
0.000000	-387.968109	-151.061417	1.000000
0.000000	5034.295898	2859.595459	1.000000
0.000000	-166.080688	-136.851639	1.000000
0.000000	-5885.044434	-1625.114380	1.000000
0.000000	-246219.671875	-73910.000000	1.000000
0.000000	-46588.621094	-6275.119629	1.000000
0.000000	612.190735	209.927414	1.000000
0.000000	648.611755	-140.870483	1.000000
0.000000	-3.539165	426.426147	1.000000
0.000000	-165.347061	-304.522888	1.000000
0.000000	71.211197	422.104706	1.000000
0.000000	-631.591492	-98.326004	1.000000
0.000000	-3926.463867	3246.762695	1.000000
0.000000	-933.935181	584.837585	1.000000
0.000000	-153.611435	-440.801514	1.000000
0.000000	-438.733032	-119.839455	1.000000
0.000000	7227.460449	6259.657227	1.000000
0.000000	-970.629700	1537.323608	1.000000
0.000000	-79.123535	1194.458740	1.000000
0.000000	-3504.975830	-11496.657227	1.000000
0.000000	472.821411	26.760317	1.000000
0.000000	-11.958807	-451.834595	1.000000
0.000000	315.706879	111.354706	1.000000
0.000000	29405522.000000	-21550876.000000	1.000000
0.000000	-703.823059	1771.526489	1.000000
0.000000	376.108673	660.035828	1.000000
0.000000	1617.526245	26083.205078	1.000000
0.000000	3334.198730	-1820.595459	1.000000
0.000000	-187.279358	-409.502686	1.000000
0.000000	260.483002	-516.799683	1.000000
0.000000	5272.755371	-3045.114258	1.000000
0.000000	401211.250000	-1051564.750000	1.000000
0.000000	40049.039062	142437.062500	1.000000
0.000000	899154304.000000	-490293056.000000	1.000000
0.000000	4998.868164	-15011.187500	1.000000
0.000000	-11819835.000000	-661078.812500	1.000000
0.000000	10704.674805	-14959.094727	1.000000
0.000000	-73.463165	-533.471619	1.000000
0.000000	-407.545837	-887.056702	1.000000
0.000000	-323.577271	916.021729	1.000000
0.000000	424107.062500	2445.947510	1.000000
0.000000	-9519.931641	10597.301758	1.000000
0.000000	-348.458160	496.158875	1.000000
0.000000	16.889126	-463.498749	1.000000
0.000000	3439.296387	-13464.612305	1.000000
0.000000	-935690816.000000	516809408.000000	1.000000
0.000000	1333545.500000	80410.515625	1.000000
0.000000	370959.312500	-121759.812500	1.000000
0.000000	282247.625000	227451.125000	1.000000
0.000000	24742.833984	-23054.089844	1.000000
0.000000	2203343.750000	933442.562500	1.000000
0.000000	-244.632736	369.226807	1.000000
0.000000	-83.309441	-72.141029	1.000000
0.000000	-3057.001221	-231.773392	1.000000
0.000000	-1691.569458	1893.240112	1.000000
0.000000	179.490234	434.075928	1.000000
0.000000	-33.020550	-215.817749	1.000000
0.000000	-1381.257446	1054.398804	1.000000
0.000000	1059.773438	-280.259583	1.000000
0.000000	273.107239	-14.048717	1.000000
0.000000	-4355021.000000	2416277.250000	1.000000
0.000000	1256.223877	699.577942	1.000000
0.000000	-292.682739	-88083.140625	1.000000
0.000000	1711789.125000	-2028472.500000	1.000000
0.000000	844.545410	-1341.870605	1.000000
0.000000	-121.011887	-5400.132324	1.000000
0.000000	691415.187500	-227600.500000	1.000000
0.000000	12310197.000000	-6573529.500000	1.000000
0.000000	-21985.537109	-21675.851562	1.000000
0.000000	170835.484375	-24627.203125	1.000000
0.000000	-48.799259	338.989105	1.000000
0.000000	452.840790	-83.243141	1.000000
0.000000	456.439758	-1831.044189	1.000000
0.000000	-260.695068	-369.842072	1.000000
0.000000	168.408661	-426.070038	1.000000
0.000000	-931.270142	1231.603638	1.000000
0.000000	-374.342957	-3071.218018	1.000000
0.000000	-54038.531250	119833.890625	1.000000
0.000000	148.606659	404.612488	1.000000
0.000000	-514.267273	68.973701	1.000000
0.000000	28.631060	-1030.973999	1.000000
0.000000	-64469.832031	15449.105469	1.000000
0.000000	2484.199463	944.158752	1.000000
0.000000	55913.066406	149687.421875	1.000000
0.000000	-13392.465820	6550.854492	1.000000
0.000000	-41910.394531	-29688.066406	1.000000
0.000000	-8320.125977	13905.298828	1.000000
0.000000	455.756836	411.936768	1.000000
0.000000	-431.286255	281.381348	1.000000
0.000000	1671.906006	3065.003662	1.000000
0.000000	788.739258	-457.183258	1.000000
0.000000	1819.360352	-3.545673	1.000000
0.000000	598.108154	-694.979187	1.000000
0.000000	13956.242188	-14396.593750	1.000000
0.000000	-437.818176	-219.150894	1.000000
0.000000	-1227.464600	1375.030151	1.000000
0.000000	345.643768	368.166901	1.000000
0.000000	-13183.569336	-3018.101318	1.000000
0.000000	-28763.441406	-61637.218750	1.000000
0.000000	1786.039795	8187.252930	1.000000
0.000000	-2433.318848	1722.001465	1.000000
0.000000	237.614105	-213.493912	1.000000
0.000000	-33.279118	93.933662	1.000000
0.000000	-3723.487549	-15912.360352	1.000000
0.000000	913.673523	15.642543	1.000000
0.000000	-8934.710938	12944.558594	1.000000
0.000000	-849.591553	-3323.854004	1.000000
0.000000	925.848083	722.878113	1.000000
0.000000	436.118622	-286.165466	1.000000
0.000000	-5496.801270	-20487.427734	1.000000
0.000000	9.883310	-474.070343	1.000000
0.000000	22473.339844	-24745.494141	1.000000
0.000000	-401.676422	-287.350098	1.000000
0.000000	-3300464.250000	1376390.750000	1.000000
0.000000	-18042.287109	-1400.808716	1.000000
0.000000	-121.063347	713.766846	1.000000
0.000000	208.434052	-484.877716	1.000000
0.000000	6732.833496	2561.871094	1.000000
0.000000	-25993.974609	-23318.269531	1.000000
0.000000	-586712.625000	317555.468750	1.000000
0.000000	-108536.234375	248945.890625	1.000000
0.000000	37874.242188	-56191.003906	1.000000
0.000000	696.460693	-1835.020630	1.000000
0.000000	192.812027	298.542267	1.000000
0.000000	-254.096527	-280.033020	1.000000
0.000000	-428.193359	823.363647	1.000000
0.000000	4112436.000000	2116301.500000	1.000000
0.000000	313.592194	240.238297	1.000000
0.000000	-45333.519531	76099.656250	1.000000
0.000000	838.507385	1757.393066	1.000000
0.000000	4975.018066	12526.233398	1.000000
0.000000	604.625183	1460.277344	1.000000
0.000000	-44202.285156	2474.936279	1.000000
0.000000	245587.515625	-842228.687500	1.000000
0.000000	-359.833344	-204.402451	1.000000
0.000000	592.031311	-118.741753	1.000000
0.000000	-32923.855469	-140144.828125	1.000000
0.000000	-14386.407227	-13426.250000	1.000000
0.000000	-529.478516	-89.658730	1.000000
0.000000	-323782.656250	730136.875000	1.000000
0.000000	-31235.082031	-19596.406250	1.000000
0.000000	-557.101196	-1141.503540	1.000000
0.000000	187.551010	-497.684845	1.000000
0.000000	-3487.865723	-12818.462891	1.000000
0.000000	134.740784	-459.895905	1.000000
0.000000	3245.166016	2857.550781	1.000000
0.000000	98.307556	58.401299	1.000000
0.000000	798994.562500	-982912.687500	1.000000
0.000000	-525.475891	432.441650	1.000000
0.000000	-3140.043213	-2132.626221	1.000000
0.000000	-57.689220	3041.019775	1.000000
0.000000	-419.790100	402.563873	1.000000
0.000000	19778.029297	10666.468750	1.000000
0.000000	215.683624	561.372498	1.000000
0.000000	-3502.367676	-1958.491333	1.000000
0.000000	65145.808594	112796.789062	1.000000
0.000000	374.013397	310.745453	1.000000
0.000000	484892.843750	100944.765625	1.000000
0.000000	-346.090912	331.264282	1.000000
0.000000	78.399834	436.251831	1.000000
0.000000	344.324554	256.871521	1.000000
0.000000	-432.998657	-104.986649	1.000000
0.000000	-52366.777344	-2880.366455	1.000000
0.000000	11472.688477	1499.430054	1.000000
0.000000	-39.799141	-321.554291	1.000000
0.000000	86.546776	1633.539551	1.000000
0.000000	-7879.799316	-93277.203125	1.000000
0.000000	-651.407349	996.758057	1.000000
0.000000	-136.455612	406.278442	1.000000
0.000000	462.981720	-117.474861	1.000000
0.000000	63.831768	480.823669	1.000000
0.000000	-43006.472656	-77633.007812	1.000000
0.000000	193.069229	-1177.158447	1.000000
0.000000	57.453415	443.334595	1.000000
0.000000	-149.200729	-67.087166	1.000000
0.000000	-471.836060	850.096558	1.000000
0.000000	489.893829	-33.774086	1.000000
0.000000	249.394287	1134.822388	1.000000
0.000000	-244.947235	282.640717	1.000000
0.000000	352.762421	596.991760	1.000000
0.000000	-11133.768555	544.826111	1.000000
0.000000	28171368.000000	16549397.000000	1.000000
0.000000	397.336395	-736.032837	1.000000
0.000000	-32722.085938	266687.812500	1.000000
0.000000	-364.374878	1.827133	1.000000
0.000000	1594.965820	2600.317871	1.000000
0.000000	4411.541504	10710.797852	1.000000
0.000000	-48389.281250	-126250.796875	1.000000
0.000000	-62.341969	-578.744019	1.000000
0.000000	1929694.125000	165313.109375	1.000000
0.000000	-179986.484375	-177937.812500	1.000000
0.000000	-70314.101562	13662.553711	1.000000
0.000000	344.360077	-224.883667	1.000000
0.000000	-131151.625000	15088.845703	1.000000
0.000000	-1189.713257	294.498169	1.000000
0.000000	-1409.675415	898.279053	1.000000
0.000000	-1220.817627	1296.806519	1.000000
0.000000	49290.964844	57679.500000	1.000000
0.000000	83772.914062	3603.297607	1.000000
0.000000	1183.128540	-362.689087	1.000000
0.000000	-471.279266	-334.303864	1.000000
0.000000	-1589278.625000	-1200867.375000	1.000000
0.000000	-396.871216	177.616714	1.000000
0.000000	2590553.750000	19483.023438	1.000000
0.000000	180.679749	-305.393341	1.000000
0.000000	-10524.835938	13300.830078	1.000000
0.000000	1826645.375000	135306.609375	1.000000
0.000000	-1549.984497	921.520508	1.000000
0.000000	394.695709	78.286964	1.000000
0.000000	455.625854	-100.336838	1.000000
0.000000	346.498474	884.676819	1.000000
0.000000	-10705.625977	7510.924316	1.000000
0.000000	-497.363159	186.010864	1.000000
0.000000	27338.900391	26026.613281	1.000000
0.000000	166.871613	381.061310	1.000000
0.000000	278.771942	625.027039	1.000000
0.000000	-168.787079	-9024.322266	1.000000
0.000000	-5727.728027	9775.878906	1.000000
0.000000	459231.843750	25489.183594	1.000000
0.000000	-1134.322998	1143.851562	1.000000
0.000000	2279.034668	-5184.953613	1.000000
0.000000	3489.546387	-2216.326416	1.000000
0.000000	209.711578	177.825333	1.000000
0.000000	331.843536	245.049072	1.000000
0.000000	911.891602	-853.295532	1.000000
0.000000	1222.110718	11604.985352	1.000000
0.000000	17917.828125	-23809.998047	1.000000
0.000000	445.136444	-25.837326	1.000000
0.000000	-6.272651	-334.056488	1.000000
0.000000	1043.009033	1244.422607	1.000000
0.000000	536.060608	-48.858021	1.000000
0.000000	126.840981	294.629486	1.000000
0.000000	-1317.116211	170.621704	1.000000
0.000000	75430.109375	-7395.239258	1.000000
0.000000	114.794380	522.359680	1.000000
0.000000	-86.058975	-720.712036	1.000000
0.000000	1170.794189	-9476.970703	1.000000
0.000000	341.708893	391.995728	1.000000
0.000000	331.287415	298.729279	1.000000
0.000000	-3806.201416	-4495.983887	1.000000
0.000000	634.426880	252.425949	1.000000
0.000000	-2126.881348	-3041.141846	1.000000
0.000000	57.383907	382.571960	1.000000
0.000000	22262.765625	39215.429688	1.000000
0.000000	471.450531	-23.499903	1.000000
0.000000	1005.917419	-547.756165	1.000000
0.000000	1357.205322	761.153259	1.000000
0.000000	-324.763092	754.705078	1.000000
0.000000	217.699631	-408.735382	1.000000
0.000000	9645.299805	4740.559082	1.000000
0.000000	-92622.109375	-330289.593750	1.000000
0.000000	8105.339355	16953.855469	1.000000
0.000000	288.448120	-277.131958	1.000000
0.000000	3438.466553	-799.429321	1.000000
0.000000	-423272.062500	-82043.015625	1.000000
0.000000	-44105600.000000	-10494824.000000	1.000000
0.000000	6077.086914	-4478.026855	1.000000
0.000000	-333.591156	266.798248	1.000000
0.000000	1130.981934	-1637.406372	1.000000
0.000000	5759.723633	282.280640	1.000000
0.000000	-372.196289	-143.947495	1.000000
0.000000	-602.603577	1010.808472	1.000000
0.000000	-18761.267578	-47.736992	1.000000
0.000000	-747.286560	-160.296249	1.000000
0.000000	312.221710	-465.171844	1.000000
0.000000	14654.507812	-10992.581055	1.000000
