0.000000	31626.937500	455691.250000	1.000000
0.000000	214940.125000	175075.640625	1.000000
0.000000	1159.223389	-12595.842773	1.000000
0.000000	-703.828430	651.365784	1.000000
0.000000	16902.873047	27579.125000	1.000000
0.000000	-13872.250977	795.863464	1.000000
0.000000	-846.651062	-2374.617920	1.000000
0.000000	-595046.812500	1523932.125000	1.000000
0.000000	3480.158936	-2359.165039	1.000000
0.000000	9292453.000000	3386659.750000	1.000000
0.000000	78697400.000000	19959642.000000	1.000000
0.000000	-101.930077	-137.910522	1.000000
0.000000	-209.869904	-61.746773	1.000000
0.000000	99.175804	-64.096680	1.000000
0.000000	-73337376.000000	-31090268.000000	1.000000
0.000000	578.644592	-4606.499512	1.000000
0.000000	332.512695	-234.094040	1.000000
0.000000	-6077.376465	7651.435547	1.000000
0.000000	-987.761658	396.383575	1.000000
0.000000	-241.805893	118.441704	1.000000
0.000000	883.234680	7834.069336	1.000000
0.000000	10084.765625	84953.820312	1.000000
0.000000	-12.935578	646.104614	1.000000
0.000000	100.483307	213.017578	1.000000
0.000000	-207230.328125	-53210.019531	1.000000
0.000000	236.093475	-72.933685	1.000000
0.000000	10391.276367	35558.957031	1.000000
0.000000	-3752.608154	11615.103516	1.000000
0.000000	252.783493	-93.374916	1.000000
0.000000	-61651.132812	-273296.843750	1.000000
0.000000	5279.290039	-9046.316406	1.000000
0.000000	4707.262695	862.512573	1.000000
0.000000	-99.985046	393.226288	1.000000
0.000000	-406.550903	-328.933380	1.000000
0.000000	-100.798141	78.192337	1.000000
0.000000	4700.531250	2707.068604	1.000000
0.000000	175.689514	-1.787372	1.000000
0.000000	-5601.523926	-1392.735229	1.000000
0.000000	-246334.515625	-73565.468750	1.000000
0.000000	-46875.730469	-6052.609863	1.000000
0.000000	328.815277	-24.055889	1.000000
0.000000	436.340088	159.060730	1.000000
0.000000	-0.239356	58.965878	1.000000
0.000000	-3.998424	22.902378	1.000000
0.100022	25.481968	58.346851	1.000000
0.000000	-492.971527	-438.647430	1.000000
0.000000	-4227.928711	3456.711426	1.000000
0.000000	-725.332275	282.197296	1.000000
0.000000	-72.687454	-82.306961	1.000000
0.000000	-79.125870	-44.248936	1.000000
0.000000	6861.395996	6299.134766	1.000000
0.000000	-770.101746	1845.068970	1.000000
0.000000	129.755798	1496.820801	1.000000
0.000000	-3291.438232	-11798.122070	1.000000
0.000000	131.659058	-109.410110	1.000000
0.000000	-20.450310	-86.123421	1.000000
0.000000	-51.566135	124.083969	1.000000
0.000000	29405522.000000	-21550876.000000	1.000000
0.000000	-407.741516	1554.400024	1.000000
0.000000	618.034546	383.348785	1.000000
0.000000	1806.838989	26399.025391	1.000000
0.000000	3194.232910	-1480.550293	1.000000
0.000000	5.483730	-95.306290	1.000000
0.000000	62.198086	-207.463165	1.000000
0.000000	5498.854004	-2756.210449	1.000000
0.000000	400981.562500	-1051564.750000	1.000000
0.000000	40364.859375	142666.750000	1.000000
0.000000	899154304.000000	-490293056.000000	1.000000
0.000000	5235.733398	-14731.255859	1.000000
0.000000	-11819835.000000	-661538.187500	1.000000
0.000000	10518.053711	-15274.915039	1.000000
0.000000	35.100491	-182.398346	1.000000
0.000000	-130.132446	-646.153992	1.000000
0.000000	-690.872437	928.582764	1.000000
0.000000	424566.437500	2537.463623	1.000000
0.000000	-9161.044922	10683.434570	1.000000
0.000000	8.252834	584.534729	1.000000
0.000000	49.076778	-97.434280	1.000000
0.000000	3403.407715	-13098.547852	1.000000
0.000000	-935690816.000000	516809408.000000	1.000000
0.000000	1333545.500000	80065.984375	1.000000
0.000000	370499.937500	-121702.390625	1.000000
0.000000	282707.000000	227336.281250	1.000000
0.000000	25073.009766	-23226.355469	1.000000
0.000000	2203343.750000	933901.937500	1.000000
0.000000	-53.933681	60.013508	1.000000
0.000000	273.854889	10.490273	1.000000
0.000000	-3286.688721	-518.873291	1.000000
0.000000	-1648.503052	1528.072876	1.000000
0.000000	10.029991	107.941093	1.000000
0.000000	61.392956	139.358459	1.000000
0.000000	-1026.856812	1151.298218	1.000000
0.000000	749.336487	-83.459167	1.000000
0.000000	191.371872	-372.334381	1.000000
0.000000	-4355021.000000	2416277.250000	1.000000
0.000000	938.488525	515.199890	1.000000
0.000000	66.970123	-88025.718750	1.000000
0.000000	1711789.125000	-2028472.500000	1.000000
0.000000	775.908325	-1702.551758	1.000000
0.000000	-423.150940	-5191.978027	1.000000
0.000000	691415.187500	-227255.968750	1.000000
0.000000	12310197.000000	-6573529.500000	1.000000
0.000000	-21899.404297	-21316.964844	1.000000
0.000000	170490.953125	-24411.871094	1.000000
0.000000	109.392990	13.465651	1.000000
0.000000	100.806900	22.335234	1.000000
0.000000	812.186218	-1739.528076	1.000000
0.000000	-18.897783	-93.052162	1.000000
0.000000	34.650345	-83.781815	1.000000
0.000000	-825.847168	879.710876	1.000000
0.000000	-18.076050	-3160.939697	1.000000
0.000000	-53665.289062	119833.890625	1.000000
0.100022	22.990547	62.879230	1.000000
0.000000	-158.706772	-24.157871	1.000000
0.000000	-324.800018	-1131.462280	1.000000
0.000000	-64785.652344	15650.082031	1.000000
0.000000	2374.739014	593.346985	1.000000
0.000000	55625.957031	149457.734375	1.000000
0.000000	-13040.756836	6665.698242	1.000000
0.000000	-41623.285156	-29903.398438	1.000000
0.000000	-8621.590820	13697.144531	1.000000
0.000000	123.785912	254.474121	1.000000
0.000000	-160.590622	32.751610	1.000000
0.000000	1407.227051	3319.813232	1.000000
0.000000	433.890045	-361.405365	1.000000
0.000000	2055.356201	278.102753	1.000000
0.000000	526.330811	-334.636292	1.000000
0.000000	14035.197266	-14037.707031	1.000000
0.000000	-124.464569	-27.234234	1.000000
0.000000	-1088.395996	1715.075317	1.000000
0.000000	82.983551	111.114304	1.000000
0.000000	-13542.456055	-2937.351807	1.000000
0.000000	-28533.753906	-61350.109375	1.000000
0.000000	1585.063232	7878.610352	1.000000
0.000000	-2657.623047	2012.699707	1.000000
0.000000	-98.647049	-65.228844	1.000000
0.000000	205.535751	366.622131	1.000000
0.000000	-3956.763916	-16199.469727	1.000000
0.000000	560.618713	-86.915764	1.000000
0.000000	-8568.646484	12915.847656	1.000000
0.000000	-960.397827	-2973.939453	1.000000
0.000000	965.774231	357.616119	1.000000
0.000000	77.007584	-208.176422	1.000000
0.000000	-5859.276855	-20544.849609	1.000000
0.000000	-9.448896	-107.105469	1.000000
0.000000	22573.828125	-24386.607422	1.000000
0.000000	-153.866531	-15.937855	1.000000
0.000000	-3300464.250000	1376390.750000	1.000000
0.000000	-17913.087891	-1058.071899	1.000000
0.000000	33.499924	380.450806	1.000000
0.033951	85.967209	-138.423477	1.000000
0.000000	6614.400879	2909.991211	1.000000
0.000000	-26338.505859	-23433.113281	1.000000
0.000000	-586712.625000	317325.781250	1.000000
0.000000	-108536.234375	249290.421875	1.000000
0.000000	38247.484375	-56191.003906	1.000000
0.000000	458.698212	-1555.088989	1.000000
0.000000	16.278286	-23.782143	1.000000
0.000000	-170.094604	-637.719360	1.000000
0.000000	-327.929382	469.860199	1.000000
0.000000	4112436.000000	2116301.500000	1.000000
0.000000	-43.928001	167.794724	1.000000
0.000000	-45189.964844	75755.125000	1.000000
0.000000	506.989197	1598.585693	1.000000
0.000000	4619.720215	12619.543945	1.000000
0.000000	640.962463	1826.341797	1.000000
0.000000	-43943.886719	2205.771240	1.000000
0.000000	245932.046875	-842228.687500	1.000000
0.000000	-27.400450	-47.809402	1.000000
0.000000	229.919006	-145.147537	1.000000
0.000000	-33067.410156	-139800.296875	1.000000
0.000000	-14264.385742	-13770.781250	1.000000
0.000000	-162.488266	-71.041481	1.000000
0.000000	-323323.281250	730136.875000	1.000000
0.000000	-31550.902344	-19783.027344	1.000000
0.000000	-224.876236	-984.490601	1.000000
0.033951	88.251945	-143.863449	1.000000
0.000000	-3839.574707	-12710.796875	1.000000
0.000000	28.464203	-108.139786	1.000000
0.000000	3135.705566	3207.465332	1.000000
0.000000	-75.907555	378.319305	1.000000
0.000000	799453.937500	-982912.687500	1.000000
0.000000	-163.029114	371.206604	1.000000
0.000000	-3491.752197	-2028.549194	1.000000
0.000000	19.536715	2682.133057	1.000000
0.000000	-160.494446	142.097672	1.000000
0.000000	19964.650391	10350.648438	1.000000
0.000000	-146.537476	623.280457	1.000000
0.000000	-3152.453125	-1843.647583	1.000000
0.000000	65030.964844	112452.257812	1.000000
0.000000	101.155930	64.950516	1.000000
0.000000	484892.843750	100600.234375	1.000000
0.000000	-80.290443	77.497353	1.000000
0.000000	80.333336	68.675362	1.000000
0.000000	281.295074	-105.164917	1.000000
0.000000	-66.323006	-81.652672	1.000000
0.000000	-52510.332031	-3214.131104	1.000000
0.000000	11278.889648	1187.198608	1.000000
0.000000	-138.617203	33.415497	1.000000
0.000000	-128.052139	1932.312744	1.000000
0.000000	-7861.854980	-92932.671875	1.000000
0.000000	-431.222992	1291.045166	1.000000
0.000000	103.010620	131.416672	1.000000
0.000000	109.068077	-11.976673	1.000000
0.000000	47.028160	112.830719	1.000000
0.000000	-42719.363281	-77862.695312	1.000000
0.000000	480.378326	-947.620361	1.000000
0.000000	-133.827484	129.533020	1.000000
0.000000	15.249866	-395.703217	1.000000
0.000000	-438.190430	484.032104	1.000000
0.000000	233.065536	229.100861	1.000000
0.000000	162.027802	777.730103	1.000000
0.000000	-73.000137	-42.149654	1.000000
0.000000	56.742874	379.279999	1.000000
0.000000	-10767.704102	571.742615	1.000000
0.000000	28171368.000000	16549397.000000	1.000000
0.000000	149.528458	-464.624786	1.000000
0.000000	-32865.640625	266917.500000	1.000000
0.000000	-0.037194	13.918858	1.000000
0.000000	1289.014893	2803.088867	1.000000
0.000000	4770.428223	10624.665039	1.000000
0.000000	-48762.523438	-126250.796875	1.000000
0.000000	260.307709	-402.889496	1.000000
0.000000	1929694.125000	165083.421875	1.000000
0.000000	-180331.015625	-177937.812500	1.000000
0.000000	-70026.992188	13870.708008	1.000000
0.000000	125.528618	65.142899	1.000000
0.000000	-131036.781250	14737.136719	1.000000
0.000000	-862.007507	128.288757	1.000000
0.000000	-1179.090698	1184.293823	1.000000
0.000000	-1125.712646	941.612793	1.000000
0.000000	49204.832031	57334.968750	1.000000
0.000000	84060.023438	3824.012939	1.000000
0.000000	832.969421	-474.392578	1.000000
0.000000	-144.654114	-165.911423	1.000000
0.000000	-1589278.625000	-1200867.375000	1.000000
0.000000	-44.211601	73.420403	1.000000
0.000000	2590553.750000	19152.847656	1.000000
0.000000	54.575104	33.234486	1.000000
0.000000	-10309.503906	12999.365234	1.000000
0.000000	1826645.375000	135536.296875	1.000000
0.000000	-1592.153687	556.353271	1.000000
0.000000	37.579136	1.128366	1.000000
0.000000	151.690445	98.907227	1.000000
0.000000	639.888367	1106.006714	1.000000
0.000000	-10454.405273	7241.759277	1.000000
0.000000	-137.130630	113.235535	1.000000
0.000000	27324.544922	25653.371094	1.000000
0.000000	-101.393524	129.840622	1.000000
0.000000	262.173431	257.910126	1.000000
0.000000	188.723572	-9110.455078	1.000000
0.000000	-5361.663574	9768.701172	1.000000
0.000000	459002.156250	25761.937500	1.000000
0.000000	-789.791687	1016.446777	1.000000
0.000000	1983.150146	-5403.874512	1.000000
0.000000	3482.368652	-1848.467529	1.000000
0.000000	8.707825	-129.816803	1.000000
0.000000	17.574295	54.594574	1.000000
0.000000	1070.119385	-521.773926	1.000000
0.000000	1179.941528	11971.049805	1.000000
0.000000	18276.714844	-23738.220703	1.000000
0.000000	78.623367	0.878797	1.000000
0.000000	-20.638445	29.487173	1.000000
0.000000	1348.062744	1039.857178	1.000000
0.000000	168.650345	-39.465282	1.000000
0.000000	66.842056	-66.460220	1.000000
0.000000	-1667.030762	58.548386	1.000000
0.000000	75085.578125	-7434.716797	1.000000
0.000000	16.943832	168.149017	1.000000
0.000000	-453.521118	-720.712036	1.000000
0.000000	1194.121826	-9843.035156	1.000000
0.000000	119.490196	99.278748	1.000000
0.000000	50.975094	61.058468	1.000000
0.000000	-3974.878174	-4822.570801	1.000000
0.000000	271.951263	192.536728	1.000000
0.000000	-1831.937622	-2822.220947	1.000000
0.000000	-92.675262	53.691891	1.000000
0.000000	22205.343750	38842.187500	1.000000
0.000000	106.649910	-22.128109	1.000000
0.000000	638.507141	-554.036682	1.000000
0.000000	1039.590576	576.326599	1.000000
0.000000	-309.510406	387.667480	1.000000
0.000000	-14.116810	-123.593544	1.000000
0.000000	9458.678711	5056.379395	1.000000
0.000000	-92794.375000	-330059.906250	1.000000
0.000000	7739.274902	16939.500000	1.000000
0.000000	50.755188	3.286676	1.000000
0.000000	3318.239502	-1146.942017	1.000000
0.000000	-423501.750000	-81755.906250	1.000000
0.000000	-44105600.000000	-10494824.000000	1.000000
0.000000	5911.999023	-4804.613770	1.000000
0.000000	-194.114166	-73.177338	1.000000
0.000000	808.881104	-1814.158081	1.000000
0.000000	6046.833008	510.622314	1.000000
0.000000	-31.029669	-7.306241	1.000000
0.000000	-235.635681	1028.752808	1.000000
0.000000	-18818.689453	315.112305	1.000000
0.000000	-379.876282	-150.090408	1.000000
0.000000	265.890442	-101.995087	1.000000
0.000000	14317.154297	-11136.135742	1.000000
