0.000000	31463.578125	455845.000000	1.000000
0.000000	215017.000000	175306.265625	1.000000
0.000000	1195.859131	-12840.881836	1.000000
0.000000	-457.888489	647.762268	1.000000
0.000000	16883.654297	27329.281250	1.000000
0.000000	-13632.016602	740.309265	1.000000
0.000000	-625.935730	-2482.723389	1.000000
0.000000	-595354.312500	1523932.125000	1.000000
0.000000	3606.281982	-2147.758789	1.000000
0.000000	9292453.000000	3386659.750000	1.000000
0.000000	78697400.000000	19959642.000000	1.000000
0.000000	-339.315796	-202.323364	1.000000
0.000000	-326.353821	154.937134	1.000000
0.000000	90.129478	-309.935333	1.000000
0.000000	-73337376.000000	-31090268.000000	1.000000
0.000000	792.753479	-4486.382324	1.000000
0.000000	390.168945	-473.270508	1.000000
0.000000	-6204.700684	7862.841797	1.000000
0.000000	-987.161072	150.411407	1.000000
0.000000	-326.200836	349.517120	1.000000
0.000000	936.086243	8074.303711	1.000000
0.000000	10305.781250	85069.132812	1.000000
0.000000	-60.528255	887.540161	1.000000
0.483201	280.579926	49.118355	1.000000
0.000000	-207076.578125	-53382.988281	1.000000
0.000000	481.288788	-53.677399	1.000000
0.000000	10386.471680	35309.113281	1.000000
0.000000	-3994.043701	11567.056641	1.000000
0.000000	467.793274	-212.891510	1.000000
0.000000	-61401.289062	-273296.843750	1.000000
0.000000	5132.747070	-8849.324219	1.000000
0.000000	4945.094727	923.171753	1.000000
0.000000	-326.851746	488.419159	1.000000
0.000000	-586.514343	-161.262192	1.000000
0.000000	-293.046234	-75.272232	1.000000
0.000000	4923.949219	2809.168213	1.000000
0.000000	-53.089119	-92.193825	1.000000
0.000000	-5791.309082	-1548.286987	1.000000
0.000000	-246257.640625	-73796.093750	1.000000
0.000000	-46683.542969	-6201.555176	1.000000
0.000000	518.455383	132.580917	1.000000
0.000000	578.458557	-41.707577	1.000000
0.000000	-2.448236	304.955811	1.000000
0.000000	-110.612785	-196.050644	1.000000
0.000000	56.106411	301.524261	1.000000
0.000000	-585.762024	-210.860336	1.000000
0.000000	-4026.131836	3316.174316	1.000000
0.000000	-864.968506	484.744904	1.000000
0.000000	-126.877579	-322.297485	1.000000
0.000000	-319.858215	-94.848305	1.000000
0.000000	7106.435059	6272.708984	1.000000
0.000000	-904.332703	1639.067993	1.000000
0.000000	-10.065436	1294.423340	1.000000
0.000000	-3434.377686	-11596.325195	1.000000
0.000000	360.620789	-19.834206	1.000000
0.000000	-14.962194	-330.364258	1.000000
0.000000	194.291855	115.563156	1.000000
0.000000	29405522.000000	-21550876.000000	1.000000
0.000000	-605.934875	1699.741821	1.000000
0.000000	456.124847	568.525208	1.000000
0.000000	1680.115356	26187.619141	1.000000
0.000000	3287.924316	-1708.172363	1.000000
0.000000	-123.355400	-306.200989	1.000000
0.000000	194.927582	-414.532745	1.000000
0.000000	5347.506348	-2949.599121	1.000000
0.000000	401135.312500	-1051564.750000	1.000000
0.000000	40153.453125	142513.000000	1.000000
0.000000	899154304.000000	-490293056.000000	1.000000
0.000000	5077.178711	-14918.638672	1.000000
0.000000	-11819835.000000	-661230.687500	1.000000
0.000000	10642.975586	-15063.508789	1.000000
0.000000	-37.570827	-417.401093	1.000000
0.000000	-315.812744	-807.411316	1.000000
0.000000	-444.973450	920.174561	1.000000
0.000000	424258.937500	2476.203857	1.000000
0.000000	-9401.279297	10625.778320	1.000000
0.000000	-230.539398	525.377014	1.000000
0.000000	27.530758	-342.473358	1.000000
0.000000	3427.431152	-13343.586914	1.000000
0.000000	-935690816.000000	516809408.000000	1.000000
0.000000	1333545.500000	80296.609375	1.000000
0.000000	370807.437500	-121740.828125	1.000000
0.000000	282399.500000	227413.156250	1.000000
0.000000	24851.994141	-23111.042969	1.000000
0.000000	2203343.750000	933594.437500	1.000000
0.000000	-180.634628	265.925110	1.000000
0.000000	35.266861	-45.648182	1.000000
0.000000	-3132.938721	-326.685791	1.000000
0.000000	-1677.331177	1772.511353	1.000000
0.000000	123.464088	326.250610	1.000000
0.000000	-1.804940	-98.389015	1.000000
0.000000	-1264.088257	1086.434937	1.000000
0.000000	957.139221	-215.200012	1.000000
0.000000	246.100266	-132.511795	1.000000
0.000000	-4355021.000000	2416277.250000	1.000000
0.000000	1151.216553	638.620300	1.000000
0.000000	-173.782272	-88064.156250	1.000000
0.000000	1711789.125000	-2028472.500000	1.000000
0.000000	821.853149	-1461.116211	1.000000
0.000000	-220.903625	-5331.313965	1.000000
0.000000	691415.187500	-227486.593750	1.000000
0.000000	12310197.000000	-6573529.500000	1.000000
0.000000	-21957.060547	-21557.199219	1.000000
0.000000	170721.578125	-24556.011719	1.000000
0.000000	3.488284	229.309860	1.000000
0.000000	336.561493	-47.911209	1.000000
0.000000	574.053894	-1800.787842	1.000000
0.000000	-180.753052	-278.331451	1.000000
0.000000	124.175186	-312.905365	1.000000
0.000000	-896.416016	1115.324341	1.000000
0.000000	-256.580505	-3100.881104	1.000000
0.000000	-53915.132812	119833.890625	1.000000
0.000000	105.659698	290.928711	1.000000
0.000000	-396.728729	38.198246	1.000000
0.000000	-88.216095	-1064.196655	1.000000
0.000000	-64574.246094	15515.550781	1.000000
0.000000	2448.010498	828.176086	1.000000
0.000000	55818.144531	149611.484375	1.000000
0.000000	-13276.186523	6588.823242	1.000000
0.000000	-41815.472656	-29759.257812	1.000000
0.000000	-8419.793945	13836.480469	1.000000
0.000000	346.003418	359.878052	1.000000
0.000000	-341.777893	199.188980	1.000000
0.000000	1584.399902	3149.246826	1.000000
0.000000	671.421753	-425.517914	1.000000
0.000000	1897.374268	89.577400	1.000000
0.000000	574.377686	-575.881897	1.000000
0.000000	13982.345703	-14277.941406	1.000000
0.000000	-334.219849	-155.708969	1.000000
0.000000	-1181.486816	1487.453247	1.000000
0.000000	258.805084	283.182159	1.000000
0.000000	-13302.221680	-2991.404541	1.000000
0.000000	-28687.503906	-61542.296875	1.000000
0.000000	1719.594482	8085.211914	1.000000
0.000000	-2507.476562	1818.109863	1.000000
0.000000	126.451431	-164.475662	1.000000
0.000000	47.085617	185.066559	1.000000
0.000000	-3800.611572	-16007.282227	1.000000
0.000000	796.949280	-18.263163	1.000000
0.000000	-8813.685547	12935.066406	1.000000
0.000000	-886.225464	-3208.167969	1.000000
0.000000	939.048157	602.149353	1.000000
0.000000	317.392120	-260.358582	1.000000
0.000000	-5616.640137	-20506.412109	1.000000
0.000000	3.491843	-352.748322	1.000000
0.000000	22506.562500	-24626.841797	1.000000
0.000000	-319.732147	-197.619247	1.000000
0.000000	-3300464.250000	1376390.750000	1.000000
0.000000	-17999.572266	-1287.495728	1.000000
0.000000	-69.968681	603.568481	1.000000
0.000000	167.943939	-370.304047	1.000000
0.000000	6693.678223	2676.963867	1.000000
0.000000	-26107.880859	-23356.238281	1.000000
0.000000	-586712.625000	317479.531250	1.000000
0.000000	-108536.234375	249059.796875	1.000000
0.000000	37997.640625	-56191.003906	1.000000
0.000000	617.853516	-1742.471802	1.000000
0.000000	134.449905	191.977646	1.000000
0.000000	-226.324463	-398.314575	1.000000
0.000000	-395.044861	706.491089	1.000000
0.000000	4112436.000000	2116301.500000	1.000000
0.000000	194.494888	216.248276	1.000000
0.000000	-45286.058594	75985.750000	1.000000
0.000000	728.902283	1704.889404	1.000000
0.000000	4857.552246	12557.083008	1.000000
0.000000	616.638733	1581.302734	1.000000
0.000000	-44116.855469	2385.947021	1.000000
0.000000	245701.421875	-842228.687500	1.000000
0.000000	-249.931610	-152.640366	1.000000
0.000000	470.857635	-128.104370	1.000000
0.000000	-32971.316406	-140030.921875	1.000000
0.000000	-14346.065430	-13540.156250	1.000000
0.000000	-408.156494	-83.503639	1.000000
0.000000	-323630.781250	730136.875000	1.000000
0.000000	-31339.496094	-19658.105469	1.000000
0.000000	-447.243195	-1089.593140	1.000000
0.000000	154.736221	-380.738129	1.000000
0.000000	-3604.145020	-12782.867188	1.000000
0.000000	99.605011	-343.616608	1.000000
0.000000	3208.977051	2973.236816	1.000000
0.000000	40.801987	165.435898	1.000000
0.000000	799146.437500	-982912.687500	1.000000
0.000000	-405.637054	412.196594	1.000000
0.000000	-3256.322510	-2098.217041	1.000000
0.000000	-32.160427	2922.367432	1.000000
0.000000	-334.063782	316.466766	1.000000
0.000000	19839.728516	10562.054688	1.000000
0.000000	95.923874	581.840027	1.000000
0.000000	-3386.681641	-1920.522583	1.000000
0.000000	65107.839844	112682.882812	1.000000
0.000000	284.430878	228.665222	1.000000
0.000000	484892.843750	100830.859375	1.000000
0.000000	-258.214020	247.388092	1.000000
0.000000	79.938606	314.781494	1.000000
0.000000	323.486237	137.180969	1.000000
0.000000	-311.750793	-97.255707	1.000000
0.000000	-52414.238281	-2990.713135	1.000000
0.000000	11408.616211	1396.202515	1.000000
0.000000	-72.817863	-204.623871	1.000000
0.000000	15.597457	1732.317627	1.000000
0.000000	-7873.866699	-93163.296875	1.000000
0.000000	-578.584473	1094.052979	1.000000
0.000000	-56.180794	315.064453	1.000000
0.000000	346.850739	-81.749382	1.000000
0.000000	57.176113	359.501648	1.000000
0.000000	-42911.550781	-77708.945312	1.000000
0.000000	288.040680	-1101.220947	1.000000
0.000000	-5.786779	339.587952	1.000000
0.000000	-94.831810	-175.738617	1.000000
0.000000	-460.712402	729.071167	1.000000
0.000000	404.983246	53.130341	1.000000
0.000000	220.509857	1016.763306	1.000000
0.000000	-188.105347	175.260361	1.000000
0.000000	254.874664	525.058777	1.000000
0.000000	-11012.743164	553.725037	1.000000
0.000000	28171368.000000	16549397.000000	1.000000
0.000000	315.392120	-646.302002	1.000000
0.000000	-32769.546875	266763.750000	1.000000
0.000000	-242.904541	4.914339	1.000000
0.000000	1493.814697	2667.356445	1.000000
0.000000	4530.193848	10682.321289	1.000000
0.000000	-48512.679688	-126250.796875	1.000000
0.000000	44.325199	-520.604370	1.000000
0.000000	1929694.125000	165237.171875	1.000000
0.000000	-180100.390625	-177937.812500	1.000000
0.000000	-70219.179688	13731.372070	1.000000
0.000000	271.314728	-127.811188	1.000000
0.000000	-131113.656250	14972.566406	1.000000
0.000000	-1081.442993	239.547302	1.000000
0.000000	-1333.441284	992.755981	1.000000
0.000000	-1189.374756	1179.340698	1.000000
0.000000	49262.488281	57565.593750	1.000000
0.000000	83867.835938	3676.268799	1.000000
0.000000	1067.442505	-399.619629	1.000000
0.000000	-363.305634	-278.611420	1.000000
0.000000	-1589278.625000	-1200867.375000	1.000000
0.000000	-279.627869	145.691818	1.000000
0.000000	2590553.750000	19373.863281	1.000000
0.000000	138.484009	-191.466080	1.000000
0.000000	-10453.644531	13201.162109	1.000000
0.000000	1826645.375000	135382.546875	1.000000
0.000000	-1563.926147	800.791748	1.000000
0.483201	276.342773	51.123459	1.000000
0.000000	354.548889	-32.890396	1.000000
0.000000	443.496765	957.796326	1.000000
0.000000	-10622.569336	7421.935059	1.000000
0.000000	-378.265869	161.946686	1.000000
0.000000	27334.154297	25903.214844	1.000000
0.000000	78.178993	298.004669	1.000000
0.000000	273.284271	503.699921	1.000000
0.000000	-50.590771	-9052.798828	1.000000
0.000000	-5606.702637	9773.505859	1.000000
0.000000	459155.906250	25579.359375	1.000000
0.000000	-1020.416687	1101.729980	1.000000
0.000000	2181.146484	-5257.331543	1.000000
0.000000	3487.173340	-2094.707764	1.000000
0.000000	143.266266	76.118027	1.000000
0.000000	227.948578	182.089172	1.000000
0.000000	964.246948	-743.690430	1.000000
0.000000	1208.169067	11726.010742	1.000000
0.000000	18036.480469	-23786.267578	1.000000
0.000000	323.962738	-17.003288	1.000000
0.000000	-13.078645	-212.734467	1.000000
0.000000	1143.863525	1176.790771	1.000000
0.000000	414.590271	-45.752666	1.000000
0.000000	107.356041	174.716446	1.000000
0.000000	-1432.802246	133.579926	1.000000
0.000000	75316.203125	-7408.291016	1.000000
0.000000	82.443077	405.258118	1.000000
0.000000	-207.566391	-720.712036	1.000000
0.000000	1178.506592	-9597.996094	1.000000
0.000000	268.218597	295.219910	1.000000
0.000000	238.597229	220.139023	1.000000
0.000000	-3861.968018	-4603.957520	1.000000
0.000000	514.588013	232.625839	1.000000
0.000000	-2029.530396	-2968.763916	1.000000
0.000000	6.177560	272.373596	1.000000
0.000000	22243.781250	39092.031250	1.000000
0.000000	349.980194	-23.898500	1.000000
0.000000	884.447083	-549.832581	1.000000
0.000000	1252.197998	700.047302	1.000000
0.000000	-319.720367	633.383057	1.000000
0.000000	141.057632	-314.480927	1.000000
0.000000	9583.600586	4844.973145	1.000000
0.000000	-92679.062500	-330213.656250	1.000000
0.000000	7984.313965	16949.109375	1.000000
0.000000	210.063416	-184.286514	1.000000
0.000000	3398.718018	-914.373779	1.000000
0.000000	-423348.000000	-81948.093750	1.000000
0.000000	-44105600.000000	-10494824.000000	1.000000
0.000000	6022.506836	-4586.000488	1.000000
0.000000	-287.465057	154.375153	1.000000
0.000000	1024.491455	-1695.842651	1.000000
0.000000	5854.645508	357.773193	1.000000
0.000000	-259.402405	-98.773460	1.000000
0.000000	-481.281555	1016.741089	1.000000
0.000000	-18780.251953	72.223480	1.000000
0.000000	-625.816223	-156.922073	1.000000
0.000000	298.354218	-344.443085	1.000000
0.000000	14542.974609	-11040.041992	1.000000
