0.000000	31559.203125	455755.000000	1.000000
0.000000	214972.000000	175171.265625	1.000000
0.000000	1174.413818	-12697.444336	1.000000
0.000000	-601.853333	649.871643	1.000000
0.000000	16894.904297	27475.531250	1.000000
0.000000	-13772.641602	772.828796	1.000000
0.000000	-755.134949	-2419.442139	1.000000
0.000000	-595174.312500	1523932.125000	1.000000
0.000000	3532.453857	-2271.508789	1.000000
0.000000	9292453.000000	3386659.750000	1.000000
0.000000	78697400.000000	19959642.000000	1.000000
0.000000	-200.360718	-164.618286	1.000000
0.000000	-258.150696	28.096767	1.000000
0.000000	95.424889	-166.030899	1.000000
0.000000	-73337376.000000	-31090268.000000	1.000000
0.000000	667.421448	-4556.694824	1.000000
0.000000	356.418945	-333.260742	1.000000
0.000000	-6130.169434	7739.091797	1.000000
0.000000	-987.512634	294.408478	1.000000
0.000000	-276.806305	214.253464	1.000000
0.000000	905.148743	7933.678711	1.000000
0.000000	10176.406250	85001.632812	1.000000
0.000000	-32.666927	746.212036	1.000000
0.000000	175.563873	143.975830	1.000000
0.000000	-207166.578125	-53281.738281	1.000000
0.000000	337.763397	-64.949371	1.000000
0.000000	10389.284180	35455.363281	1.000000
0.000000	-3852.715576	11595.181641	1.000000
0.000000	341.933899	-142.930573	1.000000
0.000000	-61547.539062	-273296.843750	1.000000
0.000000	5218.528320	-8964.636719	1.000000
0.000000	4805.875977	887.663940	1.000000
0.000000	-194.049011	432.696503	1.000000
0.000000	-481.195679	-259.393585	1.000000
0.000000	-180.516769	14.560847	1.000000
0.000000	4793.167969	2749.402588	1.000000
0.000000	80.833565	-39.261696	1.000000
0.000000	-5680.215332	-1457.232300	1.000000
0.000000	-246302.640625	-73661.093750	1.000000
0.000000	-46796.042969	-6114.367676	1.000000
0.000000	407.444427	40.890125	1.000000
0.000000	495.296387	75.814888	1.000000
0.000000	-1.155282	160.961960	1.000000
0.000000	-46.791264	-68.805023	1.000000
0.000000	38.209682	158.644043	1.000000
0.000000	-531.445618	-344.205292	1.000000
0.000000	-4144.256836	3398.439941	1.000000
0.000000	-783.230225	366.180450	1.000000
0.000000	-95.193008	-181.848267	1.000000
0.000000	-178.945526	-65.229164	1.000000
0.000000	6962.997559	6288.177734	1.000000
0.000000	-825.758484	1759.653931	1.000000
0.000000	71.780495	1412.899902	1.000000
0.000000	-3350.705811	-11714.450195	1.000000
0.000000	225.852173	-70.297867	1.000000
0.000000	-18.521765	-186.399414	1.000000
0.000000	50.372002	120.550949	1.000000
0.000000	29405522.000000	-21550876.000000	1.000000
0.000000	-489.919250	1614.663696	1.000000
0.000000	550.922729	460.110260	1.000000
0.000000	1754.295044	26311.369141	1.000000
0.000000	3233.080566	-1574.930176	1.000000
0.000000	-47.591305	-183.743408	1.000000
0.000000	117.232269	-293.331573	1.000000
0.000000	5436.100098	-2836.395996	1.000000
0.000000	401045.312500	-1051564.750000	1.000000
0.000000	40277.203125	142603.000000	1.000000
0.000000	899154304.000000	-490293056.000000	1.000000
0.000000	5169.991211	-14808.951172	1.000000
0.000000	-11819835.000000	-661410.687500	1.000000
0.000000	10569.850586	-15187.258789	1.000000
0.000000	4.968556	-279.852264	1.000000
0.000000	-207.111816	-713.016785	1.000000
0.000000	-588.897339	925.096436	1.000000
0.000000	424438.937500	2512.063232	1.000000
0.000000	-9260.654297	10659.528320	1.000000
0.000000	-90.755211	560.005920	1.000000
0.000000	40.143063	-199.035843	1.000000
0.000000	3413.368652	-13200.149414	1.000000
0.000000	-935690816.000000	516809408.000000	1.000000
0.000000	1333545.500000	80161.609375	1.000000
0.000000	370627.437500	-121718.328125	1.000000
0.000000	282579.500000	227368.156250	1.000000
0.000000	24981.369141	-23178.542969	1.000000
0.000000	2203343.750000	933774.437500	1.000000
0.000000	-104.785027	143.533844	1.000000
0.000000	175.803970	-14.246305	1.000000
0.000000	-3222.938721	-439.185791	1.000000
0.000000	-1660.456177	1629.425415	1.000000
0.000000	57.062721	198.457657	1.000000
0.000000	35.191021	40.778141	1.000000
0.000000	-1125.221069	1124.403687	1.000000
0.000000	835.498596	-138.075989	1.000000
0.000000	214.064133	-272.911774	1.000000
0.000000	-4355021.000000	2416277.250000	1.000000
0.000000	1026.763428	566.374207	1.000000
0.000000	-32.852085	-88041.656250	1.000000
0.000000	1711789.125000	-2028472.500000	1.000000
0.000000	794.958618	-1602.444336	1.000000
0.000000	-339.292297	-5249.751465	1.000000
0.000000	691415.187500	-227351.593750	1.000000
0.000000	12310197.000000	-6573529.500000	1.000000
0.000000	-21923.310547	-21416.574219	1.000000
0.000000	170586.578125	-24471.636719	1.000000
0.000000	65.743317	103.129639	1.000000
0.000000	198.767258	-6.038908	1.000000
0.000000	713.448425	-1764.928467	1.000000
0.000000	-86.006966	-169.874435	1.000000
0.000000	71.770401	-178.784256	1.000000
0.000000	-855.107422	977.452576	1.000000
0.000000	-116.966415	-3136.037354	1.000000
0.000000	-53768.882812	119833.890625	1.000000
0.000000	59.002235	159.197708	1.000000
0.000000	-257.422089	1.719121	1.000000
0.000000	-226.694092	-1103.571655	1.000000
0.000000	-64697.996094	15594.300781	1.000000
0.000000	2405.119873	690.715149	1.000000
0.000000	55705.644531	149521.484375	1.000000
0.000000	-13138.374023	6633.823242	1.000000
0.000000	-41702.972656	-29843.632812	1.000000
0.000000	-8537.918945	13754.917969	1.000000
0.000000	215.925293	298.178833	1.000000
0.000000	-235.702316	101.762230	1.000000
0.000000	1480.688965	3249.090576	1.000000
0.000000	532.378784	-387.988617	1.000000
0.000000	1989.835205	199.931732	1.000000
0.000000	546.252686	-434.681458	1.000000
0.000000	14013.283203	-14137.316406	1.000000
0.000000	-211.436630	-80.504662	1.000000
0.000000	-1126.994629	1620.695435	1.000000
0.000000	155.885162	182.459518	1.000000
0.000000	-13442.846680	-2959.763916	1.000000
0.000000	-28597.503906	-61429.796875	1.000000
0.000000	1640.844482	7964.274414	1.000000
0.000000	-2595.367188	1932.016113	1.000000
0.000000	-5.313955	-106.379967	1.000000
0.000000	138.081528	290.109680	1.000000
0.000000	-3892.017822	-16119.782227	1.000000
0.000000	658.609436	-58.449272	1.000000
0.000000	-8670.248047	12923.816406	1.000000
0.000000	-929.643433	-3071.058594	1.000000
0.000000	954.692688	459.030914	1.000000
0.000000	176.679214	-229.810333	1.000000
0.000000	-5758.671387	-20528.912109	1.000000
0.000000	-4.083220	-208.959244	1.000000
0.000000	22545.937500	-24486.216797	1.000000
0.000000	-222.628128	-91.271584	1.000000
0.000000	-3300464.250000	1376390.750000	1.000000
0.000000	-17948.947266	-1153.198853	1.000000
0.000000	-9.402140	472.963013	1.000000
0.000000	119.951973	-234.519989	1.000000
0.000000	6647.271973	2813.370117	1.000000
0.000000	-26242.880859	-23401.238281	1.000000
0.000000	-586712.625000	317389.531250	1.000000
0.000000	-108536.234375	249194.796875	1.000000
0.000000	38143.890625	-56191.003906	1.000000
0.000000	524.689453	-1632.784302	1.000000
0.000000	65.279976	65.678825	1.000000
0.000000	-193.409424	-538.483521	1.000000
0.000000	-355.757751	567.975464	1.000000
0.000000	4112436.000000	2116301.500000	1.000000
0.000000	56.062656	187.934494	1.000000
0.000000	-45229.808594	75850.750000	1.000000
0.000000	598.999939	1642.662842	1.000000
0.000000	4718.333496	12593.645508	1.000000
0.000000	630.877014	1724.740234	1.000000
0.000000	-44015.605469	2280.478271	1.000000
0.000000	245836.421875	-842228.687500	1.000000
0.000000	-119.676300	-91.279556	1.000000
0.000000	327.244354	-139.222534	1.000000
0.000000	-33027.566406	-139895.921875	1.000000
0.000000	-14298.252930	-13675.156250	1.000000
0.000000	-264.367432	-76.208717	1.000000
0.000000	-323450.781250	730136.875000	1.000000
0.000000	-31463.246094	-19731.230469	1.000000
0.000000	-317.077179	-1028.069702	1.000000
0.000000	115.837753	-242.130203	1.000000
0.000000	-3741.957520	-12740.679688	1.000000
0.000000	57.965233	-205.788101	1.000000
0.000000	3166.086426	3110.346191	1.000000
0.000000	-27.633646	288.484100	1.000000
0.000000	799326.437500	-982912.687500	1.000000
0.000000	-263.605804	388.202454	1.000000
0.000000	-3394.135010	-2057.435791	1.000000
0.000000	-1.898664	2781.742432	1.000000
0.000000	-232.462219	214.407852	1.000000
0.000000	19912.853516	10438.304688	1.000000
0.000000	-46.005562	606.097839	1.000000
0.000000	-3249.572266	-1875.522583	1.000000
0.000000	65062.839844	112547.882812	1.000000
0.000000	176.366562	133.850861	1.000000
0.000000	484892.843750	100695.859375	1.000000
0.000000	-154.063629	147.939850	1.000000
0.000000	79.041527	170.672531	1.000000
0.000000	298.788971	-4.679550	1.000000
0.000000	-168.049606	-88.093109	1.000000
0.000000	-52470.488281	-3121.494385	1.000000
0.000000	11332.678711	1273.858765	1.000000
0.000000	-110.891830	-64.745827	1.000000
0.000000	-68.488853	1849.387939	1.000000
0.000000	-7866.835449	-93028.296875	1.000000
0.000000	-492.295990	1209.365479	1.000000
0.000000	38.949883	206.958984	1.000000
0.000000	209.214035	-39.408073	1.000000
0.000000	49.287930	215.712585	1.000000
0.000000	-42799.050781	-77798.945312	1.000000
0.000000	400.628571	-1011.245850	1.000000
0.000000	-80.737099	216.628967	1.000000
0.000000	-30.391737	-304.498383	1.000000
0.000000	-447.528809	585.633667	1.000000
0.000000	304.348480	156.136993	1.000000
0.000000	186.276459	876.841431	1.000000
0.000000	-120.734818	47.994743	1.000000
0.000000	138.902985	439.730438	1.000000
0.000000	-10869.305664	564.271912	1.000000
0.000000	28171368.000000	16549397.000000	1.000000
0.000000	218.290054	-539.954346	1.000000
0.000000	-32825.796875	266853.750000	1.000000
0.000000	-98.944130	8.572786	1.000000
0.000000	1373.931885	2746.809570	1.000000
0.000000	4670.818848	10648.571289	1.000000
0.000000	-48658.929688	-126250.796875	1.000000
0.000000	170.754150	-451.698090	1.000000
0.000000	1929694.125000	165147.171875	1.000000
0.000000	-180235.390625	-177937.812500	1.000000
0.000000	-70106.679688	13812.934570	1.000000
0.000000	184.742447	-12.744436	1.000000
0.000000	-131068.656250	14834.753906	1.000000
0.000000	-953.025574	174.420349	1.000000
0.000000	-1243.089722	1104.855347	1.000000
0.000000	-1152.109131	1040.121948	1.000000
0.000000	49228.738281	57430.593750	1.000000
0.000000	83980.335938	3762.753174	1.000000
0.000000	930.213074	-443.389160	1.000000
0.000000	-235.329773	-212.634445	1.000000
0.000000	-1589278.625000	-1200867.375000	1.000000
0.000000	-140.672806	107.843201	1.000000
0.000000	2590553.750000	19244.488281	1.000000
0.000000	88.456879	-56.433159	1.000000
0.000000	-10369.269531	13083.037109	1.000000
0.000000	1826645.375000	135472.546875	1.000000
0.000000	-1580.449585	657.705811	1.000000
0.000000	136.891815	19.163273	1.000000
0.000000	236.545181	42.285522	1.000000
0.000000	558.457703	1044.497925	1.000000
0.000000	-10524.131836	7316.466309	1.000000
0.000000	-237.113541	133.426178	1.000000
0.000000	27328.529297	25756.964844	1.000000
0.000000	-26.935781	199.567184	1.000000
0.000000	266.780365	359.822968	1.000000
0.000000	89.493774	-9086.548828	1.000000
0.000000	-5463.265137	9770.693359	1.000000
0.000000	459065.906250	25686.234375	1.000000
0.000000	-885.416687	1051.808105	1.000000
0.000000	2065.130859	-5343.112793	1.000000
0.000000	3484.360840	-1950.567139	1.000000
0.000000	64.498550	-44.431107	1.000000
0.000000	104.809669	107.463982	1.000000
0.000000	1026.291260	-613.788086	1.000000
0.000000	1191.645630	11869.448242	1.000000
0.000000	18177.105469	-23758.142578	1.000000
0.000000	180.349442	-6.535800	1.000000
0.000000	-21.143604	-68.954422	1.000000
0.000000	1263.394775	1096.634521	1.000000
0.000000	270.625427	-42.072247	1.000000
0.000000	84.262779	32.582558	1.000000
0.000000	-1569.911621	89.659386	1.000000
0.000000	75181.203125	-7423.759766	1.000000
0.000000	44.100792	266.478821	1.000000
0.000000	-351.546021	-720.712036	1.000000
0.000000	1187.647217	-9741.433594	1.000000
0.000000	181.156769	180.522644	1.000000
0.000000	128.777893	127.018898	1.000000
0.000000	-3928.061768	-4731.926270	1.000000
0.000000	372.556732	209.159042	1.000000
0.000000	-1913.866333	-2882.982666	1.000000
0.000000	-54.511848	141.768143	1.000000
0.000000	22221.281250	38945.781250	1.000000
0.000000	206.000092	-24.370913	1.000000
0.000000	740.482239	-552.293518	1.000000
0.000000	1127.744873	627.625427	1.000000
0.000000	-313.743805	489.580322	1.000000
0.000000	50.222683	-202.751007	1.000000
0.000000	9510.475586	4968.723145	1.000000
0.000000	-92746.562500	-330123.656250	1.000000
0.000000	7840.876465	16943.484375	1.000000
0.000000	117.163025	-74.258179	1.000000
0.000000	3351.608643	-1050.569946	1.000000
0.000000	-423438.000000	-81835.593750	1.000000
0.000000	-44105600.000000	-10494824.000000	1.000000
0.000000	5957.819336	-4713.969238	1.000000
0.000000	-232.797089	21.150585	1.000000
0.000000	898.280518	-1765.100464	1.000000
0.000000	5967.145508	447.245850	1.000000
0.000000	-125.720787	-45.229946	1.000000
0.000000	-337.492493	1023.772339	1.000000
0.000000	-18802.751953	214.395187	1.000000
0.000000	-481.851379	-152.923050	1.000000
0.000000	281.918671	-201.373932	1.000000
0.000000	14410.787109	-11096.291992	1.000000
