0.000000	31512.718750	455798.750000	1.000000
0.000000	214993.875000	175236.890625	1.000000
0.000000	1184.838623	-12767.170898	1.000000
0.000000	-531.870422	648.846252	1.000000
0.000000	16889.435547	27404.437500	1.000000
0.000000	-13704.282227	757.020691	1.000000
0.000000	-692.329773	-2450.203857	1.000000
0.000000	-595261.812500	1523932.125000	1.000000
0.000000	3568.342529	-2211.352539	1.000000
0.000000	9292453.000000	3386659.750000	1.000000
0.000000	78697400.000000	19959642.000000	1.000000
0.000000	-267.908325	-182.947144	1.000000
0.000000	-291.304993	89.755951	1.000000
0.000000	92.850731	-235.992447	1.000000
0.000000	-73337376.000000	-31090268.000000	1.000000
0.000000	728.346741	-4522.515137	1.000000
0.000000	372.825195	-401.321045	1.000000
0.000000	-6166.399902	7799.248047	1.000000
0.000000	-987.341736	224.415924	1.000000
0.000000	-300.817535	280.006622	1.000000
0.000000	920.187805	8002.038086	1.000000
0.000000	10239.296875	85034.445312	1.000000
0.000000	-46.210629	814.913208	1.000000
0.000000	225.198853	99.032364	1.000000
0.000000	-207122.828125	-53330.957031	1.000000
0.000000	407.532684	-59.469940	1.000000
0.000000	10387.916992	35384.269531	1.000000
0.000000	-3921.416748	11581.509766	1.000000
0.000000	403.115540	-176.939362	1.000000
0.000000	-61476.445312	-273296.843750	1.000000
0.000000	5176.829102	-8908.582031	1.000000
0.000000	4873.551758	904.924683	1.000000
0.000000	-258.605896	459.783905	1.000000
0.000000	-532.405457	-211.690048	1.000000
0.000000	-235.225632	-29.108297	1.000000
0.000000	4856.742188	2778.455322	1.000000
0.000000	15.731947	-64.992592	1.000000
0.000000	-5734.219238	-1501.494995	1.000000
0.000000	-246280.765625	-73726.718750	1.000000
0.000000	-46741.355469	-6156.750488	1.000000
0.000000	461.405609	85.462570	1.000000
0.000000	535.731506	18.685642	1.000000
0.000000	-1.783801	230.966232	1.000000
0.000000	-78.329796	-131.299881	1.000000
0.000000	46.909481	228.092896	1.000000
0.000000	-557.849426	-279.392059	1.000000
0.000000	-4086.834961	3358.449707	1.000000
0.000000	-822.964111	423.815948	1.000000
0.000000	-110.595230	-250.122192	1.000000
0.000000	-247.454437	-79.627357	1.000000
0.000000	7032.724121	6280.658203	1.000000
0.000000	-863.954285	1701.035767	1.000000
0.000000	31.993204	1355.307129	1.000000
0.000000	-3391.379639	-11657.028320	1.000000
0.000000	290.494507	-43.452042	1.000000
0.000000	-16.791418	-256.382324	1.000000
0.000000	120.332512	118.126328	1.000000
0.000000	29405522.000000	-21550876.000000	1.000000
0.000000	-546.315735	1656.021118	1.000000
0.000000	504.858978	512.790344	1.000000
0.000000	1718.235474	26251.212891	1.000000
0.000000	3259.740723	-1639.700684	1.000000
0.000000	-84.422295	-243.280151	1.000000
0.000000	155.000824	-352.248810	1.000000
0.000000	5393.033691	-2891.425293	1.000000
0.000000	401089.062500	-1051564.750000	1.000000
0.000000	40217.046875	142559.250000	1.000000
0.000000	899154304.000000	-490293056.000000	1.000000
0.000000	5124.874023	-14862.271484	1.000000
0.000000	-11819835.000000	-661323.187500	1.000000
0.000000	10605.397461	-15127.102539	1.000000
0.000000	-15.710475	-346.716278	1.000000
0.000000	-259.942383	-758.903015	1.000000
0.000000	-518.914429	922.703857	1.000000
0.000000	424351.437500	2494.631592	1.000000
0.000000	-9329.013672	10643.122070	1.000000
0.000000	-158.702850	543.172424	1.000000
0.000000	34.012081	-268.762421	1.000000
0.000000	3420.204590	-13269.875977	1.000000
0.000000	-935690816.000000	516809408.000000	1.000000
0.000000	1333545.500000	80227.234375	1.000000
0.000000	370714.937500	-121729.265625	1.000000
0.000000	282492.000000	227390.031250	1.000000
0.000000	24918.478516	-23145.730469	1.000000
0.000000	2203343.750000	933686.937500	1.000000
0.000000	-141.656357	203.027863	1.000000
0.000000	107.487320	-29.512188	1.000000
0.000000	-3179.188721	-384.498291	1.000000
0.000000	-1668.659302	1698.981079	1.000000
0.000000	89.341164	260.579224	1.000000
0.000000	17.207104	-26.871563	1.000000
0.000000	-1192.725952	1105.946655	1.000000
0.000000	894.629456	-175.566833	1.000000
0.000000	229.637253	-204.664505	1.000000
0.000000	-4355021.000000	2416277.250000	1.000000
0.000000	1087.261475	601.493835	1.000000
0.000000	-101.358566	-88052.593750	1.000000
0.000000	1711789.125000	-2028472.500000	1.000000
0.000000	808.032349	-1533.743164	1.000000
0.000000	-281.742249	-5289.399902	1.000000
0.000000	691415.187500	-227417.218750	1.000000
0.000000	12310197.000000	-6573529.500000	1.000000
0.000000	-21939.716797	-21484.933594	1.000000
0.000000	170652.203125	-24512.652344	1.000000
0.000000	35.617435	166.319336	1.000000
0.000000	265.741180	-26.394514	1.000000
0.000000	645.687195	-1782.360107	1.000000
0.000000	-132.064087	-222.596603	1.000000
0.000000	97.244949	-243.982010	1.000000
0.000000	-875.187988	1044.504028	1.000000
0.000000	-184.834457	-3118.947510	1.000000
0.000000	-53839.976562	119833.890625	1.000000
0.000000	83.750465	224.673172	1.000000
0.000000	-325.140594	19.452459	1.000000
0.000000	-159.381470	-1084.431030	1.000000
0.000000	-64637.839844	15556.019531	1.000000
0.000000	2425.969482	757.536438	1.000000
0.000000	55760.332031	149565.234375	1.000000
0.000000	-13205.366211	6611.948242	1.000000
0.000000	-41757.660156	-29802.617188	1.000000
0.000000	-8480.497070	13794.566406	1.000000
0.000000	279.157715	328.171509	1.000000
0.000000	-287.262512	149.122452	1.000000
0.000000	1531.104004	3200.555420	1.000000
0.000000	599.969116	-406.232025	1.000000
0.000000	1944.888916	146.290985	1.000000
0.000000	559.924561	-503.339905	1.000000
0.000000	13998.244141	-14205.675781	1.000000
0.000000	-271.122925	-117.066246	1.000000
0.000000	-1153.483887	1555.924927	1.000000
0.000000	205.915680	231.421921	1.000000
0.000000	-13374.487305	-2975.144775	1.000000
0.000000	-28641.253906	-61484.484375	1.000000
0.000000	1679.125732	8023.063477	1.000000
0.000000	-2552.642578	1876.645020	1.000000
0.000000	58.736725	-134.620926	1.000000
0.000000	91.781052	237.601135	1.000000
0.000000	-3847.584229	-16065.094727	1.000000
0.000000	725.857971	-38.913445	1.000000
0.000000	-8739.974609	12929.285156	1.000000
0.000000	-908.537476	-3137.708984	1.000000
0.000000	947.087708	528.619080	1.000000
0.000000	245.081314	-244.657135	1.000000
0.000000	-5689.628418	-20517.974609	1.000000
0.000000	-0.400893	-278.856720	1.000000
0.000000	22526.796875	-24554.576172	1.000000
0.000000	-269.823700	-142.968369	1.000000
0.000000	-3300464.250000	1376390.750000	1.000000
0.000000	-17973.556641	-1218.482056	1.000000
0.000000	-38.844734	536.451782	1.000000
0.000000	143.283295	-300.522552	1.000000
0.000000	6669.830566	2747.061523	1.000000
0.000000	-26177.255859	-23379.363281	1.000000
0.000000	-586712.625000	317433.281250	1.000000
0.000000	-108536.234375	249129.171875	1.000000
0.000000	38072.796875	-56191.003906	1.000000
0.000000	569.977539	-1686.104614	1.000000
0.000000	98.904243	127.074089	1.000000
0.000000	-209.409790	-470.354370	1.000000
0.000000	-374.855652	635.309448	1.000000
0.000000	4112436.000000	2116301.500000	1.000000
0.000000	121.958267	201.637070	1.000000
0.000000	-45257.152344	75916.375000	1.000000
0.000000	662.146912	1672.911865	1.000000
0.000000	4786.009277	12575.872070	1.000000
0.000000	623.955627	1655.013672	1.000000
0.000000	-44064.824219	2331.747803	1.000000
0.000000	245770.796875	-842228.687500	1.000000
0.000000	-182.995575	-121.112015	1.000000
0.000000	397.056366	-133.817871	1.000000
0.000000	-33000.222656	-139961.546875	1.000000
0.000000	-14321.495117	-13609.531250	1.000000
0.000000	-334.264893	-79.754860	1.000000
0.000000	-323538.281250	730136.875000	1.000000
0.000000	-31403.089844	-19695.683594	1.000000
0.000000	-380.352325	-1057.976929	1.000000
0.000000	134.750259	-309.511322	1.000000
0.000000	-3674.965332	-12761.187500	1.000000
0.000000	78.207611	-272.796295	1.000000
0.000000	3186.936035	3043.695801	1.000000
0.000000	5.495947	226.822372	1.000000
0.000000	799238.937500	-982912.687500	1.000000
0.000000	-332.648773	399.866272	1.000000
0.000000	-3327.142822	-2077.260010	1.000000
0.000000	-16.609234	2850.101807	1.000000
0.000000	-281.851868	264.029022	1.000000
0.000000	19877.306641	10498.460938	1.000000
0.000000	22.988874	594.305847	1.000000
0.000000	-3316.222656	-1897.397583	1.000000
0.000000	65084.714844	112613.507812	1.000000
0.000000	229.870331	178.689026	1.000000
0.000000	484892.843750	100761.484375	1.000000
0.000000	-204.692291	196.282745	1.000000
0.000000	80.875801	240.794922	1.000000
0.000000	310.794586	64.283012	1.000000
0.000000	-237.904343	-92.547150	1.000000
0.000000	-52443.144531	-3057.920166	1.000000
0.000000	11369.592773	1333.331421	1.000000
0.000000	-91.868698	-132.111206	1.000000
0.000000	-27.612371	1792.478760	1.000000
0.000000	-7870.253418	-93093.921875	1.000000
0.000000	-534.231445	1153.310791	1.000000
0.000000	-7.294224	259.510254	1.000000
0.000000	276.120758	-59.990654	1.000000
0.000000	53.122463	285.610046	1.000000
0.000000	-42853.738281	-77755.195312	1.000000
0.000000	345.898346	-1054.970947	1.000000
0.000000	-44.303688	276.400696	1.000000
0.000000	-61.714218	-241.906830	1.000000
0.000000	-453.937500	655.360229	1.000000
0.000000	353.268158	106.063751	1.000000
0.000000	202.917694	944.859009	1.000000
0.000000	-153.485596	109.859978	1.000000
0.000000	195.278107	481.216034	1.000000
0.000000	-10939.032227	559.144958	1.000000
0.000000	28171368.000000	16549397.000000	1.000000
0.000000	265.483673	-591.651123	1.000000
0.000000	-32798.453125	266810.000000	1.000000
0.000000	-168.922607	6.794374	1.000000
0.000000	1432.208252	2708.186523	1.000000
0.000000	4602.459473	10664.977539	1.000000
0.000000	-48587.835938	-126250.796875	1.000000
0.000000	109.294800	-485.194183	1.000000
0.000000	1929694.125000	165190.921875	1.000000
0.000000	-180169.765625	-177937.812500	1.000000
0.000000	-70161.367188	13773.286133	1.000000
0.000000	226.826187	-68.677582	1.000000
0.000000	-131090.531250	14901.746094	1.000000
0.000000	-1015.488953	206.079285	1.000000
0.000000	-1287.010620	1050.338745	1.000000
0.000000	-1170.224365	1107.797729	1.000000
0.000000	49245.144531	57496.218750	1.000000
0.000000	83925.648438	3720.712158	1.000000
0.000000	996.948914	-422.112305	1.000000
0.000000	-297.543915	-244.699265	1.000000
0.000000	-1589278.625000	-1200867.375000	1.000000
0.000000	-208.220413	126.246826	1.000000
0.000000	2590553.750000	19307.378906	1.000000
0.000000	112.777863	-122.069458	1.000000
0.000000	-10410.285156	13140.458984	1.000000
0.000000	1826645.375000	135428.796875	1.000000
0.000000	-1572.417358	727.261475	1.000000
0.000000	205.123016	34.784458	1.000000
0.000000	294.778809	3.427132	1.000000
0.000000	502.573914	1002.330017	1.000000
0.000000	-10571.983398	7367.735840	1.000000
0.000000	-305.729248	147.290314	1.000000
0.000000	27331.263672	25828.058594	1.000000
0.000000	24.160849	247.418747	1.000000
0.000000	269.941986	429.763153	1.000000
0.000000	21.398087	-9070.142578	1.000000
0.000000	-5532.991699	9772.060547	1.000000
0.000000	459109.656250	25634.281250	1.000000
0.000000	-951.041687	1076.075684	1.000000
0.000000	2121.527344	-5301.413574	1.000000
0.000000	3485.728027	-2020.635498	1.000000
0.000000	102.790482	14.169109	1.000000
0.000000	164.670990	143.743225	1.000000
0.000000	996.134155	-676.935059	1.000000
0.000000	1199.677856	11799.721680	1.000000
0.000000	18108.746094	-23771.814453	1.000000
0.000000	250.161453	-11.624035	1.000000
0.000000	-17.223621	-138.842865	1.000000
0.000000	1205.289307	1135.599365	1.000000
0.000000	340.608337	-43.861340	1.000000
0.000000	95.488670	101.678932	1.000000
0.000000	-1503.261230	111.011009	1.000000
0.000000	75246.828125	-7416.240234	1.000000
0.000000	62.739403	333.940979	1.000000
0.000000	-281.563110	-720.712036	1.000000
0.000000	1183.203857	-9671.707031	1.000000
0.000000	223.475494	236.278259	1.000000
0.000000	182.162292	172.285629	1.000000
0.000000	-3895.932861	-4669.719238	1.000000
0.000000	441.599701	220.566513	1.000000
0.000000	-1970.091919	-2924.681885	1.000000
0.000000	-25.010506	205.256912	1.000000
0.000000	22232.218750	39016.875000	1.000000
0.000000	275.998260	-24.141268	1.000000
0.000000	810.465149	-551.097229	1.000000
0.000000	1188.242920	662.830505	1.000000
0.000000	-316.649078	559.491455	1.000000
0.000000	94.378563	-257.074921	1.000000
0.000000	9546.022461	4908.566895	1.000000
0.000000	-92713.750000	-330167.406250	1.000000
0.000000	7910.603027	16946.218750	1.000000
0.000000	162.322937	-127.738708	1.000000
0.000000	3374.509033	-984.381104	1.000000
0.000000	-423394.250000	-81890.281250	1.000000
0.000000	-44105600.000000	-10494824.000000	1.000000
0.000000	5989.264648	-4651.762207	1.000000
0.000000	-259.371796	85.910416	1.000000
0.000000	959.633057	-1731.433472	1.000000
0.000000	5912.458008	403.752197	1.000000
0.000000	-190.704910	-71.256065	1.000000
0.000000	-407.389954	1020.354370	1.000000
0.000000	-18791.814453	145.288132	1.000000
0.000000	-551.834290	-154.867020	1.000000
0.000000	289.908173	-270.912811	1.000000
0.000000	14475.044922	-11068.948242	1.000000
