0.000000	31509.066406	455802.187500	1.000000
0.000000	214995.593750	175242.046875	1.000000
0.000000	1185.657715	-12772.649414	1.000000
0.000000	-526.371765	648.765686	1.000000
0.000000	16889.005859	27398.851562	1.000000
0.000000	-13698.911133	755.778625	1.000000
0.000000	-687.395081	-2452.620850	1.000000
0.000000	-595268.687500	1523932.125000	1.000000
0.000000	3571.162354	-2206.625977	1.000000
0.000000	9292453.000000	3386659.750000	1.000000
0.000000	78697400.000000	19959642.000000	1.000000
0.000000	-273.215637	-184.387268	1.000000
0.000000	-293.909973	94.600845	1.000000
0.000000	92.648476	-241.489426	1.000000
0.000000	-73337376.000000	-31090268.000000	1.000000
0.000000	733.133728	-4519.829590	1.000000
0.000000	374.114258	-406.668640	1.000000
0.000000	-6169.246582	7803.974609	1.000000
0.000000	-987.328308	218.915588	1.000000
0.000000	-302.704132	285.172943	1.000000
0.000000	921.369446	8007.409180	1.000000
0.000000	10244.238281	85037.023438	1.000000
0.000000	-47.274776	820.311157	1.000000
0.000000	229.247314	95.309525	1.000000
0.000000	-207119.390625	-53334.824219	1.000000
0.000000	413.014557	-59.039413	1.000000
0.000000	10387.809570	35378.683594	1.000000
0.000000	-3926.814697	11580.435547	1.000000
0.000000	407.922668	-179.611481	1.000000
0.000000	-61470.859375	-273296.843750	1.000000
0.000000	5173.552734	-8904.177734	1.000000
0.000000	4878.869141	906.280884	1.000000
0.000000	-263.678223	461.912201	1.000000
0.000000	-536.427063	-207.942032	1.000000
0.000000	-239.524185	-32.539501	1.000000
0.000000	4861.737305	2780.738037	1.000000
0.000000	10.616924	-67.014305	1.000000
0.000000	-5738.462402	-1504.972778	1.000000
0.000000	-246279.046875	-73731.875000	1.000000
0.000000	-46737.058594	-6160.080566	1.000000
0.000000	465.645416	88.964691	1.000000
0.000000	538.907166	14.196959	1.000000
0.000000	-1.833185	236.466568	1.000000
0.000000	-80.808052	-136.209396	1.000000
0.000000	47.593037	233.549591	1.000000
0.000000	-559.924011	-274.299591	1.000000
0.000000	-4082.323242	3355.307617	1.000000
0.000000	-826.086060	428.344452	1.000000
0.000000	-111.805405	-255.486572	1.000000
0.000000	-252.837280	-80.758644	1.000000
0.000000	7038.202637	6280.067383	1.000000
0.000000	-866.955383	1696.430054	1.000000
0.000000	28.867270	1350.781982	1.000000
0.000000	-3394.575439	-11652.516602	1.000000
0.000000	295.573547	-41.342628	1.000000
0.000000	-16.655462	-261.880981	1.000000
0.000000	125.829491	117.935822	1.000000
0.000000	29405522.000000	-21550876.000000	1.000000
0.000000	-550.746887	1659.270630	1.000000
0.000000	501.236847	516.932800	1.000000
0.000000	1715.402222	26246.486328	1.000000
0.000000	3261.835449	-1644.789795	1.000000
0.000000	-87.315971	-247.958038	1.000000
0.000000	157.968353	-356.878021	1.000000
0.000000	5389.649902	-2895.749023	1.000000
0.000000	401092.500000	-1051564.750000	1.000000
0.000000	40212.320312	142555.812500	1.000000
0.000000	899154304.000000	-490293056.000000	1.000000
0.000000	5121.329102	-14866.460938	1.000000
0.000000	-11819835.000000	-661316.312500	1.000000
0.000000	10608.190430	-15122.375977	1.000000
0.000000	-17.335232	-351.969879	1.000000
0.000000	-264.094910	-762.508362	1.000000
0.000000	-513.415771	922.515869	1.000000
0.000000	424344.562500	2493.261963	1.000000
0.000000	-9334.384766	10641.833008	1.000000
0.000000	-164.042053	541.849792	1.000000
0.000000	33.530361	-274.240936	1.000000
0.000000	3420.741699	-13275.354492	1.000000
0.000000	-935690816.000000	516809408.000000	1.000000
0.000000	1333545.500000	80232.390625	1.000000
0.000000	370721.812500	-121730.125000	1.000000
0.000000	282485.125000	227391.750000	1.000000
0.000000	24913.537109	-23143.152344	1.000000
0.000000	2203343.750000	933680.062500	1.000000
0.000000	-144.553391	207.702393	1.000000
0.000000	102.119583	-30.711662	1.000000
0.000000	-3175.751221	-380.201416	1.000000
0.000000	-1669.303833	1704.446167	1.000000
0.000000	91.877327	265.460205	1.000000
0.000000	15.794044	-32.186848	1.000000
0.000000	-1198.029907	1104.496460	1.000000
0.000000	899.275452	-178.512543	1.000000
0.000000	230.860855	-199.301804	1.000000
0.000000	-4355021.000000	2416277.250000	1.000000
0.000000	1092.014893	604.253235	1.000000
0.000000	-106.741409	-88053.453125	1.000000
0.000000	1711789.125000	-2028472.500000	1.000000
0.000000	809.059570	-1528.345215	1.000000
0.000000	-277.220459	-5292.515137	1.000000
0.000000	691415.187500	-227422.375000	1.000000
0.000000	12310197.000000	-6573529.500000	1.000000
0.000000	-21941.005859	-21490.304688	1.000000
0.000000	170657.359375	-24515.875000	1.000000
0.000000	33.250378	171.284241	1.000000
0.000000	271.004852	-27.993883	1.000000
0.000000	640.363098	-1783.729736	1.000000
0.000000	-135.682861	-226.739059	1.000000
0.000000	99.246521	-249.104691	1.000000
0.000000	-876.765747	1049.767700	1.000000
0.000000	-190.166946	-3117.604736	1.000000
0.000000	-53845.562500	119833.890625	1.000000
0.934471	85.678978	229.793640	1.000000
0.000000	-330.461334	20.845797	1.000000
0.000000	-154.092621	-1082.927124	1.000000
0.000000	-64633.113281	15553.011719	1.000000
0.000000	2427.607666	762.786682	1.000000
0.000000	55764.628906	149568.671875	1.000000
0.000000	-13210.629883	6610.229492	1.000000
0.000000	-41761.957031	-29799.394531	1.000000
0.000000	-8475.985352	13797.681641	1.000000
0.000000	284.125977	330.528076	1.000000
0.000000	-291.314331	152.843613	1.000000
0.000000	1535.065186	3196.741943	1.000000
0.000000	605.279785	-407.665436	1.000000
0.000000	1941.357422	142.076355	1.000000
0.000000	560.998779	-508.734497	1.000000
0.000000	13997.062500	-14211.046875	1.000000
0.000000	-275.812561	-119.938942	1.000000
0.000000	-1155.565186	1550.835815	1.000000
0.000000	209.846649	235.268967	1.000000
0.000000	-13369.116211	-2976.353271	1.000000
0.000000	-28644.691406	-61488.781250	1.000000
0.000000	1682.133545	8027.682617	1.000000
0.000000	-2549.285645	1872.294434	1.000000
0.000000	63.769188	-136.839859	1.000000
0.934471	88.158966	233.499695	1.000000
0.000000	-3844.093018	-16060.797852	1.000000
0.000000	731.141785	-37.378487	1.000000
0.000000	-8745.453125	12929.714844	1.000000
0.000000	-906.879150	-3142.945801	1.000000
0.000000	946.490173	534.084167	1.000000
0.000000	250.455765	-245.823669	1.000000
0.000000	-5684.203613	-20517.115234	1.000000
0.000000	-0.111571	-284.348663	1.000000
0.000000	22525.292969	-24559.947266	1.000000
0.000000	-273.533112	-147.030258	1.000000
0.000000	-3300464.250000	1376390.750000	1.000000
0.000000	-17975.490234	-1223.611450	1.000000
0.000000	-41.158081	541.440186	1.000000
0.000000	145.116180	-305.709015	1.000000
0.000000	6671.603027	2741.851562	1.000000
0.000000	-26172.099609	-23377.644531	1.000000
0.000000	-586712.625000	317436.718750	1.000000
0.000000	-108536.234375	249124.015625	1.000000
0.000000	38067.210938	-56191.003906	1.000000
0.000000	573.535889	-1690.294067	1.000000
0.000000	101.546150	131.897995	1.000000
0.000000	-210.666962	-465.000061	1.000000
0.000000	-376.356201	640.599976	1.000000
0.000000	4112436.000000	2116301.500000	1.000000
0.000000	127.349503	202.723038	1.000000
0.000000	-45259.300781	75921.531250	1.000000
0.000000	667.108459	1675.288574	1.000000
0.000000	4791.326660	12574.475586	1.000000
0.000000	623.411804	1649.535156	1.000000
0.000000	-44068.691406	2335.776123	1.000000
0.000000	245765.640625	-842228.687500	1.000000
0.000000	-187.970551	-123.455994	1.000000
0.000000	402.541595	-133.393219	1.000000
0.000000	-32998.074219	-139966.703125	1.000000
0.000000	-14323.321289	-13604.375000	1.000000
0.000000	-339.756836	-80.033485	1.000000
0.000000	-323545.156250	730136.875000	1.000000
0.000000	-31398.363281	-19692.890625	1.000000
0.000000	-385.323944	-1060.326782	1.000000
0.000000	136.235703	-314.805206	1.000000
0.000000	-3669.701660	-12762.798828	1.000000
0.000000	79.797958	-278.059967	1.000000
0.000000	3188.574219	3038.458984	1.000000
0.000000	8.098985	221.976639	1.000000
0.000000	799232.062500	-982912.687500	1.000000
0.000000	-338.073578	400.782715	1.000000
0.000000	-3321.879150	-2078.817627	1.000000
0.000000	-17.765068	2855.472900	1.000000
0.000000	-285.732483	267.926422	1.000000
0.000000	19874.513672	10503.187500	1.000000
0.000000	28.409903	593.379333	1.000000
0.000000	-3321.459473	-1899.116333	1.000000
0.000000	65086.433594	112618.664062	1.000000
0.000000	233.925507	182.403473	1.000000
0.000000	484892.843750	100766.640625	1.000000
0.000000	-208.670258	200.081116	1.000000
0.000000	80.806145	246.295258	1.000000
0.000000	311.737885	69.701103	1.000000
0.000000	-243.392929	-92.897110	1.000000
0.000000	-52440.996094	-3052.925049	1.000000
0.000000	11372.493164	1338.004272	1.000000
0.000000	-90.374023	-137.403412	1.000000
0.000000	-24.400835	1788.007324	1.000000
0.000000	-7870.521973	-93099.078125	1.000000
0.000000	-537.527954	1148.906494	1.000000
0.000000	-10.927686	263.639282	1.000000
0.000000	281.377716	-61.607857	1.000000
0.000000	53.423748	291.101990	1.000000
0.000000	-42858.035156	-77751.757812	1.000000
0.000000	341.598114	-1058.408447	1.000000
0.000000	-41.441063	281.097046	1.000000
0.000000	-64.175301	-236.988922	1.000000
0.000000	-454.441040	660.838745	1.000000
0.000000	357.111847	102.129425	1.000000
0.000000	204.225220	950.203247	1.000000
0.000000	-156.058685	114.720818	1.000000
0.000000	199.707581	484.475616	1.000000
0.000000	-10944.510742	558.742126	1.000000
0.000000	28171368.000000	16549397.000000	1.000000
0.000000	269.193085	-595.713013	1.000000
0.000000	-32796.304688	266806.562500	1.000000
0.000000	-174.421265	6.654642	1.000000
0.000000	1436.787109	2705.151855	1.000000
0.000000	4597.088379	10666.266602	1.000000
0.000000	-48582.250000	-126250.796875	1.000000
0.000000	104.465851	-487.826019	1.000000
0.000000	1929694.125000	165194.359375	1.000000
0.000000	-180164.609375	-177937.812500	1.000000
0.000000	-70165.664062	13770.170898	1.000000
0.000000	230.132767	-73.072647	1.000000
0.000000	-131092.250000	14907.009766	1.000000
0.000000	-1020.396790	208.566772	1.000000
0.000000	-1290.461548	1046.055298	1.000000
0.000000	-1171.647705	1113.115112	1.000000
0.000000	49246.433594	57501.375000	1.000000
0.000000	83921.351562	3717.408936	1.000000
0.000000	1002.192444	-420.440552	1.000000
0.000000	-302.431610	-247.218643	1.000000
0.000000	-1589278.625000	-1200867.375000	1.000000
0.000000	-213.527725	127.692825	1.000000
0.000000	2590553.750000	19312.320312	1.000000
0.000000	114.688797	-127.226547	1.000000
0.000000	-10413.507812	13144.970703	1.000000
0.000000	1826645.375000	135425.359375	1.000000
0.000000	-1571.786255	732.726562	1.000000
0.000000	210.484039	36.011837	1.000000
0.000000	299.354309	0.373922	1.000000
0.000000	498.183044	999.020081	1.000000
0.000000	-10575.743164	7371.764160	1.000000
0.000000	-311.120483	148.379639	1.000000
0.000000	27331.478516	25833.644531	1.000000
0.000000	28.175531	251.178513	1.000000
0.000000	270.190399	435.258453	1.000000
0.000000	16.047554	-9068.853516	1.000000
0.000000	-5538.470215	9772.167969	1.000000
0.000000	459113.093750	25630.199219	1.000000
0.000000	-956.197937	1077.982422	1.000000
0.000000	2125.958496	-5298.137207	1.000000
0.000000	3485.835449	-2026.140869	1.000000
0.000000	105.799133	18.773354	1.000000
0.000000	169.374054	146.593262	1.000000
0.000000	993.764160	-681.896606	1.000000
0.000000	1200.308960	11794.243164	1.000000
0.000000	18103.375000	-23772.888672	1.000000
0.000000	255.646683	-12.023825	1.000000
0.000000	-16.915623	-144.334808	1.000000
0.000000	1200.723877	1138.660889	1.000000
0.000000	346.106995	-44.001911	1.000000
0.000000	96.370705	107.107933	1.000000
0.000000	-1498.024414	112.688637	1.000000
0.000000	75251.984375	-7415.649414	1.000000
0.000000	64.203865	339.241577	1.000000
0.000000	-276.064453	-720.712036	1.000000
0.000000	1182.854736	-9666.228516	1.000000
0.000000	226.800537	240.659058	1.000000
0.000000	186.356781	175.842300	1.000000
0.000000	-3893.408447	-4664.831543	1.000000
0.000000	447.024506	221.462814	1.000000
0.000000	-1974.509644	-2927.958252	1.000000
0.000000	-22.692543	210.245316	1.000000
0.000000	22233.078125	39022.460938	1.000000
0.000000	281.496918	-24.123224	1.000000
0.000000	815.963806	-551.003235	1.000000
0.000000	1192.996338	665.596619	1.000000
0.000000	-316.877350	564.983398	1.000000
0.000000	97.847954	-261.341583	1.000000
0.000000	9548.815430	4903.840332	1.000000
0.000000	-92711.171875	-330170.843750	1.000000
0.000000	7916.081543	16946.433594	1.000000
0.000000	165.871216	-131.941544	1.000000
0.000000	3376.308350	-979.177856	1.000000
0.000000	-423390.812500	-81894.578125	1.000000
0.000000	-44105600.000000	-10494824.000000	1.000000
0.000000	5991.735352	-4646.874512	1.000000
0.000000	-261.459808	90.998688	1.000000
0.000000	964.453613	-1728.788208	1.000000
0.000000	5908.161133	400.334839	1.000000
0.000000	-195.810806	-73.301277	1.000000
0.000000	-412.881897	1020.085815	1.000000
0.000000	-18790.955078	139.858292	1.000000
0.000000	-557.332947	-155.019760	1.000000
0.000000	290.535919	-276.377899	1.000000
0.000000	14480.093750	-11066.799805	1.000000
