0.000000	31374.593750	455928.750000	1.000000
0.000000	215058.875000	175431.890625	1.000000
0.000000	1215.815186	-12974.358398	1.000000
0.000000	-323.921204	645.799377	1.000000
0.000000	16873.185547	27193.187500	1.000000
0.000000	-13501.157227	710.048035	1.000000
0.000000	-505.704376	-2541.610107	1.000000
0.000000	-595521.812500	1523932.125000	1.000000
0.000000	3674.983154	-2032.602539	1.000000
0.000000	9292453.000000	3386659.750000	1.000000
0.000000	78697400.000000	19959642.000000	1.000000
0.000000	-468.621216	-237.410034	1.000000
0.000000	-389.820618	272.955933	1.000000
0.000000	85.201805	-443.820831	1.000000
0.000000	-73337376.000000	-31090268.000000	1.000000
0.000000	909.381897	-4420.952637	1.000000
0.000000	421.575195	-603.499878	1.000000
0.000000	-6274.056152	7977.998047	1.000000
0.000000	-986.833923	16.406860	1.000000
0.000000	-372.165192	475.387482	1.000000
0.000000	964.875305	8205.163086	1.000000
0.000000	10426.171875	85131.945312	1.000000
0.000000	-86.454765	1019.053833	1.000000
0.000000	379.292206	-41.634529	1.000000
0.000000	-206992.828125	-53477.207031	1.000000
0.000000	614.910095	-43.188202	1.000000
0.000000	10383.854492	35173.019531	1.000000
0.000000	-4125.410156	11540.884766	1.000000
0.000000	584.912415	-277.994049	1.000000
0.000000	-61265.195312	-273296.843750	1.000000
0.000000	5052.922852	-8742.019531	1.000000
0.000000	5074.645508	956.213745	1.000000
0.000000	-450.432068	540.272156	1.000000
0.000000	-684.495300	-69.946884	1.000000
0.000000	-397.733734	-158.858658	1.000000
0.000000	5045.648438	2864.783447	1.000000
0.000000	-177.704071	-141.444534	1.000000
0.000000	-5894.687988	-1633.018433	1.000000
0.000000	-246215.765625	-73921.718750	1.000000
0.000000	-46578.855469	-6282.687988	1.000000
0.000000	621.834290	217.884872	1.000000
0.000000	655.829163	-151.070984	1.000000
0.000000	-3.651401	438.923096	1.000000
0.000000	-170.977554	-315.684692	1.000000
0.000000	72.765686	434.510101	1.000000
0.000000	-636.306458	-86.748398	1.000000
0.000000	-3916.209961	3239.621582	1.000000
0.000000	-941.030518	595.137268	1.000000
0.000000	-156.361832	-452.993286	1.000000
0.000000	-450.962952	-122.410561	1.000000
0.000000	7239.911621	6258.314453	1.000000
0.000000	-977.450378	1526.856079	1.000000
0.000000	-86.228409	1184.174316	1.000000
0.000000	-3512.239014	-11486.403320	1.000000
0.000000	484.364685	31.553961	1.000000
0.000000	-11.649817	-464.331543	1.000000
0.000000	328.196198	110.921738	1.000000
0.000000	29405522.000000	-21550876.000000	1.000000
0.000000	-713.893860	1778.911743	1.000000
0.000000	367.876556	669.450500	1.000000
0.000000	1611.087036	26072.462891	1.000000
0.000000	3338.959473	-1832.161621	1.000000
0.000000	-193.855896	-420.130432	1.000000
0.000000	267.227386	-527.328247	1.000000
0.000000	5265.064941	-3054.940918	1.000000
0.000000	401219.062500	-1051564.750000	1.000000
0.000000	40038.296875	142429.250000	1.000000
0.000000	899154304.000000	-490293056.000000	1.000000
0.000000	4990.811523	-15020.708984	1.000000
0.000000	-11819835.000000	-661063.187500	1.000000
0.000000	10711.022461	-14948.352539	1.000000
0.000000	-77.155792	-545.419250	1.000000
0.000000	-416.983398	-895.250671	1.000000
0.000000	-311.087952	915.594482	1.000000
0.000000	424091.437500	2442.834717	1.000000
0.000000	-9532.138672	10594.372070	1.000000
0.000000	-360.588898	493.152893	1.000000
0.000000	15.794353	-475.949921	1.000000
0.000000	3440.517090	-13477.063477	1.000000
0.000000	-935690816.000000	516809408.000000	1.000000
0.000000	1333545.500000	80422.234375	1.000000
0.000000	370974.937500	-121761.765625	1.000000
0.000000	282232.000000	227455.031250	1.000000
0.000000	24731.603516	-23048.230469	1.000000
0.000000	2203343.750000	933426.937500	1.000000
0.000000	-251.216904	379.854553	1.000000
0.000000	-95.508842	-74.866631	1.000000
0.000000	-3049.188721	-222.011581	1.000000
0.000000	-1693.034302	1905.660767	1.000000
0.000000	185.254242	445.169067	1.000000
0.000000	-36.231571	-227.898895	1.000000
0.000000	-1393.311890	1051.102905	1.000000
0.000000	1070.332520	-286.950562	1.000000
0.000000	275.884338	-1.861534	1.000000
0.000000	-4355021.000000	2416277.250000	1.000000
0.000000	1267.027100	705.849304	1.000000
0.000000	-304.912659	-88085.093750	1.000000
0.000000	1711789.125000	-2028472.500000	1.000000
0.000000	846.880005	-1329.602539	1.000000
0.000000	-110.733185	-5407.212402	1.000000
0.000000	691415.187500	-227612.218750	1.000000
0.000000	12310197.000000	-6573529.500000	1.000000
0.000000	-21988.466797	-21688.058594	1.000000
0.000000	170847.203125	-24634.527344	1.000000
0.000000	-54.178936	350.272980	1.000000
0.000000	464.803680	-86.878548	1.000000
0.000000	444.339539	-1834.156982	1.000000
0.000000	-268.919556	-379.256744	1.000000
0.000000	172.959595	-437.712494	1.000000
0.000000	-934.855957	1243.566528	1.000000
0.000000	-386.458435	-3068.166260	1.000000
0.000000	-54051.226562	119833.890625	1.000000
0.000000	153.024078	416.308350	1.000000
0.000000	-526.352234	72.139900	1.000000
0.000000	40.652126	-1027.556030	1.000000
0.000000	-64459.089844	15442.269531	1.000000
0.000000	2487.922607	956.091125	1.000000
0.000000	55922.832031	149695.234375	1.000000
0.000000	-13404.428711	6546.948242	1.000000
0.000000	-41920.160156	-29680.742188	1.000000
0.000000	-8309.872070	13912.378906	1.000000
0.000000	467.048340	417.292603	1.000000
0.000000	-440.494934	289.834717	1.000000
0.000000	1680.908691	3056.336670	1.000000
0.000000	800.808960	-460.441010	1.000000
0.000000	1811.334229	-13.126047	1.000000
0.000000	600.549561	-707.231995	1.000000
0.000000	13953.556641	-14408.800781	1.000000
0.000000	-448.476440	-225.677841	1.000000
0.000000	-1232.194824	1363.463989	1.000000
0.000000	354.577789	376.910187	1.000000
0.000000	-13171.362305	-3020.847900	1.000000
0.000000	-28771.253906	-61646.984375	1.000000
0.000000	1792.875732	8197.750977	1.000000
0.000000	-2425.689453	1712.113770	1.000000
0.000000	249.050568	-218.536942	1.000000
0.000000	-41.547474	84.559044	1.000000
0.000000	-3715.552979	-15902.594727	1.000000
0.000000	925.682190	19.130630	1.000000
0.000000	-8947.162109	12945.535156	1.000000
0.000000	-845.822632	-3335.755859	1.000000
0.000000	924.490051	735.298767	1.000000
0.000000	448.333282	-288.820496	1.000000
0.000000	-5484.472168	-20485.474609	1.000000
0.000000	10.540869	-486.552032	1.000000
0.000000	22469.921875	-24757.701172	1.000000
0.000000	-410.106903	-296.581665	1.000000
0.000000	-3300464.250000	1376390.750000	1.000000
0.000000	-18046.681641	-1412.466431	1.000000
0.000000	-126.320000	725.104126	1.000000
0.000000	212.599701	-496.665131	1.000000
0.000000	6736.861816	2550.030273	1.000000
0.000000	-25982.255859	-23314.363281	1.000000
0.000000	-586712.625000	317563.281250	1.000000
0.000000	-108536.234375	248934.171875	1.000000
0.000000	37861.546875	-56191.003906	1.000000
0.000000	704.547852	-1844.542114	1.000000
0.000000	198.816360	309.505707	1.000000
0.000000	-256.955017	-267.864136	1.000000
0.000000	-431.603699	835.387573	1.000000
0.000000	4112436.000000	2116301.500000	1.000000
0.000000	325.845001	242.706406	1.000000
0.000000	-45338.402344	76111.375000	1.000000
0.000000	849.783630	1762.794678	1.000000
0.000000	4987.103027	12523.059570	1.000000
0.000000	603.389221	1447.826172	1.000000
0.000000	-44211.074219	2484.091553	1.000000
0.000000	245575.796875	-842228.687500	1.000000
0.000000	-371.140106	-209.727768	1.000000
0.000000	604.497742	-117.778542	1.000000
0.000000	-32918.972656	-140156.546875	1.000000
0.000000	-14390.557617	-13414.531250	1.000000
0.000000	-541.960205	-90.291969	1.000000
0.000000	-323798.281250	730136.875000	1.000000
0.000000	-31224.339844	-19590.058594	1.000000
0.000000	-568.407959	-1146.844116	1.000000
0.000000	190.927017	-509.716400	1.000000
0.000000	-3475.902832	-12822.125000	1.000000
0.000000	138.357117	-471.858795	1.000000
0.000000	3248.889160	2845.648926	1.000000
0.000000	104.224152	47.390175	1.000000
0.000000	798978.937500	-982912.687500	1.000000
0.000000	-537.804993	434.524475	1.000000
0.000000	-3128.080322	-2136.166260	1.000000
0.000000	-60.315639	3053.226807	1.000000
0.000000	-428.609680	411.421600	1.000000
0.000000	19771.681641	10677.210938	1.000000
0.000000	228.005096	559.266785	1.000000
0.000000	-3514.269531	-1962.397583	1.000000
0.000000	65149.714844	112808.507812	1.000000
0.000000	383.229706	319.191193	1.000000
0.000000	484892.843750	100956.484375	1.000000
0.000000	-355.131744	339.893127	1.000000
0.000000	78.241524	448.748779	1.000000
0.000000	346.468414	269.185364	1.000000
0.000000	-445.472717	-105.782013	1.000000
0.000000	-52361.894531	-2869.013916	1.000000
0.000000	11479.280273	1510.050171	1.000000
0.000000	-36.402153	-333.585846	1.000000
0.000000	93.846199	1623.377197	1.000000
0.000000	-7880.409668	-93288.921875	1.000000
0.000000	-658.899414	986.748291	1.000000
0.000000	-144.714432	415.662598	1.000000
0.000000	474.929352	-121.150322	1.000000
0.000000	64.516510	493.305359	1.000000
0.000000	-43016.238281	-77625.195312	1.000000
0.000000	183.299789	-1184.970947	1.000000
0.000000	63.959381	454.008118	1.000000
0.000000	-154.793076	-55.908195	1.000000
0.000000	-472.980469	862.547729	1.000000
0.000000	498.629486	-42.714783	1.000000
0.000000	252.365936	1146.968384	1.000000
0.000000	-250.795166	293.688080	1.000000
0.000000	362.833221	604.392273	1.000000
0.000000	-11146.219727	543.910583	1.000000
0.000000	28171368.000000	16549397.000000	1.000000
0.000000	405.766876	-745.264404	1.000000
0.000000	-32717.203125	266680.000000	1.000000
0.000000	-376.871826	1.509529	1.000000
0.000000	1605.372314	2593.420898	1.000000
0.000000	4399.334473	10713.727539	1.000000
0.000000	-48376.585938	-126250.796875	1.000000
0.000000	-73.316711	-584.725464	1.000000
0.000000	1929694.125000	165320.921875	1.000000
0.000000	-179974.765625	-177937.812500	1.000000
0.000000	-70323.867188	13655.473633	1.000000
0.000000	351.875031	-234.870544	1.000000
0.000000	-131155.531250	15100.808594	1.000000
0.000000	-1200.852173	300.151550	1.000000
0.000000	-1417.518433	888.559204	1.000000
0.000000	-1224.052490	1308.891479	1.000000
0.000000	49293.894531	57691.218750	1.000000
0.000000	83763.148438	3595.790283	1.000000
0.000000	1195.030396	-358.889648	1.000000
0.000000	-482.387665	-340.033539	1.000000
0.000000	-1589278.625000	-1200867.375000	1.000000
0.000000	-408.933289	180.901169	1.000000
0.000000	2590553.750000	19494.253906	1.000000
0.000000	185.020874	-317.112091	1.000000
0.000000	-10532.160156	13311.083984	1.000000
0.000000	1826645.375000	135298.796875	1.000000
0.000000	-1548.550171	933.941162	1.000000
0.000000	406.879852	81.075508	1.000000
0.000000	466.024719	-107.275772	1.000000
0.000000	336.519226	877.154236	1.000000
0.000000	-10714.170898	7520.079590	1.000000
0.000000	-509.615967	188.486603	1.000000
0.000000	27339.388672	26039.308594	1.000000
0.000000	175.996368	389.606232	1.000000
0.000000	279.336517	637.508728	1.000000
0.000000	-180.948334	-9021.392578	1.000000
0.000000	-5740.179199	9776.123047	1.000000
0.000000	459239.656250	25479.906250	1.000000
0.000000	-1146.041748	1148.185059	1.000000
0.000000	2289.105469	-5177.507324	1.000000
0.000000	3489.790527	-2228.838623	1.000000
0.000000	216.547516	188.289047	1.000000
0.000000	342.532318	251.526428	1.000000
0.000000	906.505249	-864.571777	1.000000
0.000000	1223.545044	11592.534180	1.000000
0.000000	17905.621094	-23812.439453	1.000000
0.000000	457.602875	-26.746178	1.000000
0.000000	-5.572535	-346.538177	1.000000
0.000000	1032.633057	1251.380615	1.000000
0.000000	548.557556	-49.177502	1.000000
0.000000	128.844803	306.966217	1.000000
0.000000	-1305.214355	174.432587	1.000000
0.000000	75441.828125	-7393.896484	1.000000
0.000000	118.122704	534.414124	1.000000
0.000000	-73.558212	-720.712036	1.000000
0.000000	1170.000732	-9464.519531	1.000000
0.000000	349.269623	401.952087	1.000000
0.000000	340.824158	306.816437	1.000000
0.000000	-3800.464111	-4484.875488	1.000000
0.000000	646.755981	254.462997	1.000000
0.000000	-2136.891113	-3048.588135	1.000000
0.000000	62.652004	393.909241	1.000000
0.000000	22264.718750	39228.125000	1.000000
0.000000	483.947479	-23.458895	1.000000
0.000000	1018.414368	-547.542542	1.000000
0.000000	1368.008545	767.439880	1.000000
0.000000	-325.281891	767.186768	1.000000
0.000000	225.584610	-418.432343	1.000000
0.000000	9651.647461	4729.816895	1.000000
0.000000	-92616.250000	-330297.406250	1.000000
0.000000	8117.790527	16954.343750	1.000000
0.000000	296.512390	-286.683960	1.000000
0.000000	3442.555908	-787.603760	1.000000
0.000000	-423264.250000	-82052.781250	1.000000
0.000000	-44105600.000000	-10494824.000000	1.000000
0.000000	6082.702148	-4466.918457	1.000000
0.000000	-338.336639	278.364410	1.000000
0.000000	1141.937744	-1631.394409	1.000000
0.000000	5749.958008	274.513916	1.000000
0.000000	-383.800598	-148.593796	1.000000
0.000000	-615.085266	1010.198120	1.000000
0.000000	-18759.314453	-60.078491	1.000000
0.000000	-759.783508	-160.643387	1.000000
0.000000	313.648407	-477.592499	1.000000
0.000000	14665.982422	-10987.698242	1.000000
