0.000000	31508.070312	455803.125000	1.000000
0.000000	214996.062500	175243.453125	1.000000
0.000000	1185.881104	-12774.143555	1.000000
0.000000	-524.872131	648.743713	1.000000
0.000000	16888.888672	27397.328125	1.000000
0.000000	-13697.446289	755.439880	1.000000
0.000000	-686.049255	-2453.280029	1.000000
0.000000	-595270.562500	1523932.125000	1.000000
0.000000	3571.931396	-2205.336914	1.000000
0.000000	9292453.000000	3386659.750000	1.000000
0.000000	78697400.000000	19959642.000000	1.000000
0.000000	-274.663086	-184.780029	1.000000
0.000000	-294.620422	95.922180	1.000000
0.000000	92.593315	-242.988602	1.000000
0.000000	-73337376.000000	-31090268.000000	1.000000
0.000000	734.439270	-4519.097168	1.000000
0.000000	374.465820	-408.127075	1.000000
0.000000	-6170.022949	7805.263672	1.000000
0.000000	-987.324646	217.415497	1.000000
0.000000	-303.218658	286.581940	1.000000
0.000000	921.691711	8008.874023	1.000000
0.000000	10245.585938	85037.726562	1.000000
0.000000	-47.564999	821.783325	1.000000
0.000000	230.351440	94.294205	1.000000
0.000000	-207118.453125	-53335.878906	1.000000
0.000000	414.509613	-58.921997	1.000000
0.000000	10387.780273	35377.160156	1.000000
0.000000	-3928.286865	11580.142578	1.000000
0.000000	409.233704	-180.340240	1.000000
0.000000	-61469.335938	-273296.843750	1.000000
0.000000	5172.659180	-8902.976562	1.000000
0.000000	4880.319336	906.650757	1.000000
0.000000	-265.061584	462.492645	1.000000
0.000000	-537.523865	-206.919846	1.000000
0.000000	-240.696518	-33.475285	1.000000
0.000000	4863.099609	2781.360596	1.000000
0.000000	9.221918	-67.565681	1.000000
0.000000	-5739.619629	-1505.921265	1.000000
0.000000	-246278.578125	-73733.281250	1.000000
0.000000	-46735.886719	-6160.988770	1.000000
0.000000	466.801727	89.919815	1.000000
0.000000	539.773254	12.972756	1.000000
0.000000	-1.846653	237.966660	1.000000
0.000000	-81.483940	-137.548355	1.000000
0.000000	47.779461	235.037781	1.000000
0.000000	-560.489807	-272.910736	1.000000
0.000000	-4081.092773	3354.450684	1.000000
0.000000	-826.937500	429.579498	1.000000
0.000000	-112.135452	-256.949585	1.000000
0.000000	-254.305328	-81.067177	1.000000
0.000000	7039.696777	6279.906250	1.000000
0.000000	-867.773865	1695.173950	1.000000
0.000000	28.014742	1349.547852	1.000000
0.000000	-3395.447021	-11651.286133	1.000000
0.000000	296.958740	-40.767334	1.000000
0.000000	-16.618383	-263.380615	1.000000
0.000000	127.328667	117.883865	1.000000
0.000000	29405522.000000	-21550876.000000	1.000000
0.000000	-551.955383	1660.156860	1.000000
0.000000	500.248993	518.062561	1.000000
0.000000	1714.629517	26245.197266	1.000000
0.000000	3262.406738	-1646.177734	1.000000
0.000000	-88.105156	-249.233826	1.000000
0.000000	158.777679	-358.140533	1.000000
0.000000	5388.727051	-2896.928223	1.000000
0.000000	401093.437500	-1051564.750000	1.000000
0.000000	40211.031250	142554.875000	1.000000
0.000000	899154304.000000	-490293056.000000	1.000000
0.000000	5120.362305	-14867.603516	1.000000
0.000000	-11819835.000000	-661314.437500	1.000000
0.000000	10608.952148	-15121.086914	1.000000
0.000000	-17.778347	-353.402679	1.000000
0.000000	-265.227417	-763.491638	1.000000
0.000000	-511.916199	922.464600	1.000000
0.000000	424342.687500	2492.888428	1.000000
0.000000	-9335.849609	10641.481445	1.000000
0.000000	-165.498199	541.489075	1.000000
0.000000	33.398983	-275.735077	1.000000
0.000000	3420.888184	-13276.848633	1.000000
0.000000	-935690816.000000	516809408.000000	1.000000
0.000000	1333545.500000	80233.796875	1.000000
0.000000	370723.687500	-121730.359375	1.000000
0.000000	282483.250000	227392.218750	1.000000
0.000000	24912.189453	-23142.449219	1.000000
0.000000	2203343.750000	933678.187500	1.000000
0.000000	-145.343491	208.977264	1.000000
0.000000	100.655655	-31.038792	1.000000
0.000000	-3174.813721	-379.029541	1.000000
0.000000	-1669.479614	1705.936646	1.000000
0.000000	92.569008	266.791382	1.000000
0.000000	15.408665	-33.636471	1.000000
0.000000	-1199.476440	1104.100952	1.000000
0.000000	900.542542	-179.315918	1.000000
0.000000	231.194565	-197.839249	1.000000
0.000000	-4355021.000000	2416277.250000	1.000000
0.000000	1093.311279	605.005798	1.000000
0.000000	-108.209457	-88053.687500	1.000000
0.000000	1711789.125000	-2028472.500000	1.000000
0.000000	809.339722	-1526.873047	1.000000
0.000000	-275.987244	-5293.364746	1.000000
0.000000	691415.187500	-227423.781250	1.000000
0.000000	12310197.000000	-6573529.500000	1.000000
0.000000	-21941.357422	-21491.769531	1.000000
0.000000	170658.765625	-24516.753906	1.000000
0.000000	32.604816	172.638306	1.000000
0.000000	272.440399	-28.430075	1.000000
0.000000	638.911072	-1784.103271	1.000000
0.000000	-136.669800	-227.868820	1.000000
0.000000	99.792404	-250.501785	1.000000
0.000000	-877.196045	1051.203247	1.000000
0.000000	-191.621262	-3117.238525	1.000000
0.000000	-53847.085938	119833.890625	1.000000
0.088459	85.607094	230.351593	1.000000
0.000000	-331.912445	21.225798	1.000000
0.000000	-152.650208	-1082.516968	1.000000
0.000000	-64631.824219	15552.191406	1.000000
0.000000	2428.054443	764.218567	1.000000
0.000000	55765.800781	149569.609375	1.000000
0.000000	-13212.065430	6609.760742	1.000000
0.000000	-41763.128906	-29798.515625	1.000000
0.000000	-8474.754883	13798.531250	1.000000
0.000000	285.480957	331.170776	1.000000
0.000000	-292.419373	153.858475	1.000000
0.000000	1536.145508	3195.701904	1.000000
0.000000	606.728149	-408.056366	1.000000
0.000000	1940.394287	140.926910	1.000000
0.000000	561.291748	-510.205750	1.000000
0.000000	13996.740234	-14212.511719	1.000000
0.000000	-277.091553	-120.722404	1.000000
0.000000	-1156.132812	1549.447876	1.000000
0.000000	210.918732	236.318161	1.000000
0.000000	-13367.651367	-2976.682861	1.000000
0.000000	-28645.628906	-61489.953125	1.000000
0.000000	1682.953857	8028.942383	1.000000
0.000000	-2548.370117	1871.107910	1.000000
0.000000	65.141769	-137.445023	1.000000
0.088459	87.768967	233.219879	1.000000
0.000000	-3843.140869	-16059.625977	1.000000
0.000000	732.582825	-36.959862	1.000000
0.000000	-8746.947266	12929.832031	1.000000
0.000000	-906.426880	-3144.374023	1.000000
0.000000	946.327209	535.574646	1.000000
0.000000	251.921524	-246.141815	1.000000
0.000000	-5682.724121	-20516.880859	1.000000
0.000000	-0.032665	-285.846466	1.000000
0.000000	22524.882812	-24561.412109	1.000000
0.000000	-274.544769	-148.138046	1.000000
0.000000	-3300464.250000	1376390.750000	1.000000
0.000000	-17976.017578	-1225.010376	1.000000
0.000000	-41.788994	542.800659	1.000000
0.000000	145.616058	-307.123505	1.000000
0.000000	6672.086426	2740.430664	1.000000
0.000000	-26170.693359	-23377.175781	1.000000
0.000000	-586712.625000	317437.656250	1.000000
0.000000	-108536.234375	249122.609375	1.000000
0.000000	38065.687500	-56191.003906	1.000000
0.000000	574.506348	-1691.436646	1.000000
0.000000	102.266670	133.213608	1.000000
0.000000	-211.009827	-463.539795	1.000000
0.000000	-376.765442	642.042847	1.000000
0.000000	4112436.000000	2116301.500000	1.000000
0.000000	128.819839	203.019211	1.000000
0.000000	-45259.886719	75922.937500	1.000000
0.000000	668.461609	1675.936768	1.000000
0.000000	4792.776855	12574.094727	1.000000
0.000000	623.263489	1648.041016	1.000000
0.000000	-44069.746094	2336.874756	1.000000
0.000000	245764.234375	-842228.687500	1.000000
0.000000	-189.327362	-124.095261	1.000000
0.000000	404.037567	-133.277405	1.000000
0.000000	-32997.488281	-139968.109375	1.000000
0.000000	-14323.819336	-13602.968750	1.000000
0.000000	-341.254639	-80.109474	1.000000
0.000000	-323547.031250	730136.875000	1.000000
0.000000	-31397.074219	-19692.128906	1.000000
0.000000	-386.679840	-1060.967651	1.000000
0.000000	136.640823	-316.248993	1.000000
0.000000	-3668.266113	-12763.238281	1.000000
0.000000	80.231689	-279.495514	1.000000
0.000000	3189.020996	3037.030762	1.000000
0.000000	8.808890	220.655075	1.000000
0.000000	799230.187500	-982912.687500	1.000000
0.000000	-339.553070	401.032654	1.000000
0.000000	-3320.443604	-2079.242432	1.000000
0.000000	-18.080296	2856.937744	1.000000
0.000000	-286.790833	268.989349	1.000000
0.000000	19873.751953	10504.476562	1.000000
0.000000	29.888365	593.126648	1.000000
0.000000	-3322.887695	-1899.585083	1.000000
0.000000	65086.902344	112620.070312	1.000000
0.000000	235.031464	183.416504	1.000000
0.000000	484892.843750	100768.046875	1.000000
0.000000	-209.755157	201.117035	1.000000
0.000000	80.787148	247.795349	1.000000
0.000000	311.995148	71.178764	1.000000
0.000000	-244.889816	-92.992554	1.000000
0.000000	-52440.410156	-3051.562744	1.000000
0.000000	11373.284180	1339.278687	1.000000
0.000000	-89.966385	-138.846741	1.000000
0.000000	-23.524961	1786.787842	1.000000
0.000000	-7870.595215	-93100.484375	1.000000
0.000000	-538.427002	1147.705322	1.000000
0.000000	-11.918630	264.765381	1.000000
0.000000	282.811432	-62.048912	1.000000
0.000000	53.505917	292.599792	1.000000
0.000000	-42859.207031	-77750.820312	1.000000
0.000000	340.425323	-1059.345947	1.000000
0.000000	-40.660347	282.377869	1.000000
0.000000	-64.846611	-235.647675	1.000000
0.000000	-454.578369	662.332886	1.000000
0.000000	358.160126	101.056427	1.000000
0.000000	204.581818	951.660767	1.000000
0.000000	-156.760437	116.046501	1.000000
0.000000	200.915619	485.364594	1.000000
0.000000	-10946.004883	558.632263	1.000000
0.000000	28171368.000000	16549397.000000	1.000000
0.000000	270.204742	-596.820801	1.000000
0.000000	-32795.718750	266805.625000	1.000000
0.000000	-175.920898	6.616533	1.000000
0.000000	1438.035889	2704.324219	1.000000
0.000000	4595.623535	10666.618164	1.000000
0.000000	-48580.726562	-126250.796875	1.000000
0.000000	103.148865	-488.543793	1.000000
0.000000	1929694.125000	165195.296875	1.000000
0.000000	-180163.203125	-177937.812500	1.000000
0.000000	-70166.835938	13769.321289	1.000000
0.000000	231.034561	-74.271301	1.000000
0.000000	-131092.718750	14908.445312	1.000000
0.000000	-1021.735291	209.245178	1.000000
0.000000	-1291.402710	1044.887085	1.000000
0.000000	-1172.035889	1114.565308	1.000000
0.000000	49246.785156	57502.781250	1.000000
0.000000	83920.179688	3716.508057	1.000000
0.000000	1003.622498	-419.984619	1.000000
0.000000	-303.764618	-247.905746	1.000000
0.000000	-1589278.625000	-1200867.375000	1.000000
0.000000	-214.975174	128.087143	1.000000
0.000000	2590553.750000	19313.667969	1.000000
0.000000	115.209961	-128.633133	1.000000
0.000000	-10414.386719	13146.201172	1.000000
0.000000	1826645.375000	135424.421875	1.000000
0.000000	-1571.614136	734.217041	1.000000
0.000000	211.946136	36.346577	1.000000
0.000000	300.602173	-0.458770	1.000000
0.000000	496.985535	998.117371	1.000000
0.000000	-10576.768555	7372.862793	1.000000
0.000000	-312.590820	148.676727	1.000000
0.000000	27331.537109	25835.167969	1.000000
0.000000	29.270445	252.203903	1.000000
0.000000	270.258148	436.757172	1.000000
0.000000	14.588318	-9068.501953	1.000000
0.000000	-5539.964355	9772.197266	1.000000
0.000000	459114.031250	25629.085938	1.000000
0.000000	-957.604187	1078.502441	1.000000
0.000000	2127.166992	-5297.243652	1.000000
0.000000	3485.864746	-2027.642334	1.000000
0.000000	106.619675	20.029057	1.000000
0.000000	170.656708	147.370544	1.000000
0.000000	993.117798	-683.249756	1.000000
0.000000	1200.481079	11792.749023	1.000000
0.000000	18101.910156	-23773.181641	1.000000
0.000000	257.142670	-12.132858	1.000000
0.000000	-16.831623	-145.832611	1.000000
0.000000	1199.478760	1139.495850	1.000000
0.000000	347.606628	-44.040249	1.000000
0.000000	96.611259	108.588570	1.000000
0.000000	-1496.596191	113.146172	1.000000
0.000000	75253.390625	-7415.488281	1.000000
0.000000	64.603264	340.687195	1.000000
0.000000	-274.564819	-720.712036	1.000000
0.000000	1182.759521	-9664.734375	1.000000
0.000000	227.707367	241.853821	1.000000
0.000000	187.500732	176.812302	1.000000
0.000000	-3892.719971	-4663.498535	1.000000
0.000000	448.503998	221.707260	1.000000
0.000000	-1975.714478	-2928.851807	1.000000
0.000000	-22.060371	211.605789	1.000000
0.000000	22233.312500	39023.984375	1.000000
0.000000	282.996552	-24.118303	1.000000
0.000000	817.463440	-550.977600	1.000000
0.000000	1194.292725	666.351013	1.000000
0.000000	-316.939606	566.481201	1.000000
0.000000	98.794151	-262.505219	1.000000
0.000000	9549.577148	4902.551270	1.000000
0.000000	-92710.468750	-330171.781250	1.000000
0.000000	7917.575684	16946.492188	1.000000
0.000000	166.838928	-133.087784	1.000000
0.000000	3376.799072	-977.758789	1.000000
0.000000	-423389.875000	-81895.750000	1.000000
0.000000	-44105600.000000	-10494824.000000	1.000000
0.000000	5992.409180	-4645.541504	1.000000
0.000000	-262.029266	92.386398	1.000000
0.000000	965.768311	-1728.066772	1.000000
0.000000	5906.989258	399.402832	1.000000
0.000000	-197.203323	-73.859062	1.000000
0.000000	-414.379700	1020.012573	1.000000
0.000000	-18790.720703	138.377426	1.000000
0.000000	-558.832581	-155.061417	1.000000
0.000000	290.707123	-277.868378	1.000000
0.000000	14481.470703	-11066.213867	1.000000
