0.000000	31535.960938	455776.875000	1.000000
0.000000	214982.937500	175204.078125	1.000000
0.000000	1179.626221	-12732.307617	1.000000
0.000000	-566.861877	649.358948	1.000000
0.000000	16892.169922	27439.984375	1.000000
0.000000	-13738.461914	764.924744	1.000000
0.000000	-723.732361	-2434.822998	1.000000
0.000000	-595218.062500	1523932.125000	1.000000
0.000000	3550.398193	-2241.430664	1.000000
0.000000	9292453.000000	3386659.750000	1.000000
0.000000	78697400.000000	19959642.000000	1.000000
0.000000	-234.134521	-173.782715	1.000000
0.000000	-274.727844	58.925243	1.000000
0.000000	94.137810	-201.011673	1.000000
0.000000	-73337376.000000	-31090268.000000	1.000000
0.000000	697.884094	-4539.604980	1.000000
0.000000	364.622070	-367.290894	1.000000
0.000000	-6148.284668	7769.169922	1.000000
0.000000	-987.427185	259.417023	1.000000
0.000000	-288.811920	247.130051	1.000000
0.000000	912.668274	7967.858398	1.000000
0.000000	10207.851562	85018.039062	1.000000
0.000000	-39.438778	780.562622	1.000000
0.000000	199.435913	122.723160	1.000000
0.000000	-207144.703125	-53306.347656	1.000000
0.000000	372.648041	-62.209656	1.000000
0.000000	10388.600586	35419.816406	1.000000
0.000000	-3887.066162	11588.345703	1.000000
0.000000	372.524719	-159.934967	1.000000
0.000000	-61511.992188	-273296.843750	1.000000
0.000000	5197.678711	-8936.609375	1.000000
0.000000	4839.713867	896.294312	1.000000
0.000000	-226.327454	446.240204	1.000000
0.000000	-506.809082	-235.541061	1.000000
0.000000	-207.871201	-7.273606	1.000000
0.000000	4824.955078	2763.928955	1.000000
0.000000	48.282753	-52.127144	1.000000
0.000000	-5707.217285	-1479.363647	1.000000
0.000000	-246291.703125	-73693.906250	1.000000
0.000000	-46768.699219	-6135.559082	1.000000
0.000000	434.425018	63.176350	1.000000
0.000000	515.522766	47.249714	1.000000
0.000000	-1.469542	195.964096	1.000000
0.000000	-62.559315	-100.052734	1.000000
0.000000	42.559582	193.368469	1.000000
0.000000	-544.647522	-311.798676	1.000000
0.000000	-4115.545898	3378.444824	1.000000
0.000000	-803.097168	394.998199	1.000000
0.000000	-102.894119	-215.985229	1.000000
0.000000	-213.199982	-72.428261	1.000000
0.000000	6997.860840	6284.417969	1.000000
0.000000	-844.856384	1730.344849	1.000000
0.000000	51.886848	1384.103516	1.000000
0.000000	-3371.042725	-11685.739258	1.000000
0.000000	258.173340	-56.875580	1.000000
0.000000	-17.656591	-221.390869	1.000000
0.000000	85.351738	119.338638	1.000000
0.000000	29405522.000000	-21550876.000000	1.000000
0.000000	-518.117493	1635.342407	1.000000
0.000000	527.894165	486.449982	1.000000
0.000000	1736.265259	26281.291016	1.000000
0.000000	3246.410645	-1607.315430	1.000000
0.000000	-66.007988	-213.511780	1.000000
0.000000	136.116547	-322.790192	1.000000
0.000000	5414.566895	-2863.910645	1.000000
0.000000	401067.187500	-1051564.750000	1.000000
0.000000	40247.125000	142581.125000	1.000000
0.000000	899154304.000000	-490293056.000000	1.000000
0.000000	5147.432617	-14835.611328	1.000000
0.000000	-11819835.000000	-661366.937500	1.000000
0.000000	10587.624023	-15157.180664	1.000000
0.000000	-5.371035	-313.284271	1.000000
0.000000	-233.526306	-735.959900	1.000000
0.000000	-553.905884	923.900146	1.000000
0.000000	424395.187500	2503.347412	1.000000
0.000000	-9294.833984	10651.325195	1.000000
0.000000	-124.726616	551.589172	1.000000
0.000000	37.077572	-233.899124	1.000000
0.000000	3416.786621	-13235.012695	1.000000
0.000000	-935690816.000000	516809408.000000	1.000000
0.000000	1333545.500000	80194.421875	1.000000
0.000000	370671.187500	-121723.796875	1.000000
0.000000	282535.750000	227379.093750	1.000000
0.000000	24949.923828	-23162.136719	1.000000
0.000000	2203343.750000	933730.687500	1.000000
0.000000	-123.220695	173.280853	1.000000
0.000000	141.645645	-21.879169	1.000000
0.000000	-3201.063721	-411.842041	1.000000
0.000000	-1664.557739	1664.203247	1.000000
0.000000	73.201942	229.518448	1.000000
0.000000	26.199299	6.953423	1.000000
0.000000	-1158.973511	1115.175171	1.000000
0.000000	865.064026	-156.821411	1.000000
0.000000	221.850693	-238.790787	1.000000
0.000000	-4355021.000000	2416277.250000	1.000000
0.000000	1057.012451	583.934021	1.000000
0.000000	-67.104111	-88047.125000	1.000000
0.000000	1711789.125000	-2028472.500000	1.000000
0.000000	801.495483	-1568.093750	1.000000
0.000000	-310.517273	-5269.575684	1.000000
0.000000	691415.187500	-227384.406250	1.000000
0.000000	12310197.000000	-6573529.500000	1.000000
0.000000	-21931.513672	-21450.753906	1.000000
0.000000	170619.390625	-24492.144531	1.000000
0.000000	50.680531	134.724487	1.000000
0.000000	232.252670	-16.216711	1.000000
0.000000	679.567810	-1773.644287	1.000000
0.000000	-109.035530	-196.235519	1.000000
0.000000	84.507675	-211.383133	1.000000
0.000000	-865.147705	1010.991394	1.000000
0.000000	-150.900436	-3127.492432	1.000000
0.000000	-53804.429688	119833.890625	1.000000
0.000000	71.376350	191.935440	1.000000
0.000000	-291.281342	10.585769	1.000000
0.000000	-193.037781	-1094.001343	1.000000
0.000000	-64667.917969	15575.160156	1.000000
0.000000	2415.544678	724.125793	1.000000
0.000000	55732.988281	149543.359375	1.000000
0.000000	-13171.870117	6622.885742	1.000000
0.000000	-41730.316406	-29823.125000	1.000000
0.000000	-8509.208008	13774.742188	1.000000
0.000000	247.541504	313.175171	1.000000
0.000000	-261.478210	125.442345	1.000000
0.000000	1505.896484	3224.822998	1.000000
0.000000	566.173950	-397.110321	1.000000
0.000000	1967.362061	173.111359	1.000000
0.000000	553.088623	-469.010681	1.000000
0.000000	14005.763672	-14171.496094	1.000000
0.000000	-241.279770	-98.785454	1.000000
0.000000	-1140.239258	1588.310181	1.000000
0.000000	180.900421	206.940720	1.000000
0.000000	-13408.666992	-2967.454346	1.000000
0.000000	-28619.378906	-61457.140625	1.000000
0.000000	1659.985107	7993.668945	1.000000
0.000000	-2574.004883	1904.330566	1.000000
0.000000	26.711740	-120.500450	1.000000
0.000000	114.932449	263.855408	1.000000
0.000000	-3869.801025	-16092.438477	1.000000
0.000000	692.233704	-48.681358	1.000000
0.000000	-8705.111328	12926.550781	1.000000
0.000000	-919.090454	-3104.383789	1.000000
0.000000	950.890198	493.830109	1.000000
0.000000	210.880264	-237.233734	1.000000
0.000000	-5724.149902	-20523.443359	1.000000
0.000000	-2.242056	-243.907974	1.000000
0.000000	22536.367188	-24520.396484	1.000000
0.000000	-246.222794	-117.119972	1.000000
0.000000	-3300464.250000	1376390.750000	1.000000
0.000000	-17961.251953	-1185.840454	1.000000
0.000000	-24.123438	504.707397	1.000000
0.000000	131.619476	-267.517792	1.000000
0.000000	6658.551270	2780.215820	1.000000
0.000000	-26210.068359	-23390.300781	1.000000
0.000000	-586712.625000	317411.406250	1.000000
0.000000	-108536.234375	249161.984375	1.000000
0.000000	38108.343750	-56191.003906	1.000000
0.000000	547.333496	-1659.444458	1.000000
0.000000	82.092110	96.376457	1.000000
0.000000	-201.409607	-504.427246	1.000000
0.000000	-365.306702	601.642456	1.000000
0.000000	4112436.000000	2116301.500000	1.000000
0.000000	87.650406	194.726364	1.000000
0.000000	-45243.480469	75883.562500	1.000000
0.000000	630.573425	1657.787354	1.000000
0.000000	4752.171387	12584.758789	1.000000
0.000000	627.416321	1689.876953	1.000000
0.000000	-44040.214844	2306.113037	1.000000
0.000000	245803.609375	-842228.687500	1.000000
0.000000	-151.336639	-106.195786	1.000000
0.000000	362.150360	-136.520203	1.000000
0.000000	-33013.894531	-139928.734375	1.000000
0.000000	-14309.874023	-13642.343750	1.000000
0.000000	-299.316162	-77.981789	1.000000
0.000000	-323494.531250	730136.875000	1.000000
0.000000	-31433.167969	-19713.457031	1.000000
0.000000	-348.714752	-1043.023315	1.000000
0.000000	125.295914	-275.822968	1.000000
0.000000	-3708.461426	-12750.933594	1.000000
0.000000	68.087219	-239.294876	1.000000
0.000000	3176.511230	3077.020996	1.000000
0.000000	-11.068713	257.658295	1.000000
0.000000	799282.687500	-982912.687500	1.000000
0.000000	-298.127289	394.034363	1.000000
0.000000	-3360.638916	-2067.347900	1.000000
0.000000	-9.253925	2815.922119	1.000000
0.000000	-257.157043	239.220169	1.000000
0.000000	19895.080078	10468.382812	1.000000
0.000000	-11.508198	600.201843	1.000000
0.000000	-3282.897461	-1886.460083	1.000000
0.000000	65073.777344	112580.695312	1.000000
0.000000	204.064667	155.051636	1.000000
0.000000	484892.843750	100728.671875	1.000000
0.000000	-179.377960	172.111298	1.000000
0.000000	81.319069	205.792786	1.000000
0.000000	304.791779	29.801601	1.000000
0.000000	-202.976974	-90.320129	1.000000
0.000000	-52456.816406	-3089.707275	1.000000
0.000000	11351.135742	1303.595093	1.000000
0.000000	-101.380264	-98.428841	1.000000
0.000000	-48.050468	1820.933350	1.000000
0.000000	-7868.544434	-93061.109375	1.000000
0.000000	-513.253662	1181.338135	1.000000
0.000000	15.827858	233.234619	1.000000
0.000000	242.667404	-49.699364	1.000000
0.000000	51.205196	250.661316	1.000000
0.000000	-42826.394531	-77777.070312	1.000000
0.000000	373.263458	-1033.095947	1.000000
0.000000	-62.520393	246.514832	1.000000
0.000000	-46.052979	-273.202606	1.000000
0.000000	-450.733154	620.496948	1.000000
0.000000	328.808319	131.100372	1.000000
0.000000	194.597076	910.850220	1.000000
0.000000	-137.111389	78.927361	1.000000
0.000000	167.090546	460.473236	1.000000
0.000000	-10904.168945	561.708435	1.000000
0.000000	28171368.000000	16549397.000000	1.000000
0.000000	241.884720	-565.802734	1.000000
0.000000	-32812.125000	266831.875000	1.000000
0.000000	-133.931152	7.683580	1.000000
0.000000	1403.070068	2727.498047	1.000000
0.000000	4636.639160	10656.774414	1.000000
0.000000	-48623.382812	-126250.796875	1.000000
0.000000	140.024475	-468.446136	1.000000
0.000000	1929694.125000	165169.046875	1.000000
0.000000	-180202.578125	-177937.812500	1.000000
0.000000	-70134.023438	13793.110352	1.000000
0.000000	205.784317	-40.711205	1.000000
0.000000	-131079.593750	14868.250000	1.000000
0.000000	-984.257263	190.249817	1.000000
0.000000	-1265.050171	1077.597046	1.000000
0.000000	-1161.166748	1073.959839	1.000000
0.000000	49236.941406	57463.406250	1.000000
0.000000	83952.992188	3741.732666	1.000000
0.000000	963.580994	-432.750732	1.000000
0.000000	-266.440399	-228.666855	1.000000
0.000000	-1589278.625000	-1200867.375000	1.000000
0.000000	-174.446609	117.045013	1.000000
0.000000	2590553.750000	19275.933594	1.000000
0.000000	100.617371	-89.251617	1.000000
0.000000	-10389.777344	13111.748047	1.000000
0.000000	1826645.375000	135450.671875	1.000000
0.000000	-1576.433472	692.483643	1.000000
0.000000	171.007416	26.973866	1.000000
0.000000	265.661987	22.856506	1.000000
0.000000	530.515808	1023.393250	1.000000
0.000000	-10548.057617	7342.101074	1.000000
0.000000	-271.421387	140.358246	1.000000
0.000000	27329.896484	25792.511719	1.000000
0.000000	-1.387489	223.492966	1.000000
0.000000	268.361176	394.793060	1.000000
0.000000	55.446930	-9078.345703	1.000000
0.000000	-5498.128418	9771.376953	1.000000
0.000000	459087.781250	25660.257812	1.000000
0.000000	-918.229187	1063.941895	1.000000
0.000000	2093.329102	-5322.263184	1.000000
0.000000	3485.044434	-1985.601318	1.000000
0.000000	83.644516	-15.130806	1.000000
0.000000	134.742401	125.605919	1.000000
0.000000	1011.215942	-645.361572	1.000000
0.000000	1195.661743	11834.584961	1.000000
0.000000	18142.925781	-23764.978516	1.000000
0.000000	215.255447	-9.079918	1.000000
0.000000	-19.183613	-103.897812	1.000000
0.000000	1234.342041	1116.116943	1.000000
0.000000	305.616882	-42.966793	1.000000
0.000000	89.875725	67.130745	1.000000
0.000000	-1536.586426	100.335197	1.000000
0.000000	75214.015625	-7420.000000	1.000000
0.000000	53.420097	300.209900	1.000000
0.000000	-316.554565	-720.712036	1.000000
0.000000	1185.425537	-9706.570312	1.000000
0.000000	202.316132	208.400452	1.000000
0.000000	155.470093	149.652267	1.000000
0.000000	-3911.997314	-4700.822754	1.000000
0.000000	407.078217	214.862778	1.000000
0.000000	-1941.979126	-2903.832275	1.000000
0.000000	-39.761177	173.512527	1.000000
0.000000	22226.750000	38981.328125	1.000000
0.000000	241.002228	-24.256090	1.000000
0.000000	775.473694	-551.695374	1.000000
0.000000	1157.993896	645.227966	1.000000
0.000000	-315.196442	524.542725	1.000000
0.000000	72.300621	-229.913177	1.000000
0.000000	9528.249023	4938.645020	1.000000
0.000000	-92730.156250	-330145.531250	1.000000
0.000000	7875.739746	16944.851562	1.000000
0.000000	139.742981	-100.998444	1.000000
0.000000	3363.058838	-1017.492676	1.000000
0.000000	-423416.125000	-81862.937500	1.000000
0.000000	-44105600.000000	-10494824.000000	1.000000
0.000000	5973.541992	-4682.865723	1.000000
0.000000	-246.084442	53.530499	1.000000
0.000000	928.956787	-1748.266968	1.000000
0.000000	5939.801758	425.499023	1.000000
0.000000	-158.212845	-58.242260	1.000000
0.000000	-372.441223	1022.063354	1.000000
0.000000	-18797.283203	179.841660	1.000000
0.000000	-516.842834	-153.895035	1.000000
0.000000	285.913422	-236.141083	1.000000
0.000000	14442.916016	-11082.620117	1.000000
