0.000000	31433.031250	455873.750000	1.000000
0.000000	215031.375000	175349.390625	1.000000
0.000000	1202.709717	-12886.702148	1.000000
0.000000	-411.899719	647.088440	1.000000
0.000000	16880.060547	27282.562500	1.000000
0.000000	-13587.094727	729.921082	1.000000
0.000000	-584.663757	-2502.938232	1.000000
0.000000	-595411.812500	1523932.125000	1.000000
0.000000	3629.865967	-2108.227539	1.000000
0.000000	9292453.000000	3386659.750000	1.000000
0.000000	78697400.000000	19959642.000000	1.000000
0.000000	-383.704224	-214.368042	1.000000
0.000000	-348.140930	195.451050	1.000000
0.000000	88.437889	-355.896027	1.000000
0.000000	-73337376.000000	-31090268.000000	1.000000
0.000000	832.790100	-4463.921387	1.000000
0.000000	400.950195	-517.992065	1.000000
0.000000	-6228.509277	7902.373047	1.000000
0.000000	-987.048767	104.408600	1.000000
0.000000	-341.979645	392.726349	1.000000
0.000000	945.969055	8119.225586	1.000000
0.000000	10347.109375	85090.695312	1.000000
0.000000	-69.428398	932.686646	1.000000
0.000000	314.516815	17.928268	1.000000
0.000000	-207047.828125	-53415.332031	1.000000
0.000000	527.146423	-50.076630	1.000000
0.000000	10385.573242	35262.394531	1.000000
0.000000	-4039.190186	11558.072266	1.000000
0.000000	507.998352	-235.240143	1.000000
0.000000	-61354.570312	-273296.843750	1.000000
0.000000	5105.344727	-8812.488281	1.000000
0.000000	4989.567383	934.514526	1.000000
0.000000	-369.274841	506.219452	1.000000
0.000000	-620.149597	-129.915146	1.000000
0.000000	-328.983734	-103.966080	1.000000
0.000000	4965.726562	2828.260010	1.000000
0.000000	-95.870186	-109.102699	1.000000
0.000000	-5826.797363	-1577.373901	1.000000
0.000000	-246243.265625	-73839.218750	1.000000
0.000000	-46647.605469	-6229.406738	1.000000
0.000000	553.943665	161.864365	1.000000
0.000000	605.018616	-79.250351	1.000000
0.000000	-2.861262	350.944580	1.000000
0.000000	-131.338882	-237.112045	1.000000
0.000000	61.823421	347.176117	1.000000
0.000000	-603.113098	-168.254745	1.000000
0.000000	-3988.397461	3289.895020	1.000000
0.000000	-891.079346	522.627502	1.000000
0.000000	-136.999039	-367.163208	1.000000
0.000000	-364.864319	-104.309975	1.000000
0.000000	7152.255371	6267.767578	1.000000
0.000000	-929.432800	1600.547485	1.000000
0.000000	-36.210098	1256.576660	1.000000
0.000000	-3461.106201	-11558.590820	1.000000
0.000000	403.100037	-2.193474	1.000000
0.000000	-13.825109	-376.353027	1.000000
0.000000	240.266586	113.969833	1.000000
0.000000	29405522.000000	-21550876.000000	1.000000
0.000000	-642.995422	1726.919556	1.000000
0.000000	425.830658	603.171204	1.000000
0.000000	1656.419067	26148.087891	1.000000
0.000000	3305.443848	-1750.735840	1.000000
0.000000	-147.557068	-345.311096	1.000000
0.000000	219.746918	-453.249786	1.000000
0.000000	5319.205566	-2985.761230	1.000000
0.000000	401164.062500	-1051564.750000	1.000000
0.000000	40113.921875	142484.250000	1.000000
0.000000	899154304.000000	-490293056.000000	1.000000
0.000000	5047.530273	-14953.677734	1.000000
0.000000	-11819835.000000	-661173.187500	1.000000
0.000000	10666.334961	-15023.977539	1.000000
0.000000	-51.159695	-461.340302	1.000000
0.000000	-350.542969	-837.565125	1.000000
0.000000	-399.012756	918.602295	1.000000
0.000000	424201.437500	2464.748779	1.000000
0.000000	-9446.201172	10614.997070	1.000000
0.000000	-275.188507	514.315002	1.000000
0.000000	23.501827	-388.293671	1.000000
0.000000	3431.923340	-13389.407227	1.000000
0.000000	-935690816.000000	516809408.000000	1.000000
0.000000	1333545.500000	80339.734375	1.000000
0.000000	370864.937500	-121748.015625	1.000000
0.000000	282342.000000	227427.531250	1.000000
0.000000	24810.666016	-23089.480469	1.000000
0.000000	2203343.750000	933536.937500	1.000000
0.000000	-204.864365	305.035217	1.000000
0.000000	-9.625809	-55.678394	1.000000
0.000000	-3104.188721	-290.748291	1.000000
0.000000	-1682.721802	1818.219360	1.000000
0.000000	144.675629	367.073364	1.000000
0.000000	-13.623251	-142.847626	1.000000
0.000000	-1308.448608	1074.306030	1.000000
0.000000	995.996643	-239.836853	1.000000
0.000000	256.333557	-87.660110	1.000000
0.000000	-4355021.000000	2416277.250000	1.000000
0.000000	1190.972412	661.698914	1.000000
0.000000	-218.802414	-88071.343750	1.000000
0.000000	1711789.125000	-2028472.500000	1.000000
0.000000	830.444458	-1415.969727	1.000000
0.000000	-183.085022	-5357.368652	1.000000
0.000000	691415.187500	-227529.718750	1.000000
0.000000	12310197.000000	-6573529.500000	1.000000
0.000000	-21967.841797	-21602.121094	1.000000
0.000000	170764.703125	-24582.964844	1.000000
0.000000	-16.307404	270.834503	1.000000
0.000000	380.584930	-61.285995	1.000000
0.000000	529.525085	-1812.242920	1.000000
0.000000	-211.019165	-312.977448	1.000000
0.000000	140.921021	-355.749603	1.000000
0.000000	-909.611816	1159.347778	1.000000
0.000000	-301.165466	-3089.650635	1.000000
0.000000	-53961.851562	119833.890625	1.000000
0.000000	121.922821	333.969482	1.000000
0.000000	-441.229462	49.849857	1.000000
0.000000	-43.976658	-1051.618530	1.000000
0.000000	-64534.714844	15490.394531	1.000000
0.000000	2461.711670	872.087219	1.000000
0.000000	55854.082031	149640.234375	1.000000
0.000000	-13320.209961	6574.448242	1.000000
0.000000	-41851.410156	-29732.304688	1.000000
0.000000	-8382.059570	13862.535156	1.000000
0.000000	387.556152	379.587524	1.000000
0.000000	-375.665833	230.311417	1.000000
0.000000	1617.529785	3117.352295	1.000000
0.000000	715.838257	-437.506439	1.000000
0.000000	1867.838135	54.320747	1.000000
0.000000	583.362061	-620.972229	1.000000
0.000000	13972.462891	-14322.863281	1.000000
0.000000	-373.442261	-179.728134	1.000000
0.000000	-1198.894043	1444.889771	1.000000
0.000000	291.682281	315.357452	1.000000
0.000000	-13257.299805	-3001.511963	1.000000
0.000000	-28716.253906	-61578.234375	1.000000
0.000000	1744.750732	8123.844727	1.000000
0.000000	-2479.400391	1781.723145	1.000000
0.000000	168.537872	-183.034012	1.000000
0.000000	16.658951	150.560944	1.000000
0.000000	-3771.412354	-15971.344727	1.000000
0.000000	841.141174	-5.426453	1.000000
0.000000	-8859.505859	12938.660156	1.000000
0.000000	-872.355835	-3251.966797	1.000000
0.000000	934.050598	647.857361	1.000000
0.000000	362.342072	-270.129089	1.000000
0.000000	-5571.269043	-20499.224609	1.000000
0.000000	5.911658	-398.680939	1.000000
0.000000	22493.984375	-24671.763672	1.000000
0.000000	-350.756317	-231.591415	1.000000
0.000000	-3300464.250000	1376390.750000	1.000000
0.000000	-18015.744141	-1330.396118	1.000000
0.000000	-89.313164	645.289673	1.000000
0.000000	183.273529	-413.681732	1.000000
0.000000	6708.502441	2633.389648	1.000000
0.000000	-26064.755859	-23341.863281	1.000000
0.000000	-586712.625000	317508.281250	1.000000
0.000000	-108536.234375	249016.671875	1.000000
0.000000	37950.921875	-56191.003906	1.000000
0.000000	647.614258	-1777.510864	1.000000
0.000000	156.545853	232.323105	1.000000
0.000000	-236.838989	-353.533081	1.000000
0.000000	-407.594910	750.739136	1.000000
0.000000	4112436.000000	2116301.500000	1.000000
0.000000	239.585220	225.330917	1.000000
0.000000	-45304.027344	76028.875000	1.000000
0.000000	770.398865	1724.767334	1.000000
0.000000	4902.024902	12545.403320	1.000000
0.000000	612.090393	1535.482422	1.000000
0.000000	-44149.199219	2419.638428	1.000000
0.000000	245658.296875	-842228.687500	1.000000
0.000000	-291.540497	-172.237534	1.000000
0.000000	516.734070	-124.559547	1.000000
0.000000	-32953.347656	-140074.046875	1.000000
0.000000	-14361.338867	-13497.031250	1.000000
0.000000	-454.089111	-85.833961	1.000000
0.000000	-323688.281250	730136.875000	1.000000
0.000000	-31299.964844	-19634.746094	1.000000
0.000000	-488.824005	-1109.246460	1.000000
0.000000	167.159927	-425.014252	1.000000
0.000000	-3560.121582	-12796.343750	1.000000
0.000000	112.906097	-387.640045	1.000000
0.000000	3222.678223	2929.437988	1.000000
0.000000	62.571548	124.908485	1.000000
0.000000	799088.937500	-982912.687500	1.000000
0.000000	-451.008148	419.861389	1.000000
0.000000	-3212.299072	-2111.244385	1.000000
0.000000	-41.825649	2967.289307	1.000000
0.000000	-366.519836	349.063202	1.000000
0.000000	19816.369141	10601.585938	1.000000
0.000000	141.261932	574.091003	1.000000
0.000000	-3430.480469	-1934.897583	1.000000
0.000000	65122.214844	112726.007812	1.000000
0.000000	318.346893	259.733185	1.000000
0.000000	484892.843750	100873.984375	1.000000
0.000000	-291.484283	279.146057	1.000000
0.000000	79.356026	360.770264	1.000000
0.000000	331.375641	182.495911	1.000000
0.000000	-357.655334	-100.182648	1.000000
0.000000	-52396.269531	-2948.935791	1.000000
0.000000	11432.874023	1435.284546	1.000000
0.000000	-60.316948	-248.885956	1.000000
0.000000	42.458263	1694.920166	1.000000
0.000000	-7876.112793	-93206.421875	1.000000
0.000000	-606.155273	1057.217041	1.000000
0.000000	-86.572350	349.598145	1.000000
0.000000	390.818024	-95.275078	1.000000
0.000000	59.695950	405.434265	1.000000
0.000000	-42947.488281	-77680.195312	1.000000
0.000000	252.076645	-1129.970947	1.000000
0.000000	18.156366	378.866516	1.000000
0.000000	-115.418663	-134.607025	1.000000
0.000000	-464.923828	774.891479	1.000000
0.000000	437.130463	20.228577	1.000000
0.000000	231.445526	1061.460571	1.000000
0.000000	-209.625732	215.914658	1.000000
0.000000	291.934784	552.292664	1.000000
0.000000	-11058.563477	550.355896	1.000000
0.000000	28171368.000000	16549397.000000	1.000000
0.000000	346.416290	-680.274170	1.000000
0.000000	-32751.578125	266735.000000	1.000000
0.000000	-288.893311	3.745620	1.000000
0.000000	1532.110596	2641.975586	1.000000
0.000000	4485.271973	10693.102539	1.000000
0.000000	-48465.960938	-126250.796875	1.000000
0.000000	3.940917	-542.616089	1.000000
0.000000	1929694.125000	165265.921875	1.000000
0.000000	-180057.265625	-177937.812500	1.000000
0.000000	-70255.117188	13705.317383	1.000000
0.000000	298.969757	-164.562927	1.000000
0.000000	-131128.031250	15016.589844	1.000000
0.000000	-1122.434204	260.351746	1.000000
0.000000	-1362.303589	956.986938	1.000000
0.000000	-1201.279053	1223.813354	1.000000
0.000000	49273.269531	57608.718750	1.000000
0.000000	83831.898438	3648.641846	1.000000
0.000000	1111.241333	-385.637695	1.000000
0.000000	-404.184540	-299.696625	1.000000
0.000000	-1589278.625000	-1200867.375000	1.000000
0.000000	-324.016296	157.778610	1.000000
0.000000	2590553.750000	19415.191406	1.000000
0.000000	154.459351	-234.605118	1.000000
0.000000	-10480.597656	13238.896484	1.000000
0.000000	1826645.375000	135353.796875	1.000000
0.000000	-1558.647827	846.499756	1.000000
0.000000	321.103485	61.443283	1.000000
0.000000	392.816711	-58.425674	1.000000
0.000000	406.773132	930.113220	1.000000
0.000000	-10654.014648	7455.626465	1.000000
0.000000	-423.356201	171.057404	1.000000
0.000000	27335.951172	25949.933594	1.000000
0.000000	111.758095	329.449982	1.000000
0.000000	275.361908	549.637634	1.000000
0.000000	-95.338219	-9042.017578	1.000000
0.000000	-5652.522949	9774.404297	1.000000
0.000000	459184.656250	25545.218750	1.000000
0.000000	-1063.541748	1117.677246	1.000000
0.000000	2218.207031	-5229.929199	1.000000
0.000000	3488.071777	-2140.752686	1.000000
0.000000	168.422516	114.624496	1.000000
0.000000	267.283295	205.925842	1.000000
0.000000	944.425171	-785.187012	1.000000
0.000000	1213.447388	11680.190430	1.000000
0.000000	17991.558594	-23795.251953	1.000000
0.000000	369.839203	-20.347862	1.000000
0.000000	-10.501779	-258.667084	1.000000
0.000000	1105.679932	1202.396240	1.000000
0.000000	460.579041	-46.928356	1.000000
0.000000	114.733055	220.115616	1.000000
0.000000	-1389.003418	147.603973	1.000000
0.000000	75359.328125	-7403.349609	1.000000
0.000000	94.691307	449.590393	1.000000
0.000000	-161.563583	-720.712036	1.000000
0.000000	1175.586670	-9552.175781	1.000000
0.000000	296.042084	331.859314	1.000000
0.000000	273.685486	249.885727	1.000000
0.000000	-3840.854736	-4563.078613	1.000000
0.000000	559.959106	240.122177	1.000000
0.000000	-2066.422363	-2996.166260	1.000000
0.000000	25.564602	314.094788	1.000000
0.000000	22250.968750	39138.750000	1.000000
0.000000	395.968964	-23.747591	1.000000
0.000000	930.435852	-549.046448	1.000000
0.000000	1291.953857	723.182068	1.000000
0.000000	-321.629547	679.315674	1.000000
0.000000	170.074356	-350.165741	1.000000
0.000000	9606.959961	4805.441895	1.000000
0.000000	-92657.500000	-330242.406250	1.000000
0.000000	8030.134277	16950.906250	1.000000
0.000000	239.739929	-219.437881	1.000000
0.000000	3413.766846	-870.855713	1.000000
0.000000	-423319.250000	-81984.031250	1.000000
0.000000	-44105600.000000	-10494824.000000	1.000000
0.000000	6043.170898	-4545.121582	1.000000
0.000000	-304.928436	196.938629	1.000000
0.000000	1064.808838	-1673.718628	1.000000
0.000000	5818.708008	329.191650	1.000000
0.000000	-302.106262	-115.878868	1.000000
0.000000	-527.214172	1014.494995	1.000000
0.000000	-18773.064453	26.806129	1.000000
0.000000	-671.804993	-158.199539	1.000000
0.000000	303.604462	-390.151093	1.000000
0.000000	14585.201172	-11022.073242	1.000000
