0.000000	31467.562500	455841.250000	1.000000
0.000000	215015.125000	175300.640625	1.000000
0.000000	1194.965576	-12834.905273	1.000000
0.000000	-463.887024	647.850159	1.000000
0.000000	16884.123047	27335.375000	1.000000
0.000000	-13637.875977	741.664246	1.000000
0.000000	-631.319031	-2480.086670	1.000000
0.000000	-595346.812500	1523932.125000	1.000000
0.000000	3603.205811	-2152.915039	1.000000
0.000000	9292453.000000	3386659.750000	1.000000
0.000000	78697400.000000	19959642.000000	1.000000
0.000000	-333.526001	-200.752319	1.000000
0.000000	-323.512024	149.652710	1.000000
0.000000	90.350121	-303.940460	1.000000
0.000000	-73337376.000000	-31090268.000000	1.000000
0.000000	787.531311	-4489.312012	1.000000
0.000000	388.762695	-467.436768	1.000000
0.000000	-6201.595215	7857.685547	1.000000
0.000000	-987.175720	156.411774	1.000000
0.000000	-324.142731	343.881134	1.000000
0.000000	934.797180	8068.444336	1.000000
0.000000	10300.390625	85066.320312	1.000000
0.000000	-59.367367	881.651489	1.000000
0.439406	275.274963	53.024345	1.000000
0.000000	-207080.328125	-53378.769531	1.000000
0.000000	475.308563	-54.147064	1.000000
0.000000	10386.588867	35315.207031	1.000000
0.000000	-3988.155029	11568.228516	1.000000
0.000000	462.549133	-209.976471	1.000000
0.000000	-61407.382812	-273296.843750	1.000000
0.000000	5136.321289	-8854.128906	1.000000
0.000000	4939.293945	921.692261	1.000000
0.000000	-321.318298	486.097382	1.000000
0.000000	-582.127136	-165.350937	1.000000
0.000000	-288.358734	-71.529556	1.000000
0.000000	4918.500000	2806.677979	1.000000
0.000000	-47.508980	-89.988319	1.000000
0.000000	-5786.680176	-1544.493042	1.000000
0.000000	-246259.515625	-73790.468750	1.000000
0.000000	-46688.230469	-6197.922363	1.000000
0.000000	513.826477	128.761337	1.000000
0.000000	574.994202	-36.810879	1.000000
0.000000	-2.394362	298.957275	1.000000
0.000000	-107.909233	-190.694809	1.000000
0.000000	55.360714	295.569672	1.000000
0.000000	-583.498840	-216.417587	1.000000
0.000000	-4031.053711	3319.602051	1.000000
0.000000	-861.562744	479.804718	1.000000
0.000000	-125.557388	-316.445435	1.000000
0.000000	-313.987854	-93.614174	1.000000
0.000000	7100.458496	6273.353516	1.000000
0.000000	-901.058777	1644.092407	1.000000
0.000000	-6.655234	1299.359863	1.000000
0.000000	-3430.891357	-11601.247070	1.000000
0.000000	355.080017	-22.135155	1.000000
0.000000	-15.110510	-324.365723	1.000000
0.000000	188.295151	115.770981	1.000000
0.000000	29405522.000000	-21550876.000000	1.000000
0.000000	-601.100891	1696.196899	1.000000
0.000000	460.076263	564.006165	1.000000
0.000000	1683.206177	26192.775391	1.000000
0.000000	3285.639160	-1702.620605	1.000000
0.000000	-120.198662	-301.099670	1.000000
0.000000	191.690277	-409.482697	1.000000
0.000000	5351.197754	-2944.882324	1.000000
0.000000	401131.562500	-1051564.750000	1.000000
0.000000	40158.609375	142516.750000	1.000000
0.000000	899154304.000000	-490293056.000000	1.000000
0.000000	5081.045898	-14914.068359	1.000000
0.000000	-11819835.000000	-661238.187500	1.000000
0.000000	10639.928711	-15068.665039	1.000000
0.000000	-35.798367	-411.669891	1.000000
0.000000	-311.282715	-803.478210	1.000000
0.000000	-450.968323	920.379639	1.000000
0.000000	424266.437500	2477.697998	1.000000
0.000000	-9395.419922	10627.184570	1.000000
0.000000	-224.714813	526.819885	1.000000
0.000000	28.056271	-336.496796	1.000000
0.000000	3426.845215	-13337.610352	1.000000
0.000000	-935690816.000000	516809408.000000	1.000000
0.000000	1333545.500000	80290.984375	1.000000
0.000000	370799.937500	-121739.890625	1.000000
0.000000	282407.000000	227411.281250	1.000000
0.000000	24857.384766	-23113.855469	1.000000
0.000000	2203343.750000	933601.937500	1.000000
0.000000	-177.474228	260.823792	1.000000
0.000000	41.122574	-44.339893	1.000000
0.000000	-3136.688721	-331.373291	1.000000
0.000000	-1676.628052	1766.549438	1.000000
0.000000	120.697365	320.925903	1.000000
0.000000	-0.263432	-92.590065	1.000000
0.000000	-1258.302124	1088.016968	1.000000
0.000000	952.070862	-211.986511	1.000000
0.000000	244.765427	-138.362015	1.000000
0.000000	-4355021.000000	2416277.250000	1.000000
0.000000	1146.031006	635.610046	1.000000
0.000000	-167.910080	-88063.218750	1.000000
0.000000	1711789.125000	-2028472.500000	1.000000
0.000000	820.732544	-1467.004883	1.000000
0.000000	-225.836487	-5327.915527	1.000000
0.000000	691415.187500	-227480.968750	1.000000
0.000000	12310197.000000	-6573529.500000	1.000000
0.000000	-21955.654297	-21551.339844	1.000000
0.000000	170715.953125	-24552.496094	1.000000
0.000000	6.070357	223.893600	1.000000
0.000000	330.819305	-46.166672	1.000000
0.000000	579.862000	-1799.293701	1.000000
0.000000	-176.805298	-273.812408	1.000000
0.000000	121.991653	-307.316986	1.000000
0.000000	-894.694824	1109.582153	1.000000
0.000000	-250.763412	-3102.345947	1.000000
0.000000	-53909.039062	119833.890625	1.000000
0.000000	103.538422	285.314697	1.000000
0.000000	-390.924286	36.678471	1.000000
0.000000	-93.986664	-1065.837280	1.000000
0.000000	-64579.402344	15518.832031	1.000000
0.000000	2446.223389	822.448547	1.000000
0.000000	55813.457031	149607.734375	1.000000
0.000000	-13270.444336	6590.698242	1.000000
0.000000	-41810.785156	-29762.773438	1.000000
0.000000	-8424.715820	13833.082031	1.000000
0.000000	340.583496	357.307251	1.000000
0.000000	-337.357727	195.129532	1.000000
0.000000	1580.078613	3153.406982	1.000000
0.000000	665.628296	-423.954193	1.000000
0.000000	1901.226807	94.176094	1.000000
0.000000	573.205811	-570.000549	1.000000
0.000000	13983.634766	-14272.082031	1.000000
0.000000	-329.103882	-152.576035	1.000000
0.000000	-1179.216309	1493.005005	1.000000
0.000000	254.516754	278.985382	1.000000
0.000000	-13308.081055	-2990.086182	1.000000
0.000000	-28683.753906	-61537.609375	1.000000
0.000000	1716.313232	8080.172852	1.000000
0.000000	-2511.138672	1822.855957	1.000000
0.000000	120.961014	-162.055008	1.000000
0.000000	51.054428	189.567291	1.000000
0.000000	-3804.420166	-16011.969727	1.000000
0.000000	791.185120	-19.937433	1.000000
0.000000	-8807.708984	12934.597656	1.000000
0.000000	-888.034546	-3202.455078	1.000000
0.000000	939.700012	596.187439	1.000000
0.000000	311.529083	-259.084167	1.000000
0.000000	-5622.558105	-20507.349609	1.000000
0.000000	3.176215	-346.757111	1.000000
0.000000	22508.203125	-24620.982422	1.000000
0.000000	-315.685516	-193.188095	1.000000
0.000000	-3300464.250000	1376390.750000	1.000000
0.000000	-17997.462891	-1281.900024	1.000000
0.000000	-67.445488	598.126587	1.000000
0.000000	165.944427	-364.646088	1.000000
0.000000	6691.744629	2682.647461	1.000000
0.000000	-26113.505859	-23358.113281	1.000000
0.000000	-586712.625000	317475.781250	1.000000
0.000000	-108536.234375	249065.421875	1.000000
0.000000	38003.734375	-56191.003906	1.000000
0.000000	613.971680	-1737.901489	1.000000
0.000000	131.567825	186.715195	1.000000
0.000000	-224.953003	-404.155640	1.000000
0.000000	-393.407898	700.719604	1.000000
0.000000	4112436.000000	2116301.500000	1.000000
0.000000	188.613541	215.063583	1.000000
0.000000	-45283.714844	75980.125000	1.000000
0.000000	723.489685	1702.296631	1.000000
0.000000	4851.751465	12558.606445	1.000000
0.000000	617.231995	1587.279297	1.000000
0.000000	-44112.636719	2381.552490	1.000000
0.000000	245707.046875	-842228.687500	1.000000
0.000000	-244.504364	-150.084213	1.000000
0.000000	464.873749	-128.567627	1.000000
0.000000	-32973.660156	-140025.296875	1.000000
0.000000	-14344.073242	-13545.781250	1.000000
0.000000	-402.165283	-83.199684	1.000000
0.000000	-323623.281250	730136.875000	1.000000
0.000000	-31344.652344	-19661.152344	1.000000
0.000000	-441.819611	-1087.029663	1.000000
0.000000	153.115738	-374.962982	1.000000
0.000000	-3609.887207	-12781.109375	1.000000
0.000000	97.870087	-337.874420	1.000000
0.000000	3207.189941	2978.949707	1.000000
0.000000	37.962479	170.722153	1.000000
0.000000	799153.937500	-982912.687500	1.000000
0.000000	-399.719086	411.196838	1.000000
0.000000	-3262.064697	-2096.517822	1.000000
0.000000	-30.899548	2916.508057	1.000000
0.000000	-329.830383	312.215057	1.000000
0.000000	19842.775391	10556.898438	1.000000
0.000000	90.010483	582.850769	1.000000
0.000000	-3380.968750	-1918.647583	1.000000
0.000000	65105.964844	112677.257812	1.000000
0.000000	280.007050	224.613098	1.000000
0.000000	484892.843750	100825.234375	1.000000
0.000000	-253.874420	243.244415	1.000000
0.000000	80.014595	308.782959	1.000000
0.000000	322.457184	131.270325	1.000000
0.000000	-305.763245	-96.873932	1.000000
0.000000	-52416.582031	-2996.162354	1.000000
0.000000	11405.452148	1391.104858	1.000000
0.000000	-74.448418	-198.850555	1.000000
0.000000	12.093963	1737.195557	1.000000
0.000000	-7873.573730	-93157.671875	1.000000
0.000000	-574.988281	1098.857666	1.000000
0.000000	-52.217018	310.560059	1.000000
0.000000	341.115875	-79.985161	1.000000
0.000000	56.847439	353.510437	1.000000
0.000000	-42906.863281	-77712.695312	1.000000
0.000000	292.731842	-1097.470947	1.000000
0.000000	-8.909799	334.464661	1.000000
0.000000	-92.146568	-181.103607	1.000000
0.000000	-460.163086	723.094604	1.000000
0.000000	400.790131	57.421875	1.000000
0.000000	219.083466	1010.933228	1.000000
0.000000	-185.298340	169.957626	1.000000
0.000000	250.042511	521.506531	1.000000
0.000000	-11006.766602	554.164490	1.000000
0.000000	28171368.000000	16549397.000000	1.000000
0.000000	311.345490	-641.870850	1.000000
0.000000	-32771.890625	266767.500000	1.000000
0.000000	-236.906006	5.066774	1.000000
0.000000	1488.819580	2670.666992	1.000000
0.000000	4536.053223	10680.915039	1.000000
0.000000	-48518.773438	-126250.796875	1.000000
0.000000	49.592686	-517.733276	1.000000
0.000000	1929694.125000	165233.421875	1.000000
0.000000	-180106.015625	-177937.812500	1.000000
0.000000	-70214.492188	13734.770508	1.000000
0.000000	267.707550	-123.016571	1.000000
0.000000	-131111.781250	14966.824219	1.000000
0.000000	-1076.096313	236.833679	1.000000
0.000000	-1329.676636	997.421509	1.000000
0.000000	-1187.822021	1173.539917	1.000000
0.000000	49261.082031	57559.968750	1.000000
0.000000	83872.523438	3679.872314	1.000000
0.000000	1061.729614	-401.443359	1.000000
0.000000	-357.973602	-275.861176	1.000000
0.000000	-1589278.625000	-1200867.375000	1.000000
0.000000	-273.838074	144.115280	1.000000
0.000000	2590553.750000	19368.472656	1.000000
0.000000	136.400269	-185.839249	1.000000
0.000000	-10450.128906	13196.240234	1.000000
0.000000	1826645.375000	135386.296875	1.000000
0.000000	-1564.614624	794.829834	1.000000
0.439406	271.382446	49.939564	1.000000
0.000000	349.557434	-29.559708	1.000000
0.000000	448.286804	961.407166	1.000000
0.000000	-10618.467773	7417.540527	1.000000
0.000000	-372.384521	160.758331	1.000000
0.000000	27333.919922	25897.121094	1.000000
0.000000	73.799110	293.903107	1.000000
0.000000	273.013275	497.705048	1.000000
0.000000	-44.753826	-9054.205078	1.000000
0.000000	-5600.726074	9773.388672	1.000000
0.000000	459152.156250	25583.812500	1.000000
0.000000	-1014.791687	1099.649902	1.000000
0.000000	2176.312500	-5260.905762	1.000000
0.000000	3487.056152	-2088.701904	1.000000
0.000000	139.985016	71.095444	1.000000
0.000000	222.817963	178.980042	1.000000
0.000000	966.832397	-738.277832	1.000000
0.000000	1207.480591	11731.987305	1.000000
0.000000	18042.339844	-23785.095703	1.000000
0.000000	317.978851	-16.567039	1.000000
0.000000	-13.414758	-206.743256	1.000000
0.000000	1148.843994	1173.450928	1.000000
0.000000	408.591736	-45.599316	1.000000
0.000000	106.393822	168.794815	1.000000
0.000000	-1438.515137	131.750702	1.000000
0.000000	75310.578125	-7408.935547	1.000000
0.000000	80.845482	399.475647	1.000000
0.000000	-213.566757	-720.712036	1.000000
0.000000	1178.887451	-9603.972656	1.000000
0.000000	264.589447	290.440857	1.000000
0.000000	234.021423	216.259018	1.000000
0.000000	-3864.721924	-4609.289551	1.000000
0.000000	508.670013	231.648056	1.000000
0.000000	-2024.711060	-2965.189697	1.000000
0.000000	3.648763	266.931702	1.000000
0.000000	22242.843750	39085.937500	1.000000
0.000000	343.981659	-23.918184	1.000000
0.000000	878.448547	-549.935120	1.000000
0.000000	1247.012451	697.029724	1.000000
0.000000	-319.471344	627.391846	1.000000
0.000000	137.272842	-309.826385	1.000000
0.000000	9580.553711	4850.129395	1.000000
0.000000	-92681.875000	-330209.906250	1.000000
0.000000	7978.337402	16948.875000	1.000000
0.000000	206.192566	-179.701553	1.000000
0.000000	3396.755127	-920.050049	1.000000
0.000000	-423351.750000	-81943.406250	1.000000
0.000000	-44105600.000000	-10494824.000000	1.000000
0.000000	6019.811523	-4591.332520	1.000000
0.000000	-285.187225	148.823395	1.000000
0.000000	1019.232666	-1698.728394	1.000000
0.000000	5859.333008	361.501221	1.000000
0.000000	-253.832352	-96.542320	1.000000
0.000000	-475.290344	1017.034058	1.000000
0.000000	-18781.189453	78.147858	1.000000
0.000000	-619.817688	-156.755447	1.000000
0.000000	297.669403	-338.481171	1.000000
0.000000	14537.466797	-11042.385742	1.000000
