0.000000	31637.230469	455681.562500	1.000000
0.000000	214935.281250	175061.109375	1.000000
0.000000	1156.915039	-12580.403320	1.000000
0.000000	-719.324646	651.592834	1.000000
0.000000	16904.083984	27594.867188	1.000000
0.000000	-13887.387695	799.363831	1.000000
0.000000	-860.557922	-2367.806396	1.000000
0.000000	-595027.437500	1523932.125000	1.000000
0.000000	3472.212158	-2372.485352	1.000000
0.000000	9292453.000000	3386659.750000	1.000000
0.000000	78697400.000000	19959642.000000	1.000000
0.000000	-86.970741	-133.851990	1.000000
0.000000	-202.533325	-75.400368	1.000000
0.000000	99.745796	-48.607555	1.000000
0.000000	-73337376.000000	-31090268.000000	1.000000
0.000000	565.153992	-4614.067871	1.000000
0.000000	328.879883	-219.028275	1.000000
0.000000	-6069.354004	7638.115234	1.000000
0.000000	-987.799500	411.879791	1.000000
0.000000	-236.484390	103.882072	1.000000
0.000000	879.904602	7818.932617	1.000000
0.000000	10070.839844	84946.554688	1.000000
0.000000	-9.937207	630.892212	1.000000
0.000000	89.074005	223.509216	1.000000
0.000000	-207240.015625	-53199.121094	1.000000
0.000000	220.639832	-74.146988	1.000000
0.000000	10391.579102	35574.699219	1.000000
0.000000	-3737.395752	11618.130859	1.000000
0.000000	239.236130	-85.844398	1.000000
0.000000	-61666.875000	-273296.843750	1.000000
0.000000	5288.523438	-9058.728516	1.000000
0.000000	4692.277344	858.690552	1.000000
0.934880	-85.646873	387.271362	1.000000
0.000000	-395.207825	-339.500702	1.000000
0.000000	-88.684036	87.860916	1.000000
0.000000	4686.454102	2700.635498	1.000000
0.000000	190.102509	3.909594	1.000000
0.000000	-5589.565918	-1382.934204	1.000000
0.000000	-246339.359375	-73550.937500	1.000000
0.000000	-46887.839844	-6043.225098	1.000000
0.000000	316.866730	-33.925026	1.000000
0.000000	427.381042	171.709351	1.000000
0.506528	-0.083779	43.475864	1.000000
0.000000	2.984624	36.740261	1.000000
0.000000	23.493149	43.061687	1.000000
0.000000	-487.124969	-452.998932	1.000000
0.000000	-4240.643555	3465.566406	1.000000
0.000000	-716.534058	269.435150	1.000000
0.000000	-69.276962	-67.186798	1.000000
0.000000	-63.122501	-43.179943	1.000000
0.000000	6845.956543	6300.799805	1.000000
0.000000	-761.644104	1858.048706	1.000000
0.000000	138.563477	1509.573486	1.000000
0.000000	-3282.431885	-11810.836914	1.000000
0.000000	117.343636	-115.353638	1.000000
0.000000	-20.833458	-70.627205	1.000000
0.000000	-67.056671	124.620850	1.000000
0.000000	29405522.000000	-21550876.000000	1.000000
0.000000	-395.253723	1545.242310	1.000000
0.000000	628.232910	371.684052	1.000000
0.000000	1814.823608	26412.345703	1.000000
0.000000	3188.329590	-1466.208252	1.000000
0.000000	13.639275	-82.125519	1.000000
0.000000	53.835049	-194.412476	1.000000
0.000000	5508.390137	-2744.025391	1.000000
0.000000	400971.875000	-1051564.750000	1.000000
0.000000	40378.179688	142676.437500	1.000000
0.000000	899154304.000000	-490293056.000000	1.000000
0.000000	5245.723633	-14719.449219	1.000000
0.000000	-11819835.000000	-661557.562500	1.000000
0.000000	10510.182617	-15288.235352	1.000000
0.000000	39.679348	-167.588013	1.000000
0.000000	-118.434601	-635.993469	1.000000
0.000000	-706.368652	929.112549	1.000000
0.000000	424585.812500	2541.323486	1.000000
0.000000	-9145.908203	10687.067383	1.000000
0.000000	23.298496	588.262146	1.000000
0.000000	50.434353	-81.994827	1.000000
0.000000	3401.894043	-13083.108398	1.000000
0.000000	-935690816.000000	516809408.000000	1.000000
0.000000	1333545.500000	80051.453125	1.000000
0.000000	370480.562500	-121699.968750	1.000000
0.000000	282726.375000	227331.437500	1.000000
0.000000	25086.935547	-23233.621094	1.000000
0.000000	2203343.750000	933921.312500	1.000000
0.000000	-45.770496	46.837467	1.000000
0.000000	288.982147	13.870314	1.000000
0.000000	-3296.376221	-530.982666	1.000000
0.000000	-1646.686646	1512.671265	1.000000
0.000000	2.882930	94.187965	1.000000
0.000000	65.375031	154.339081	1.000000
0.000000	-1011.909302	1155.385132	1.000000
0.000000	736.243225	-75.159988	1.000000
0.000000	187.923538	-387.442719	1.000000
0.000000	-4355021.000000	2416277.250000	1.000000
0.000000	925.073608	507.428955	1.000000
0.000000	82.139954	-88023.296875	1.000000
0.000000	1711789.125000	-2028472.500000	1.000000
0.000000	773.013428	-1717.764160	1.000000
0.000000	-435.894165	-5183.198730	1.000000
0.000000	691415.187500	-227241.437500	1.000000
0.000000	12310197.000000	-6573529.500000	1.000000
0.000000	-21895.771484	-21301.828125	1.000000
0.000000	170476.421875	-24402.789062	1.000000
0.000000	116.062607	-0.525691	1.000000
0.000000	85.977646	26.842546	1.000000
0.000000	827.190491	-1735.668213	1.000000
0.000000	-8.700011	-81.380333	1.000000
0.000000	29.009239	-69.345169	1.000000
0.000000	-821.400757	864.857971	1.000000
0.000000	-3.048969	-3164.723877	1.000000
0.000000	-53649.546875	119833.890625	1.000000
0.000000	17.573042	48.285057	1.000000
0.000000	-143.711960	-28.084549	1.000000
0.000000	-339.709686	-1135.700562	1.000000
0.000000	-64798.972656	15658.558594	1.000000
0.000000	2370.122314	578.550842	1.000000
0.000000	55613.847656	149448.046875	1.000000
0.000000	-13025.922852	6670.541992	1.000000
0.000000	-41611.175781	-29912.480469	1.000000
0.000000	-8634.305664	13688.365234	1.000000
0.000000	109.782082	247.828156	1.000000
0.000000	-149.176590	22.265249	1.000000
0.000000	1396.063721	3330.560303	1.000000
0.000000	418.923615	-357.365753	1.000000
0.000000	2065.346436	289.985077	1.000000
0.000000	523.303467	-319.433350	1.000000
0.000000	14038.527344	-14022.570312	1.000000
0.000000	-111.245956	-19.139046	1.000000
0.000000	-1082.530518	1729.417358	1.000000
0.000000	71.905365	100.272629	1.000000
0.000000	-13557.592773	-2933.946045	1.000000
0.000000	-28524.066406	-61338.000000	1.000000
0.000000	1576.586670	7865.592773	1.000000
0.000000	-2667.083496	2024.960449	1.000000
0.000000	-112.830627	-58.975487	1.000000
0.000000	215.786148	378.249023	1.000000
0.000000	-3966.602783	-16211.579102	1.000000
0.000000	545.727966	-91.241554	1.000000
0.000000	-8553.207031	12914.636719	1.000000
0.000000	-965.071289	-2959.181152	1.000000
0.000000	967.458191	342.205048	1.000000
0.000000	61.861237	-204.888916	1.000000
0.000000	-5874.564941	-20547.271484	1.000000
0.000000	-10.264269	-91.625809	1.000000
0.000000	22578.066406	-24371.470703	1.000000
0.000000	-143.417465	-4.490119	1.000000
0.000000	-3300464.250000	1376390.750000	1.000000
0.000000	-17907.638672	-1043.616333	1.000000
0.644468	40.024395	366.396545	1.000000
0.032544	80.893967	-123.986618	1.000000
0.000000	6609.405762	2924.673828	1.000000
0.000000	-26353.037109	-23437.957031	1.000000
0.000000	-586712.625000	317316.093750	1.000000
0.000000	-108536.234375	249304.953125	1.000000
0.000000	38263.226562	-56191.003906	1.000000
0.000000	448.670135	-1543.282349	1.000000
0.000000	8.832321	-37.376808	1.000000
0.000000	-166.551666	-652.799316	1.000000
0.000000	-323.700562	454.950531	1.000000
0.000000	4112436.000000	2116301.500000	1.000000
0.000000	-59.122665	164.734268	1.000000
0.000000	-45183.910156	75740.593750	1.000000
0.000000	493.016113	1591.887695	1.000000
0.000000	4604.734863	12623.479492	1.000000
0.000000	642.495056	1841.781250	1.000000
0.000000	-43932.988281	2194.418701	1.000000
0.000000	245946.578125	-842228.687500	1.000000
0.000000	-13.378345	-41.203644	1.000000
0.000000	214.465363	-146.344284	1.000000
0.000000	-33073.464844	-139785.765625	1.000000
0.000000	-14259.239258	-13785.312500	1.000000
0.000000	-147.006241	-70.256264	1.000000
0.000000	-323303.906250	730136.875000	1.000000
0.000000	-31564.222656	-19790.898438	1.000000
0.000000	-210.865311	-977.868286	1.000000
0.032544	83.970055	-128.763382	1.000000
0.000000	-3854.408691	-12706.255859	1.000000
0.000000	23.981724	-93.301071	1.000000
0.000000	3131.088867	3222.223633	1.000000
0.934880	-83.289627	391.928436	1.000000
0.000000	799473.312500	-982912.687500	1.000000
0.000000	-147.745758	368.623901	1.000000
0.000000	-3506.586182	-2024.159546	1.000000
0.000000	22.794065	2666.996338	1.000000
0.000000	-149.558167	131.109360	1.000000
0.000000	19972.521484	10337.328125	1.000000
0.000000	-161.816101	625.891541	1.000000
0.000000	-3137.694824	-1838.803833	1.000000
0.000000	65026.121094	112437.726562	1.000000
0.000000	89.725342	54.481239	1.000000
0.000000	484892.843750	100585.703125	1.000000
0.000000	-69.079811	66.792854	1.000000
0.000000	80.529640	53.176777	1.000000
0.000000	278.636688	-120.434082	1.000000
0.000000	-50.854168	-80.666420	1.000000
0.000000	-52516.386719	-3228.208252	1.000000
0.000000	11270.715820	1174.029663	1.000000
0.000000	-142.831833	48.332260	1.000000
0.000000	-137.101059	1944.914062	1.000000
0.000000	-7861.098145	-92918.140625	1.000000
0.000000	-421.942291	1303.457275	1.000000
0.000000	113.251556	119.780327	1.000000
0.000000	94.253014	-7.419102	1.000000
0.000000	46.179085	97.353424	1.000000
0.000000	-42707.253906	-77872.382812	1.000000
0.000000	492.497162	-937.951782	1.000000
0.000000	-141.897247	116.297852	1.000000
0.000000	22.185558	-409.562775	1.000000
0.000000	-436.771362	468.592651	1.000000
0.000000	222.233322	240.188507	1.000000
0.000000	158.342957	762.669067	1.000000
0.000000	-66.582047	-53.728874	1.000000
0.644468	44.252407	370.089874	1.000000
0.000000	-10752.264648	572.877869	1.000000
0.000000	28171368.000000	16549397.000000	1.000000
0.000000	139.079391	-453.177643	1.000000
0.000000	-32871.695312	266927.187500	1.000000
0.000000	15.457825	14.312649	1.000000
0.000000	1276.110840	2811.641113	1.000000
0.000000	4785.564941	10621.032227	1.000000
0.000000	-48778.265625	-126250.796875	1.000000
0.000000	273.911835	-395.472504	1.000000
0.000000	1929694.125000	165073.734375	1.000000
0.000000	-180345.546875	-177937.812500	1.000000
0.000000	-70014.882812	13879.487305	1.000000
0.000000	116.210075	77.528992	1.000000
0.000000	-131031.937500	14722.302734	1.000000
0.000000	-848.176331	121.278572	1.000000
0.000000	-1169.365356	1196.365356	1.000000
0.000000	-1121.701416	926.646362	1.000000
0.000000	49201.199219	57320.437500	1.000000
0.000000	84072.132812	3833.322021	1.000000
0.000000	818.192200	-479.103882	1.000000
0.000000	-130.874969	-158.811356	1.000000
0.000000	-1589278.625000	-1200867.375000	1.000000
0.000000	-29.256994	69.345314	1.000000
0.000000	2590553.750000	19138.921875	1.000000
0.000000	49.190926	47.769283	1.000000
0.000000	-10300.421875	12986.650391	1.000000
0.000000	1826645.375000	135545.984375	1.000000
0.000000	-1593.932251	540.951660	1.000000
0.000000	22.469988	-2.330570	1.000000
0.000000	138.795853	107.511505	1.000000
0.000000	652.262634	1115.353638	1.000000
0.000000	-10443.809570	7230.406738	1.000000
0.000000	-121.937157	110.167984	1.000000
0.000000	27323.939453	25637.628906	1.000000
0.000000	-112.708221	119.246880	1.000000
0.000000	261.473358	242.427521	1.000000
0.000000	203.803528	-9114.087891	1.000000
0.000000	-5346.224121	9768.398438	1.000000
0.000000	458992.468750	25773.441406	1.000000
0.000000	-775.260437	1011.073242	1.000000
0.000000	1970.700195	-5413.107910	1.000000
0.000000	3482.065918	-1832.952393	1.000000
0.000000	0.229599	-142.791809	1.000000
0.506528	4.302037	46.551746	1.000000
0.000000	1076.779541	-507.788544	1.000000
0.000000	1178.162964	11986.489258	1.000000
0.000000	18291.851562	-23735.193359	1.000000
0.000000	63.164932	2.005551	1.000000
0.000000	-21.506441	44.963188	1.000000
0.000000	1360.928955	1031.229248	1.000000
0.000000	153.154129	-39.069126	1.000000
0.000000	64.356323	-81.760132	1.000000
0.000000	-1681.789062	53.821709	1.000000
0.000000	75071.046875	-7436.381836	1.000000
0.000000	12.817303	153.206238	1.000000
0.000000	-469.017334	-720.712036	1.000000
0.000000	1195.105713	-9858.474609	1.000000
0.000000	110.117256	86.932861	1.000000
0.000000	39.153080	51.033939	1.000000
0.000000	-3981.992432	-4836.345215	1.000000
0.000000	256.663177	190.010788	1.000000
0.000000	-1819.487671	-2812.987549	1.000000
0.000000	-99.207703	39.636028	1.000000
0.000000	22202.921875	38826.445312	1.000000
0.000000	91.148964	-22.178959	1.000000
0.000000	623.010925	-554.301575	1.000000
0.000000	1026.194580	568.531189	1.000000
0.000000	-308.867096	372.180725	1.000000
0.000000	-23.893650	-111.566948	1.000000
0.000000	9450.807617	5069.699707	1.000000
0.000000	-92801.640625	-330050.218750	1.000000
0.000000	7723.835449	16938.894531	1.000000
0.000000	40.755493	15.129326	1.000000
0.000000	3313.168701	-1161.586792	1.000000
0.000000	-423511.437500	-81743.796875	1.000000
0.000000	-44105600.000000	-10494824.000000	1.000000
0.000000	5905.036133	-4818.388184	1.000000
0.000000	-188.229767	-87.517014	1.000000
0.000000	795.295898	-1821.612915	1.000000
0.000000	6058.942383	520.253052	1.000000
0.000000	-16.640917	-1.543233	1.000000
0.000000	-220.153656	1029.509644	1.000000
0.000000	-18821.111328	330.419312	1.000000
0.000000	-364.380066	-149.659958	1.000000
0.000000	264.121338	-86.595840	1.000000
0.000000	14302.925781	-11142.190430	1.000000
