0.000000	31386.214844	455917.812500	1.000000
0.000000	215053.406250	175415.484375	1.000000
0.000000	1213.208984	-12956.926758	1.000000
0.000000	-341.416931	646.055725	1.000000
0.000000	16874.552734	27210.960938	1.000000
0.000000	-13518.247070	714.000061	1.000000
0.000000	-521.409973	-2533.919678	1.000000
0.000000	-595499.937500	1523932.125000	1.000000
0.000000	3666.010986	-2047.641602	1.000000
0.000000	9292453.000000	3386659.750000	1.000000
0.000000	78697400.000000	19959642.000000	1.000000
0.000000	-451.734314	-232.827820	1.000000
0.000000	-381.532043	257.543030	1.000000
0.000000	85.845345	-426.335785	1.000000
0.000000	-73337376.000000	-31090268.000000	1.000000
0.000000	894.150574	-4429.497559	1.000000
0.000000	417.473633	-586.495483	1.000000
0.000000	-6264.998535	7962.958984	1.000000
0.000000	-986.876648	33.906593	1.000000
0.000000	-366.162384	458.949188	1.000000
0.000000	961.115540	8188.073242	1.000000
0.000000	10410.449219	85123.742188	1.000000
0.000000	-83.068840	1001.878540	1.000000
0.000000	366.410736	-29.789255	1.000000
0.000000	-207003.765625	-53464.902344	1.000000
0.000000	597.457092	-44.558060	1.000000
0.000000	10384.196289	35190.792969	1.000000
0.000000	-4108.320312	11544.302734	1.000000
0.000000	569.617004	-269.491852	1.000000
0.000000	-61282.968750	-273296.843750	1.000000
0.000000	5063.347656	-8756.033203	1.000000
0.000000	5057.726562	951.898560	1.000000
0.000000	-434.292847	533.500305	1.000000
0.000000	-671.699280	-81.872391	1.000000
0.000000	-384.061859	-147.942520	1.000000
0.000000	5029.754883	2857.520264	1.000000
0.000000	-161.431335	-135.014481	1.000000
0.000000	-5881.187012	-1621.952759	1.000000
0.000000	-246221.234375	-73905.312500	1.000000
0.000000	-46592.527344	-6272.092285	1.000000
0.000000	608.333313	206.744431	1.000000
0.000000	645.724792	-136.790283	1.000000
0.000000	-3.494271	421.427368	1.000000
0.000000	-163.094864	-300.058167	1.000000
0.000000	70.589401	417.142548	1.000000
0.000000	-629.705505	-102.957047	1.000000
0.000000	-3930.565430	3249.619141	1.000000
0.000000	-931.097046	580.717712	1.000000
0.000000	-152.511276	-435.924805	1.000000
0.000000	-433.841064	-118.811012	1.000000
0.000000	7222.479980	6260.194336	1.000000
0.000000	-967.901428	1541.510620	1.000000
0.000000	-76.281586	1198.572510	1.000000
0.000000	-3502.070557	-11500.758789	1.000000
0.000000	468.204102	24.842859	1.000000
0.000000	-12.082403	-446.835815	1.000000
0.000000	310.711151	111.527893	1.000000
0.000000	29405522.000000	-21550876.000000	1.000000
0.000000	-699.794739	1768.572388	1.000000
0.000000	379.401520	656.269958	1.000000
0.000000	1620.101929	26087.501953	1.000000
0.000000	3332.294434	-1815.968994	1.000000
0.000000	-184.648743	-405.251587	1.000000
0.000000	257.785248	-512.588257	1.000000
0.000000	5275.831543	-3041.183594	1.000000
0.000000	401208.125000	-1051564.750000	1.000000
0.000000	40053.335938	142440.187500	1.000000
0.000000	899154304.000000	-490293056.000000	1.000000
0.000000	5002.090820	-15007.378906	1.000000
0.000000	-11819835.000000	-661085.062500	1.000000
0.000000	10702.135742	-14963.391602	1.000000
0.000000	-71.986115	-528.692566	1.000000
0.000000	-403.770813	-883.779114	1.000000
0.000000	-328.572998	916.192627	1.000000
0.000000	424113.312500	2447.192627	1.000000
0.000000	-9515.048828	10598.473633	1.000000
0.000000	-343.605865	497.361267	1.000000
0.000000	17.327053	-458.518280	1.000000
0.000000	3438.808105	-13459.631836	1.000000
0.000000	-935690816.000000	516809408.000000	1.000000
0.000000	1333545.500000	80405.828125	1.000000
0.000000	370953.062500	-121759.031250	1.000000
0.000000	282253.875000	227449.562500	1.000000
0.000000	24747.326172	-23056.433594	1.000000
0.000000	2203343.750000	933448.812500	1.000000
0.000000	-241.999069	364.975708	1.000000
0.000000	-78.429680	-71.050789	1.000000
0.000000	-3060.126221	-235.678116	1.000000
0.000000	-1690.983521	1888.271851	1.000000
0.000000	177.184631	429.638672	1.000000
0.000000	-31.736101	-210.985291	1.000000
0.000000	-1376.435669	1055.717163	1.000000
0.000000	1055.549805	-277.583191	1.000000
0.000000	271.996399	-18.923557	1.000000
0.000000	-4355021.000000	2416277.250000	1.000000
0.000000	1251.902588	697.069397	1.000000
0.000000	-287.790771	-88082.359375	1.000000
0.000000	1711789.125000	-2028472.500000	1.000000
0.000000	843.611572	-1346.777832	1.000000
0.000000	-125.123367	-5397.300293	1.000000
0.000000	691415.187500	-227595.812500	1.000000
0.000000	12310197.000000	-6573529.500000	1.000000
0.000000	-21984.365234	-21670.968750	1.000000
0.000000	170830.796875	-24624.273438	1.000000
0.000000	-46.647388	334.475555	1.000000
0.000000	448.055634	-81.788979	1.000000
0.000000	461.279846	-1829.799072	1.000000
0.000000	-257.405273	-366.076202	1.000000
0.000000	166.588287	-421.413055	1.000000
0.000000	-929.835815	1226.818481	1.000000
0.000000	-369.496765	-3072.438721	1.000000
0.000000	-54033.453125	119833.890625	1.000000
0.000000	146.839691	399.934143	1.000000
0.000000	-509.431671	67.707222	1.000000
0.000000	23.822634	-1032.341187	1.000000
0.000000	-64474.128906	15451.839844	1.000000
0.000000	2482.710205	939.385803	1.000000
0.000000	55909.160156	149684.296875	1.000000
0.000000	-13387.680664	6552.416992	1.000000
0.000000	-41906.488281	-29690.996094	1.000000
0.000000	-8324.227539	13902.466797	1.000000
0.000000	451.240234	409.794434	1.000000
0.000000	-427.602783	278.000000	1.000000
0.000000	1668.304932	3068.470459	1.000000
0.000000	783.911377	-455.880157	1.000000
0.000000	1822.570801	0.286482	1.000000
0.000000	597.131592	-690.078064	1.000000
0.000000	13957.316406	-14391.710938	1.000000
0.000000	-433.554871	-216.540115	1.000000
0.000000	-1225.572510	1379.656616	1.000000
0.000000	342.070160	364.669586	1.000000
0.000000	-13188.452148	-3017.002686	1.000000
0.000000	-28760.316406	-61633.312500	1.000000
0.000000	1783.305420	8183.053711	1.000000
0.000000	-2436.370605	1725.956543	1.000000
0.000000	233.039520	-211.476700	1.000000
0.000000	-29.971891	97.683510	1.000000
0.000000	-3726.661377	-15916.266602	1.000000
0.000000	908.870056	14.247222	1.000000
0.000000	-8929.730469	12944.167969	1.000000
0.000000	-851.099121	-3319.093262	1.000000
0.000000	926.391296	717.909851	1.000000
0.000000	431.232758	-285.103455	1.000000
0.000000	-5501.732910	-20488.208984	1.000000
0.000000	9.620287	-469.077667	1.000000
0.000000	22474.707031	-24740.611328	1.000000
0.000000	-398.304230	-283.657471	1.000000
0.000000	-3300464.250000	1376390.750000	1.000000
0.000000	-18040.529297	-1396.145630	1.000000
0.000000	-118.960686	709.231934	1.000000
0.000000	206.767792	-480.162750	1.000000
0.000000	6731.222168	2566.607422	1.000000
0.000000	-25998.662109	-23319.832031	1.000000
0.000000	-586712.625000	317552.343750	1.000000
0.000000	-108536.234375	248950.578125	1.000000
0.000000	37879.320312	-56191.003906	1.000000
0.000000	693.225830	-1831.212036	1.000000
0.000000	190.410294	294.156891	1.000000
0.000000	-252.953644	-284.900574	1.000000
0.000000	-426.829224	818.554077	1.000000
0.000000	4112436.000000	2116301.500000	1.000000
0.000000	308.691071	239.251053	1.000000
0.000000	-45331.566406	76094.968750	1.000000
0.000000	833.996887	1755.232422	1.000000
0.000000	4970.184082	12527.502930	1.000000
0.000000	605.119568	1465.257812	1.000000
0.000000	-44198.769531	2471.274170	1.000000
0.000000	245592.203125	-842228.687500	1.000000
0.000000	-355.310638	-202.272324	1.000000
0.000000	587.044739	-119.127037	1.000000
0.000000	-32925.808594	-140140.140625	1.000000
0.000000	-14384.747070	-13430.937500	1.000000
0.000000	-524.485840	-89.405434	1.000000
0.000000	-323776.406250	730136.875000	1.000000
0.000000	-31239.378906	-19598.945312	1.000000
0.000000	-552.578491	-1139.367310	1.000000
0.000000	186.200607	-492.872223	1.000000
0.000000	-3492.650879	-12816.998047	1.000000
0.000000	133.294250	-455.110748	1.000000
0.000000	3243.676758	2862.311523	1.000000
0.000000	95.940918	62.805748	1.000000
0.000000	799000.812500	-982912.687500	1.000000
0.000000	-520.544250	431.608521	1.000000
0.000000	-3144.828369	-2131.210205	1.000000
0.000000	-56.638653	3036.136963	1.000000
0.000000	-416.262268	399.020782	1.000000
0.000000	19780.568359	10662.171875	1.000000
0.000000	210.755035	562.214783	1.000000
0.000000	-3497.606934	-1956.928833	1.000000
0.000000	65144.246094	112792.101562	1.000000
0.000000	370.326874	307.367157	1.000000
0.000000	484892.843750	100940.078125	1.000000
0.000000	-342.474579	327.812744	1.000000
0.000000	78.463158	431.253052	1.000000
0.000000	343.467010	251.945984	1.000000
0.000000	-428.009033	-104.668503	1.000000
0.000000	-52368.730469	-2884.907471	1.000000
0.000000	11470.051758	1495.182007	1.000000
0.000000	-41.157936	-316.741669	1.000000
0.000000	83.627007	1637.604492	1.000000
0.000000	-7879.555176	-93272.515625	1.000000
0.000000	-648.410522	1000.761963	1.000000
0.000000	-133.152084	402.524780	1.000000
0.000000	458.202667	-116.004677	1.000000
0.000000	63.557873	475.830994	1.000000
0.000000	-43002.566406	-77636.132812	1.000000
0.000000	196.977005	-1174.033447	1.000000
0.000000	54.851028	439.065186	1.000000
0.000000	-146.963791	-71.558754	1.000000
0.000000	-471.378296	845.116089	1.000000
0.000000	486.399567	-30.197805	1.000000
0.000000	248.205627	1129.963989	1.000000
0.000000	-242.608063	278.221771	1.000000
0.000000	348.734100	594.031555	1.000000
0.000000	-11128.788086	545.192322	1.000000
0.000000	28171368.000000	16549397.000000	1.000000
0.000000	393.964203	-732.340210	1.000000
0.000000	-32724.039062	266690.937500	1.000000
0.000000	-359.376099	1.954174	1.000000
0.000000	1590.803223	2603.076660	1.000000
0.000000	4416.424316	10709.625977	1.000000
0.000000	-48394.359375	-126250.796875	1.000000
0.000000	-57.952396	-576.351440	1.000000
0.000000	1929694.125000	165309.984375	1.000000
0.000000	-179991.171875	-177937.812500	1.000000
0.000000	-70310.195312	13665.385742	1.000000
0.000000	341.354095	-220.888916	1.000000
0.000000	-131150.062500	15084.060547	1.000000
0.000000	-1185.257690	292.236816	1.000000
0.000000	-1406.538208	902.166992	1.000000
0.000000	-1219.523682	1291.972534	1.000000
0.000000	49289.792969	57674.812500	1.000000
0.000000	83776.820312	3606.300537	1.000000
0.000000	1178.367798	-364.208862	1.000000
0.000000	-466.835907	-332.011993	1.000000
0.000000	-1589278.625000	-1200867.375000	1.000000
0.000000	-392.046387	176.302933	1.000000
0.000000	2590553.750000	19478.531250	1.000000
0.000000	178.943298	-300.705841	1.000000
0.000000	-10521.906250	13296.728516	1.000000
0.000000	1826645.375000	135309.734375	1.000000
0.000000	-1550.558228	916.552246	1.000000
0.000000	389.822052	77.171547	1.000000
0.000000	451.466309	-97.561264	1.000000
0.000000	350.490173	887.685852	1.000000
0.000000	-10702.208008	7507.262207	1.000000
0.000000	-492.462036	185.020569	1.000000
0.000000	27338.705078	26021.535156	1.000000
0.000000	163.221710	377.643341	1.000000
0.000000	278.546112	620.034363	1.000000
0.000000	-163.922577	-9025.494141	1.000000
0.000000	-5722.747559	9775.781250	1.000000
0.000000	459228.718750	25492.894531	1.000000
0.000000	-1129.635498	1142.118164	1.000000
0.000000	2275.006348	-5187.932129	1.000000
0.000000	3489.448730	-2211.321533	1.000000
0.000000	206.977203	173.639847	1.000000
0.000000	327.568024	242.458130	1.000000
0.000000	914.046143	-848.785034	1.000000
0.000000	1221.536987	11609.965820	1.000000
0.000000	17922.710938	-23809.021484	1.000000
0.000000	440.149872	-25.473785	1.000000
0.000000	-6.552698	-329.063812	1.000000
0.000000	1047.159424	1241.639404	1.000000
0.000000	531.061829	-48.730228	1.000000
0.000000	126.039131	289.694794	1.000000
0.000000	-1321.876953	169.097351	1.000000
0.000000	75425.421875	-7395.776367	1.000000
0.000000	113.463051	517.537903	1.000000
0.000000	-91.059280	-720.712036	1.000000
0.000000	1171.111572	-9481.951172	1.000000
0.000000	338.684601	388.013184	1.000000
0.000000	327.472717	295.494415	1.000000
0.000000	-3808.496338	-4500.427246	1.000000
0.000000	629.495239	251.611130	1.000000
0.000000	-2122.877441	-3038.163330	1.000000
0.000000	55.276669	378.037048	1.000000
0.000000	22261.984375	39210.351562	1.000000
0.000000	466.451752	-23.516306	1.000000
0.000000	1000.918640	-547.841614	1.000000
0.000000	1352.884033	758.638611	1.000000
0.000000	-324.555573	749.712402	1.000000
0.000000	214.545639	-404.856598	1.000000
0.000000	9642.760742	4744.855957	1.000000
0.000000	-92624.453125	-330286.468750	1.000000
0.000000	8100.358887	16953.660156	1.000000
0.000000	285.222412	-273.311157	1.000000
0.000000	3436.830811	-804.159546	1.000000
0.000000	-423275.187500	-82039.109375	1.000000
0.000000	-44105600.000000	-10494824.000000	1.000000
0.000000	6074.840820	-4482.470215	1.000000
0.000000	-331.692963	262.171783	1.000000
0.000000	1126.599609	-1639.811157	1.000000
0.000000	5763.629883	285.387329	1.000000
0.000000	-367.554565	-142.088974	1.000000
0.000000	-597.610901	1011.052612	1.000000
0.000000	-18762.048828	-42.800392	1.000000
0.000000	-742.287781	-160.157394	1.000000
0.000000	311.651031	-460.203583	1.000000
0.000000	14649.917969	-10994.534180	1.000000
