0.000000	31510.062500	455801.250000	1.000000
0.000000	214995.125000	175240.640625	1.000000
0.000000	1185.434326	-12771.155273	1.000000
0.000000	-527.871399	648.787659	1.000000
0.000000	16889.123047	27400.375000	1.000000
0.000000	-13700.375977	756.117371	1.000000
0.000000	-688.740906	-2451.961670	1.000000
0.000000	-595266.812500	1523932.125000	1.000000
0.000000	3570.393311	-2207.915039	1.000000
0.000000	9292453.000000	3386659.750000	1.000000
0.000000	78697400.000000	19959642.000000	1.000000
0.000000	-271.768188	-183.994507	1.000000
0.000000	-293.199524	93.279510	1.000000
0.000000	92.703636	-239.990250	1.000000
0.000000	-73337376.000000	-31090268.000000	1.000000
0.000000	731.828186	-4520.562012	1.000000
0.000000	373.762695	-405.210205	1.000000
0.000000	-6168.470215	7802.685547	1.000000
0.000000	-987.331970	220.415680	1.000000
0.000000	-302.189606	283.763947	1.000000
0.000000	921.047180	8005.944336	1.000000
0.000000	10242.890625	85036.320312	1.000000
0.000000	-46.984554	818.838989	1.000000
0.000000	228.143188	96.324844	1.000000
0.000000	-207120.328125	-53333.769531	1.000000
0.000000	411.519501	-59.156830	1.000000
0.000000	10387.838867	35380.207031	1.000000
0.000000	-3925.342529	11580.728516	1.000000
0.000000	406.611633	-178.882721	1.000000
0.000000	-61472.382812	-273296.843750	1.000000
0.000000	5174.446289	-8905.378906	1.000000
0.000000	4877.418945	905.911011	1.000000
0.000000	-262.294861	461.331757	1.000000
0.000000	-535.330261	-208.964218	1.000000
0.000000	-238.351852	-31.603720	1.000000
0.000000	4860.375000	2780.115479	1.000000
0.000000	12.011930	-66.462929	1.000000
0.000000	-5737.305176	-1504.024292	1.000000
0.000000	-246279.515625	-73730.468750	1.000000
0.000000	-46738.230469	-6159.172363	1.000000
0.000000	464.489105	88.009567	1.000000
0.000000	538.041077	15.421163	1.000000
0.000000	-1.819716	234.966476	1.000000
0.000000	-80.132164	-134.870438	1.000000
0.000000	47.406612	232.061401	1.000000
0.000000	-559.358215	-275.688446	1.000000
0.000000	-4083.553711	3356.164551	1.000000
0.000000	-825.234619	427.109406	1.000000
0.000000	-111.475357	-254.023560	1.000000
0.000000	-251.369232	-80.450111	1.000000
0.000000	7036.708496	6280.228516	1.000000
0.000000	-866.136902	1697.686157	1.000000
0.000000	29.719797	1352.016113	1.000000
0.000000	-3393.703857	-11653.747070	1.000000
0.000000	294.188354	-41.917923	1.000000
0.000000	-16.692541	-260.381348	1.000000
0.000000	124.330315	117.987778	1.000000
0.000000	29405522.000000	-21550876.000000	1.000000
0.000000	-549.538391	1658.384399	1.000000
0.000000	502.224701	515.803040	1.000000
0.000000	1716.174927	26247.775391	1.000000
0.000000	3261.264160	-1643.401855	1.000000
0.000000	-86.526787	-246.682251	1.000000
0.000000	157.159027	-355.615509	1.000000
0.000000	5390.572754	-2894.569824	1.000000
0.000000	401091.562500	-1051564.750000	1.000000
0.000000	40213.609375	142556.750000	1.000000
0.000000	899154304.000000	-490293056.000000	1.000000
0.000000	5122.295898	-14865.318359	1.000000
0.000000	-11819835.000000	-661318.187500	1.000000
0.000000	10607.428711	-15123.665039	1.000000
0.000000	-16.892117	-350.537079	1.000000
0.000000	-262.962402	-761.525085	1.000000
0.000000	-514.915405	922.567139	1.000000
0.000000	424346.437500	2493.635498	1.000000
0.000000	-9332.919922	10642.184570	1.000000
0.000000	-162.585907	542.210510	1.000000
0.000000	33.661739	-272.746796	1.000000
0.000000	3420.595215	-13273.860352	1.000000
0.000000	-935690816.000000	516809408.000000	1.000000
0.000000	1333545.500000	80230.984375	1.000000
0.000000	370719.937500	-121729.890625	1.000000
0.000000	282487.000000	227391.281250	1.000000
0.000000	24914.884766	-23143.855469	1.000000
0.000000	2203343.750000	933681.937500	1.000000
0.000000	-143.763290	206.427521	1.000000
0.000000	103.583511	-30.384533	1.000000
0.000000	-3176.688721	-381.373291	1.000000
0.000000	-1669.128052	1702.955688	1.000000
0.000000	91.185646	264.129028	1.000000
0.000000	16.179424	-30.737225	1.000000
0.000000	-1196.583374	1104.891968	1.000000
0.000000	898.008362	-177.709167	1.000000
0.000000	230.527145	-200.764359	1.000000
0.000000	-4355021.000000	2416277.250000	1.000000
0.000000	1090.718506	603.500671	1.000000
0.000000	-105.273361	-88053.218750	1.000000
0.000000	1711789.125000	-2028472.500000	1.000000
0.000000	808.779419	-1529.817383	1.000000
0.000000	-278.453674	-5291.665527	1.000000
0.000000	691415.187500	-227420.968750	1.000000
0.000000	12310197.000000	-6573529.500000	1.000000
0.000000	-21940.654297	-21488.839844	1.000000
0.000000	170655.953125	-24514.996094	1.000000
0.000000	33.895939	169.930176	1.000000
0.000000	269.569305	-27.557692	1.000000
0.000000	641.815125	-1783.356201	1.000000
0.000000	-134.695923	-225.609299	1.000000
0.000000	98.700638	-247.707596	1.000000
0.000000	-876.335449	1048.332153	1.000000
0.000000	-188.712631	-3117.970947	1.000000
0.000000	-53844.039062	119833.890625	1.000000
0.000000	85.164650	228.414627	1.000000
0.000000	-329.010223	20.465796	1.000000
0.000000	-155.535034	-1083.337280	1.000000
0.000000	-64634.402344	15553.832031	1.000000
0.000000	2427.160889	761.354797	1.000000
0.000000	55763.457031	149567.734375	1.000000
0.000000	-13209.194336	6610.698242	1.000000
0.000000	-41760.785156	-29800.273438	1.000000
0.000000	-8477.215820	13796.832031	1.000000
0.000000	282.770996	329.885376	1.000000
0.000000	-290.209290	151.828751	1.000000
0.000000	1533.984863	3197.781982	1.000000
0.000000	603.831421	-407.274506	1.000000
0.000000	1942.320557	143.225800	1.000000
0.000000	560.705811	-507.263245	1.000000
0.000000	13997.384766	-14209.582031	1.000000
0.000000	-274.533569	-119.155479	1.000000
0.000000	-1154.997559	1552.223755	1.000000
0.000000	208.774567	234.219772	1.000000
0.000000	-13370.581055	-2976.023682	1.000000
0.000000	-28643.753906	-61487.609375	1.000000
0.000000	1681.313232	8026.422852	1.000000
0.000000	-2550.201172	1873.480957	1.000000
0.000000	62.396698	-136.234695	1.000000
0.000000	89.135178	234.600647	1.000000
0.000000	-3845.045166	-16061.969727	1.000000
0.000000	729.700745	-37.797112	1.000000
0.000000	-8743.958984	12929.597656	1.000000
0.000000	-907.331421	-3141.517578	1.000000
0.000000	946.653137	532.593689	1.000000
0.000000	248.990005	-245.505524	1.000000
0.000000	-5685.683105	-20517.349609	1.000000
0.000000	-0.190477	-282.850861	1.000000
0.000000	22525.703125	-24558.482422	1.000000
0.000000	-272.521454	-145.922470	1.000000
0.000000	-3300464.250000	1376390.750000	1.000000
0.000000	-17974.962891	-1222.212524	1.000000
0.000000	-40.527168	540.079712	1.000000
0.000000	144.616302	-304.294525	1.000000
0.000000	6671.119629	2743.272461	1.000000
0.000000	-26173.505859	-23378.113281	1.000000
0.000000	-586712.625000	317435.781250	1.000000
0.000000	-108536.234375	249125.421875	1.000000
0.000000	38068.734375	-56191.003906	1.000000
0.000000	572.565430	-1689.151489	1.000000
0.000000	100.825630	130.582382	1.000000
0.000000	-210.324097	-466.460327	1.000000
0.000000	-375.946960	639.157104	1.000000
0.000000	4112436.000000	2116301.500000	1.000000
0.000000	125.879166	202.426865	1.000000
0.000000	-45258.714844	75920.125000	1.000000
0.000000	665.755310	1674.640381	1.000000
0.000000	4789.876465	12574.856445	1.000000
0.000000	623.560120	1651.029297	1.000000
0.000000	-44067.636719	2334.677490	1.000000
0.000000	245767.046875	-842228.687500	1.000000
0.000000	-186.613739	-122.816727	1.000000
0.000000	401.045624	-133.509033	1.000000
0.000000	-32998.660156	-139965.296875	1.000000
0.000000	-14322.823242	-13605.781250	1.000000
0.000000	-338.259033	-79.957497	1.000000
0.000000	-323543.281250	730136.875000	1.000000
0.000000	-31399.652344	-19693.652344	1.000000
0.000000	-383.968048	-1059.685913	1.000000
0.000000	135.830582	-313.361420	1.000000
0.000000	-3671.137207	-12762.359375	1.000000
0.000000	79.364227	-276.624420	1.000000
0.000000	3188.127441	3039.887207	1.000000
0.000000	7.389067	223.298203	1.000000
0.000000	799233.937500	-982912.687500	1.000000
0.000000	-336.594086	400.532776	1.000000
0.000000	-3323.314697	-2078.392822	1.000000
0.000000	-17.449841	2854.008057	1.000000
0.000000	-284.674133	266.863495	1.000000
0.000000	19875.275391	10501.898438	1.000000
0.000000	26.931440	593.632019	1.000000
0.000000	-3320.031250	-1898.647583	1.000000
0.000000	65085.964844	112617.257812	1.000000
0.000000	232.819550	181.390442	1.000000
0.000000	484892.843750	100765.234375	1.000000
0.000000	-207.585358	199.045197	1.000000
0.000000	80.825142	244.795166	1.000000
0.000000	311.480621	68.223442	1.000000
0.000000	-241.896042	-92.801666	1.000000
0.000000	-52441.582031	-3054.287354	1.000000
0.000000	11371.702148	1336.729858	1.000000
0.000000	-90.781662	-135.960083	1.000000
0.000000	-25.276709	1789.226807	1.000000
0.000000	-7870.448730	-93097.671875	1.000000
0.000000	-536.628906	1150.107666	1.000000
0.000000	-9.936742	262.513184	1.000000
0.000000	279.944000	-61.166801	1.000000
0.000000	53.341579	289.604187	1.000000
0.000000	-42856.863281	-77752.695312	1.000000
0.000000	342.770905	-1057.470947	1.000000
0.000000	-42.221779	279.816223	1.000000
0.000000	-63.504074	-238.330170	1.000000
0.000000	-454.303711	659.344604	1.000000
0.000000	356.063568	103.202423	1.000000
0.000000	203.868622	948.745728	1.000000
0.000000	-155.356934	113.395134	1.000000
0.000000	198.499542	483.586639	1.000000
0.000000	-10943.016602	558.851990	1.000000
0.000000	28171368.000000	16549397.000000	1.000000
0.000000	268.181427	-594.605225	1.000000
0.000000	-32796.890625	266807.500000	1.000000
0.000000	-172.921631	6.692751	1.000000
0.000000	1435.538330	2705.979492	1.000000
0.000000	4598.553223	10665.915039	1.000000
0.000000	-48583.773438	-126250.796875	1.000000
0.000000	105.782837	-487.108246	1.000000
0.000000	1929694.125000	165193.421875	1.000000
0.000000	-180166.015625	-177937.812500	1.000000
0.000000	-70164.492188	13771.020508	1.000000
0.000000	229.230972	-71.873993	1.000000
0.000000	-131091.781250	14905.574219	1.000000
0.000000	-1019.058289	207.888367	1.000000
0.000000	-1289.520386	1047.223511	1.000000
0.000000	-1171.259521	1111.664917	1.000000
0.000000	49246.082031	57499.968750	1.000000
0.000000	83922.523438	3718.309814	1.000000
0.000000	1000.762390	-420.896484	1.000000
0.000000	-301.098602	-246.531540	1.000000
0.000000	-1589278.625000	-1200867.375000	1.000000
0.000000	-212.080276	127.298462	1.000000
0.000000	2590553.750000	19310.972656	1.000000
0.000000	114.167633	-125.820068	1.000000
0.000000	-10412.628906	13143.740234	1.000000
0.000000	1826645.375000	135426.296875	1.000000
0.000000	-1571.958374	731.236084	1.000000
0.000000	209.021942	35.677097	1.000000
0.000000	298.106445	1.206616	1.000000
0.000000	499.380554	999.922791	1.000000
0.000000	-10574.717773	7370.665527	1.000000
0.000000	-309.650146	148.082550	1.000000
0.000000	27331.419922	25832.121094	1.000000
0.000000	27.080618	250.153122	1.000000
0.000000	270.122650	433.759735	1.000000
0.000000	17.506790	-9069.205078	1.000000
0.000000	-5536.976074	9772.138672	1.000000
0.000000	459112.156250	25631.312500	1.000000
0.000000	-954.791687	1077.462402	1.000000
0.000000	2124.750000	-5299.030762	1.000000
0.000000	3485.806152	-2024.639404	1.000000
0.000000	104.978592	17.517651	1.000000
0.000000	168.091400	145.815979	1.000000
0.000000	994.410522	-680.543457	1.000000
0.000000	1200.136841	11795.737305	1.000000
0.000000	18104.839844	-23772.595703	1.000000
0.000000	254.150711	-11.914791	1.000000
0.000000	-16.999622	-142.837006	1.000000
0.000000	1201.968994	1137.825928	1.000000
0.000000	344.607361	-43.963573	1.000000
0.000000	96.130150	105.627296	1.000000
0.000000	-1499.452637	112.231102	1.000000
0.000000	75250.578125	-7415.810547	1.000000
0.000000	63.804466	337.795959	1.000000
0.000000	-277.564087	-720.712036	1.000000
0.000000	1182.949951	-9667.722656	1.000000
0.000000	225.893707	239.464294	1.000000
0.000000	185.212830	174.872299	1.000000
0.000000	-3894.096924	-4666.164551	1.000000
0.000000	445.545013	221.218369	1.000000
0.000000	-1973.304810	-2927.064697	1.000000
0.000000	-23.324715	208.884842	1.000000
0.000000	22232.843750	39020.937500	1.000000
0.000000	279.997284	-24.128145	1.000000
0.000000	814.464172	-551.028870	1.000000
0.000000	1191.699951	664.842224	1.000000
0.000000	-316.815094	563.485596	1.000000
0.000000	96.901756	-260.177948	1.000000
0.000000	9548.053711	4905.129395	1.000000
0.000000	-92711.875000	-330169.906250	1.000000
0.000000	7914.587402	16946.375000	1.000000
0.000000	164.903503	-130.795303	1.000000
0.000000	3375.817627	-980.596924	1.000000
0.000000	-423391.750000	-81893.406250	1.000000
0.000000	-44105600.000000	-10494824.000000	1.000000
0.000000	5991.061523	-4648.207520	1.000000
0.000000	-260.890350	89.610977	1.000000
0.000000	963.138916	-1729.509644	1.000000
0.000000	5909.333008	401.266846	1.000000
0.000000	-194.418289	-72.743492	1.000000
0.000000	-411.384094	1020.159058	1.000000
0.000000	-18791.189453	141.339157	1.000000
0.000000	-555.833313	-154.978104	1.000000
0.000000	290.364716	-274.887421	1.000000
0.000000	14478.716797	-11067.385742	1.000000
