0.000000	31513.382812	455798.125000	1.000000
0.000000	214993.562500	175235.953125	1.000000
0.000000	1184.689697	-12766.174805	1.000000
0.000000	-532.870178	648.860901	1.000000
0.000000	16889.513672	27405.453125	1.000000
0.000000	-13705.258789	757.246521	1.000000
0.000000	-693.226990	-2449.764404	1.000000
0.000000	-595260.562500	1523932.125000	1.000000
0.000000	3567.829834	-2212.211914	1.000000
0.000000	9292453.000000	3386659.750000	1.000000
0.000000	78697400.000000	19959642.000000	1.000000
0.000000	-266.943359	-182.685303	1.000000
0.000000	-290.831360	88.875061	1.000000
0.000000	92.887505	-234.992996	1.000000
0.000000	-73337376.000000	-31090268.000000	1.000000
0.000000	727.476379	-4523.003418	1.000000
0.000000	372.590820	-400.348755	1.000000
0.000000	-6165.882324	7798.388672	1.000000
0.000000	-987.344177	225.415985	1.000000
0.000000	-300.474518	279.067291	1.000000
0.000000	919.972961	8001.061523	1.000000
0.000000	10238.398438	85033.976562	1.000000
0.000000	-46.017147	813.931763	1.000000
0.000000	224.462769	99.709244	1.000000
0.000000	-207123.453125	-53330.253906	1.000000
0.000000	406.535980	-59.548218	1.000000
0.000000	10387.936523	35385.285156	1.000000
0.000000	-3920.435303	11581.705078	1.000000
0.000000	402.241516	-176.453522	1.000000
0.000000	-61477.460938	-273296.843750	1.000000
0.000000	5177.424805	-8909.382812	1.000000
0.000000	4872.584961	904.678101	1.000000
0.000000	-257.683655	459.396942	1.000000
0.000000	-531.674255	-212.371506	1.000000
0.000000	-234.444077	-28.484442	1.000000
0.000000	4855.833984	2778.040283	1.000000
0.000000	16.661964	-64.625008	1.000000
0.000000	-5733.447754	-1500.862671	1.000000
0.000000	-246281.078125	-73725.781250	1.000000
0.000000	-46742.136719	-6156.145020	1.000000
0.000000	460.634735	84.825821	1.000000
0.000000	535.154114	19.501759	1.000000
0.000000	-1.774822	229.966171	1.000000
0.000000	-77.879204	-130.407242	1.000000
0.000000	46.785198	227.100769	1.000000
0.000000	-557.472229	-280.317963	1.000000
0.000000	-4087.655273	3359.020996	1.000000
0.000000	-822.396484	422.992584	1.000000
0.000000	-110.375198	-249.146851	1.000000
0.000000	-246.475739	-79.421669	1.000000
0.000000	7031.728027	6280.765625	1.000000
0.000000	-863.408630	1701.873169	1.000000
0.000000	32.561592	1356.129883	1.000000
0.000000	-3390.798584	-11657.848633	1.000000
0.000000	289.571045	-43.835571	1.000000
0.000000	-16.816137	-255.382568	1.000000
0.000000	119.333061	118.160965	1.000000
0.000000	29405522.000000	-21550876.000000	1.000000
0.000000	-545.510071	1655.430298	1.000000
0.000000	505.517548	512.037170	1.000000
0.000000	1718.750610	26252.072266	1.000000
0.000000	3259.359863	-1638.775391	1.000000
0.000000	-83.896172	-242.429626	1.000000
0.000000	154.461273	-351.407135	1.000000
0.000000	5393.648926	-2890.639160	1.000000
0.000000	401088.437500	-1051564.750000	1.000000
0.000000	40217.906250	142559.875000	1.000000
0.000000	899154304.000000	-490293056.000000	1.000000
0.000000	5125.518555	-14861.509766	1.000000
0.000000	-11819835.000000	-661324.437500	1.000000
0.000000	10604.889648	-15127.961914	1.000000
0.000000	-15.415065	-345.761078	1.000000
0.000000	-259.187378	-758.247498	1.000000
0.000000	-519.914185	922.738037	1.000000
0.000000	424352.687500	2494.880615	1.000000
0.000000	-9328.037109	10643.356445	1.000000
0.000000	-157.732086	543.412903	1.000000
0.000000	34.099667	-267.766327	1.000000
0.000000	3420.106934	-13268.879883	1.000000
0.000000	-935690816.000000	516809408.000000	1.000000
0.000000	1333545.500000	80226.296875	1.000000
0.000000	370713.687500	-121729.109375	1.000000
0.000000	282493.250000	227389.718750	1.000000
0.000000	24919.376953	-23146.199219	1.000000
0.000000	2203343.750000	933688.187500	1.000000
0.000000	-141.129623	202.177948	1.000000
0.000000	108.463272	-29.294102	1.000000
0.000000	-3179.813721	-385.279541	1.000000
0.000000	-1668.542114	1697.987427	1.000000
0.000000	88.880043	259.691772	1.000000
0.000000	17.464024	-25.905148	1.000000
0.000000	-1191.761597	1106.210327	1.000000
0.000000	893.784729	-175.031250	1.000000
0.000000	229.414780	-205.639542	1.000000
0.000000	-4355021.000000	2416277.250000	1.000000
0.000000	1086.397217	600.992126	1.000000
0.000000	-100.379868	-88052.437500	1.000000
0.000000	1711789.125000	-2028472.500000	1.000000
0.000000	807.845581	-1534.724609	1.000000
0.000000	-282.564392	-5288.833496	1.000000
0.000000	691415.187500	-227416.281250	1.000000
0.000000	12310197.000000	-6573529.500000	1.000000
0.000000	-21939.482422	-21483.957031	1.000000
0.000000	170651.265625	-24512.066406	1.000000
0.000000	36.047810	165.416626	1.000000
0.000000	264.784149	-26.103720	1.000000
0.000000	646.655212	-1782.111084	1.000000
0.000000	-131.406128	-221.843430	1.000000
0.000000	96.881027	-243.050613	1.000000
0.000000	-874.901123	1043.546997	1.000000
0.000000	-183.864914	-3119.191650	1.000000
0.000000	-53838.960938	119833.890625	1.000000
0.000000	83.396919	223.737808	1.000000
0.000000	-324.173187	19.199125	1.000000
0.000000	-160.343079	-1084.704468	1.000000
0.000000	-64638.699219	15556.566406	1.000000
0.000000	2425.671631	756.581848	1.000000
0.000000	55759.550781	149564.609375	1.000000
0.000000	-13204.409180	6612.260742	1.000000
0.000000	-41756.878906	-29803.203125	1.000000
0.000000	-8481.317383	13794.000000	1.000000
0.000000	278.254395	327.743042	1.000000
0.000000	-286.525818	148.445877	1.000000
0.000000	1530.383789	3201.248779	1.000000
0.000000	599.003540	-405.971405	1.000000
0.000000	1945.531006	147.057281	1.000000
0.000000	559.729248	-502.359070	1.000000
0.000000	13998.458984	-14204.699219	1.000000
0.000000	-270.270264	-116.543938	1.000000
0.000000	-1153.105469	1556.850220	1.000000
0.000000	205.200958	230.722458	1.000000
0.000000	-13375.463867	-2974.925049	1.000000
0.000000	-28640.628906	-61483.703125	1.000000
0.000000	1678.578857	8022.223633	1.000000
0.000000	-2553.252930	1877.436035	1.000000
0.000000	57.821732	-134.217484	1.000000
0.000000	92.442520	238.351257	1.000000
0.000000	-3848.218994	-16065.875977	1.000000
0.000000	724.897278	-39.192528	1.000000
0.000000	-8738.978516	12929.207031	1.000000
0.000000	-908.838989	-3136.756836	1.000000
0.000000	947.196350	527.625427	1.000000
0.000000	244.104141	-244.445038	1.000000
0.000000	-5690.614746	-20518.130859	1.000000
0.000000	-0.453497	-277.858185	1.000000
0.000000	22527.070312	-24553.599609	1.000000
0.000000	-269.149261	-142.229843	1.000000
0.000000	-3300464.250000	1376390.750000	1.000000
0.000000	-17973.205078	-1217.549438	1.000000
0.000000	-38.424126	535.544800	1.000000
0.000000	142.950043	-299.579559	1.000000
0.000000	6669.508301	2748.008789	1.000000
0.000000	-26178.193359	-23379.675781	1.000000
0.000000	-586712.625000	317432.656250	1.000000
0.000000	-108536.234375	249130.109375	1.000000
0.000000	38073.812500	-56191.003906	1.000000
0.000000	569.330566	-1685.342896	1.000000
0.000000	98.423897	126.197014	1.000000
0.000000	-209.181213	-471.327881	1.000000
0.000000	-374.582825	634.347534	1.000000
0.000000	4112436.000000	2116301.500000	1.000000
0.000000	120.978043	201.439621	1.000000
0.000000	-45256.761719	75915.437500	1.000000
0.000000	661.244812	1672.479736	1.000000
0.000000	4785.042480	12576.125977	1.000000
0.000000	624.054504	1656.009766	1.000000
0.000000	-44064.121094	2331.015381	1.000000
0.000000	245771.734375	-842228.687500	1.000000
0.000000	-182.091034	-120.685837	1.000000
0.000000	396.059052	-133.895081	1.000000
0.000000	-33000.613281	-139960.609375	1.000000
0.000000	-14321.163086	-13610.468750	1.000000
0.000000	-333.266357	-79.704201	1.000000
0.000000	-323537.031250	730136.875000	1.000000
0.000000	-31403.949219	-19696.191406	1.000000
0.000000	-379.448395	-1057.549683	1.000000
0.000000	134.480179	-308.548798	1.000000
0.000000	-3675.922363	-12760.894531	1.000000
0.000000	77.918457	-271.839264	1.000000
0.000000	3186.638184	3044.647949	1.000000
0.000000	5.022667	227.703415	1.000000
0.000000	799240.187500	-982912.687500	1.000000
0.000000	-331.662445	399.699646	1.000000
0.000000	-3328.099854	-2076.976807	1.000000
0.000000	-16.399082	2849.125244	1.000000
0.000000	-281.146301	263.320404	1.000000
0.000000	19877.814453	10497.601562	1.000000
0.000000	22.003233	594.474304	1.000000
0.000000	-3315.270508	-1897.085083	1.000000
0.000000	65084.402344	112612.570312	1.000000
0.000000	229.133026	178.013672	1.000000
0.000000	484892.843750	100760.546875	1.000000
0.000000	-203.969025	195.592133	1.000000
0.000000	80.888466	239.794861	1.000000
0.000000	310.623077	63.297848	1.000000
0.000000	-236.906418	-92.483521	1.000000
0.000000	-52443.535156	-3058.828369	1.000000
0.000000	11369.065430	1332.481812	1.000000
0.000000	-92.140457	-131.148987	1.000000
0.000000	-28.196287	1793.291748	1.000000
0.000000	-7870.204590	-93092.984375	1.000000
0.000000	-533.632080	1154.111572	1.000000
0.000000	-6.633595	258.759521	1.000000
0.000000	275.164948	-59.696617	1.000000
0.000000	53.067684	284.611511	1.000000
0.000000	-42852.957031	-77755.820312	1.000000
0.000000	346.680206	-1054.345947	1.000000
0.000000	-44.824165	275.546814	1.000000
0.000000	-61.266754	-242.800995	1.000000
0.000000	-453.845947	654.364136	1.000000
0.000000	352.569305	106.779083	1.000000
0.000000	202.679962	943.887329	1.000000
0.000000	-153.017761	108.976189	1.000000
0.000000	194.472748	480.623383	1.000000
0.000000	-10938.036133	559.218201	1.000000
0.000000	28171368.000000	16549397.000000	1.000000
0.000000	264.809235	-590.912598	1.000000
0.000000	-32798.843750	266810.625000	1.000000
0.000000	-167.922852	6.819780	1.000000
0.000000	1431.375732	2708.738281	1.000000
0.000000	4603.436035	10664.743164	1.000000
0.000000	-48588.851562	-126250.796875	1.000000
0.000000	110.172791	-484.715668	1.000000
0.000000	1929694.125000	165190.296875	1.000000
0.000000	-180170.703125	-177937.812500	1.000000
0.000000	-70160.585938	13773.852539	1.000000
0.000000	226.224991	-67.878479	1.000000
0.000000	-131090.218750	14900.789062	1.000000
0.000000	-1014.596619	205.627014	1.000000
0.000000	-1286.383179	1051.117554	1.000000
0.000000	-1169.965576	1106.830933	1.000000
0.000000	49244.910156	57495.281250	1.000000
0.000000	83926.429688	3721.312744	1.000000
0.000000	995.995544	-422.416260	1.000000
0.000000	-296.655243	-244.241196	1.000000
0.000000	-1589278.625000	-1200867.375000	1.000000
0.000000	-207.255447	125.983917	1.000000
0.000000	2590553.750000	19306.480469	1.000000
0.000000	112.430420	-121.131805	1.000000
0.000000	-10409.699219	13139.638672	1.000000
0.000000	1826645.375000	135429.421875	1.000000
0.000000	-1572.532104	726.267822	1.000000
0.000000	204.148285	34.561298	1.000000
0.000000	293.946899	3.982261	1.000000
0.000000	503.372253	1002.931824	1.000000
0.000000	-10571.299805	7367.003418	1.000000
0.000000	-304.749023	147.092255	1.000000
0.000000	27331.224609	25827.042969	1.000000
0.000000	23.430906	246.735153	1.000000
0.000000	269.896820	428.764008	1.000000
0.000000	22.370911	-9070.376953	1.000000
0.000000	-5531.995605	9772.041016	1.000000
0.000000	459109.031250	25635.023438	1.000000
0.000000	-950.104187	1075.729004	1.000000
0.000000	2120.721680	-5302.009277	1.000000
0.000000	3485.708496	-2019.634521	1.000000
0.000000	102.243454	13.331974	1.000000
0.000000	163.815887	143.225037	1.000000
0.000000	996.565063	-676.032959	1.000000
0.000000	1199.563110	11800.717773	1.000000
0.000000	18109.722656	-23771.619141	1.000000
0.000000	249.164139	-11.551346	1.000000
0.000000	-17.279621	-137.844330	1.000000
0.000000	1206.119385	1135.042725	1.000000
0.000000	339.608582	-43.835781	1.000000
0.000000	95.328300	100.691841	1.000000
0.000000	-1504.213379	110.705986	1.000000
0.000000	75245.890625	-7416.347656	1.000000
0.000000	62.473137	332.977234	1.000000
0.000000	-282.562866	-720.712036	1.000000
0.000000	1183.267334	-9672.703125	1.000000
0.000000	222.870941	235.481750	1.000000
0.000000	181.399658	171.638962	1.000000
0.000000	-3896.391846	-4670.607910	1.000000
0.000000	440.613373	220.403549	1.000000
0.000000	-1969.288696	-2924.086182	1.000000
0.000000	-25.431953	204.349930	1.000000
0.000000	22232.062500	39015.859375	1.000000
0.000000	274.998505	-24.144548	1.000000
0.000000	809.465393	-551.114319	1.000000
0.000000	1187.378662	662.327576	1.000000
0.000000	-316.607574	558.492920	1.000000
0.000000	93.747765	-256.299164	1.000000
0.000000	9545.514648	4909.426270	1.000000
0.000000	-92714.218750	-330166.781250	1.000000
0.000000	7909.606934	16946.179688	1.000000
0.000000	161.677795	-126.974701	1.000000
0.000000	3374.181885	-985.327148	1.000000
0.000000	-423394.875000	-81889.500000	1.000000
0.000000	-44105600.000000	-10494824.000000	1.000000
0.000000	5988.815430	-4652.650879	1.000000
0.000000	-258.992157	84.985275	1.000000
0.000000	958.756592	-1731.914429	1.000000
0.000000	5913.239258	404.373535	1.000000
0.000000	-189.776566	-70.884209	1.000000
0.000000	-406.391418	1020.403198	1.000000
0.000000	-18791.970703	146.275375	1.000000
0.000000	-550.834534	-154.839249	1.000000
0.000000	289.794037	-269.919159	1.000000
0.000000	14474.126953	-11069.338867	1.000000
