0.000000	31400.824219	455904.062500	1.000000
0.000000	215046.531250	175394.859375	1.000000
0.000000	1209.932617	-12935.012695	1.000000
0.000000	-363.411560	646.377991	1.000000
0.000000	16876.271484	27233.304688	1.000000
0.000000	-13539.731445	718.968323	1.000000
0.000000	-541.148743	-2524.251709	1.000000
0.000000	-595472.437500	1523932.125000	1.000000
0.000000	3654.731689	-2066.547852	1.000000
0.000000	9292453.000000	3386659.750000	1.000000
0.000000	78697400.000000	19959642.000000	1.000000
0.000000	-430.505066	-227.067322	1.000000
0.000000	-371.112122	238.166809	1.000000
0.000000	86.654366	-404.354584	1.000000
0.000000	-73337376.000000	-31090268.000000	1.000000
0.000000	875.002625	-4440.239746	1.000000
0.000000	412.317383	-565.118530	1.000000
0.000000	-6253.611816	7944.052734	1.000000
0.000000	-986.930359	55.906258	1.000000
0.000000	-358.615997	438.283905	1.000000
0.000000	956.388977	8166.588867	1.000000
0.000000	10390.683594	85113.429688	1.000000
0.000000	-78.812248	980.286743	1.000000
0.000000	350.216888	-14.898736	1.000000
0.000000	-207017.515625	-53449.433594	1.000000
0.000000	575.516174	-46.280167	1.000000
0.000000	10384.625977	35213.136719	1.000000
0.000000	-4086.790283	11548.599609	1.000000
0.000000	550.388489	-258.803375	1.000000
0.000000	-61305.312500	-273296.843750	1.000000
0.000000	5076.453125	-8773.650391	1.000000
0.000000	5036.457031	946.473755	1.000000
0.000000	-414.003540	524.987122	1.000000
0.000000	-655.612854	-96.864456	1.000000
0.000000	-366.874359	-134.219376	1.000000
0.000000	5009.774414	2848.389404	1.000000
0.000000	-140.974182	-126.930534	1.000000
0.000000	-5864.214355	-1608.041626	1.000000
0.000000	-246228.109375	-73884.687500	1.000000
0.000000	-46609.714844	-6258.771973	1.000000
0.000000	591.360657	192.739304	1.000000
0.000000	633.022156	-118.835693	1.000000
0.000000	-3.296736	399.432739	1.000000
0.000000	-153.185196	-280.413391	1.000000
0.000000	67.853500	395.309052	1.000000
0.000000	-621.407166	-123.333633	1.000000
0.000000	-3948.612305	3262.187500	1.000000
0.000000	-918.609253	562.590271	1.000000
0.000000	-147.670578	-414.467285	1.000000
0.000000	-412.316406	-114.285866	1.000000
0.000000	7200.565918	6262.557617	1.000000
0.000000	-955.897034	1559.933472	1.000000
0.000000	-63.777008	1216.673096	1.000000
0.000000	-3489.287354	-11518.805664	1.000000
0.000000	447.887939	16.406046	1.000000
0.000000	-12.626226	-424.841187	1.000000
0.000000	288.729950	112.289917	1.000000
0.000000	29405522.000000	-21550876.000000	1.000000
0.000000	-682.070129	1755.574341	1.000000
0.000000	393.890045	639.700134	1.000000
0.000000	1631.434937	26106.408203	1.000000
0.000000	3323.915527	-1795.612549	1.000000
0.000000	-173.074036	-386.546753	1.000000
0.000000	245.915131	-494.071014	1.000000
0.000000	5289.366699	-3023.888672	1.000000
0.000000	401194.375000	-1051564.750000	1.000000
0.000000	40072.242188	142453.937500	1.000000
0.000000	899154304.000000	-490293056.000000	1.000000
0.000000	5016.270508	-14990.621094	1.000000
0.000000	-11819835.000000	-661112.562500	1.000000
0.000000	10690.963867	-14982.297852	1.000000
0.000000	-65.487091	-507.667511	1.000000
0.000000	-387.160706	-869.357727	1.000000
0.000000	-350.554199	916.944580	1.000000
0.000000	424140.812500	2452.671143	1.000000
0.000000	-9493.564453	10603.629883	1.000000
0.000000	-322.255768	502.651794	1.000000
0.000000	19.253933	-436.604218	1.000000
0.000000	3436.659668	-13437.717773	1.000000
0.000000	-935690816.000000	516809408.000000	1.000000
0.000000	1333545.500000	80385.203125	1.000000
0.000000	370925.562500	-121755.593750	1.000000
0.000000	282281.375000	227442.687500	1.000000
0.000000	24767.091797	-23066.746094	1.000000
0.000000	2203343.750000	933476.312500	1.000000
0.000000	-230.410934	346.270874	1.000000
0.000000	-56.958736	-66.253731	1.000000
0.000000	-3073.876221	-252.858902	1.000000
0.000000	-1688.405396	1866.411499	1.000000
0.000000	167.039978	410.114746	1.000000
0.000000	-26.083864	-189.722473	1.000000
0.000000	-1355.219849	1061.517944	1.000000
0.000000	1036.965820	-265.807068	1.000000
0.000000	267.108704	-40.372684	1.000000
0.000000	-4355021.000000	2416277.250000	1.000000
0.000000	1232.888916	686.031799	1.000000
0.000000	-266.266113	-88078.921875	1.000000
0.000000	1711789.125000	-2028472.500000	1.000000
0.000000	839.502686	-1368.369629	1.000000
0.000000	-143.211060	-5384.839355	1.000000
0.000000	691415.187500	-227575.187500	1.000000
0.000000	12310197.000000	-6573529.500000	1.000000
0.000000	-21979.208984	-21649.484375	1.000000
0.000000	170810.171875	-24611.382812	1.000000
0.000000	-37.179157	314.615936	1.000000
0.000000	427.000946	-75.390663	1.000000
0.000000	482.576233	-1824.320557	1.000000
0.000000	-242.930176	-349.506378	1.000000
0.000000	158.578644	-400.922333	1.000000
0.000000	-923.524780	1205.763794	1.000000
0.000000	-348.173523	-3077.809814	1.000000
0.000000	-54011.109375	119833.890625	1.000000
0.000000	139.065033	379.349426	1.000000
0.000000	-488.148712	62.134708	1.000000
0.000000	2.665349	-1038.356812	1.000000
0.000000	-64493.035156	15463.871094	1.000000
0.000000	2476.157471	918.384827	1.000000
0.000000	55891.972656	149670.546875	1.000000
0.000000	-13366.625977	6559.291992	1.000000
0.000000	-41889.300781	-29703.886719	1.000000
0.000000	-8342.274414	13890.005859	1.000000
0.000000	431.367188	400.368164	1.000000
0.000000	-411.395508	263.122070	1.000000
0.000000	1652.460205	3083.724365	1.000000
0.000000	762.668701	-450.146515	1.000000
0.000000	1836.696777	17.147972	1.000000
0.000000	592.834717	-668.513123	1.000000
0.000000	13962.042969	-14370.226562	1.000000
0.000000	-414.796326	-205.052689	1.000000
0.000000	-1217.247314	1400.013062	1.000000
0.000000	326.346283	349.281403	1.000000
0.000000	-13209.936523	-3012.168701	1.000000
0.000000	-28746.566406	-61616.125000	1.000000
0.000000	1771.274170	8164.577148	1.000000
0.000000	-2449.798340	1743.358887	1.000000
0.000000	212.911346	-202.600967	1.000000
0.000000	-15.420423	114.182838	1.000000
0.000000	-3740.626221	-15933.454102	1.000000
0.000000	887.734802	8.107810	1.000000
0.000000	-8907.816406	12942.449219	1.000000
0.000000	-857.732422	-3298.145996	1.000000
0.000000	928.781433	696.049500	1.000000
0.000000	409.734955	-280.430603	1.000000
0.000000	-5523.432129	-20491.646484	1.000000
0.000000	8.462984	-447.109894	1.000000
0.000000	22480.722656	-24719.126953	1.000000
0.000000	-383.466583	-267.409912	1.000000
0.000000	-3300464.250000	1376390.750000	1.000000
0.000000	-18032.794922	-1375.628052	1.000000
0.000000	-109.708977	689.278320	1.000000
0.000000	199.436249	-459.416901	1.000000
0.000000	6724.132324	2587.447266	1.000000
0.000000	-26019.287109	-23326.707031	1.000000
0.000000	-586712.625000	317538.593750	1.000000
0.000000	-108536.234375	248971.203125	1.000000
0.000000	37901.664062	-56191.003906	1.000000
0.000000	678.992432	-1814.454224	1.000000
0.000000	179.842667	274.861237	1.000000
0.000000	-247.924957	-306.317810	1.000000
0.000000	-420.827026	797.391968	1.000000
0.000000	4112436.000000	2116301.500000	1.000000
0.000000	287.126129	234.907181	1.000000
0.000000	-45322.972656	76074.343750	1.000000
0.000000	814.150696	1745.725586	1.000000
0.000000	4948.914551	12533.088867	1.000000
0.000000	607.294861	1487.171875	1.000000
0.000000	-44183.300781	2455.160889	1.000000
0.000000	245612.828125	-842228.687500	1.000000
0.000000	-335.410736	-192.899765	1.000000
0.000000	565.103821	-120.822289	1.000000
0.000000	-32934.402344	-140119.515625	1.000000
0.000000	-14377.442383	-13451.562500	1.000000
0.000000	-502.518066	-88.290932	1.000000
0.000000	-323748.906250	730136.875000	1.000000
0.000000	-31258.285156	-19610.117188	1.000000
0.000000	-532.678589	-1129.967896	1.000000
0.000000	180.258835	-471.696686	1.000000
0.000000	-3513.705566	-12810.552734	1.000000
0.000000	126.930069	-434.056061	1.000000
0.000000	3237.124023	2883.258789	1.000000
0.000000	85.527710	82.185326	1.000000
0.000000	799028.312500	-982912.687500	1.000000
0.000000	-498.845062	427.942749	1.000000
0.000000	-3165.883057	-2124.979736	1.000000
0.000000	-52.016155	3014.652588	1.000000
0.000000	-400.739807	383.431183	1.000000
0.000000	19791.740234	10643.265625	1.000000
0.000000	189.069244	565.920837	1.000000
0.000000	-3476.659668	-1950.053833	1.000000
0.000000	65137.371094	112771.476562	1.000000
0.000000	354.106171	292.502655	1.000000
0.000000	484892.843750	100919.453125	1.000000
0.000000	-326.562714	312.625977	1.000000
0.000000	78.741783	409.258423	1.000000
0.000000	339.693817	230.273621	1.000000
0.000000	-406.054688	-103.268661	1.000000
0.000000	-52377.324219	-2904.887939	1.000000
0.000000	11458.450195	1476.490601	1.000000
0.000000	-47.136635	-295.566132	1.000000
0.000000	70.780022	1655.490234	1.000000
0.000000	-7878.480957	-93251.890625	1.000000
0.000000	-635.224487	1018.379150	1.000000
0.000000	-118.616570	386.008667	1.000000
0.000000	437.174835	-109.535866	1.000000
0.000000	62.352734	453.863220	1.000000
0.000000	-42985.378906	-77649.882812	1.000000
0.000000	214.171219	-1160.283447	1.000000
0.000000	43.400528	420.279785	1.000000
0.000000	-137.121262	-91.233742	1.000000
0.000000	-469.364136	823.202026	1.000000
0.000000	471.024811	-14.462138	1.000000
0.000000	242.975525	1108.587036	1.000000
0.000000	-232.315704	258.778412	1.000000
0.000000	331.009491	581.006653	1.000000
0.000000	-11106.874023	546.803650	1.000000
0.000000	28171368.000000	16549397.000000	1.000000
0.000000	379.126556	-716.092651	1.000000
0.000000	-32732.632812	266704.687500	1.000000
0.000000	-337.381470	2.513204	1.000000
0.000000	1572.487793	2615.215332	1.000000
0.000000	4437.908691	10704.469727	1.000000
0.000000	-48416.703125	-126250.796875	1.000000
0.000000	-38.638279	-565.824097	1.000000
0.000000	1929694.125000	165296.234375	1.000000
0.000000	-180011.796875	-177937.812500	1.000000
0.000000	-70293.007812	13677.846680	1.000000
0.000000	328.127777	-203.312012	1.000000
0.000000	-131143.187500	15063.005859	1.000000
0.000000	-1165.653198	282.286865	1.000000
0.000000	-1392.734497	919.273926	1.000000
0.000000	-1213.830322	1270.703003	1.000000
0.000000	49284.636719	57654.187500	1.000000
0.000000	83794.007812	3619.513428	1.000000
0.000000	1157.420532	-370.895874	1.000000
0.000000	-447.285126	-321.927765	1.000000
0.000000	-1589278.625000	-1200867.375000	1.000000
0.000000	-370.817139	170.522293	1.000000
0.000000	2590553.750000	19458.765625	1.000000
0.000000	171.302917	-280.080841	1.000000
0.000000	-10509.015625	13278.681641	1.000000
0.000000	1826645.375000	135323.484375	1.000000
0.000000	-1553.082642	894.691895	1.000000
0.000000	368.377960	72.263710	1.000000
0.000000	433.164307	-85.348740	1.000000
0.000000	368.053650	900.925598	1.000000
0.000000	-10687.168945	7491.148926	1.000000
0.000000	-470.897095	180.663269	1.000000
0.000000	27337.845703	25999.191406	1.000000
0.000000	147.162140	362.604279	1.000000
0.000000	277.552460	598.066589	1.000000
0.000000	-142.518768	-9030.650391	1.000000
0.000000	-5700.833496	9775.351562	1.000000
0.000000	459214.968750	25509.222656	1.000000
0.000000	-1109.010498	1134.491211	1.000000
0.000000	2257.281738	-5201.037598	1.000000
0.000000	3489.019043	-2189.300049	1.000000
0.000000	194.945953	155.223709	1.000000
0.000000	308.755768	231.057983	1.000000
0.000000	923.526123	-828.938843	1.000000
0.000000	1219.012573	11631.879883	1.000000
0.000000	17944.195312	-23804.724609	1.000000
0.000000	418.208954	-23.874207	1.000000
0.000000	-7.784902	-307.096039	1.000000
0.000000	1065.421143	1229.393311	1.000000
0.000000	509.067200	-48.167942	1.000000
0.000000	122.510994	267.982147	1.000000
0.000000	-1342.824219	162.390198	1.000000
0.000000	75404.796875	-7398.139648	1.000000
0.000000	107.605202	496.332031	1.000000
0.000000	-113.060623	-720.712036	1.000000
0.000000	1172.508057	-9503.865234	1.000000
0.000000	325.377716	370.489990	1.000000
0.000000	310.688049	281.261017	1.000000
0.000000	-3818.593994	-4519.978027	1.000000
0.000000	607.796021	248.025925	1.000000
0.000000	-2105.260254	-3025.057861	1.000000
0.000000	46.004818	358.083435	1.000000
0.000000	22258.546875	39188.007812	1.000000
0.000000	444.457123	-23.588480	1.000000
0.000000	978.924011	-548.217590	1.000000
0.000000	1333.870361	747.574158	1.000000
0.000000	-323.642487	727.744629	1.000000
0.000000	200.668076	-387.789948	1.000000
0.000000	9631.588867	4763.762207	1.000000
0.000000	-92634.765625	-330272.718750	1.000000
0.000000	8078.444824	16952.800781	1.000000
0.000000	271.029297	-256.499634	1.000000
0.000000	3429.633545	-824.972534	1.000000
0.000000	-423288.937500	-82021.921875	1.000000
0.000000	-44105600.000000	-10494824.000000	1.000000
0.000000	6064.958008	-4502.020996	1.000000
0.000000	-323.340912	241.815338	1.000000
0.000000	1107.317383	-1650.392212	1.000000
0.000000	5780.817383	299.056763	1.000000
0.000000	-347.130981	-133.911484	1.000000
0.000000	-575.643127	1012.126831	1.000000
0.000000	-18765.486328	-21.079353	1.000000
0.000000	-720.293152	-159.546432	1.000000
0.000000	309.140045	-438.343231	1.000000
0.000000	14629.722656	-11003.127930	1.000000
