0.000000	31628.265625	455690.000000	1.000000
0.000000	214939.500000	175073.765625	1.000000
0.000000	1158.925537	-12593.850586	1.000000
0.000000	-705.827942	651.395081	1.000000
0.000000	16903.029297	27581.156250	1.000000
0.000000	-13874.204102	796.315125	1.000000
0.000000	-848.445496	-2373.739014	1.000000
0.000000	-595044.312500	1523932.125000	1.000000
0.000000	3479.133545	-2360.883789	1.000000
0.000000	9292453.000000	3386659.750000	1.000000
0.000000	78697400.000000	19959642.000000	1.000000
0.000000	-99.999840	-137.386841	1.000000
0.000000	-208.923248	-63.508400	1.000000
0.000000	99.249352	-62.098080	1.000000
0.000000	-73337376.000000	-31090268.000000	1.000000
0.000000	576.903870	-4607.476074	1.000000
0.000000	332.043945	-232.150070	1.000000
0.000000	-6076.341309	7649.716797	1.000000
0.000000	-987.766541	398.383087	1.000000
0.000000	-241.119247	116.563042	1.000000
0.000000	882.804993	7832.116211	1.000000
0.000000	10082.968750	84952.882812	1.000000
0.000000	-12.548692	644.141724	1.000000
0.000000	99.011139	214.371338	1.000000
0.000000	-207231.578125	-53208.613281	1.000000
0.000000	234.099457	-73.090240	1.000000
0.000000	10391.315430	35560.988281	1.000000
0.000000	-3750.645264	11615.494141	1.000000
0.000000	251.035446	-92.403236	1.000000
0.000000	-61653.164062	-273296.843750	1.000000
0.000000	5280.481445	-9047.917969	1.000000
0.000000	4705.329102	862.019409	1.000000
0.000000	-98.140869	392.452362	1.000000
0.000000	-405.087280	-330.296906	1.000000
0.000000	-99.235031	79.439896	1.000000
0.000000	4698.714844	2706.238525	1.000000
0.000000	177.549255	-1.052280	1.000000
0.000000	-5599.980957	-1391.470581	1.000000
0.000000	-246335.140625	-73563.593750	1.000000
0.000000	-46877.292969	-6051.398926	1.000000
0.000000	327.273529	-25.329311	1.000000
0.000000	435.184082	160.692810	1.000000
0.000000	-0.221396	56.965908	1.000000
0.000000	-3.097383	24.687885	1.000000
0.103770	25.206490	56.407776	1.000000
0.000000	-492.217133	-440.499237	1.000000
0.000000	-4229.569336	3457.854004	1.000000
0.000000	-724.197021	280.550568	1.000000
0.000000	-72.247391	-80.355972	1.000000
0.620609	-77.138260	-43.834816	1.000000
0.000000	6859.403809	6299.349609	1.000000
0.000000	-769.010437	1846.743774	1.000000
0.000000	130.892273	1498.466309	1.000000
0.000000	-3290.276123	-11799.762695	1.000000
0.000000	129.812134	-110.177017	1.000000
0.000000	-20.499748	-84.123909	1.000000
0.000000	-53.564884	124.153244	1.000000
0.000000	29405522.000000	-21550876.000000	1.000000
0.000000	-406.130188	1553.218384	1.000000
0.000000	619.350464	381.843658	1.000000
0.000000	1807.869263	26400.744141	1.000000
0.000000	3193.471191	-1478.699707	1.000000
0.000000	6.536072	-93.605545	1.000000
0.000000	61.118984	-205.779205	1.000000
0.000000	5500.084473	-2754.638184	1.000000
0.000000	400980.312500	-1051564.750000	1.000000
0.000000	40366.578125	142668.000000	1.000000
0.000000	899154304.000000	-490293056.000000	1.000000
0.000000	5237.022461	-14729.732422	1.000000
0.000000	-11819835.000000	-661540.687500	1.000000
0.000000	10517.038086	-15276.633789	1.000000
0.000000	35.691311	-180.487335	1.000000
0.000000	-128.623047	-644.842957	1.000000
0.000000	-692.871948	928.651123	1.000000
0.000000	424568.937500	2537.961670	1.000000
0.000000	-9159.091797	10683.903320	1.000000
0.000000	10.194210	585.015686	1.000000
0.000000	49.251949	-95.442093	1.000000
0.000000	3403.212402	-13096.555664	1.000000
0.000000	-935690816.000000	516809408.000000	1.000000
0.000000	1333545.500000	80064.109375	1.000000
0.000000	370497.437500	-121702.078125	1.000000
0.000000	282709.500000	227335.656250	1.000000
0.000000	25074.806641	-23227.292969	1.000000
0.000000	2203343.750000	933904.437500	1.000000
0.000000	-52.880367	58.313374	1.000000
0.000000	275.806793	10.926407	1.000000
0.000000	-3287.938721	-520.435791	1.000000
0.000000	-1648.268677	1526.085571	1.000000
0.000000	9.107788	106.166496	1.000000
0.000000	61.906719	141.291443	1.000000
0.000000	-1024.928101	1151.825562	1.000000
0.000000	747.647034	-82.388306	1.000000
0.000000	190.926926	-374.283844	1.000000
0.000000	-4355021.000000	2416277.250000	1.000000
0.000000	936.757568	514.196472	1.000000
0.000000	68.927521	-88025.406250	1.000000
0.000000	1711789.125000	-2028472.500000	1.000000
0.000000	775.534790	-1704.514648	1.000000
0.000000	-424.795227	-5190.845215	1.000000
0.000000	691415.187500	-227254.093750	1.000000
0.000000	12310197.000000	-6573529.500000	1.000000
0.000000	-21898.935547	-21315.011719	1.000000
0.000000	170489.078125	-24410.699219	1.000000
0.000000	110.253586	11.660307	1.000000
0.000000	98.893448	22.916822	1.000000
0.000000	814.122253	-1739.030029	1.000000
0.000000	-17.581942	-91.546120	1.000000
0.000000	33.922501	-81.919022	1.000000
0.000000	-825.273438	877.794373	1.000000
0.000000	-16.137039	-3161.427979	1.000000
0.000000	-53663.257812	119833.890625	1.000000
0.103770	22.310375	60.962978	1.000000
0.000000	-156.771957	-24.664539	1.000000
0.000000	-326.723846	-1132.009155	1.000000
0.000000	-64787.371094	15651.175781	1.000000
0.000000	2374.143311	591.437805	1.000000
0.000000	55624.394531	149456.484375	1.000000
0.000000	-13038.842773	6666.323242	1.000000
0.000000	-41621.722656	-29904.570312	1.000000
0.000000	-8623.231445	13696.011719	1.000000
0.000000	121.978966	253.616577	1.000000
0.000000	-159.117844	31.398493	1.000000
0.000000	1405.786621	3321.199951	1.000000
0.000000	431.958893	-360.884125	1.000000
0.000000	2056.645264	279.635956	1.000000
0.000000	525.940186	-332.674622	1.000000
0.000000	14035.626953	-14035.753906	1.000000
0.000000	-122.758942	-26.189693	1.000000
0.000000	-1087.639160	1716.925903	1.000000
0.000000	81.554108	109.715378	1.000000
0.000000	-13544.409180	-2936.912354	1.000000
0.000000	-28532.503906	-61348.546875	1.000000
0.000000	1583.969482	7876.930664	1.000000
0.000000	-2658.843750	2014.281738	1.000000
0.000000	-100.477188	-64.421959	1.000000
0.000000	206.858383	368.122375	1.000000
0.000000	-3958.033447	-16201.032227	1.000000
0.000000	558.697327	-87.473930	1.000000
0.000000	-8566.654297	12915.691406	1.000000
0.000000	-961.000854	-2972.035156	1.000000
0.000000	965.991516	355.627594	1.000000
0.000000	75.053238	-207.752228	1.000000
0.000000	-5861.249512	-20545.162109	1.000000
0.000000	-9.554106	-105.108093	1.000000
0.000000	22574.375000	-24384.654297	1.000000
0.000000	-152.518265	-14.460728	1.000000
0.000000	-3300464.250000	1376390.750000	1.000000
0.000000	-17912.384766	-1056.206665	1.000000
0.000000	34.341141	378.636841	1.000000
0.033812	85.309479	-136.558640	1.000000
0.000000	6613.756348	2911.885742	1.000000
0.000000	-26340.380859	-23433.738281	1.000000
0.000000	-586712.625000	317324.531250	1.000000
0.000000	-108536.234375	249292.296875	1.000000
0.000000	38249.515625	-56191.003906	1.000000
0.000000	457.404266	-1553.565552	1.000000
0.000000	15.317516	-25.536293	1.000000
0.000000	-169.637451	-639.665161	1.000000
0.000000	-327.383728	467.936371	1.000000
0.000000	4112436.000000	2116301.500000	1.000000
0.000000	-45.888603	167.399826	1.000000
0.000000	-45189.183594	75753.250000	1.000000
0.000000	505.186218	1597.721436	1.000000
0.000000	4617.786621	12620.051758	1.000000
0.000000	641.160217	1828.333984	1.000000
0.000000	-43942.480469	2204.306396	1.000000
0.000000	245933.921875	-842228.687500	1.000000
0.000000	-25.591139	-46.957047	1.000000
0.000000	227.924988	-145.301956	1.000000
0.000000	-33068.191406	-139798.421875	1.000000
0.000000	-14263.721680	-13772.656250	1.000000
0.000000	-160.490585	-70.940163	1.000000
0.000000	-323320.781250	730136.875000	1.000000
0.000000	-31552.621094	-19784.042969	1.000000
0.000000	-223.068375	-983.636108	1.000000
0.033812	87.702576	-141.917084	1.000000
0.000000	-3841.488770	-12710.210938	1.000000
0.000000	27.885818	-106.225113	1.000000
0.000000	3135.109863	3209.369629	1.000000
0.000000	-76.854210	380.080780	1.000000
0.000000	799456.437500	-982912.687500	1.000000
0.000000	-161.057068	370.873352	1.000000
0.000000	-3493.666260	-2027.982788	1.000000
0.000000	19.957018	2680.179932	1.000000
0.000000	-159.083313	140.679825	1.000000
0.000000	19965.666016	10348.929688	1.000000
0.000000	-148.508911	623.617371	1.000000
0.000000	-3150.548828	-1843.022583	1.000000
0.000000	65030.339844	112450.382812	1.000000
0.000000	99.681015	63.599548	1.000000
0.000000	484892.843750	100598.359375	1.000000
0.000000	-78.843910	76.116127	1.000000
0.000000	80.358665	66.675545	1.000000
0.000000	280.952057	-107.135132	1.000000
0.000000	-64.327156	-81.525414	1.000000
0.000000	-52511.113281	-3215.947510	1.000000
0.000000	11277.834961	1185.499390	1.000000
0.000000	-139.161026	35.340240	1.000000
0.000000	-129.219742	1933.938721	1.000000
0.000000	-7861.757324	-92930.796875	1.000000
0.000000	-430.025482	1292.646729	1.000000
0.000000	104.332031	129.915207	1.000000
0.000000	107.156456	-11.388599	1.000000
0.000000	46.918602	110.833649	1.000000
0.000000	-42717.800781	-77863.945312	1.000000
0.000000	481.942047	-946.372803	1.000000
0.000000	-134.868744	127.825256	1.000000
0.000000	16.144794	-397.491547	1.000000
0.000000	-438.007324	482.039917	1.000000
0.000000	231.667831	230.531525	1.000000
0.000000	161.552338	775.786743	1.000000
0.620609	-72.094673	-43.919914	1.000000
0.000000	55.131851	378.094696	1.000000
0.000000	-10765.711914	571.889099	1.000000
0.000000	28171368.000000	16549397.000000	1.000000
0.000000	148.180191	-463.147736	1.000000
0.000000	-32866.421875	266918.750000	1.000000
0.000000	1.962160	13.969669	1.000000
0.000000	1287.349854	2804.192383	1.000000
0.000000	4772.381348	10624.196289	1.000000
0.000000	-48764.554688	-126250.796875	1.000000
0.000000	262.063080	-401.932465	1.000000
0.000000	1929694.125000	165082.171875	1.000000
0.000000	-180332.890625	-177937.812500	1.000000
0.000000	-70025.429688	13871.840820	1.000000
0.000000	124.326225	66.741104	1.000000
0.000000	-131036.156250	14735.222656	1.000000
0.000000	-860.222839	127.384224	1.000000
0.000000	-1177.835815	1185.851440	1.000000
0.000000	-1125.195068	939.681641	1.000000
0.000000	49204.363281	57333.093750	1.000000
0.000000	84061.585938	3825.214111	1.000000
0.000000	831.062683	-475.000488	1.000000
0.000000	-142.876160	-164.995285	1.000000
0.000000	-1589278.625000	-1200867.375000	1.000000
0.000000	-42.281975	72.894585	1.000000
0.000000	2590553.750000	19151.050781	1.000000
0.000000	53.880371	35.109943	1.000000
0.000000	-10308.332031	12997.724609	1.000000
0.000000	1826645.375000	135537.546875	1.000000
0.000000	-1592.383179	554.365967	1.000000
0.000000	35.629520	0.682051	1.000000
0.000000	150.026627	100.017456	1.000000
0.000000	641.485046	1107.212769	1.000000
0.000000	-10453.038086	7240.294434	1.000000
0.000000	-135.170181	112.839722	1.000000
0.000000	27324.466797	25651.339844	1.000000
0.000000	-102.853485	128.473434	1.000000
0.000000	262.083099	255.911865	1.000000
0.000000	190.669373	-9110.923828	1.000000
0.000000	-5359.671387	9768.662109	1.000000
0.000000	459000.906250	25763.421875	1.000000
0.000000	-787.916687	1015.753418	1.000000
0.000000	1981.543701	-5405.065918	1.000000
0.000000	3482.329590	-1846.465576	1.000000
0.000000	7.613853	-131.490997	1.000000
0.000000	15.863861	53.558044	1.000000
0.000000	1070.978760	-519.969727	1.000000
0.000000	1179.712036	11973.041992	1.000000
0.000000	18278.667969	-23737.830078	1.000000
0.000000	76.628738	1.024184	1.000000
0.000000	-20.750444	31.484015	1.000000
0.000000	1349.722900	1038.743896	1.000000
0.000000	166.650833	-39.414165	1.000000
0.000000	66.521317	-68.434402	1.000000
0.000000	-1668.935059	57.938492	1.000000
0.000000	75083.703125	-7434.931641	1.000000
0.000000	16.411377	166.220917	1.000000
0.000000	-455.520630	-720.712036	1.000000
0.000000	1194.248779	-9845.027344	1.000000
0.000000	118.280785	97.685730	1.000000
0.000000	49.449673	59.764980	1.000000
0.000000	-3975.796143	-4824.348145	1.000000
0.000000	269.978607	192.210800	1.000000
0.000000	-1830.331177	-2821.029541	1.000000
0.000000	-93.518158	51.878231	1.000000
0.000000	22205.031250	38840.156250	1.000000
0.000000	104.649788	-22.134670	1.000000
0.000000	636.507629	-554.070862	1.000000
0.000000	1037.862061	575.320740	1.000000
0.000000	-309.427399	385.669189	1.000000
0.000000	-15.378368	-122.041725	1.000000
0.000000	9457.663086	5058.098145	1.000000
0.000000	-92795.312500	-330058.656250	1.000000
0.000000	7737.282715	16939.421875	1.000000
0.000000	49.464905	4.814749	1.000000
0.000000	3317.585205	-1148.831665	1.000000
0.000000	-423503.000000	-81754.343750	1.000000
0.000000	-44105600.000000	-10494824.000000	1.000000
0.000000	5911.100586	-4806.391113	1.000000
0.000000	-193.354889	-75.027618	1.000000
0.000000	807.128174	-1815.119995	1.000000
0.000000	6048.395508	511.864990	1.000000
0.000000	-29.173056	-6.562623	1.000000
0.000000	-233.638000	1028.850464	1.000000
0.000000	-18819.001953	317.087402	1.000000
0.000000	-377.876770	-150.034866	1.000000
0.000000	265.662170	-100.008087	1.000000
0.000000	14315.318359	-11136.916992	1.000000
