0.000000	31415.433594	455890.312500	1.000000
0.000000	215039.656250	175374.234375	1.000000
0.000000	1206.656250	-12913.098633	1.000000
0.000000	-385.406189	646.700256	1.000000
0.000000	16877.990234	27255.648438	1.000000
0.000000	-13561.215820	723.936584	1.000000
0.000000	-560.887512	-2514.583740	1.000000
0.000000	-595444.937500	1523932.125000	1.000000
0.000000	3643.452393	-2085.454102	1.000000
0.000000	9292453.000000	3386659.750000	1.000000
0.000000	78697400.000000	19959642.000000	1.000000
0.000000	-409.275818	-221.306824	1.000000
0.000000	-360.692200	218.790588	1.000000
0.000000	87.463387	-382.373383	1.000000
0.000000	-73337376.000000	-31090268.000000	1.000000
0.000000	855.854675	-4450.981934	1.000000
0.000000	407.161133	-543.741577	1.000000
0.000000	-6242.225098	7925.146484	1.000000
0.000000	-986.984070	77.906982	1.000000
0.000000	-351.069611	417.618622	1.000000
0.000000	951.662415	8145.104492	1.000000
0.000000	10370.917969	85103.117188	1.000000
0.000000	-74.555656	958.694946	1.000000
0.000000	334.023041	-0.008128	1.000000
0.000000	-207031.265625	-53433.964844	1.000000
0.000000	553.575256	-48.002274	1.000000
0.000000	10385.055664	35235.480469	1.000000
0.000000	-4065.198486	11552.896484	1.000000
0.000000	531.159973	-248.114899	1.000000
0.000000	-61327.656250	-273296.843750	1.000000
0.000000	5089.558594	-8791.267578	1.000000
0.000000	5015.187500	941.048950	1.000000
0.000000	-393.714233	516.473938	1.000000
0.000000	-639.526428	-111.856522	1.000000
0.000000	-349.686859	-120.496231	1.000000
0.000000	4989.793945	2839.258545	1.000000
0.000000	-120.515800	-118.843681	1.000000
0.000000	-5847.241699	-1594.130493	1.000000
0.000000	-246234.984375	-73864.062500	1.000000
0.000000	-46626.902344	-6245.451660	1.000000
0.000000	574.388000	178.734177	1.000000
0.000000	620.319519	-100.879456	1.000000
0.000000	-3.099202	377.438110	1.000000
0.000000	-143.275528	-260.768616	1.000000
0.000000	65.117599	373.475555	1.000000
0.000000	-613.108826	-143.710220	1.000000
0.000000	-3966.659180	3274.755859	1.000000
0.000000	-906.121460	544.462830	1.000000
0.000000	-142.829880	-393.009766	1.000000
0.000000	-390.791748	-109.760719	1.000000
0.000000	7178.651855	6264.920898	1.000000
0.000000	-943.892639	1578.356323	1.000000
0.000000	-51.272430	1234.773682	1.000000
0.000000	-3476.504150	-11536.852539	1.000000
0.000000	427.571777	7.969232	1.000000
0.000000	-13.170050	-402.846558	1.000000
0.000000	266.748749	113.051941	1.000000
0.000000	29405522.000000	-21550876.000000	1.000000
0.000000	-664.345520	1742.576294	1.000000
0.000000	408.378571	623.130310	1.000000
0.000000	1642.767944	26125.314453	1.000000
0.000000	3315.536621	-1775.256104	1.000000
0.000000	-161.499329	-367.841919	1.000000
0.000000	234.045013	-475.554169	1.000000
0.000000	5302.901855	-3006.593750	1.000000
0.000000	401180.625000	-1051564.750000	1.000000
0.000000	40091.148438	142467.687500	1.000000
0.000000	899154304.000000	-490293056.000000	1.000000
0.000000	5030.450195	-14973.863281	1.000000
0.000000	-11819835.000000	-661140.062500	1.000000
0.000000	10679.791992	-15001.204102	1.000000
0.000000	-58.988064	-486.653107	1.000000
0.000000	-370.550598	-854.936340	1.000000
0.000000	-372.535400	917.696533	1.000000
0.000000	424168.312500	2458.149658	1.000000
0.000000	-9472.080078	10608.786133	1.000000
0.000000	-300.905670	507.942322	1.000000
0.000000	21.180813	-414.690155	1.000000
0.000000	3434.511230	-13415.803711	1.000000
0.000000	-935690816.000000	516809408.000000	1.000000
0.000000	1333545.500000	80364.578125	1.000000
0.000000	370898.062500	-121752.156250	1.000000
0.000000	282308.875000	227435.812500	1.000000
0.000000	24786.857422	-23077.058594	1.000000
0.000000	2203343.750000	933503.812500	1.000000
0.000000	-218.822800	327.566040	1.000000
0.000000	-35.487789	-61.456669	1.000000
0.000000	-3087.626221	-270.045166	1.000000
0.000000	-1685.827271	1844.551147	1.000000
0.000000	156.895325	390.590820	1.000000
0.000000	-20.431627	-168.459656	1.000000
0.000000	-1334.004028	1067.318726	1.000000
0.000000	1018.381897	-254.029816	1.000000
0.000000	262.221008	-61.821812	1.000000
0.000000	-4355021.000000	2416277.250000	1.000000
0.000000	1213.875244	674.994202	1.000000
0.000000	-244.737930	-88075.484375	1.000000
0.000000	1711789.125000	-2028472.500000	1.000000
0.000000	835.393799	-1389.961426	1.000000
0.000000	-161.298218	-5372.378418	1.000000
0.000000	691415.187500	-227554.562500	1.000000
0.000000	12310197.000000	-6573529.500000	1.000000
0.000000	-21974.052734	-21628.000000	1.000000
0.000000	170789.546875	-24598.492188	1.000000
0.000000	-27.711308	294.756317	1.000000
0.000000	405.946259	-68.992348	1.000000
0.000000	503.872620	-1818.842041	1.000000
0.000000	-228.455078	-332.936554	1.000000
0.000000	150.569000	-380.431610	1.000000
0.000000	-917.213745	1184.709106	1.000000
0.000000	-326.850281	-3083.180908	1.000000
0.000000	-53988.765625	119833.890625	1.000000
0.000000	131.290375	358.764709	1.000000
0.000000	-466.865753	56.562199	1.000000
0.000000	-18.492001	-1044.372437	1.000000
0.000000	-64511.941406	15475.902344	1.000000
0.000000	2469.604736	897.383850	1.000000
0.000000	55874.785156	149656.796875	1.000000
0.000000	-13345.571289	6566.166992	1.000000
0.000000	-41872.113281	-29716.777344	1.000000
0.000000	-8360.321289	13877.544922	1.000000
0.000000	411.494141	390.941895	1.000000
0.000000	-395.188232	248.240646	1.000000
0.000000	1636.615479	3098.978271	1.000000
0.000000	741.426025	-444.412872	1.000000
0.000000	1850.822754	34.009850	1.000000
0.000000	588.537842	-646.948181	1.000000
0.000000	13966.769531	-14348.742188	1.000000
0.000000	-396.037781	-193.565262	1.000000
0.000000	-1208.922119	1420.369507	1.000000
0.000000	310.622406	333.893219	1.000000
0.000000	-13231.420898	-3007.334717	1.000000
0.000000	-28732.816406	-61598.937500	1.000000
0.000000	1759.242920	8146.100586	1.000000
0.000000	-2463.226074	1760.761230	1.000000
0.000000	192.783173	-193.725235	1.000000
0.000000	-0.868955	130.682709	1.000000
0.000000	-3754.591064	-15950.641602	1.000000
0.000000	866.599548	1.968570	1.000000
0.000000	-8885.902344	12940.730469	1.000000
0.000000	-864.365723	-3277.198730	1.000000
0.000000	931.171570	674.189148	1.000000
0.000000	388.237152	-275.757751	1.000000
0.000000	-5545.131348	-20495.083984	1.000000
0.000000	7.305682	-425.142120	1.000000
0.000000	22486.738281	-24697.642578	1.000000
0.000000	-368.628937	-251.162338	1.000000
0.000000	-3300464.250000	1376390.750000	1.000000
0.000000	-18025.060547	-1355.110474	1.000000
0.000000	-100.457268	669.324707	1.000000
0.000000	192.104706	-438.671051	1.000000
0.000000	6717.042480	2608.287109	1.000000
0.000000	-26039.912109	-23333.582031	1.000000
0.000000	-586712.625000	317524.843750	1.000000
0.000000	-108536.234375	248991.828125	1.000000
0.000000	37924.007812	-56191.003906	1.000000
0.000000	664.759033	-1797.696411	1.000000
0.000000	169.275040	255.565598	1.000000
0.000000	-242.896271	-327.735046	1.000000
0.000000	-414.824829	776.229858	1.000000
0.000000	4112436.000000	2116301.500000	1.000000
0.000000	265.561188	230.563309	1.000000
0.000000	-45314.378906	76053.718750	1.000000
0.000000	794.304504	1736.218750	1.000000
0.000000	4927.645020	12538.674805	1.000000
0.000000	609.470154	1509.085938	1.000000
0.000000	-44167.832031	2439.047607	1.000000
0.000000	245633.453125	-842228.687500	1.000000
0.000000	-315.510834	-183.527206	1.000000
0.000000	543.162903	-122.517540	1.000000
0.000000	-32942.996094	-140098.890625	1.000000
0.000000	-14370.137695	-13472.187500	1.000000
0.000000	-480.550293	-87.176430	1.000000
0.000000	-323721.406250	730136.875000	1.000000
0.000000	-31277.191406	-19621.289062	1.000000
0.000000	-512.778687	-1120.568481	1.000000
0.000000	174.317062	-450.521149	1.000000
0.000000	-3534.760254	-12804.107422	1.000000
0.000000	120.568680	-413.001373	1.000000
0.000000	3230.571289	2904.206055	1.000000
0.000000	75.114502	101.564903	1.000000
0.000000	799055.812500	-982912.687500	1.000000
0.000000	-477.145844	424.276978	1.000000
0.000000	-3186.937744	-2118.749268	1.000000
0.000000	-47.393658	2993.168213	1.000000
0.000000	-385.217346	367.841583	1.000000
0.000000	19802.912109	10624.359375	1.000000
0.000000	167.383453	569.626892	1.000000
0.000000	-3455.712402	-1943.178833	1.000000
0.000000	65130.496094	112750.851562	1.000000
0.000000	337.885468	277.638153	1.000000
0.000000	484892.843750	100898.828125	1.000000
0.000000	-310.650848	297.439209	1.000000
0.000000	79.020409	387.263794	1.000000
0.000000	335.920624	208.601257	1.000000
0.000000	-384.100342	-101.868820	1.000000
0.000000	-52385.917969	-2924.868408	1.000000
0.000000	11446.848633	1457.799194	1.000000
0.000000	-53.115334	-274.390594	1.000000
0.000000	57.933041	1673.375977	1.000000
0.000000	-7877.406738	-93231.265625	1.000000
0.000000	-622.038452	1035.996338	1.000000
0.000000	-104.081047	369.492554	1.000000
0.000000	416.147003	-103.067055	1.000000
0.000000	61.147594	431.895447	1.000000
0.000000	-42968.191406	-77663.632812	1.000000
0.000000	231.365433	-1146.533447	1.000000
0.000000	31.950026	401.494385	1.000000
0.000000	-127.278481	-110.908730	1.000000
0.000000	-467.349976	801.287964	1.000000
0.000000	455.650055	1.273907	1.000000
0.000000	237.745422	1087.210083	1.000000
0.000000	-222.023346	239.335068	1.000000
0.000000	313.284882	567.981750	1.000000
0.000000	-11084.959961	548.414978	1.000000
0.000000	28171368.000000	16549397.000000	1.000000
0.000000	364.288910	-699.845093	1.000000
0.000000	-32741.226562	266718.437500	1.000000
0.000000	-315.386841	3.072238	1.000000
0.000000	1554.172363	2627.354004	1.000000
0.000000	4459.393066	10699.313477	1.000000
0.000000	-48439.046875	-126250.796875	1.000000
0.000000	-19.324160	-555.296753	1.000000
0.000000	1929694.125000	165282.484375	1.000000
0.000000	-180032.421875	-177937.812500	1.000000
0.000000	-70275.820312	13690.307617	1.000000
0.000000	314.901459	-185.735107	1.000000
0.000000	-131136.312500	15041.951172	1.000000
0.000000	-1146.048706	272.336914	1.000000
0.000000	-1378.930786	936.380859	1.000000
0.000000	-1208.136963	1249.433472	1.000000
0.000000	49279.480469	57633.562500	1.000000
0.000000	83811.195312	3632.726318	1.000000
0.000000	1136.473267	-377.582886	1.000000
0.000000	-427.734344	-311.843536	1.000000
0.000000	-1589278.625000	-1200867.375000	1.000000
0.000000	-349.587891	164.741653	1.000000
0.000000	2590553.750000	19439.000000	1.000000
0.000000	163.662537	-259.455841	1.000000
0.000000	-10496.125000	13260.634766	1.000000
0.000000	1826645.375000	135337.234375	1.000000
0.000000	-1555.607056	872.831543	1.000000
0.000000	346.933868	67.355873	1.000000
0.000000	414.862305	-73.136215	1.000000
0.000000	385.617126	914.165344	1.000000
0.000000	-10672.129883	7475.035645	1.000000
0.000000	-449.332153	176.305969	1.000000
0.000000	27336.986328	25976.847656	1.000000
0.000000	131.102570	347.565216	1.000000
0.000000	276.558807	576.098816	1.000000
0.000000	-121.116035	-9035.806641	1.000000
0.000000	-5678.919434	9774.921875	1.000000
0.000000	459201.218750	25525.550781	1.000000
0.000000	-1088.385498	1126.864258	1.000000
0.000000	2239.557129	-5214.143066	1.000000
0.000000	3488.589355	-2167.278564	1.000000
0.000000	182.914703	136.807571	1.000000
0.000000	289.943512	219.657837	1.000000
0.000000	933.006104	-809.092651	1.000000
0.000000	1216.488159	11653.793945	1.000000
0.000000	17965.679688	-23800.427734	1.000000
0.000000	396.268036	-22.274628	1.000000
0.000000	-9.017280	-285.128265	1.000000
0.000000	1083.682861	1217.147217	1.000000
0.000000	487.072571	-47.605656	1.000000
0.000000	118.982857	246.269485	1.000000
0.000000	-1363.771484	155.683044	1.000000
0.000000	75384.171875	-7400.502930	1.000000
0.000000	101.747353	475.129639	1.000000
0.000000	-135.061966	-720.712036	1.000000
0.000000	1173.904541	-9525.779297	1.000000
0.000000	312.070831	352.966797	1.000000
0.000000	293.903381	267.027618	1.000000
0.000000	-3828.691650	-4539.528809	1.000000
0.000000	586.096802	244.440720	1.000000
0.000000	-2087.643066	-3011.952393	1.000000
0.000000	36.732967	338.129822	1.000000
0.000000	22255.109375	39165.664062	1.000000
0.000000	422.462494	-23.660654	1.000000
0.000000	956.929382	-548.593567	1.000000
0.000000	1314.856689	736.509705	1.000000
0.000000	-322.729401	705.776855	1.000000
0.000000	186.790512	-370.723297	1.000000
0.000000	9620.416992	4782.668457	1.000000
0.000000	-92645.078125	-330258.968750	1.000000
0.000000	8056.530762	16951.941406	1.000000
0.000000	256.836182	-239.688126	1.000000
0.000000	3422.436279	-845.785522	1.000000
0.000000	-423302.687500	-82004.734375	1.000000
0.000000	-44105600.000000	-10494824.000000	1.000000
0.000000	6055.075195	-4521.571777	1.000000
0.000000	-314.988861	221.458893	1.000000
0.000000	1088.035156	-1660.973267	1.000000
0.000000	5798.004883	312.726196	1.000000
0.000000	-326.707397	-125.733070	1.000000
0.000000	-553.675354	1013.201050	1.000000
0.000000	-18768.923828	0.641924	1.000000
0.000000	-698.298523	-158.935471	1.000000
0.000000	306.629059	-416.482880	1.000000
0.000000	14609.527344	-11011.721680	1.000000
