0.000000	31586.097656	455729.687500	1.000000
0.000000	214959.343750	175133.296875	1.000000
0.000000	1168.382324	-12657.102539	1.000000
0.000000	-642.343445	650.464905	1.000000
0.000000	16898.068359	27516.664062	1.000000
0.000000	-13812.192383	781.974915	1.000000
0.000000	-791.472229	-2401.644287	1.000000
0.000000	-595123.687500	1523932.125000	1.000000
0.000000	3511.689697	-2306.313477	1.000000
0.000000	9292453.000000	3386659.750000	1.000000
0.000000	78697400.000000	19959642.000000	1.000000
0.000000	-161.279602	-154.013733	1.000000
0.000000	-238.979553	-7.576558	1.000000
0.000000	96.914223	-125.553513	1.000000
0.000000	-73337376.000000	-31090268.000000	1.000000
0.000000	632.171814	-4576.470215	1.000000
0.000000	346.926758	-293.882996	1.000000
0.000000	-6109.207520	7704.287109	1.000000
0.000000	-987.611511	334.898590	1.000000
0.000000	-262.914093	176.210556	1.000000
0.000000	896.447571	7894.127930	1.000000
0.000000	10140.019531	84982.648438	1.000000
0.000000	-24.832342	706.463501	1.000000
0.000000	145.752472	171.389465	1.000000
0.000000	-207191.890625	-53253.261719	1.000000
0.000000	297.396881	-68.119614	1.000000
0.000000	10390.075195	35496.496094	1.000000
0.000000	-3812.967041	11603.091797	1.000000
0.000000	306.535950	-123.254066	1.000000
0.000000	-61588.671875	-273296.843750	1.000000
0.000000	5242.654297	-8997.068359	1.000000
0.000000	4766.720703	877.677368	1.000000
0.000000	-156.698242	417.024506	1.000000
0.000000	-451.557312	-287.004974	1.000000
0.000000	-148.863785	39.826954	1.000000
0.000000	4756.385742	2732.593506	1.000000
0.000000	118.499504	-24.375326	1.000000
0.000000	-5648.970215	-1431.623169	1.000000
0.000000	-246315.296875	-73623.125000	1.000000
0.000000	-46827.683594	-6089.846191	1.000000
0.000000	376.224030	15.102765	1.000000
0.000000	471.887268	108.870689	1.000000
0.000000	-0.791611	120.460632	1.000000
0.000000	-28.545376	-32.646961	1.000000
0.000000	33.176228	118.461449	1.000000
0.000000	-516.169128	-381.704376	1.000000
0.000000	-4177.479492	3421.577148	1.000000
0.000000	-760.241333	332.834198	1.000000
0.000000	-86.281723	-142.346924	1.000000
0.000000	-139.308228	-56.898777	1.000000
0.000000	6922.655762	6292.528320	1.000000
0.000000	-803.659485	1793.568726	1.000000
0.000000	94.800285	1446.221436	1.000000
0.000000	-3327.173096	-11747.672852	1.000000
0.000000	188.451965	-85.827728	1.000000
0.000000	-19.522894	-145.909302	1.000000
0.000000	9.896612	121.953766	1.000000
0.000000	29405522.000000	-21550876.000000	1.000000
0.000000	-457.289856	1590.735474	1.000000
0.000000	577.570068	429.631439	1.000000
0.000000	1775.158081	26346.173828	1.000000
0.000000	3217.655762	-1537.455811	1.000000
0.000000	-26.280647	-149.297150	1.000000
0.000000	95.380463	-259.243744	1.000000
0.000000	5461.017090	-2804.557617	1.000000
0.000000	401020.000000	-1051564.750000	1.000000
0.000000	40312.007812	142628.312500	1.000000
0.000000	899154304.000000	-490293056.000000	1.000000
0.000000	5196.094727	-14778.101562	1.000000
0.000000	-11819835.000000	-661461.312500	1.000000
0.000000	10549.284180	-15222.063477	1.000000
0.000000	16.932766	-241.161926	1.000000
0.000000	-176.546478	-686.468323	1.000000
0.000000	-629.387451	926.480713	1.000000
0.000000	424489.562500	2522.148682	1.000000
0.000000	-9221.103516	10669.020508	1.000000
0.000000	-51.444458	569.745300	1.000000
0.000000	43.690273	-158.694046	1.000000
0.000000	3409.413574	-13159.807617	1.000000
0.000000	-935690816.000000	516809408.000000	1.000000
0.000000	1333545.500000	80123.640625	1.000000
0.000000	370576.812500	-121712.000000	1.000000
0.000000	282630.125000	227355.500000	1.000000
0.000000	25017.755859	-23197.527344	1.000000
0.000000	2203343.750000	933825.062500	1.000000
0.000000	-83.452324	109.108910	1.000000
0.000000	213.833832	-2.921218	1.000000
0.000000	-3248.251221	-470.826416	1.000000
0.000000	-1655.710083	1589.182495	1.000000
0.000000	38.387337	162.515884	1.000000
0.000000	45.594730	79.919220	1.000000
0.000000	-1086.164673	1135.082397	1.000000
0.000000	801.287170	-116.388168	1.000000
0.000000	205.053970	-312.388397	1.000000
0.000000	-4355021.000000	2416277.250000	1.000000
0.000000	991.715454	546.054993	1.000000
0.000000	6.783630	-88035.328125	1.000000
0.000000	1711789.125000	-2028472.500000	1.000000
0.000000	787.394531	-1642.192871	1.000000
0.000000	-372.589111	-5226.812012	1.000000
0.000000	691415.187500	-227313.625000	1.000000
0.000000	12310197.000000	-6573529.500000	1.000000
0.000000	-21913.818359	-21377.023438	1.000000
0.000000	170548.609375	-24447.906250	1.000000
0.000000	83.170380	66.569885	1.000000
0.000000	159.404922	6.860167	1.000000
0.000000	752.653137	-1754.843018	1.000000
0.000000	-59.360168	-139.370895	1.000000
0.000000	57.031555	-141.062698	1.000000
0.000000	-843.489380	938.643372	1.000000
0.000000	-77.699905	-3145.925049	1.000000
0.000000	-53727.750000	119833.890625	1.000000
0.000000	44.683617	121.315475	1.000000
0.000000	-218.202316	-8.577827	1.000000
0.000000	-265.642303	-1114.645874	1.000000
0.000000	-64732.800781	15616.449219	1.000000
0.000000	2393.056885	652.054260	1.000000
0.000000	55674.003906	149496.171875	1.000000
0.000000	-13099.614258	6646.479492	1.000000
0.000000	-41671.332031	-29867.363281	1.000000
0.000000	-8571.141602	13731.978516	1.000000
0.000000	179.340820	280.825928	1.000000
0.000000	-205.878555	74.360954	1.000000
0.000000	1451.520264	3277.171631	1.000000
0.000000	493.272980	-377.433502	1.000000
0.000000	2015.839844	230.966736	1.000000
0.000000	538.342529	-394.957642	1.000000
0.000000	14021.984375	-14097.765625	1.000000
0.000000	-176.903854	-59.351852	1.000000
0.000000	-1111.668701	1658.169800	1.000000
0.000000	126.938934	154.131271	1.000000
0.000000	-13482.397461	-2950.864990	1.000000
0.000000	-28572.191406	-61398.156250	1.000000
0.000000	1618.696045	7930.260742	1.000000
0.000000	-2620.086426	1964.052246	1.000000
0.000000	-42.372074	-90.040550	1.000000
0.000000	164.864822	320.489624	1.000000
0.000000	-3917.725830	-16151.422852	1.000000
0.000000	619.701355	-69.752144	1.000000
0.000000	-8629.906250	12920.652344	1.000000
0.000000	-941.854736	-3032.496582	1.000000
0.000000	959.092712	418.763275	1.000000
0.000000	137.103714	-221.220398	1.000000
0.000000	-5798.617676	-20535.240234	1.000000
0.000000	-6.213709	-168.518570	1.000000
0.000000	22557.011719	-24446.666016	1.000000
0.000000	-195.325729	-61.361031	1.000000
0.000000	-3300464.250000	1376390.750000	1.000000
0.000000	-17934.708984	-1115.427856	1.000000
0.000000	7.632500	436.230225	1.000000
0.000000	106.449089	-196.341125	1.000000
0.000000	6634.220215	2851.734375	1.000000
0.000000	-26280.849609	-23413.894531	1.000000
0.000000	-586712.625000	317364.218750	1.000000
0.000000	-108536.234375	249232.765625	1.000000
0.000000	38185.023438	-56191.003906	1.000000
0.000000	498.487030	-1601.934692	1.000000
0.000000	45.823051	30.157286	1.000000
0.000000	-184.152069	-577.885986	1.000000
0.000000	-344.708252	529.017944	1.000000
0.000000	4112436.000000	2116301.500000	1.000000
0.000000	16.360472	179.937820	1.000000
0.000000	-45213.988281	75812.781250	1.000000
0.000000	562.464905	1625.161621	1.000000
0.000000	4679.178223	12603.928711	1.000000
0.000000	634.881531	1765.082031	1.000000
0.000000	-43987.128906	2250.815186	1.000000
0.000000	245874.390625	-842228.687500	1.000000
0.000000	-83.036209	-74.019348	1.000000
0.000000	286.853119	-142.349518	1.000000
0.000000	-33043.386719	-139857.953125	1.000000
0.000000	-14284.805664	-13713.125000	1.000000
0.000000	-223.916946	-74.157021	1.000000
0.000000	-323400.156250	730136.875000	1.000000
0.000000	-31498.050781	-19751.796875	1.000000
0.000000	-280.467987	-1010.766235	1.000000
0.000000	104.893311	-203.135605	1.000000
0.000000	-3780.717285	-12728.814453	1.000000
0.000000	46.251404	-167.015976	1.000000
0.000000	3154.023438	3148.908203	1.000000
0.000000	-46.800678	324.153961	1.000000
0.000000	799377.062500	-982912.687500	1.000000
0.000000	-223.669525	381.454102	1.000000
0.000000	-3432.894775	-2045.966187	1.000000
0.000000	6.612387	2742.191650	1.000000
0.000000	-203.886780	185.696457	1.000000
0.000000	19933.419922	10403.500000	1.000000
0.000000	-85.922348	612.920349	1.000000
0.000000	-3211.010254	-1862.866333	1.000000
0.000000	65050.183594	112509.914062	1.000000
0.000000	146.505722	106.494171	1.000000
0.000000	484892.843750	100657.890625	1.000000
0.000000	-124.771339	119.970039	1.000000
0.000000	79.554451	130.170059	1.000000
0.000000	291.842865	-44.579304	1.000000
0.000000	-127.633644	-85.516129	1.000000
0.000000	-52486.308594	-3158.276611	1.000000
0.000000	11311.321289	1239.449585	1.000000
0.000000	-121.898071	-25.769773	1.000000
0.000000	-92.138985	1882.313965	1.000000
0.000000	-7864.857910	-92990.328125	1.000000
0.000000	-468.046417	1241.797119	1.000000
0.000000	62.377419	177.586716	1.000000
0.155648	170.491043	-27.491467	1.000000
0.000000	50.397072	174.240631	1.000000
0.000000	-42767.410156	-77824.257812	1.000000
0.000000	432.293915	-985.982788	1.000000
0.000000	-101.816429	182.046753	1.000000
0.000000	-12.269445	-340.712067	1.000000
0.000000	-443.820923	545.291870	1.000000
0.000000	276.044952	185.107941	1.000000
0.000000	176.648315	837.488403	1.000000
0.000000	-101.781342	12.202062	1.000000
0.000000	106.281830	415.728058	1.000000
0.000000	-10828.963867	567.238220	1.000000
0.000000	28171368.000000	16549397.000000	1.000000
0.000000	190.987656	-510.044098	1.000000
0.000000	-32841.617188	266879.062500	1.000000
0.000000	-58.459774	9.601725	1.000000
0.000000	1340.214844	2769.155762	1.000000
0.000000	4710.369629	10639.079102	1.000000
0.000000	-48700.062500	-126250.796875	1.000000
0.000000	206.312775	-432.318207	1.000000
0.000000	1929694.125000	165121.859375	1.000000
0.000000	-180273.359375	-177937.812500	1.000000
0.000000	-70075.039062	13835.874023	1.000000
0.000000	162.502197	16.001898	1.000000
0.000000	-131056.000000	14795.994141	1.000000
0.000000	-916.886047	156.103394	1.000000
0.000000	-1217.678345	1136.397095	1.000000
0.000000	-1141.628174	1000.995728	1.000000
0.000000	49219.246094	57392.625000	1.000000
0.000000	84011.976562	3787.076904	1.000000
0.000000	891.601624	-455.699341	1.000000
0.000000	-199.326202	-194.082657	1.000000
0.000000	-1589278.625000	-1200867.375000	1.000000
0.000000	-101.595871	97.195389	1.000000
0.000000	2590553.750000	19208.101562	1.000000
0.000000	74.385452	-18.455141	1.000000
0.000000	-10345.539062	13049.814453	1.000000
0.000000	1826645.375000	135497.859375	1.000000
0.000000	-1585.096802	617.462891	1.000000
0.000000	97.415184	10.125302	1.000000
0.000000	202.852859	64.767670	1.000000
0.000000	590.790466	1068.920532	1.000000
0.000000	-10496.446289	7286.803223	1.000000
0.000000	-197.414444	125.406784	1.000000
0.000000	27326.947266	25715.832031	1.000000
0.000000	-56.499725	171.881638	1.000000
0.000000	264.951141	319.357574	1.000000
0.000000	128.890198	-9096.041016	1.000000
0.000000	-5422.923340	9769.902344	1.000000
0.000000	459040.593750	25716.292969	1.000000
0.000000	-847.447937	1037.767578	1.000000
0.000000	2032.548340	-5367.238770	1.000000
0.000000	3483.569824	-1910.027588	1.000000
0.000000	42.346954	-78.335327	1.000000
0.000000	70.171837	86.471169	1.000000
0.000000	1043.693604	-577.253052	1.000000
0.000000	1186.998413	11909.790039	1.000000
0.000000	18216.656250	-23750.232422	1.000000
0.000000	139.958206	-3.591867	1.000000
0.000000	-23.411594	-28.517349	1.000000
0.000000	1297.012939	1074.090576	1.000000
0.000000	230.135330	-41.037128	1.000000
0.000000	77.767799	-7.393521	1.000000
0.000000	-1608.473633	77.305946	1.000000
0.000000	75143.234375	-7428.110352	1.000000
0.000000	33.317024	227.438110	1.000000
0.000000	-392.036133	-720.712036	1.000000
0.000000	1190.218018	-9781.775391	1.000000
0.000000	156.672363	148.264038	1.000000
0.000000	97.885185	100.828865	1.000000
0.000000	-3946.650635	-4767.917480	1.000000
0.000000	332.610443	202.559006	1.000000
0.000000	-1881.335815	-2858.856689	1.000000
0.000000	-71.580482	105.039223	1.000000
0.000000	22214.953125	38904.648438	1.000000
0.155648	165.510406	-24.511864	1.000000
0.000000	699.992126	-552.985657	1.000000
0.000000	1092.742432	607.256775	1.000000
0.000000	-312.062897	449.114929	1.000000
0.000000	24.675795	-171.320496	1.000000
0.000000	9489.909180	5003.527832	1.000000
0.000000	-92765.546875	-330098.343750	1.000000
0.000000	7800.534668	16941.902344	1.000000
0.000000	91.034790	-43.315868	1.000000
0.000000	3338.359131	-1088.835327	1.000000
0.000000	-423463.312500	-81803.953125	1.000000
0.000000	-44105600.000000	-10494824.000000	1.000000
0.000000	5939.625977	-4749.960449	1.000000
0.000000	-217.461945	-16.281204	1.000000
0.000000	862.783691	-1784.579224	1.000000
0.000000	5998.786133	472.410034	1.000000
0.000000	-88.122826	-30.172653	1.000000
0.000000	-297.051819	1025.749878	1.000000
0.000000	-18809.080078	254.378555	1.000000
0.000000	-441.361267	-151.798325	1.000000
0.000000	277.296173	-161.143372	1.000000
0.000000	14373.609375	-11112.112305	1.000000
