0.000000	31609.339844	455707.812500	1.000000
0.000000	214948.406250	175100.484375	1.000000
0.000000	1163.169922	-12622.239258	1.000000
0.000000	-677.334900	650.977600	1.000000
0.000000	16900.802734	27552.210938	1.000000
0.000000	-13846.372070	789.878967	1.000000
0.000000	-822.874817	-2386.263428	1.000000
0.000000	-595079.937500	1523932.125000	1.000000
0.000000	3493.745361	-2336.391602	1.000000
0.000000	9292453.000000	3386659.750000	1.000000
0.000000	78697400.000000	19959642.000000	1.000000
0.000000	-127.505714	-144.849304	1.000000
0.000000	-222.413086	-38.405212	1.000000
0.000000	98.201302	-90.578079	1.000000
0.000000	-73337376.000000	-31090268.000000	1.000000
0.000000	601.709167	-4593.560059	1.000000
0.000000	338.723633	-259.852844	1.000000
0.000000	-6091.092285	7674.208984	1.000000
0.000000	-987.696960	369.890045	1.000000
0.000000	-250.903946	143.333969	1.000000
0.000000	888.928040	7859.948242	1.000000
0.000000	10108.574219	84966.242188	1.000000
0.000000	-18.061827	672.112915	1.000000
0.000000	119.989532	195.080261	1.000000
0.000000	-207213.765625	-53228.652344	1.000000
0.000000	262.512238	-70.859329	1.000000
0.000000	10390.758789	35532.042969	1.000000
0.000000	-3778.616455	11609.927734	1.000000
0.000000	275.945129	-106.249672	1.000000
0.000000	-61624.218750	-273296.843750	1.000000
0.000000	5263.503906	-9025.095703	1.000000
0.000000	4732.882812	869.046997	1.000000
0.000000	-124.420395	403.480804	1.000000
0.000000	-425.943909	-310.866669	1.000000
0.000000	-121.509354	61.661900	1.000000
0.000000	4724.598633	2718.067139	1.000000
0.000000	151.047943	-11.527344	1.000000
0.000000	-5621.968262	-1409.491821	1.000000
0.000000	-246326.234375	-73590.312500	1.000000
0.000000	-46855.027344	-6068.654785	1.000000
0.000000	349.243439	-7.182780	1.000000
0.000000	451.657166	137.435669	1.000000
0.000000	-0.477311	85.463837	1.000000
0.000000	-15.336838	1.360446	1.000000
0.122323	28.827719	83.734940	1.000000
0.000000	-502.967255	-414.110992	1.000000
0.000000	-4206.190430	3441.572266	1.000000
0.000000	-740.374390	304.016449	1.000000
0.000000	-78.580612	-108.206871	1.000000
0.000000	-105.057343	-49.699680	1.000000
0.000000	6887.792480	6296.288086	1.000000
0.000000	-784.561584	1822.877808	1.000000
0.000000	114.693932	1475.017822	1.000000
0.000000	-3306.836182	-11776.383789	1.000000
0.000000	156.130798	-99.248596	1.000000
0.000000	-19.793402	-112.611320	1.000000
0.000000	-25.082449	123.166077	1.000000
0.000000	29405522.000000	-21550876.000000	1.000000
0.000000	-429.091614	1570.056763	1.000000
0.000000	600.598633	403.291718	1.000000
0.000000	1793.187866	26376.251953	1.000000
0.000000	3204.325684	-1505.070557	1.000000
0.000000	-8.459727	-117.841156	1.000000
0.000000	76.496185	-229.775635	1.000000
0.000000	5482.550293	-2777.042969	1.000000
0.000000	400998.125000	-1051564.750000	1.000000
0.000000	40342.085938	142650.187500	1.000000
0.000000	899154304.000000	-490293056.000000	1.000000
0.000000	5218.653320	-14751.441406	1.000000
0.000000	-11819835.000000	-661505.062500	1.000000
0.000000	10531.510742	-15252.141602	1.000000
0.000000	27.272121	-207.719238	1.000000
0.000000	-150.131989	-663.525208	1.000000
0.000000	-664.378906	927.677002	1.000000
0.000000	424533.312500	2530.864502	1.000000
0.000000	-9186.923828	10677.223633	1.000000
0.000000	-17.470385	578.162048	1.000000
0.000000	46.755764	-123.830765	1.000000
0.000000	3405.995605	-13124.944336	1.000000
0.000000	-935690816.000000	516809408.000000	1.000000
0.000000	1333545.500000	80090.828125	1.000000
0.000000	370533.062500	-121706.531250	1.000000
0.000000	282673.875000	227344.562500	1.000000
0.000000	25049.201172	-23213.933594	1.000000
0.000000	2203343.750000	933868.812500	1.000000
0.106858	-69.475525	79.593742	1.000000
0.000000	247.992157	4.711349	1.000000
0.000000	-3270.126221	-498.170166	1.000000
0.000000	-1651.608521	1554.404663	1.000000
0.000000	22.248922	131.455093	1.000000
0.000000	54.585590	113.746429	1.000000
0.000000	-1052.412231	1144.310913	1.000000
0.000000	771.721741	-97.648087	1.000000
0.000000	197.267410	-346.503998	1.000000
0.000000	-4355021.000000	2416277.250000	1.000000
0.000000	961.423706	528.495178	1.000000
0.000000	41.036400	-88029.859375	1.000000
0.000000	1711789.125000	-2028472.500000	1.000000
0.000000	780.857666	-1676.543457	1.000000
0.000000	-401.364136	-5206.987793	1.000000
0.000000	691415.187500	-227280.812500	1.000000
0.000000	12310197.000000	-6573529.500000	1.000000
0.000000	-21905.615234	-21342.843750	1.000000
0.000000	170515.796875	-24427.398438	1.000000
0.000000	98.230804	34.977493	1.000000
0.000000	125.919502	17.037970	1.000000
0.000000	786.533752	-1746.127197	1.000000
0.000000	-36.334274	-113.012856	1.000000
0.000000	44.294281	-108.463821	1.000000
0.000000	-833.449097	905.104553	1.000000
0.000000	-43.767479	-3154.469971	1.000000
0.000000	-53692.203125	119833.890625	1.000000
0.122323	32.307156	88.574478	1.000000
0.000000	-184.343063	-17.444519	1.000000
0.000000	-299.309296	-1124.216187	1.000000
0.000000	-64762.878906	15635.589844	1.000000
0.000000	2382.632080	618.643616	1.000000
0.000000	55646.660156	149474.296875	1.000000
0.000000	-13066.118164	6657.416992	1.000000
0.000000	-41643.988281	-29887.871094	1.000000
0.000000	-8599.852539	13712.154297	1.000000
0.000000	147.724609	265.829590	1.000000
0.000000	-180.104935	50.680840	1.000000
0.000000	1426.312744	3301.439209	1.000000
0.000000	459.477814	-368.311798	1.000000
0.000000	2038.312988	257.787811	1.000000
0.000000	531.506592	-360.628418	1.000000
0.000000	14029.503906	-14063.585938	1.000000
0.000000	-147.060715	-41.073730	1.000000
0.000000	-1098.424072	1690.555054	1.000000
0.000000	101.923676	129.650070	1.000000
0.000000	-13516.577148	-2943.174561	1.000000
0.000000	-28550.316406	-61370.812500	1.000000
0.000000	1599.555420	7900.866211	1.000000
0.000000	-2641.448730	1991.737793	1.000000
0.000000	-74.397705	-75.920067	1.000000
0.000000	188.010880	346.743896	1.000000
0.000000	-3939.942627	-16178.766602	1.000000
0.000000	586.077087	-79.520058	1.000000
0.000000	-8595.042969	12917.917969	1.000000
0.000000	-952.407715	-2999.171387	1.000000
0.000000	962.895203	383.964081	1.000000
0.000000	102.902664	-213.796997	1.000000
0.000000	-5833.139160	-20540.708984	1.000000
0.000000	-8.054873	-133.569839	1.000000
0.000000	22566.582031	-24412.486328	1.000000
0.000000	-171.731064	-35.509972	1.000000
0.000000	-3300464.250000	1376390.750000	1.000000
0.000000	-17922.404297	-1082.786255	1.000000
0.000000	22.353798	404.485840	1.000000
0.000000	94.779930	-163.347046	1.000000
0.000000	6622.940918	2884.888672	1.000000
0.000000	-26313.662109	-23424.832031	1.000000
0.000000	-586712.625000	317342.343750	1.000000
0.000000	-108536.234375	249265.578125	1.000000
0.000000	38220.570312	-56191.003906	1.000000
0.000000	475.842987	-1575.274536	1.000000
0.000000	29.008484	-0.539987	1.000000
0.000000	-176.151886	-611.937500	1.000000
0.000000	-335.159302	495.350922	1.000000
0.000000	4112436.000000	2116301.500000	1.000000
0.000000	-17.950027	173.027115	1.000000
0.000000	-45200.316406	75779.968750	1.000000
0.000000	530.891418	1610.037109	1.000000
0.000000	4645.340332	12612.815430	1.000000
0.000000	638.342224	1799.945312	1.000000
0.000000	-43962.519531	2225.180420	1.000000
0.000000	245907.203125	-842228.687500	1.000000
0.000000	-51.373001	-59.103119	1.000000
0.000000	256.339844	-143.101486	1.000000
0.000000	-33057.058594	-139825.140625	1.000000
0.000000	-14273.184570	-13745.937500	1.000000
0.000000	-188.957535	-72.383949	1.000000
0.000000	-323356.406250	730136.875000	1.000000
0.000000	-31528.128906	-19769.570312	1.000000
0.000000	-248.830399	-995.812622	1.000000
0.000000	95.435150	-169.436569	1.000000
0.000000	-3814.213379	-12718.560547	1.000000
0.000000	36.128342	-133.509201	1.000000
0.000000	3143.598633	3182.233398	1.000000
0.000000	-63.364475	354.979767	1.000000
0.000000	799420.812500	-982912.687500	1.000000
0.000000	-189.158722	375.622192	1.000000
0.000000	-3466.390869	-2036.054077	1.000000
0.000000	13.967695	2708.011963	1.000000
0.000000	-179.191956	160.884140	1.000000
0.000000	19951.193359	10373.421875	1.000000
0.000000	-120.417130	618.816345	1.000000
0.000000	-3177.685059	-1851.928833	1.000000
0.000000	65039.246094	112477.101562	1.000000
0.000000	120.698547	82.851440	1.000000
0.000000	484892.843750	100625.078125	1.000000
0.000000	-99.457008	95.798592	1.000000
0.000000	79.997719	95.172935	1.000000
0.000000	285.840057	-79.059570	1.000000
0.000000	-92.706276	-83.289108	1.000000
0.000000	-52499.980469	-3190.063721	1.000000
0.000000	11292.864258	1209.713257	1.000000
0.000000	-131.411545	7.912805	1.000000
0.000000	-112.577370	1910.768555	1.000000
0.000000	-7863.148926	-92957.515625	1.000000
0.000000	-447.089996	1269.824463	1.000000
0.000000	85.501923	151.311081	1.000000
0.045077	134.732910	-18.954735	1.000000
0.000000	48.479805	139.291901	1.000000
0.000000	-42740.066406	-77846.132812	1.000000
0.000000	459.659027	-964.150513	1.000000
0.000000	-120.033134	152.160889	1.000000
0.000000	3.391979	-372.007843	1.000000
0.000000	-440.616577	510.428589	1.000000
0.000000	251.585129	210.144562	1.000000
0.000000	168.327698	803.479614	1.000000
0.000000	-85.401794	-18.729818	1.000000
0.000000	78.088928	394.985260	1.000000
0.000000	-10794.100586	569.801697	1.000000
0.000000	28171368.000000	16549397.000000	1.000000
0.000000	167.392990	-484.195709	1.000000
0.000000	-32855.289062	266900.937500	1.000000
0.000000	-23.470991	10.490931	1.000000
0.000000	1311.076660	2788.467285	1.000000
0.000000	4744.549316	10630.875977	1.000000
0.000000	-48735.609375	-126250.796875	1.000000
0.000000	237.042450	-415.570160	1.000000
0.000000	1929694.125000	165099.984375	1.000000
0.000000	-180306.171875	-177937.812500	1.000000
0.000000	-70047.695312	13855.698242	1.000000
0.000000	141.460327	43.968590	1.000000
0.000000	-131045.062500	14762.498047	1.000000
0.000000	-885.654358	140.273926	1.000000
0.000000	-1195.717896	1163.655396	1.000000
0.000000	-1132.570557	967.200562	1.000000
0.000000	49211.042969	57359.812500	1.000000
0.000000	84039.320312	3808.097412	1.000000
0.000000	858.233704	-466.337769	1.000000
0.000000	-168.212006	-178.050247	1.000000
0.000000	-1589278.625000	-1200867.375000	1.000000
0.106858	-68.194221	83.333809	1.000000
0.000000	2590553.750000	19176.656250	1.000000
0.092777	64.217880	9.469584	1.000000
0.000000	-10325.031250	13021.103516	1.000000
0.000000	1826645.375000	135519.734375	1.000000
0.000000	-1589.112915	582.685059	1.000000
0.092777	62.973980	5.957156	1.000000
0.000000	173.736038	84.196686	1.000000
0.000000	618.732361	1090.026489	1.000000
0.000000	-10472.520508	7261.168457	1.000000
0.000000	-163.106583	118.480057	1.000000
0.000000	27325.580078	25680.285156	1.000000
0.000000	-82.049042	147.955856	1.000000
0.000000	263.370331	284.387482	1.000000
0.000000	162.941711	-9104.244141	1.000000
0.000000	-5388.060059	9769.218750	1.000000
0.000000	459018.718750	25742.269531	1.000000
0.000000	-814.635437	1025.633789	1.000000
0.000000	2004.435547	-5388.088379	1.000000
0.000000	3482.886230	-1874.993408	1.000000
0.000000	23.203045	-107.633728	1.000000
0.000000	40.237911	68.329231	1.000000
0.000000	1058.732666	-545.679565	1.000000
0.000000	1182.982300	11944.653320	1.000000
0.000000	18250.835938	-23743.396484	1.000000
0.000000	105.052200	-1.047583	1.000000
0.000000	-22.812281	3.667149	1.000000
0.000000	1326.065674	1054.608154	1.000000
0.000000	195.143875	-40.142582	1.000000
0.000000	71.091858	-40.302307	1.000000
0.000000	-1641.798828	66.630135	1.000000
0.000000	75110.421875	-7431.870117	1.000000
0.000000	23.998867	193.696350	1.000000
0.000000	-427.027588	-720.712036	1.000000
0.000000	1192.439697	-9816.638672	1.000000
0.000000	135.513000	120.386230	1.000000
0.000000	71.187645	78.195503	1.000000
0.000000	-3962.715088	-4799.020996	1.000000
0.000000	298.088959	196.855270	1.000000
0.000000	-1853.223022	-2838.007080	1.000000
0.000000	-81.506897	77.722885	1.000000
0.000000	22209.484375	38869.101562	1.000000
0.045077	132.814743	-22.855314	1.000000
0.000000	665.000671	-553.583801	1.000000
0.000000	1062.493408	589.654236	1.000000
0.000000	-310.610260	414.144836	1.000000
0.000000	2.598794	-144.158325	1.000000
0.000000	9472.135742	5033.605957	1.000000
0.000000	-92781.953125	-330076.468750	1.000000
0.000000	7765.671387	16940.535156	1.000000
0.000000	67.851440	-16.960398	1.000000
0.000000	3326.908936	-1121.904175	1.000000
0.000000	-423485.187500	-81776.609375	1.000000
0.000000	-44105600.000000	-10494824.000000	1.000000
0.000000	5923.903320	-4781.063965	1.000000
0.000000	-204.174591	-48.661118	1.000000
0.000000	832.107422	-1801.412720	1.000000
0.000000	6026.129883	494.156860	1.000000
0.000000	-55.630764	-17.159004	1.000000
0.000000	-262.103088	1027.458862	1.000000
0.000000	-18814.548828	288.942261	1.000000
0.000000	-406.369812	-150.826340	1.000000
0.000000	268.915039	-128.322784	1.000000
0.000000	14341.480469	-11125.784180	1.000000
