0.000000	31571.156250	455743.750000	1.000000
0.000000	214966.375000	175154.390625	1.000000
0.000000	1171.733154	-12679.514648	1.000000
0.000000	-619.848938	650.135315	1.000000
0.000000	16896.310547	27493.812500	1.000000
0.000000	-13790.219727	776.893738	1.000000
0.000000	-771.284851	-2411.531982	1.000000
0.000000	-595151.812500	1523932.125000	1.000000
0.000000	3523.225342	-2286.977539	1.000000
0.000000	9292453.000000	3386659.750000	1.000000
0.000000	78697400.000000	19959642.000000	1.000000
0.000000	-182.991333	-159.905151	1.000000
0.000000	-249.629425	12.242041	1.000000
0.000000	96.086815	-148.040787	1.000000
0.000000	-73337376.000000	-31090268.000000	1.000000
0.000000	651.754944	-4565.483887	1.000000
0.000000	352.200195	-315.759521	1.000000
0.000000	-6120.853027	7723.623047	1.000000
0.000000	-987.556580	312.404083	1.000000
0.000000	-270.631989	197.345505	1.000000
0.000000	901.281555	7916.100586	1.000000
0.000000	10160.234375	84993.195312	1.000000
0.000000	-29.184816	728.546021	1.000000
0.000000	162.314362	156.159668	1.000000
0.000000	-207177.828125	-53269.082031	1.000000
0.000000	319.822723	-66.358368	1.000000
0.000000	10389.635742	35473.644531	1.000000
0.000000	-3835.049561	11598.697266	1.000000
0.000000	326.201477	-134.185455	1.000000
0.000000	-61565.820312	-273296.843750	1.000000
0.000000	5229.250977	-8979.050781	1.000000
0.000000	4788.473633	883.225464	1.000000
0.000000	-177.448669	425.731171	1.000000
0.000000	-468.023071	-271.665314	1.000000
0.000000	-166.448776	25.790203	1.000000
0.000000	4776.820312	2741.931885	1.000000
0.000000	97.573982	-32.645180	1.000000
0.000000	-5666.328613	-1445.850464	1.000000
0.000000	-246308.265625	-73644.218750	1.000000
0.000000	-46810.105469	-6103.469238	1.000000
0.000000	393.568695	29.428793	1.000000
0.000000	484.892334	90.506355	1.000000
0.000000	-0.993662	142.960861	1.000000
0.000000	-38.681980	-52.734776	1.000000
0.000000	35.972591	140.785767	1.000000
0.000000	-524.656067	-360.871552	1.000000
0.000000	-4159.022461	3408.723145	1.000000
0.000000	-773.012939	351.359894	1.000000
0.000000	-91.232437	-164.292114	1.000000
0.000000	-161.328949	-61.526768	1.000000
0.000000	6945.067871	6290.111328	1.000000
0.000000	-815.936707	1774.727173	1.000000
0.000000	82.011513	1427.709473	1.000000
0.000000	-3340.246826	-11729.215820	1.000000
0.000000	209.229858	-77.200027	1.000000
0.000000	-18.966711	-168.403809	1.000000
0.000000	32.383263	121.174423	1.000000
0.000000	29405522.000000	-21550876.000000	1.000000
0.000000	-475.417297	1604.028931	1.000000
0.000000	562.765991	446.564117	1.000000
0.000000	1763.567505	26326.837891	1.000000
0.000000	3226.225098	-1558.274902	1.000000
0.000000	-38.119717	-168.433960	1.000000
0.000000	107.520355	-278.181427	1.000000
0.000000	5447.174316	-2822.245605	1.000000
0.000000	401034.062500	-1051564.750000	1.000000
0.000000	40292.671875	142614.250000	1.000000
0.000000	899154304.000000	-490293056.000000	1.000000
0.000000	5181.592773	-14795.240234	1.000000
0.000000	-11819835.000000	-661433.187500	1.000000
0.000000	10560.709961	-15202.727539	1.000000
0.000000	10.286037	-262.658661	1.000000
0.000000	-193.527222	-701.217468	1.000000
0.000000	-606.892944	925.711670	1.000000
0.000000	424461.437500	2516.545654	1.000000
0.000000	-9243.076172	10663.747070	1.000000
0.000000	-73.284203	564.334534	1.000000
0.000000	41.719601	-181.106155	1.000000
0.000000	3411.610840	-13182.219727	1.000000
0.000000	-935690816.000000	516809408.000000	1.000000
0.000000	1333545.500000	80144.734375	1.000000
0.000000	370604.937500	-121715.515625	1.000000
0.000000	282602.000000	227362.531250	1.000000
0.000000	24997.541016	-23186.980469	1.000000
0.000000	2203343.750000	933796.937500	1.000000
0.000000	-95.303825	128.235382	1.000000
0.000000	191.874908	-7.827920	1.000000
0.000000	-3234.188721	-453.248291	1.000000
0.000000	-1658.346802	1611.539673	1.000000
0.000000	48.762550	182.483536	1.000000
0.000000	39.814892	58.173618	1.000000
0.000000	-1107.862671	1129.149780	1.000000
0.000000	820.293518	-128.435486	1.000000
0.000000	210.059616	-290.456940	1.000000
0.000000	-4355021.000000	2416277.250000	1.000000
0.000000	1011.188721	557.343445	1.000000
0.000000	-15.236230	-88038.843750	1.000000
0.000000	1711789.125000	-2028472.500000	1.000000
0.000000	791.596802	-1620.110352	1.000000
0.000000	-354.090881	-5239.556152	1.000000
0.000000	691415.187500	-227334.718750	1.000000
0.000000	12310197.000000	-6573529.500000	1.000000
0.000000	-21919.091797	-21398.996094	1.000000
0.000000	170569.703125	-24461.089844	1.000000
0.000000	73.488678	86.880859	1.000000
0.000000	181.546188	-0.804610	1.000000
0.000000	730.872742	-1760.446045	1.000000
0.000000	-74.163704	-156.317307	1.000000
0.000000	65.219803	-162.019119	1.000000
0.000000	-849.943848	960.204041	1.000000
0.000000	-99.514633	-3140.431885	1.000000
0.000000	-53750.601562	119833.890625	1.000000
0.000000	52.638405	142.361160	1.000000
0.000000	-240.008774	-2.840809	1.000000
0.000000	-244.003052	-1108.493530	1.000000
0.000000	-64713.464844	15604.144531	1.000000
0.000000	2399.758545	673.532532	1.000000
0.000000	55691.582031	149510.234375	1.000000
0.000000	-13121.147461	6639.448242	1.000000
0.000000	-41688.910156	-29854.179688	1.000000
0.000000	-8552.684570	13744.722656	1.000000
0.000000	199.665527	290.466431	1.000000
0.000000	-222.447311	89.583885	1.000000
0.000000	1467.725098	3261.571045	1.000000
0.000000	514.998413	-383.297455	1.000000
0.000000	2001.392822	213.725067	1.000000
0.000000	542.737061	-417.026428	1.000000
0.000000	14017.150391	-14119.738281	1.000000
0.000000	-196.088730	-71.103111	1.000000
0.000000	-1120.183105	1637.350708	1.000000
0.000000	143.020172	169.869186	1.000000
0.000000	-13460.424805	-2955.808838	1.000000
0.000000	-28586.253906	-61415.734375	1.000000
0.000000	1631.000732	7949.157227	1.000000
0.000000	-2606.353516	1946.254395	1.000000
0.000000	-21.784298	-99.118004	1.000000
0.000000	149.985214	303.611877	1.000000
0.000000	-3903.443604	-16133.844727	1.000000
0.000000	641.316956	-63.472771	1.000000
0.000000	-8652.318359	12922.410156	1.000000
0.000000	-935.070679	-3053.919922	1.000000
0.000000	956.648254	441.134186	1.000000
0.000000	159.090103	-225.992584	1.000000
0.000000	-5776.425293	-20531.724609	1.000000
0.000000	-5.030104	-190.985611	1.000000
0.000000	22550.859375	-24468.638672	1.000000
0.000000	-210.493729	-77.978127	1.000000
0.000000	-3300464.250000	1376390.750000	1.000000
0.000000	-17942.619141	-1136.411743	1.000000
0.000000	-1.831187	456.637329	1.000000
0.000000	113.950691	-217.551605	1.000000
0.000000	6641.471191	2830.420898	1.000000
0.000000	-26259.755859	-23406.863281	1.000000
0.000000	-586712.625000	317378.281250	1.000000
0.000000	-108536.234375	249211.671875	1.000000
0.000000	38162.171875	-56191.003906	1.000000
0.000000	513.043945	-1619.073364	1.000000
0.000000	56.632568	49.891476	1.000000
0.000000	-189.295044	-555.995728	1.000000
0.000000	-350.846863	550.661011	1.000000
0.000000	4112436.000000	2116301.500000	1.000000
0.000000	38.417240	184.380417	1.000000
0.000000	-45222.777344	75833.875000	1.000000
0.000000	582.762146	1634.884521	1.000000
0.000000	4700.931152	12598.215820	1.000000
0.000000	632.656799	1742.669922	1.000000
0.000000	-44002.949219	2267.294678	1.000000
0.000000	245853.296875	-842228.687500	1.000000
0.000000	-103.391815	-83.608353	1.000000
0.000000	309.292694	-140.612305	1.000000
0.000000	-33034.597656	-139879.046875	1.000000
0.000000	-14292.276367	-13692.031250	1.000000
0.000000	-246.390854	-75.296852	1.000000
0.000000	-323428.281250	730136.875000	1.000000
0.000000	-31478.714844	-19740.371094	1.000000
0.000000	-300.806427	-1020.379272	1.000000
0.000000	110.973557	-224.799271	1.000000
0.000000	-3759.184082	-12735.406250	1.000000
0.000000	52.759087	-188.556046	1.000000
0.000000	3160.725098	3127.484863	1.000000
0.000000	-36.152523	304.337372	1.000000
0.000000	799348.937500	-982912.687500	1.000000
0.000000	-245.855042	385.203186	1.000000
0.000000	-3411.361572	-2052.338135	1.000000
0.000000	1.884021	2764.164307	1.000000
0.000000	-219.762024	201.647232	1.000000
0.000000	19921.994141	10422.835938	1.000000
0.000000	-63.747108	609.130066	1.000000
0.000000	-3232.433594	-1869.897583	1.000000
0.000000	65057.214844	112531.007812	1.000000
0.000000	163.095078	121.693069	1.000000
0.000000	484892.843750	100678.984375	1.000000
0.000000	-141.044830	135.508820	1.000000
0.000000	79.269493	152.671432	1.000000
0.000000	295.701813	-22.412670	1.000000
0.000000	-150.086960	-86.947784	1.000000
0.000000	-52477.519531	-3137.842041	1.000000
0.000000	11323.186523	1258.565796	1.000000
0.000000	-115.783493	-47.423138	1.000000
0.000000	-79.000023	1864.021729	1.000000
0.000000	-7865.956543	-93011.421875	1.000000
0.000000	-481.518402	1223.779541	1.000000
0.367477	50.741131	193.785660	1.000000
0.000000	192.009445	-34.115410	1.000000
0.367477	48.401909	197.399384	1.000000
0.000000	-42784.988281	-77810.195312	1.000000
0.000000	414.702057	-1000.017822	1.000000
0.000000	-90.105690	201.259094	1.000000
0.000000	-22.337385	-320.593353	1.000000
0.000000	-445.880859	567.703979	1.000000
0.000000	291.769135	169.012970	1.000000
0.000000	181.997284	859.351196	1.000000
0.000000	-112.311050	32.086540	1.000000
0.000000	124.405838	429.062714	1.000000
0.000000	-10851.375977	565.590271	1.000000
0.000000	28171368.000000	16549397.000000	1.000000
0.000000	206.155655	-526.660889	1.000000
0.000000	-32832.828125	266865.000000	1.000000
0.000000	-80.951271	9.030092	1.000000
0.000000	1358.946533	2756.741211	1.000000
0.000000	4688.396973	10644.352539	1.000000
0.000000	-48677.210938	-126250.796875	1.000000
0.000000	186.557983	-443.084808	1.000000
0.000000	1929694.125000	165135.921875	1.000000
0.000000	-180252.265625	-177937.812500	1.000000
0.000000	-70092.617188	13823.129883	1.000000
0.000000	175.416336	-0.854724	1.000000
0.000000	-131063.031250	14817.527344	1.000000
0.000000	-936.963562	166.279480	1.000000
0.000000	-1231.795776	1118.873901	1.000000
0.000000	-1147.450928	1022.721191	1.000000
0.000000	49224.519531	57413.718750	1.000000
0.000000	83994.398438	3773.563721	1.000000
0.000000	913.052429	-448.860352	1.000000
0.000000	-219.328186	-204.389206	1.000000
0.000000	-1589278.625000	-1200867.375000	1.000000
0.000000	-123.304169	103.110840	1.000000
0.000000	2590553.750000	19228.316406	1.000000
0.000000	82.202911	-39.554039	1.000000
0.000000	-10358.722656	13068.271484	1.000000
0.000000	1826645.375000	135483.796875	1.000000
0.000000	-1582.515015	639.820068	1.000000
0.000000	119.346642	15.146398	1.000000
0.000000	221.570816	52.277588	1.000000
0.000000	572.827820	1055.352417	1.000000
0.000000	-10511.827148	7303.282715	1.000000
0.000000	-219.469498	129.861115	1.000000
0.000000	27327.826172	25738.683594	1.000000
0.000000	-40.075165	187.262497	1.000000
0.000000	265.967377	341.838348	1.000000
0.000000	107.003235	-9090.767578	1.000000
0.000000	-5445.335449	9770.341797	1.000000
0.000000	459054.656250	25699.593750	1.000000
0.000000	-868.541687	1045.567871	1.000000
0.000000	2050.628906	-5353.835449	1.000000
0.000000	3484.009277	-1932.549561	1.000000
0.000000	54.653358	-59.500229	1.000000
0.000000	89.415077	98.133842	1.000000
0.000000	1034.025635	-597.550293	1.000000
0.000000	1189.580200	11887.377930	1.000000
0.000000	18194.683594	-23754.626953	1.000000
0.000000	162.397781	-5.227397	1.000000
0.000000	-22.151600	-50.982540	1.000000
0.000000	1278.336182	1086.614990	1.000000
0.000000	252.629837	-41.612194	1.000000
0.000000	81.376122	14.815559	1.000000
0.000000	-1587.050293	84.168968	1.000000
0.000000	75164.328125	-7425.693359	1.000000
0.000000	39.308006	249.129242	1.000000
0.000000	-369.541626	-720.712036	1.000000
0.000000	1188.789795	-9759.363281	1.000000
0.000000	170.274811	166.185486	1.000000
0.000000	115.047890	115.378883	1.000000
0.000000	-3936.323486	-4747.922363	1.000000
0.000000	354.802826	206.225693	1.000000
0.000000	-1899.408325	-2872.260010	1.000000
0.000000	-62.097908	125.442894	1.000000
0.000000	22218.468750	38927.500000	1.000000
0.000000	187.998993	-24.429964	1.000000
0.000000	722.486633	-552.601135	1.000000
0.000000	1112.188232	618.572693	1.000000
0.000000	-312.996735	471.595703	1.000000
0.000000	38.868313	-188.781891	1.000000
0.000000	9501.334961	4984.191895	1.000000
0.000000	-92755.000000	-330112.406250	1.000000
0.000000	7822.946777	16942.781250	1.000000
0.000000	105.550476	-60.506039	1.000000
0.000000	3345.719971	-1067.576782	1.000000
0.000000	-423449.250000	-81821.531250	1.000000
0.000000	-44105600.000000	-10494824.000000	1.000000
0.000000	5949.733398	-4729.965332	1.000000
0.000000	-225.963593	4.497821	1.000000
0.000000	882.504150	-1773.757690	1.000000
0.000000	5981.208008	458.429932	1.000000
0.000000	-109.010582	-38.537899	1.000000
0.000000	-319.518860	1024.651245	1.000000
0.000000	-18805.564453	232.165573	1.000000
0.000000	-463.855774	-152.423172	1.000000
0.000000	279.864227	-183.493683	1.000000
0.000000	14394.263672	-11103.323242	1.000000
