0.000000	31512.054688	455799.375000	1.000000
0.000000	214994.187500	175237.828125	1.000000
0.000000	1184.987549	-12768.166992	1.000000
0.000000	-530.870667	648.831604	1.000000
0.000000	16889.357422	27403.421875	1.000000
0.000000	-13703.305664	756.794861	1.000000
0.000000	-691.432556	-2450.643311	1.000000
0.000000	-595263.062500	1523932.125000	1.000000
0.000000	3568.855225	-2210.493164	1.000000
0.000000	9292453.000000	3386659.750000	1.000000
0.000000	78697400.000000	19959642.000000	1.000000
0.000000	-268.873291	-183.208984	1.000000
0.000000	-291.778625	90.636841	1.000000
0.000000	92.813957	-236.991898	1.000000
0.000000	-73337376.000000	-31090268.000000	1.000000
0.000000	729.217102	-4522.026855	1.000000
0.000000	373.059570	-402.293335	1.000000
0.000000	-6166.917480	7800.107422	1.000000
0.000000	-987.339294	223.415863	1.000000
0.000000	-301.160553	280.945953	1.000000
0.000000	920.402649	8003.014648	1.000000
0.000000	10240.195312	85034.914062	1.000000
0.000000	-46.404110	815.894653	1.000000
0.000000	225.934937	98.355484	1.000000
0.000000	-207122.203125	-53331.660156	1.000000
0.000000	408.529388	-59.391663	1.000000
0.000000	10387.897461	35383.253906	1.000000
0.000000	-3922.398193	11581.314453	1.000000
0.000000	403.989563	-177.425201	1.000000
0.000000	-61475.429688	-273296.843750	1.000000
0.000000	5176.233398	-8907.781250	1.000000
0.000000	4874.518555	905.171265	1.000000
0.000000	-259.528137	460.170868	1.000000
0.000000	-533.136658	-211.008591	1.000000
0.000000	-236.007187	-29.732153	1.000000
0.000000	4857.650391	2778.870361	1.000000
0.000000	14.801943	-65.360176	1.000000
0.000000	-5734.990723	-1502.127319	1.000000
0.000000	-246280.453125	-73727.656250	1.000000
0.000000	-46740.574219	-6157.355957	1.000000
0.000000	462.176483	86.099319	1.000000
0.000000	536.308899	17.869526	1.000000
0.000000	-1.792780	231.966293	1.000000
0.000000	-78.780388	-132.192520	1.000000
0.000000	47.033764	229.085022	1.000000
0.000000	-558.226624	-278.466156	1.000000
0.000000	-4086.014648	3357.878418	1.000000
0.000000	-823.531738	424.639313	1.000000
0.000000	-110.815262	-251.097534	1.000000
0.000000	-248.433136	-79.833046	1.000000
0.000000	7033.720215	6280.550781	1.000000
0.000000	-864.499939	1700.198364	1.000000
0.000000	31.424852	1354.484375	1.000000
0.000000	-3391.960693	-11656.208008	1.000000
0.000000	291.417969	-43.068512	1.000000
0.000000	-16.766699	-257.382080	1.000000
0.000000	121.331963	118.091690	1.000000
0.000000	29405522.000000	-21550876.000000	1.000000
0.000000	-547.121399	1656.611938	1.000000
0.000000	504.200409	513.543518	1.000000
0.000000	1717.720337	26250.353516	1.000000
0.000000	3260.121582	-1640.625977	1.000000
0.000000	-84.948418	-244.130676	1.000000
0.000000	155.540375	-353.090485	1.000000
0.000000	5392.418457	-2892.211426	1.000000
0.000000	401089.687500	-1051564.750000	1.000000
0.000000	40216.187500	142558.625000	1.000000
0.000000	899154304.000000	-490293056.000000	1.000000
0.000000	5124.229492	-14863.033203	1.000000
0.000000	-11819835.000000	-661321.937500	1.000000
0.000000	10605.905273	-15126.243164	1.000000
0.000000	-16.005886	-347.671478	1.000000
0.000000	-260.697388	-759.558533	1.000000
0.000000	-517.914673	922.669678	1.000000
0.000000	424350.187500	2494.382568	1.000000
0.000000	-9329.990234	10642.887695	1.000000
0.000000	-159.673615	542.931946	1.000000
0.000000	33.924496	-269.758514	1.000000
0.000000	3420.302246	-13270.872070	1.000000
0.000000	-935690816.000000	516809408.000000	1.000000
0.000000	1333545.500000	80228.171875	1.000000
0.000000	370716.187500	-121729.421875	1.000000
0.000000	282490.750000	227390.343750	1.000000
0.000000	24917.580078	-23145.261719	1.000000
0.000000	2203343.750000	933685.687500	1.000000
0.000000	-142.183090	203.877777	1.000000
0.000000	106.511368	-29.730274	1.000000
0.000000	-3178.563721	-383.717041	1.000000
0.000000	-1668.776489	1699.974731	1.000000
0.000000	89.802284	261.466675	1.000000
0.000000	16.950184	-27.837978	1.000000
0.000000	-1193.690308	1105.682983	1.000000
0.000000	895.474182	-176.102417	1.000000
0.000000	229.859726	-203.689468	1.000000
0.000000	-4355021.000000	2416277.250000	1.000000
0.000000	1088.125732	601.995544	1.000000
0.000000	-102.337265	-88052.750000	1.000000
0.000000	1711789.125000	-2028472.500000	1.000000
0.000000	808.219116	-1532.761719	1.000000
0.000000	-280.920105	-5289.966309	1.000000
0.000000	691415.187500	-227418.156250	1.000000
0.000000	12310197.000000	-6573529.500000	1.000000
0.000000	-21939.951172	-21485.910156	1.000000
0.000000	170653.140625	-24513.238281	1.000000
0.000000	35.187061	167.222046	1.000000
0.000000	266.698212	-26.685308	1.000000
0.000000	644.719177	-1782.609131	1.000000
0.000000	-132.722046	-223.349777	1.000000
0.000000	97.608871	-244.913406	1.000000
0.000000	-875.474854	1045.461060	1.000000
0.000000	-185.804001	-3118.703369	1.000000
0.000000	-53840.992188	119833.890625	1.000000
0.000000	84.104012	225.608536	1.000000
0.000000	-326.108002	19.705793	1.000000
0.000000	-158.419861	-1084.157593	1.000000
0.000000	-64636.980469	15555.472656	1.000000
0.000000	2426.267334	758.491028	1.000000
0.000000	55761.113281	149565.859375	1.000000
0.000000	-13206.323242	6611.635742	1.000000
0.000000	-41758.441406	-29802.031250	1.000000
0.000000	-8479.676758	13795.132812	1.000000
0.000000	280.061035	328.599976	1.000000
0.000000	-287.999207	149.799026	1.000000
0.000000	1531.824219	3199.862061	1.000000
0.000000	600.934692	-406.492645	1.000000
0.000000	1944.246826	145.524689	1.000000
0.000000	560.119873	-504.320740	1.000000
0.000000	13998.029297	-14206.652344	1.000000
0.000000	-271.975586	-117.588554	1.000000
0.000000	-1153.862305	1554.999634	1.000000
0.000000	206.630402	232.121384	1.000000
0.000000	-13373.510742	-2975.364502	1.000000
0.000000	-28641.878906	-61485.265625	1.000000
0.000000	1679.672607	8023.903320	1.000000
0.000000	-2552.032227	1875.854004	1.000000
0.000000	59.651718	-135.024368	1.000000
0.000000	91.119583	236.851013	1.000000
0.000000	-3846.949463	-16064.313477	1.000000
0.000000	726.818665	-38.634361	1.000000
0.000000	-8740.970703	12929.363281	1.000000
0.000000	-908.235962	-3138.661133	1.000000
0.000000	946.979065	529.612732	1.000000
0.000000	246.058487	-244.869232	1.000000
0.000000	-5688.642090	-20517.818359	1.000000
0.000000	-0.348289	-279.855255	1.000000
0.000000	22526.523438	-24555.552734	1.000000
0.000000	-270.498138	-143.706894	1.000000
0.000000	-3300464.250000	1376390.750000	1.000000
0.000000	-17973.908203	-1219.414673	1.000000
0.000000	-39.265343	537.358765	1.000000
0.000000	143.616547	-301.465546	1.000000
0.000000	6670.152832	2746.114258	1.000000
0.000000	-26176.318359	-23379.050781	1.000000
0.000000	-586712.625000	317433.906250	1.000000
0.000000	-108536.234375	249128.234375	1.000000
0.000000	38071.781250	-56191.003906	1.000000
0.000000	570.624512	-1686.866333	1.000000
0.000000	99.384590	127.951164	1.000000
0.000000	-209.638367	-469.380859	1.000000
0.000000	-375.128479	636.271362	1.000000
0.000000	4112436.000000	2116301.500000	1.000000
0.000000	122.938492	201.834518	1.000000
0.000000	-45257.542969	75917.312500	1.000000
0.000000	663.049011	1673.343994	1.000000
0.000000	4786.976074	12575.618164	1.000000
0.000000	623.856750	1654.017578	1.000000
0.000000	-44065.527344	2332.480225	1.000000
0.000000	245769.859375	-842228.687500	1.000000
0.000000	-183.900116	-121.538193	1.000000
0.000000	398.053680	-133.740662	1.000000
0.000000	-32999.832031	-139962.484375	1.000000
0.000000	-14321.827148	-13608.593750	1.000000
0.000000	-335.263428	-79.805519	1.000000
0.000000	-323539.531250	730136.875000	1.000000
0.000000	-31402.230469	-19695.175781	1.000000
0.000000	-381.256256	-1058.404175	1.000000
0.000000	135.020340	-310.473846	1.000000
0.000000	-3674.008301	-12761.480469	1.000000
0.000000	78.496765	-273.753326	1.000000
0.000000	3187.233887	3042.743652	1.000000
0.000000	5.969227	225.941330	1.000000
0.000000	799237.687500	-982912.687500	1.000000
0.000000	-333.635101	400.032898	1.000000
0.000000	-3326.185791	-2077.543213	1.000000
0.000000	-16.819386	2851.078369	1.000000
0.000000	-282.557434	264.737640	1.000000
0.000000	19876.798828	10499.320312	1.000000
0.000000	23.974516	594.137390	1.000000
0.000000	-3317.174805	-1897.710083	1.000000
0.000000	65085.027344	112614.445312	1.000000
0.000000	230.607635	179.364380	1.000000
0.000000	484892.843750	100762.421875	1.000000
0.000000	-205.415558	196.973358	1.000000
0.000000	80.863136	241.794983	1.000000
0.000000	310.966095	65.268120	1.000000
0.000000	-238.902267	-92.610779	1.000000
0.000000	-52442.753906	-3057.011963	1.000000
0.000000	11370.120117	1334.181030	1.000000
0.000000	-91.596939	-133.073425	1.000000
0.000000	-27.028456	1791.665771	1.000000
0.000000	-7870.302246	-93094.859375	1.000000
0.000000	-534.830811	1152.510010	1.000000
0.000000	-7.954854	260.260986	1.000000
0.000000	277.076569	-60.284691	1.000000
0.000000	53.177242	286.608582	1.000000
0.000000	-42854.519531	-77754.570312	1.000000
0.000000	345.116486	-1055.595947	1.000000
0.000000	-43.783211	277.254578	1.000000
0.000000	-62.161682	-241.012665	1.000000
0.000000	-454.029053	656.356323	1.000000
0.000000	353.967010	105.348419	1.000000
0.000000	203.155426	945.830688	1.000000
0.000000	-153.953430	110.743767	1.000000
0.000000	196.083466	481.808685	1.000000
0.000000	-10940.028320	559.071716	1.000000
0.000000	28171368.000000	16549397.000000	1.000000
0.000000	266.158112	-592.389648	1.000000
0.000000	-32798.062500	266809.375000	1.000000
0.000000	-169.922363	6.768969	1.000000
0.000000	1433.040771	2707.634766	1.000000
0.000000	4601.482910	10665.211914	1.000000
0.000000	-48586.820312	-126250.796875	1.000000
0.000000	108.416809	-485.672699	1.000000
0.000000	1929694.125000	165191.546875	1.000000
0.000000	-180168.828125	-177937.812500	1.000000
0.000000	-70162.148438	13772.719727	1.000000
0.000000	227.427383	-69.476685	1.000000
0.000000	-131090.843750	14902.703125	1.000000
0.000000	-1016.381287	206.531555	1.000000
0.000000	-1287.638062	1049.559937	1.000000
0.000000	-1170.483154	1108.764526	1.000000
0.000000	49245.378906	57497.156250	1.000000
0.000000	83924.867188	3720.111572	1.000000
0.000000	997.902283	-421.808350	1.000000
0.000000	-298.432587	-245.157333	1.000000
0.000000	-1589278.625000	-1200867.375000	1.000000
0.000000	-209.185379	126.509735	1.000000
0.000000	2590553.750000	19308.277344	1.000000
0.000000	113.125305	-123.007111	1.000000
0.000000	-10410.871094	13141.279297	1.000000
0.000000	1826645.375000	135428.171875	1.000000
0.000000	-1572.302612	728.255127	1.000000
0.000000	206.097748	35.007618	1.000000
0.000000	295.610718	2.872003	1.000000
0.000000	501.775574	1001.728210	1.000000
0.000000	-10572.666992	7368.468262	1.000000
0.000000	-306.709473	147.488373	1.000000
0.000000	27331.302734	25829.074219	1.000000
0.000000	24.890791	248.102341	1.000000
0.000000	269.987152	430.762299	1.000000
0.000000	20.425262	-9069.908203	1.000000
0.000000	-5533.987793	9772.080078	1.000000
0.000000	459110.281250	25633.539062	1.000000
0.000000	-951.979187	1076.422363	1.000000
0.000000	2122.333008	-5300.817871	1.000000
0.000000	3485.747559	-2021.636475	1.000000
0.000000	103.337509	15.006245	1.000000
0.000000	165.526093	144.261414	1.000000
0.000000	995.703247	-677.837158	1.000000
0.000000	1199.792603	11798.725586	1.000000
0.000000	18107.769531	-23772.009766	1.000000
0.000000	251.158768	-11.696724	1.000000
0.000000	-17.167622	-139.841400	1.000000
0.000000	1204.459229	1136.156006	1.000000
0.000000	341.608093	-43.886898	1.000000
0.000000	95.649040	102.666023	1.000000
0.000000	-1502.309082	111.316032	1.000000
0.000000	75247.765625	-7416.132812	1.000000
0.000000	63.005669	334.904724	1.000000
0.000000	-280.563354	-720.712036	1.000000
0.000000	1183.140381	-9670.710938	1.000000
0.000000	224.080048	237.074768	1.000000
0.000000	182.924927	172.932297	1.000000
0.000000	-3895.473877	-4668.830566	1.000000
0.000000	442.586029	220.729477	1.000000
0.000000	-1970.895142	-2925.277588	1.000000
0.000000	-24.589058	206.163895	1.000000
0.000000	22232.375000	39017.890625	1.000000
0.000000	276.998016	-24.137987	1.000000
0.000000	811.464905	-551.080139	1.000000
0.000000	1189.107178	663.333435	1.000000
0.000000	-316.690582	560.489990	1.000000
0.000000	95.009361	-257.850677	1.000000
0.000000	9546.530273	4907.707520	1.000000
0.000000	-92713.281250	-330168.031250	1.000000
0.000000	7911.599121	16946.257812	1.000000
0.000000	162.968079	-128.502823	1.000000
0.000000	3374.836182	-983.435059	1.000000
0.000000	-423393.625000	-81891.062500	1.000000
0.000000	-44105600.000000	-10494824.000000	1.000000
0.000000	5989.713867	-4650.873535	1.000000
0.000000	-259.751434	86.835556	1.000000
0.000000	960.509521	-1730.952515	1.000000
0.000000	5911.676758	403.130859	1.000000
0.000000	-191.633255	-71.627922	1.000000
0.000000	-408.388489	1020.305542	1.000000
0.000000	-18791.658203	144.300888	1.000000
0.000000	-552.834045	-154.894791	1.000000
0.000000	290.022308	-271.906464	1.000000
0.000000	14475.962891	-11068.557617	1.000000
