0.000000	31508.402344	455802.812500	1.000000
0.000000	214995.906250	175242.984375	1.000000
0.000000	1185.806641	-12773.645508	1.000000
0.000000	-525.372009	648.751038	1.000000
0.000000	16888.927734	27397.835938	1.000000
0.000000	-13697.934570	755.552795	1.000000
0.000000	-686.497864	-2453.060303	1.000000
0.000000	-595269.937500	1523932.125000	1.000000
0.000000	3571.675049	-2205.766602	1.000000
0.000000	9292453.000000	3386659.750000	1.000000
0.000000	78697400.000000	19959642.000000	1.000000
0.000000	-274.180603	-184.649109	1.000000
0.000000	-294.383606	95.481735	1.000000
0.000000	92.611702	-242.488876	1.000000
0.000000	-73337376.000000	-31090268.000000	1.000000
0.000000	734.004089	-4519.341309	1.000000
0.000000	374.348633	-407.640930	1.000000
0.000000	-6169.764160	7804.833984	1.000000
0.000000	-987.325867	217.915527	1.000000
0.000000	-303.047150	286.112274	1.000000
0.000000	921.584290	8008.385742	1.000000
0.000000	10245.136719	85037.492188	1.000000
0.000000	-47.468258	821.292603	1.000000
0.000000	229.983398	94.632645	1.000000
0.000000	-207118.765625	-53335.527344	1.000000
0.000000	414.011261	-58.961136	1.000000
0.000000	10387.790039	35377.667969	1.000000
0.000000	-3927.796143	11580.240234	1.000000
0.000000	408.796692	-180.097321	1.000000
0.000000	-61469.843750	-273296.843750	1.000000
0.000000	5172.957031	-8903.376953	1.000000
0.000000	4879.835938	906.527466	1.000000
0.000000	-264.600464	462.299164	1.000000
0.000000	-537.158264	-207.260574	1.000000
0.000000	-240.305740	-33.163357	1.000000
0.000000	4862.645508	2781.153076	1.000000
0.000000	9.686920	-67.381889	1.000000
0.000000	-5739.233887	-1505.605103	1.000000
0.000000	-246278.734375	-73732.812500	1.000000
0.000000	-46736.277344	-6160.686035	1.000000
0.000000	466.416290	89.601440	1.000000
0.000000	539.484558	13.380824	1.000000
0.000000	-1.842164	237.466629	1.000000
0.000000	-81.258644	-137.102036	1.000000
0.000000	47.717319	234.541718	1.000000
0.000000	-560.301208	-273.373688	1.000000
0.000000	-4081.502930	3354.736328	1.000000
0.000000	-826.653687	429.167816	1.000000
0.000000	-112.025436	-256.461914	1.000000
0.000000	-253.815979	-80.964333	1.000000
0.000000	7039.198730	6279.959961	1.000000
0.000000	-867.501038	1695.592651	1.000000
0.000000	28.298918	1349.959229	1.000000
0.000000	-3395.156494	-11651.696289	1.000000
0.000000	296.497009	-40.959099	1.000000
0.000000	-16.630743	-262.880737	1.000000
0.000000	126.828941	117.901184	1.000000
0.000000	29405522.000000	-21550876.000000	1.000000
0.000000	-551.552551	1659.861450	1.000000
0.000000	500.578278	517.685974	1.000000
0.000000	1714.887085	26245.626953	1.000000
0.000000	3262.216309	-1645.715088	1.000000
0.000000	-87.842094	-248.808563	1.000000
0.000000	158.507904	-357.719696	1.000000
0.000000	5389.034668	-2896.535156	1.000000
0.000000	401093.125000	-1051564.750000	1.000000
0.000000	40211.460938	142555.187500	1.000000
0.000000	899154304.000000	-490293056.000000	1.000000
0.000000	5120.684570	-14867.222656	1.000000
0.000000	-11819835.000000	-661315.062500	1.000000
0.000000	10608.698242	-15121.516602	1.000000
0.000000	-17.630642	-352.925079	1.000000
0.000000	-264.849915	-763.163879	1.000000
0.000000	-512.416016	922.481689	1.000000
0.000000	424343.312500	2493.012939	1.000000
0.000000	-9335.361328	10641.598633	1.000000
0.000000	-165.012817	541.609314	1.000000
0.000000	33.442776	-275.237030	1.000000
0.000000	3420.839355	-13276.350586	1.000000
0.000000	-935690816.000000	516809408.000000	1.000000
0.000000	1333545.500000	80233.328125	1.000000
0.000000	370723.062500	-121730.281250	1.000000
0.000000	282483.875000	227392.062500	1.000000
0.000000	24912.638672	-23142.683594	1.000000
0.000000	2203343.750000	933678.812500	1.000000
0.000000	-145.080124	208.552307	1.000000
0.000000	101.143631	-30.929749	1.000000
0.000000	-3175.126221	-379.420166	1.000000
0.000000	-1669.421021	1705.439819	1.000000
0.000000	92.338448	266.347656	1.000000
0.000000	15.537125	-33.153263	1.000000
0.000000	-1198.994263	1104.232788	1.000000
0.000000	900.120178	-179.048126	1.000000
0.000000	231.083328	-198.326767	1.000000
0.000000	-4355021.000000	2416277.250000	1.000000
0.000000	1092.879150	604.754944	1.000000
0.000000	-107.720108	-88053.609375	1.000000
0.000000	1711789.125000	-2028472.500000	1.000000
0.000000	809.246338	-1527.363770	1.000000
0.000000	-276.398315	-5293.081543	1.000000
0.000000	691415.187500	-227423.312500	1.000000
0.000000	12310197.000000	-6573529.500000	1.000000
0.000000	-21941.240234	-21491.281250	1.000000
0.000000	170658.296875	-24516.460938	1.000000
0.000000	32.820004	172.186951	1.000000
0.000000	271.961884	-28.284678	1.000000
0.000000	639.395081	-1783.978760	1.000000
0.000000	-136.340820	-227.492233	1.000000
0.000000	99.610443	-250.036087	1.000000
0.000000	-877.052612	1050.724731	1.000000
0.000000	-191.136490	-3117.360596	1.000000
0.000000	-53846.578125	119833.890625	1.000000
0.173514	85.717972	230.276825	1.000000
0.000000	-331.428741	21.099131	1.000000
0.000000	-153.131012	-1082.653687	1.000000
0.000000	-64632.253906	15552.464844	1.000000
0.000000	2427.905518	763.741272	1.000000
0.000000	55765.410156	149569.296875	1.000000
0.000000	-13211.586914	6609.916992	1.000000
0.000000	-41762.738281	-29798.808594	1.000000
0.000000	-8475.165039	13798.248047	1.000000
0.000000	285.029297	330.956543	1.000000
0.000000	-292.051025	153.520187	1.000000
0.000000	1535.785400	3196.048584	1.000000
0.000000	606.245361	-407.926056	1.000000
0.000000	1940.715332	141.310059	1.000000
0.000000	561.194092	-509.715332	1.000000
0.000000	13996.847656	-14212.023438	1.000000
0.000000	-276.665222	-120.461250	1.000000
0.000000	-1155.943604	1549.910522	1.000000
0.000000	210.561371	235.968430	1.000000
0.000000	-13368.139648	-2976.572998	1.000000
0.000000	-28645.316406	-61489.562500	1.000000
0.000000	1682.680420	8028.522461	1.000000
0.000000	-2548.675293	1871.503418	1.000000
0.000000	64.684235	-137.243301	1.000000
0.173514	87.812050	233.201935	1.000000
0.000000	-3843.458252	-16060.016602	1.000000
0.000000	732.102478	-37.099403	1.000000
0.000000	-8746.449219	12929.792969	1.000000
0.000000	-906.577637	-3143.897949	1.000000
0.000000	946.381531	535.077820	1.000000
0.000000	251.432938	-246.035767	1.000000
0.000000	-5683.217285	-20516.958984	1.000000
0.000000	-0.058967	-285.347198	1.000000
0.000000	22525.019531	-24560.923828	1.000000
0.000000	-274.207550	-147.768784	1.000000
0.000000	-3300464.250000	1376390.750000	1.000000
0.000000	-17975.841797	-1224.544067	1.000000
0.000000	-41.578690	542.347168	1.000000
0.000000	145.449432	-306.652008	1.000000
0.000000	6671.925293	2740.904297	1.000000
0.000000	-26171.162109	-23377.332031	1.000000
0.000000	-586712.625000	317437.343750	1.000000
0.000000	-108536.234375	249123.078125	1.000000
0.000000	38066.195312	-56191.003906	1.000000
0.000000	574.182861	-1691.055786	1.000000
0.000000	102.026497	132.775070	1.000000
0.000000	-210.895538	-464.026550	1.000000
0.000000	-376.629028	641.561890	1.000000
0.000000	4112436.000000	2116301.500000	1.000000
0.000000	128.329727	202.920486	1.000000
0.000000	-45259.691406	75922.468750	1.000000
0.000000	668.010559	1675.720703	1.000000
0.000000	4792.293457	12574.221680	1.000000
0.000000	623.312927	1648.539062	1.000000
0.000000	-44069.394531	2336.508545	1.000000
0.000000	245764.703125	-842228.687500	1.000000
0.000000	-188.875092	-123.882172	1.000000
0.000000	403.538910	-133.316010	1.000000
0.000000	-32997.683594	-139967.640625	1.000000
0.000000	-14323.653320	-13603.437500	1.000000
0.000000	-340.755371	-80.084145	1.000000
0.000000	-323546.406250	730136.875000	1.000000
0.000000	-31397.503906	-19692.382812	1.000000
0.000000	-386.227875	-1060.754028	1.000000
0.000000	136.505783	-315.767731	1.000000
0.000000	-3668.744629	-12763.091797	1.000000
0.000000	80.087112	-279.016998	1.000000
0.000000	3188.872070	3037.506836	1.000000
0.000000	8.572255	221.095596	1.000000
0.000000	799230.812500	-982912.687500	1.000000
0.000000	-339.059906	400.949341	1.000000
0.000000	-3320.922119	-2079.100830	1.000000
0.000000	-17.975220	2856.449463	1.000000
0.000000	-286.438049	268.635040	1.000000
0.000000	19874.005859	10504.046875	1.000000
0.000000	29.395544	593.210876	1.000000
0.000000	-3322.411621	-1899.428833	1.000000
0.000000	65086.746094	112619.601562	1.000000
0.000000	234.662811	183.078827	1.000000
0.000000	484892.843750	100767.578125	1.000000
0.000000	-209.393524	200.771729	1.000000
0.000000	80.793480	247.295319	1.000000
0.000000	311.909393	70.686211	1.000000
0.000000	-244.390854	-92.960739	1.000000
0.000000	-52440.605469	-3052.016846	1.000000
0.000000	11373.020508	1338.853882	1.000000
0.000000	-90.102264	-138.365631	1.000000
0.000000	-23.816919	1787.194336	1.000000
0.000000	-7870.570801	-93100.015625	1.000000
0.000000	-538.127319	1148.105713	1.000000
0.000000	-11.588315	264.390015	1.000000
0.000000	282.333527	-61.901894	1.000000
0.000000	53.478527	292.100525	1.000000
0.000000	-42858.816406	-77751.132812	1.000000
0.000000	340.816254	-1059.033447	1.000000
0.000000	-40.920586	281.950928	1.000000
0.000000	-64.622841	-236.094757	1.000000
0.000000	-454.532593	661.834839	1.000000
0.000000	357.810699	101.414093	1.000000
0.000000	204.462952	951.174927	1.000000
0.000000	-156.526520	115.604607	1.000000
0.000000	200.512939	485.068268	1.000000
0.000000	-10945.506836	558.668884	1.000000
0.000000	28171368.000000	16549397.000000	1.000000
0.000000	269.867523	-596.451538	1.000000
0.000000	-32795.914062	266805.937500	1.000000
0.000000	-175.421021	6.629236	1.000000
0.000000	1437.619629	2704.600098	1.000000
0.000000	4596.111816	10666.500977	1.000000
0.000000	-48581.234375	-126250.796875	1.000000
0.000000	103.587860	-488.304535	1.000000
0.000000	1929694.125000	165194.984375	1.000000
0.000000	-180163.671875	-177937.812500	1.000000
0.000000	-70166.445312	13769.604492	1.000000
0.000000	230.733963	-73.871750	1.000000
0.000000	-131092.562500	14907.966797	1.000000
0.000000	-1021.289124	209.019043	1.000000
0.000000	-1291.088989	1045.276489	1.000000
0.000000	-1171.906494	1114.081909	1.000000
0.000000	49246.667969	57502.312500	1.000000
0.000000	83920.570312	3716.808350	1.000000
0.000000	1003.145813	-420.136597	1.000000
0.000000	-303.320282	-247.676712	1.000000
0.000000	-1589278.625000	-1200867.375000	1.000000
0.000000	-214.492691	127.955734	1.000000
0.000000	2590553.750000	19313.218750	1.000000
0.000000	115.036240	-128.164230	1.000000
0.000000	-10414.093750	13145.791016	1.000000
0.000000	1826645.375000	135424.734375	1.000000
0.000000	-1571.671509	733.720215	1.000000
0.000000	211.458771	36.234997	1.000000
0.000000	300.186218	-0.181206	1.000000
0.000000	497.384705	998.418274	1.000000
0.000000	-10576.426758	7372.496582	1.000000
0.000000	-312.100708	148.577698	1.000000
0.000000	27331.517578	25834.660156	1.000000
0.000000	28.905474	251.862106	1.000000
0.000000	270.235565	436.257599	1.000000
0.000000	15.074730	-9068.619141	1.000000
0.000000	-5539.466309	9772.187500	1.000000
0.000000	459113.718750	25629.457031	1.000000
0.000000	-957.135437	1078.329102	1.000000
0.000000	2126.764160	-5297.541504	1.000000
0.000000	3485.854980	-2027.141846	1.000000
0.000000	106.346161	19.610489	1.000000
0.000000	170.229156	147.111450	1.000000
0.000000	993.333252	-682.798706	1.000000
0.000000	1200.423706	11793.247070	1.000000
0.000000	18102.398438	-23773.083984	1.000000
0.000000	256.644012	-12.096514	1.000000
0.000000	-16.859623	-145.333344	1.000000
0.000000	1199.893799	1139.217529	1.000000
0.000000	347.106750	-44.027470	1.000000
0.000000	96.531075	108.095024	1.000000
0.000000	-1497.072266	112.993660	1.000000
0.000000	75252.921875	-7415.541992	1.000000
0.000000	64.470131	340.205322	1.000000
0.000000	-275.064697	-720.712036	1.000000
0.000000	1182.791260	-9665.232422	1.000000
0.000000	227.405090	241.455566	1.000000
0.000000	187.119415	176.488968	1.000000
0.000000	-3892.949463	-4663.942871	1.000000
0.000000	448.010834	221.625778	1.000000
0.000000	-1975.312866	-2928.553955	1.000000
0.000000	-22.271095	211.152298	1.000000
0.000000	22233.234375	39023.476562	1.000000
0.000000	282.496674	-24.119944	1.000000
0.000000	816.963562	-550.986145	1.000000
0.000000	1193.860596	666.099548	1.000000
0.000000	-316.918854	565.981934	1.000000
0.000000	98.478752	-262.117340	1.000000
0.000000	9549.323242	4902.980957	1.000000
0.000000	-92710.703125	-330171.468750	1.000000
0.000000	7917.077637	16946.472656	1.000000
0.000000	166.516357	-132.705704	1.000000
0.000000	3376.635498	-978.231812	1.000000
0.000000	-423390.187500	-81895.359375	1.000000
0.000000	-44105600.000000	-10494824.000000	1.000000
0.000000	5992.184570	-4645.985840	1.000000
0.000000	-261.839447	91.923828	1.000000
0.000000	965.330078	-1728.307251	1.000000
0.000000	5907.379883	399.713501	1.000000
0.000000	-196.739151	-73.673134	1.000000
0.000000	-413.880432	1020.036987	1.000000
0.000000	-18790.798828	138.871048	1.000000
0.000000	-558.332703	-155.047531	1.000000
0.000000	290.650055	-277.371552	1.000000
0.000000	14481.011719	-11066.409180	1.000000
