0.000000	31380.238281	455923.437500	1.000000
0.000000	215056.218750	175423.921875	1.000000
0.000000	1214.549316	-12965.891602	1.000000
0.000000	-332.419128	645.923889	1.000000
0.000000	16873.849609	27201.820312	1.000000
0.000000	-13509.458008	711.967590	1.000000
0.000000	-513.335022	-2537.874756	1.000000
0.000000	-595511.187500	1523932.125000	1.000000
0.000000	3670.625244	-2039.907227	1.000000
0.000000	9292453.000000	3386659.750000	1.000000
0.000000	78697400.000000	19959642.000000	1.000000
0.000000	-460.419006	-235.184387	1.000000
0.000000	-385.794739	265.469666	1.000000
0.000000	85.514381	-435.328094	1.000000
0.000000	-73337376.000000	-31090268.000000	1.000000
0.000000	901.983826	-4425.103027	1.000000
0.000000	419.583008	-595.240601	1.000000
0.000000	-6269.656738	7970.693359	1.000000
0.000000	-986.854675	24.906731	1.000000
0.000000	-369.249542	467.403168	1.000000
0.000000	963.049133	8196.862305	1.000000
0.000000	10418.535156	85127.960938	1.000000
0.000000	-84.810173	1010.711548	1.000000
0.000000	373.035492	-35.881050	1.000000
0.000000	-206998.140625	-53471.230469	1.000000
0.000000	606.432922	-43.853561	1.000000
0.000000	10384.020508	35181.652344	1.000000
0.000000	-4117.109375	11542.544922	1.000000
0.000000	577.483215	-273.864410	1.000000
0.000000	-61273.828125	-273296.843750	1.000000
0.000000	5057.986328	-8748.826172	1.000000
0.000000	5066.427734	954.117798	1.000000
0.000000	-442.593018	536.982971	1.000000
0.000000	-678.280090	-75.739273	1.000000
0.000000	-391.093109	-153.556534	1.000000
0.000000	5037.928711	2861.255615	1.000000
0.000000	-169.800171	-138.321365	1.000000
0.000000	-5888.130371	-1627.643677	1.000000
0.000000	-246218.421875	-73913.750000	1.000000
0.000000	-46585.496094	-6277.541504	1.000000
0.000000	615.276672	212.473801	1.000000
0.000000	650.921326	-144.134644	1.000000
0.000000	-3.575080	430.425171	1.000000
0.000000	-167.148819	-308.094666	1.000000
0.000000	71.708633	426.074432	1.000000
0.000000	-633.100281	-94.621170	1.000000
0.000000	-3923.182617	3244.477539	1.000000
0.000000	-936.205688	588.133484	1.000000
0.000000	-154.491562	-444.702881	1.000000
0.000000	-442.646606	-120.662209	1.000000
0.000000	7231.444824	6259.227539	1.000000
0.000000	-972.812317	1533.973999	1.000000
0.000000	-81.397095	1191.167725	1.000000
0.000000	-3507.300049	-11493.375977	1.000000
0.000000	476.515259	28.294283	1.000000
0.000000	-11.859930	-455.833618	1.000000
0.000000	319.703461	111.216156	1.000000
0.000000	29405522.000000	-21550876.000000	1.000000
0.000000	-707.045715	1773.889771	1.000000
0.000000	373.474396	663.048523	1.000000
0.000000	1615.465698	26079.767578	1.000000
0.000000	3335.722168	-1824.296631	1.000000
0.000000	-189.383850	-412.903564	1.000000
0.000000	262.641205	-520.168823	1.000000
0.000000	5270.294434	-3048.258789	1.000000
0.000000	401213.750000	-1051564.750000	1.000000
0.000000	40045.601562	142434.562500	1.000000
0.000000	899154304.000000	-490293056.000000	1.000000
0.000000	4996.290039	-15014.234375	1.000000
0.000000	-11819835.000000	-661073.812500	1.000000
0.000000	10706.706055	-14955.657227	1.000000
0.000000	-74.644806	-537.294861	1.000000
0.000000	-410.565857	-889.678772	1.000000
0.000000	-319.580688	915.885010	1.000000
0.000000	424102.062500	2444.951416	1.000000
0.000000	-9523.837891	10596.364258	1.000000
0.000000	-352.339996	495.196960	1.000000
0.000000	16.538784	-467.483124	1.000000
0.000000	3439.687012	-13468.596680	1.000000
0.000000	-935690816.000000	516809408.000000	1.000000
0.000000	1333545.500000	80414.265625	1.000000
0.000000	370964.312500	-121760.437500	1.000000
0.000000	282242.625000	227452.375000	1.000000
0.000000	24739.240234	-23052.214844	1.000000
0.000000	2203343.750000	933437.562500	1.000000
0.000000	-246.739670	372.627686	1.000000
0.000000	-87.213249	-73.013222	1.000000
0.000000	-3054.501221	-228.649612	1.000000
0.000000	-1692.038208	1897.214722	1.000000
0.000000	181.334717	437.625732	1.000000
0.000000	-34.048077	-219.683716	1.000000
0.000000	-1385.114868	1053.344116	1.000000
0.000000	1063.152344	-282.400696	1.000000
0.000000	273.995911	-10.148799	1.000000
0.000000	-4355021.000000	2416277.250000	1.000000
0.000000	1259.680908	701.584778	1.000000
0.000000	-296.596313	-88083.765625	1.000000
0.000000	1711789.125000	-2028472.500000	1.000000
0.000000	845.292480	-1337.944824	1.000000
0.000000	-117.722702	-5402.397949	1.000000
0.000000	691415.187500	-227604.250000	1.000000
0.000000	12310197.000000	-6573529.500000	1.000000
0.000000	-21986.474609	-21679.757812	1.000000
0.000000	170839.234375	-24629.546875	1.000000
0.000000	-50.520756	342.599945	1.000000
0.000000	456.668915	-84.406471	1.000000
0.000000	452.567688	-1832.040283	1.000000
0.000000	-263.326904	-372.854767	1.000000
0.000000	169.864960	-429.795624	1.000000
0.000000	-932.417603	1235.431763	1.000000
0.000000	-378.219910	-3070.241455	1.000000
0.000000	-54042.593750	119833.890625	1.000000
0.000000	150.020233	408.355164	1.000000
0.000000	-518.134460	69.986885	1.000000
0.000000	32.477802	-1029.880249	1.000000
0.000000	-64466.394531	15446.917969	1.000000
0.000000	2485.390869	947.977112	1.000000
0.000000	55916.191406	149689.921875	1.000000
0.000000	-13396.293945	6549.604492	1.000000
0.000000	-41913.519531	-29685.722656	1.000000
0.000000	-8316.844727	13907.564453	1.000000
0.000000	459.370117	413.650635	1.000000
0.000000	-434.233032	284.086426	1.000000
0.000000	1674.786865	3062.230225	1.000000
0.000000	792.601562	-458.225739	1.000000
0.000000	1816.791992	-6.611392	1.000000
0.000000	598.889404	-698.900085	1.000000
0.000000	13955.382812	-14400.500000	1.000000
0.000000	-441.228821	-221.239517	1.000000
0.000000	-1228.978271	1371.328979	1.000000
0.000000	348.502655	370.964752	1.000000
0.000000	-13179.663086	-3018.980225	1.000000
0.000000	-28765.941406	-61640.343750	1.000000
0.000000	1788.227295	8190.612305	1.000000
0.000000	-2430.877441	1718.837402	1.000000
0.000000	241.273773	-215.107681	1.000000
0.000000	-35.924992	90.933784	1.000000
0.000000	-3720.948486	-15909.235352	1.000000
0.000000	917.516296	16.758747	1.000000
0.000000	-8938.695312	12944.871094	1.000000
0.000000	-848.385498	-3327.662598	1.000000
0.000000	925.413513	726.852722	1.000000
0.000000	440.027313	-287.015076	1.000000
0.000000	-5492.855957	-20486.802734	1.000000
0.000000	10.093729	-478.064484	1.000000
0.000000	22472.246094	-24749.400391	1.000000
0.000000	-404.374176	-290.304199	1.000000
0.000000	-3300464.250000	1376390.750000	1.000000
0.000000	-18043.693359	-1404.539185	1.000000
0.000000	-122.745476	717.394775	1.000000
0.000000	209.767059	-488.649689	1.000000
0.000000	6734.122559	2558.082031	1.000000
0.000000	-25990.224609	-23317.019531	1.000000
0.000000	-586712.625000	317557.968750	1.000000
0.000000	-108536.234375	248942.140625	1.000000
0.000000	37870.179688	-56191.003906	1.000000
0.000000	699.048584	-1838.067505	1.000000
0.000000	194.733414	302.050568	1.000000
0.000000	-255.010834	-276.138977	1.000000
0.000000	-429.284668	827.211304	1.000000
0.000000	4112436.000000	2116301.500000	1.000000
0.000000	317.513092	241.028091	1.000000
0.000000	-45335.082031	76103.406250	1.000000
0.000000	842.115784	1759.121582	1.000000
0.000000	4978.885254	12525.217773	1.000000
0.000000	604.229675	1456.292969	1.000000
0.000000	-44205.097656	2477.865967	1.000000
0.000000	245583.765625	-842228.687500	1.000000
0.000000	-363.451508	-206.106552	1.000000
0.000000	596.020569	-118.433525	1.000000
0.000000	-32922.292969	-140148.578125	1.000000
0.000000	-14387.735352	-13422.500000	1.000000
0.000000	-533.472656	-89.861366	1.000000
0.000000	-323787.656250	730136.875000	1.000000
0.000000	-31231.644531	-19594.375000	1.000000
0.000000	-560.719360	-1143.212524	1.000000
0.000000	188.631332	-501.534943	1.000000
0.000000	-3484.037598	-12819.634766	1.000000
0.000000	135.898010	-463.724030	1.000000
0.000000	3246.357422	2853.742188	1.000000
0.000000	100.200867	54.877739	1.000000
0.000000	798989.562500	-982912.687500	1.000000
0.000000	-529.421204	433.108154	1.000000
0.000000	-3136.215088	-2133.759033	1.000000
0.000000	-58.529675	3044.926025	1.000000
0.000000	-422.612366	405.398346	1.000000
0.000000	19775.998047	10669.906250	1.000000
0.000000	219.626495	560.698669	1.000000
0.000000	-3506.176270	-1959.741333	1.000000
0.000000	65147.058594	112800.539062	1.000000
0.000000	376.962616	313.448090	1.000000
0.000000	484892.843750	100948.515625	1.000000
0.000000	-348.983978	334.025513	1.000000
0.000000	78.349174	440.250854	1.000000
0.000000	345.010590	260.811951	1.000000
0.000000	-436.990356	-105.241165	1.000000
0.000000	-52365.214844	-2876.733643	1.000000
0.000000	11474.797852	1502.828491	1.000000
0.000000	-38.712105	-325.404388	1.000000
0.000000	88.882591	1630.287598	1.000000
0.000000	-7879.994629	-93280.953125	1.000000
0.000000	-653.804810	993.554932	1.000000
0.000000	-139.098434	409.281372	1.000000
0.000000	466.804962	-118.651009	1.000000
0.000000	64.050888	484.817810	1.000000
0.000000	-43009.597656	-77630.507812	1.000000
0.000000	189.943008	-1179.658447	1.000000
0.000000	59.535324	446.750122	1.000000
0.000000	-150.990280	-63.509895	1.000000
0.000000	-472.202271	854.080933	1.000000
0.000000	492.689240	-36.635109	1.000000
0.000000	250.345215	1138.709106	1.000000
0.000000	-246.818573	286.175873	1.000000
0.000000	355.985077	599.359924	1.000000
0.000000	-11137.752930	544.533142	1.000000
0.000000	28171368.000000	16549397.000000	1.000000
0.000000	400.034149	-738.986938	1.000000
0.000000	-32720.523438	266685.312500	1.000000
0.000000	-368.373901	1.725500	1.000000
0.000000	1598.295898	2598.110840	1.000000
0.000000	4407.635254	10711.735352	1.000000
0.000000	-48385.218750	-126250.796875	1.000000
0.000000	-65.853790	-580.658081	1.000000
0.000000	1929694.125000	165315.609375	1.000000
0.000000	-179982.734375	-177937.812500	1.000000
0.000000	-70317.226562	13660.288086	1.000000
0.000000	346.764862	-228.079468	1.000000
0.000000	-131152.875000	15092.673828	1.000000
0.000000	-1193.277710	296.307251	1.000000
0.000000	-1412.185181	895.168701	1.000000
0.000000	-1221.852783	1300.673706	1.000000
0.000000	49291.902344	57683.250000	1.000000
0.000000	83769.789062	3600.895264	1.000000
0.000000	1186.937134	-361.473267	1.000000
0.000000	-474.833954	-336.137360	1.000000
0.000000	-1589278.625000	-1200867.375000	1.000000
0.000000	-400.731079	178.667740	1.000000
0.000000	2590553.750000	19486.617188	1.000000
0.000000	182.068909	-309.143341	1.000000
0.000000	-10527.179688	13304.111328	1.000000
0.000000	1826645.375000	135304.109375	1.000000
0.000000	-1549.525513	925.495117	1.000000
0.000000	398.594635	79.179298	1.000000
0.000000	458.953491	-102.557297	1.000000
0.000000	343.305115	882.269592	1.000000
0.000000	-10708.360352	7513.854004	1.000000
0.000000	-501.284058	186.803101	1.000000
0.000000	27339.056641	26030.675781	1.000000
0.000000	169.791534	383.795685	1.000000
0.000000	278.952606	629.021179	1.000000
0.000000	-172.678680	-9023.384766	1.000000
0.000000	-5731.712402	9775.957031	1.000000
0.000000	459234.343750	25486.214844	1.000000
0.000000	-1138.072998	1145.238281	1.000000
0.000000	2282.257324	-5182.570801	1.000000
0.000000	3489.624512	-2220.330322	1.000000
0.000000	211.899078	181.173721	1.000000
0.000000	335.263947	247.121826	1.000000
0.000000	910.167969	-856.903931	1.000000
0.000000	1222.569702	11601.000977	1.000000
0.000000	17913.921875	-23810.779297	1.000000
0.000000	449.125702	-26.128159	1.000000
0.000000	-6.048614	-338.050629	1.000000
0.000000	1039.688721	1246.649170	1.000000
0.000000	540.059631	-48.960255	1.000000
0.000000	127.482460	298.577240	1.000000
0.000000	-1313.307617	171.841187	1.000000
0.000000	75433.859375	-7394.809570	1.000000
0.000000	115.859444	526.217102	1.000000
0.000000	-82.058731	-720.712036	1.000000
0.000000	1170.540283	-9472.986328	1.000000
0.000000	344.128326	395.181763	1.000000
0.000000	334.339172	301.317169	1.000000
0.000000	-3804.365479	-4492.429199	1.000000
0.000000	638.372192	253.077805	1.000000
0.000000	-2130.084473	-3043.524658	1.000000
0.000000	59.069698	386.199890	1.000000
0.000000	22263.390625	39219.492188	1.000000
0.000000	475.449554	-23.486780	1.000000
0.000000	1009.916443	-547.687805	1.000000
0.000000	1360.662354	763.164978	1.000000
0.000000	-324.929108	758.699219	1.000000
0.000000	220.222824	-411.838409	1.000000
0.000000	9647.331055	4737.121582	1.000000
0.000000	-92620.234375	-330292.093750	1.000000
0.000000	8109.323730	16954.011719	1.000000
0.000000	291.028687	-280.188599	1.000000
0.000000	3439.775146	-795.645142	1.000000
0.000000	-423269.562500	-82046.140625	1.000000
0.000000	-44105600.000000	-10494824.000000	1.000000
0.000000	6078.883789	-4474.472168	1.000000
0.000000	-335.109711	270.499420	1.000000
0.000000	1134.487793	-1635.482544	1.000000
0.000000	5756.598633	279.795288	1.000000
0.000000	-375.909668	-145.434311	1.000000
0.000000	-606.597717	1010.613159	1.000000
0.000000	-18760.642578	-51.686272	1.000000
0.000000	-751.285583	-160.407333	1.000000
0.000000	312.678253	-469.146454	1.000000
0.000000	14658.179688	-10991.018555	1.000000
