0.000000	31438.343750	455868.750000	1.000000
0.000000	215028.875000	175341.890625	1.000000
0.000000	1201.518311	-12878.733398	1.000000
0.000000	-419.897766	647.205627	1.000000
0.000000	16880.685547	27290.687500	1.000000
0.000000	-13594.907227	731.727722	1.000000
0.000000	-591.841492	-2499.422607	1.000000
0.000000	-595401.812500	1523932.125000	1.000000
0.000000	3625.764404	-2115.102539	1.000000
0.000000	9292453.000000	3386659.750000	1.000000
0.000000	78697400.000000	19959642.000000	1.000000
0.000000	-375.984497	-212.273315	1.000000
0.000000	-344.351868	188.405151	1.000000
0.000000	88.732079	-347.902863	1.000000
0.000000	-73337376.000000	-31090268.000000	1.000000
0.000000	825.827209	-4467.827637	1.000000
0.000000	399.075195	-510.217529	1.000000
0.000000	-6224.368652	7895.498047	1.000000
0.000000	-987.068298	112.409088	1.000000
0.000000	-339.235504	385.211700	1.000000
0.000000	944.250305	8111.413086	1.000000
0.000000	10339.921875	85086.945312	1.000000
0.000000	-67.880547	924.835083	1.000000
0.000000	308.628143	23.343002	1.000000
0.000000	-207052.828125	-53409.707031	1.000000
0.000000	519.167908	-50.702850	1.000000
0.000000	10385.729492	35270.519531	1.000000
0.000000	-4031.338623	11559.634766	1.000000
0.000000	501.006165	-231.353424	1.000000
0.000000	-61362.695312	-273296.843750	1.000000
0.000000	5110.110352	-8818.894531	1.000000
0.000000	4981.833008	932.541870	1.000000
0.000000	-361.896912	503.123749	1.000000
0.000000	-614.299988	-135.366806	1.000000
0.000000	-322.733734	-98.975845	1.000000
0.000000	4958.460938	2824.939697	1.000000
0.000000	-88.430000	-106.162025	1.000000
0.000000	-5820.625488	-1572.315308	1.000000
0.000000	-246245.765625	-73831.718750	1.000000
0.000000	-46653.855469	-6224.562988	1.000000
0.000000	547.771790	156.771591	1.000000
0.000000	600.399475	-72.720810	1.000000
0.000000	-2.789432	342.946533	1.000000
0.000000	-127.735283	-229.970932	1.000000
0.000000	60.829159	339.236664	1.000000
0.000000	-600.095520	-175.664413	1.000000
0.000000	-3994.959961	3294.465332	1.000000
0.000000	-886.538330	516.035706	1.000000
0.000000	-135.238785	-359.360474	1.000000
0.000000	-357.037170	-102.664467	1.000000
0.000000	7144.286621	6268.626953	1.000000
0.000000	-925.067566	1607.246704	1.000000
0.000000	-31.663002	1263.158691	1.000000
0.000000	-3456.457764	-11565.153320	1.000000
0.000000	395.712341	-5.261460	1.000000
0.000000	-14.022863	-368.354980	1.000000
0.000000	232.270981	114.246933	1.000000
0.000000	29405522.000000	-21550876.000000	1.000000
0.000000	-636.550110	1722.192993	1.000000
0.000000	431.099213	597.145813	1.000000
0.000000	1660.540161	26154.962891	1.000000
0.000000	3302.396973	-1743.333496	1.000000
0.000000	-143.348083	-338.509338	1.000000
0.000000	215.430511	-446.516388	1.000000
0.000000	5324.127441	-2979.472168	1.000000
0.000000	401159.062500	-1051564.750000	1.000000
0.000000	40120.796875	142489.250000	1.000000
0.000000	899154304.000000	-490293056.000000	1.000000
0.000000	5052.686523	-14947.583984	1.000000
0.000000	-11819835.000000	-661183.187500	1.000000
0.000000	10662.272461	-15030.852539	1.000000
0.000000	-48.796413	-453.698700	1.000000
0.000000	-344.502930	-832.320984	1.000000
0.000000	-407.005920	918.875732	1.000000
0.000000	424211.437500	2466.740967	1.000000
0.000000	-9438.388672	10616.872070	1.000000
0.000000	-267.424835	516.238831	1.000000
0.000000	24.202511	-380.324921	1.000000
0.000000	3431.142090	-13381.438477	1.000000
0.000000	-935690816.000000	516809408.000000	1.000000
0.000000	1333545.500000	80332.234375	1.000000
0.000000	370854.937500	-121746.765625	1.000000
0.000000	282352.000000	227425.031250	1.000000
0.000000	24817.853516	-23093.230469	1.000000
0.000000	2203343.750000	933546.937500	1.000000
0.000000	-200.650497	298.233459	1.000000
0.000000	-1.818344	-53.934010	1.000000
0.000000	-3109.188721	-296.998291	1.000000
0.000000	-1681.784302	1810.270142	1.000000
0.000000	140.986664	359.973755	1.000000
0.000000	-11.567892	-135.115692	1.000000
0.000000	-1300.733765	1076.415405	1.000000
0.000000	989.238831	-235.552185	1.000000
0.000000	254.554245	-95.460403	1.000000
0.000000	-4355021.000000	2416277.250000	1.000000
0.000000	1184.058350	657.685242	1.000000
0.000000	-210.972824	-88070.093750	1.000000
0.000000	1711789.125000	-2028472.500000	1.000000
0.000000	828.950317	-1423.821289	1.000000
0.000000	-189.662170	-5352.837402	1.000000
0.000000	691415.187500	-227522.218750	1.000000
0.000000	12310197.000000	-6573529.500000	1.000000
0.000000	-21965.966797	-21594.308594	1.000000
0.000000	170757.203125	-24578.277344	1.000000
0.000000	-12.864716	263.612823	1.000000
0.000000	372.928680	-58.959946	1.000000
0.000000	537.269226	-1810.250732	1.000000
0.000000	-205.755493	-306.952057	1.000000
0.000000	138.008423	-348.298431	1.000000
0.000000	-907.316895	1151.691528	1.000000
0.000000	-293.411560	-3091.603760	1.000000
0.000000	-53953.726562	119833.890625	1.000000
0.000000	119.094452	326.484131	1.000000
0.000000	-433.490204	47.823490	1.000000
0.000000	-51.670139	-1053.806030	1.000000
0.000000	-64541.589844	15494.769531	1.000000
0.000000	2459.328857	864.450500	1.000000
0.000000	55847.832031	149635.234375	1.000000
0.000000	-13312.553711	6576.948242	1.000000
0.000000	-41845.160156	-29736.992188	1.000000
0.000000	-8388.622070	13858.003906	1.000000
0.000000	380.329590	376.159790	1.000000
0.000000	-369.772278	224.898819	1.000000
0.000000	1611.768066	3122.899170	1.000000
0.000000	708.113647	-435.421478	1.000000
0.000000	1872.974854	60.452339	1.000000
0.000000	581.799561	-613.130432	1.000000
0.000000	13974.181641	-14315.050781	1.000000
0.000000	-366.620972	-175.550888	1.000000
0.000000	-1195.866699	1452.292114	1.000000
0.000000	285.964508	309.761749	1.000000
0.000000	-13265.112305	-2999.754150	1.000000
0.000000	-28711.253906	-61571.984375	1.000000
0.000000	1740.375732	8117.125977	1.000000
0.000000	-2484.283203	1788.051270	1.000000
0.000000	161.218536	-179.806473	1.000000
0.000000	21.950394	156.561920	1.000000
0.000000	-3776.490479	-15977.594727	1.000000
0.000000	833.455627	-7.658890	1.000000
0.000000	-8851.537109	12938.035156	1.000000
0.000000	-874.767944	-3244.349609	1.000000
0.000000	934.919739	639.908142	1.000000
0.000000	354.524689	-268.429871	1.000000
0.000000	-5579.159668	-20500.474609	1.000000
0.000000	5.490820	-390.692657	1.000000
0.000000	22496.171875	-24663.951172	1.000000
0.000000	-345.360809	-225.683212	1.000000
0.000000	-3300464.250000	1376390.750000	1.000000
0.000000	-18012.931641	-1322.935181	1.000000
0.000000	-85.948906	638.033813	1.000000
0.000000	180.607513	-406.137787	1.000000
0.000000	6705.924316	2640.967773	1.000000
0.000000	-26072.255859	-23344.363281	1.000000
0.000000	-586712.625000	317503.281250	1.000000
0.000000	-108536.234375	249024.171875	1.000000
0.000000	37959.046875	-56191.003906	1.000000
0.000000	642.438477	-1771.417114	1.000000
0.000000	152.703079	225.306503	1.000000
0.000000	-235.010376	-361.321167	1.000000
0.000000	-405.412292	743.043823	1.000000
0.000000	4112436.000000	2116301.500000	1.000000
0.000000	231.743423	223.751328	1.000000
0.000000	-45300.902344	76021.375000	1.000000
0.000000	763.182068	1721.310303	1.000000
0.000000	4894.290527	12547.434570	1.000000
0.000000	612.881409	1543.451172	1.000000
0.000000	-44143.574219	2413.779053	1.000000
0.000000	245665.796875	-842228.687500	1.000000
0.000000	-284.304169	-168.829330	1.000000
0.000000	508.755585	-125.176003	1.000000
0.000000	-32956.472656	-140066.546875	1.000000
0.000000	-14358.682617	-13504.531250	1.000000
0.000000	-446.100830	-85.428688	1.000000
0.000000	-323678.281250	730136.875000	1.000000
0.000000	-31306.839844	-19638.808594	1.000000
0.000000	-481.592560	-1105.828491	1.000000
0.000000	164.999283	-417.314056	1.000000
0.000000	-3567.777832	-12794.000000	1.000000
0.000000	110.592865	-379.983795	1.000000
0.000000	3220.295410	2937.055176	1.000000
0.000000	58.785538	131.956284	1.000000
0.000000	799098.937500	-982912.687500	1.000000
0.000000	-443.117523	418.528381	1.000000
0.000000	-3219.955322	-2108.978760	1.000000
0.000000	-40.144741	2959.476807	1.000000
0.000000	-360.875305	343.394257	1.000000
0.000000	19820.431641	10594.710938	1.000000
0.000000	133.376190	575.438660	1.000000
0.000000	-3422.863281	-1932.397583	1.000000
0.000000	65119.714844	112718.507812	1.000000
0.000000	312.448456	254.328674	1.000000
0.000000	484892.843750	100866.484375	1.000000
0.000000	-285.698151	273.623596	1.000000
0.000000	79.457344	352.772217	1.000000
0.000000	330.003571	174.615051	1.000000
0.000000	-349.671936	-99.673615	1.000000
0.000000	-52399.394531	-2956.201416	1.000000
0.000000	11428.655273	1428.487671	1.000000
0.000000	-62.491020	-241.188202	1.000000
0.000000	37.786633	1701.424072	1.000000
0.000000	-7875.722168	-93198.921875	1.000000
0.000000	-601.360352	1063.623291	1.000000
0.000000	-81.286705	343.592285	1.000000
0.000000	383.171539	-92.922783	1.000000
0.000000	59.257717	397.445984	1.000000
0.000000	-42941.238281	-77685.195312	1.000000
0.000000	258.329987	-1124.970947	1.000000
0.000000	13.992317	372.035461	1.000000
0.000000	-111.838341	-141.760345	1.000000
0.000000	-464.191406	766.922729	1.000000
0.000000	431.539642	25.950623	1.000000
0.000000	229.543671	1053.687134	1.000000
0.000000	-205.883057	208.844345	1.000000
0.000000	285.489471	547.556335	1.000000
0.000000	-11050.594727	550.941833	1.000000
0.000000	28171368.000000	16549397.000000	1.000000
0.000000	341.020782	-674.365967	1.000000
0.000000	-32754.703125	266740.000000	1.000000
0.000000	-280.895264	3.948906	1.000000
0.000000	1525.450439	2646.389648	1.000000
0.000000	4493.084473	10691.227539	1.000000
0.000000	-48474.085938	-126250.796875	1.000000
0.000000	10.964341	-538.787964	1.000000
0.000000	1929694.125000	165260.921875	1.000000
0.000000	-180064.765625	-177937.812500	1.000000
0.000000	-70248.867188	13709.848633	1.000000
0.000000	294.160187	-158.171326	1.000000
0.000000	-131125.531250	15008.933594	1.000000
0.000000	-1115.305298	256.733582	1.000000
0.000000	-1357.284058	963.207642	1.000000
0.000000	-1199.208740	1216.078979	1.000000
0.000000	49271.394531	57601.218750	1.000000
0.000000	83838.148438	3653.446533	1.000000
0.000000	1103.624146	-388.069336	1.000000
0.000000	-397.075165	-296.029633	1.000000
0.000000	-1589278.625000	-1200867.375000	1.000000
0.000000	-316.296570	155.676559	1.000000
0.000000	2590553.750000	19408.003906	1.000000
0.000000	151.681030	-227.102676	1.000000
0.000000	-10475.910156	13232.333984	1.000000
0.000000	1826645.375000	135358.796875	1.000000
0.000000	-1559.565796	838.550537	1.000000
0.000000	313.305634	59.658005	1.000000
0.000000	386.161438	-53.984756	1.000000
0.000000	413.159851	934.927673	1.000000
0.000000	-10648.545898	7449.767090	1.000000
0.000000	-415.514404	169.472931	1.000000
0.000000	27335.638672	25941.808594	1.000000
0.000000	105.918251	323.981232	1.000000
0.000000	275.000580	541.649353	1.000000
0.000000	-87.556236	-9043.892578	1.000000
0.000000	-5644.554199	9774.248047	1.000000
0.000000	459179.656250	25551.156250	1.000000
0.000000	-1056.041748	1114.903809	1.000000
0.000000	2211.761719	-5234.694824	1.000000
0.000000	3487.915527	-2132.744873	1.000000
0.000000	164.047516	107.927719	1.000000
0.000000	260.442474	201.780334	1.000000
0.000000	947.872437	-777.970215	1.000000
0.000000	1212.529419	11688.159180	1.000000
0.000000	17999.371094	-23793.689453	1.000000
0.000000	361.860687	-19.766197	1.000000
0.000000	-10.949929	-250.678802	1.000000
0.000000	1112.320557	1197.943115	1.000000
0.000000	452.580994	-46.723888	1.000000
0.000000	113.450096	212.220108	1.000000
0.000000	-1396.620605	145.165009	1.000000
0.000000	75351.828125	-7404.208984	1.000000
0.000000	92.561180	441.880432	1.000000
0.000000	-169.564072	-720.712036	1.000000
0.000000	1176.094482	-9560.144531	1.000000
0.000000	291.203217	325.487244	1.000000
0.000000	267.581970	244.712387	1.000000
0.000000	-3844.526611	-4570.187988	1.000000
0.000000	552.068481	238.818466	1.000000
0.000000	-2060.016113	-2991.400635	1.000000
0.000000	22.193020	306.838928	1.000000
0.000000	22249.718750	39130.625000	1.000000
0.000000	387.970917	-23.773836	1.000000
0.000000	922.437805	-549.183167	1.000000
0.000000	1285.039795	719.158630	1.000000
0.000000	-321.297516	671.327393	1.000000
0.000000	165.027969	-343.959686	1.000000
0.000000	9602.897461	4812.316895	1.000000
0.000000	-92661.250000	-330237.406250	1.000000
0.000000	8022.165527	16950.593750	1.000000
0.000000	234.578796	-213.324600	1.000000
0.000000	3411.149658	-878.424072	1.000000
0.000000	-423324.250000	-81977.781250	1.000000
0.000000	-44105600.000000	-10494824.000000	1.000000
0.000000	6039.577148	-4552.230957	1.000000
0.000000	-301.891327	189.536285	1.000000
0.000000	1057.797119	-1677.566284	1.000000
0.000000	5824.958008	334.162354	1.000000
0.000000	-294.679504	-112.904015	1.000000
0.000000	-519.225891	1014.885620	1.000000
0.000000	-18774.314453	34.704689	1.000000
0.000000	-663.806946	-157.977371	1.000000
0.000000	302.691376	-382.201874	1.000000
0.000000	14577.857422	-11025.198242	1.000000
