0.000000	31575.472656	455739.687500	1.000000
0.000000	214964.343750	175148.296875	1.000000
0.000000	1170.765137	-12673.040039	1.000000
0.000000	-626.347351	650.230530	1.000000
0.000000	16896.818359	27500.414062	1.000000
0.000000	-13796.567383	778.361633	1.000000
0.000000	-777.116760	-2408.675537	1.000000
0.000000	-595143.687500	1523932.125000	1.000000
0.000000	3519.892822	-2292.563477	1.000000
0.000000	9292453.000000	3386659.750000	1.000000
0.000000	78697400.000000	19959642.000000	1.000000
0.000000	-176.719055	-158.203186	1.000000
0.000000	-246.552795	6.516644	1.000000
0.000000	96.325844	-141.544357	1.000000
0.000000	-73337376.000000	-31090268.000000	1.000000
0.000000	646.097595	-4568.657715	1.000000
0.000000	350.676758	-309.439636	1.000000
0.000000	-6117.488770	7718.037109	1.000000
0.000000	-987.572449	318.902496	1.000000
0.000000	-268.402374	191.239853	1.000000
0.000000	899.885071	7909.752930	1.000000
0.000000	10154.394531	84990.148438	1.000000
0.000000	-27.927435	722.166626	1.000000
0.000000	157.529816	160.559387	1.000000
0.000000	-207181.890625	-53264.511719	1.000000
0.000000	313.344147	-66.867172	1.000000
0.000000	10389.762695	35480.246094	1.000000
0.000000	-3828.670166	11599.966797	1.000000
0.000000	320.520325	-131.027496	1.000000
0.000000	-61572.421875	-273296.843750	1.000000
0.000000	5233.123047	-8984.255859	1.000000
0.000000	4782.189453	881.622681	1.000000
0.000000	-171.454102	423.215912	1.000000
0.000000	-463.266296	-276.096771	1.000000
0.000000	-161.368668	29.845264	1.000000
0.000000	4770.916992	2739.234131	1.000000
0.000000	103.619133	-30.256063	1.000000
0.000000	-5661.313965	-1441.740356	1.000000
0.000000	-246310.296875	-73638.125000	1.000000
0.000000	-46815.183594	-6099.533691	1.000000
0.000000	388.558014	25.290171	1.000000
0.000000	481.135315	95.811607	1.000000
0.000000	-0.935292	136.460464	1.000000
0.000000	-35.753628	-46.931629	1.000000
0.000000	35.164753	134.336945	1.000000
0.000000	-522.204285	-366.889923	1.000000
0.000000	-4164.354492	3412.436523	1.000000
0.000000	-769.323364	346.008026	1.000000
0.000000	-89.802231	-157.952393	1.000000
0.000000	-154.967407	-60.189793	1.000000
0.000000	6938.593262	6290.809570	1.000000
0.000000	-812.389954	1780.170288	1.000000
0.000000	85.706047	1433.057373	1.000000
0.000000	-3336.469971	-11734.547852	1.000000
0.000000	203.227356	-79.692474	1.000000
0.000000	-19.127386	-161.905396	1.000000
0.000000	25.887096	121.399567	1.000000
0.000000	29405522.000000	-21550876.000000	1.000000
0.000000	-470.180481	1600.188599	1.000000
0.000000	567.042725	441.672455	1.000000
0.000000	1766.915894	26332.423828	1.000000
0.000000	3223.749512	-1552.260498	1.000000
0.000000	-34.699421	-162.905548	1.000000
0.000000	104.013275	-272.710541	1.000000
0.000000	5451.173340	-2817.135742	1.000000
0.000000	401030.000000	-1051564.750000	1.000000
0.000000	40298.257812	142618.312500	1.000000
0.000000	899154304.000000	-490293056.000000	1.000000
0.000000	5185.782227	-14790.289062	1.000000
0.000000	-11819835.000000	-661441.312500	1.000000
0.000000	10557.409180	-15208.313477	1.000000
0.000000	12.206203	-256.449860	1.000000
0.000000	-188.621674	-696.956604	1.000000
0.000000	-613.391357	925.933838	1.000000
0.000000	424469.562500	2518.164307	1.000000
0.000000	-9236.728516	10665.270508	1.000000
0.000000	-66.975227	565.897644	1.000000
0.000000	42.288906	-174.631546	1.000000
0.000000	3410.976074	-13175.745117	1.000000
0.000000	-935690816.000000	516809408.000000	1.000000
0.000000	1333545.500000	80138.640625	1.000000
0.000000	370596.812500	-121714.500000	1.000000
0.000000	282610.125000	227360.500000	1.000000
0.000000	25003.380859	-23190.027344	1.000000
0.000000	2203343.750000	933805.062500	1.000000
0.000000	-91.880058	122.709984	1.000000
0.000000	198.218597	-6.410421	1.000000
0.000000	-3238.251221	-458.326416	1.000000
0.000000	-1657.585083	1605.080933	1.000000
0.000000	45.765266	176.715103	1.000000
0.000000	41.484623	64.455353	1.000000
0.000000	-1101.594360	1130.863647	1.000000
0.000000	814.802795	-124.955063	1.000000
0.000000	208.613541	-296.792694	1.000000
0.000000	-4355021.000000	2416277.250000	1.000000
0.000000	1005.563110	554.082336	1.000000
0.000000	-8.874936	-88037.828125	1.000000
0.000000	1711789.125000	-2028472.500000	1.000000
0.000000	790.382812	-1626.489746	1.000000
0.000000	-359.434814	-5235.874512	1.000000
0.000000	691415.187500	-227328.625000	1.000000
0.000000	12310197.000000	-6573529.500000	1.000000
0.000000	-21917.568359	-21392.648438	1.000000
0.000000	170563.609375	-24457.281250	1.000000
0.000000	76.285614	81.013245	1.000000
0.311961	175.092499	1.207607	1.000000
0.000000	737.164856	-1758.827393	1.000000
0.000000	-69.886971	-151.421677	1.000000
0.000000	62.854309	-155.965042	1.000000
0.000000	-848.079224	953.975403	1.000000
0.000000	-93.212601	-3142.018799	1.000000
0.000000	-53744.000000	119833.890625	1.000000
0.000000	50.340355	136.281296	1.000000
0.000000	-233.720627	-4.487458	1.000000
0.000000	-250.253510	-1110.270874	1.000000
0.000000	-64719.050781	15607.699219	1.000000
0.000000	2397.822510	667.327698	1.000000
0.000000	55686.503906	149506.171875	1.000000
0.000000	-13114.926758	6641.479492	1.000000
0.000000	-41683.832031	-29857.988281	1.000000
0.000000	-8558.016602	13741.041016	1.000000
0.000000	193.793945	287.681396	1.000000
0.000000	-217.660782	85.186150	1.000000
0.000000	1463.043701	3266.077881	1.000000
0.000000	508.722198	-381.603424	1.000000
0.000000	2005.566406	218.705994	1.000000
0.000000	541.467529	-410.651001	1.000000
0.000000	14018.546875	-14113.390625	1.000000
0.000000	-190.546432	-67.708107	1.000000
0.000000	-1117.723389	1643.365112	1.000000
0.000000	138.374481	165.322678	1.000000
0.000000	-13466.772461	-2954.380615	1.000000
0.000000	-28582.191406	-61410.656250	1.000000
0.000000	1627.446045	7943.698242	1.000000
0.000000	-2610.320801	1951.395996	1.000000
0.000000	-27.732002	-96.495628	1.000000
0.000000	154.283768	308.487671	1.000000
0.000000	-3907.569580	-16138.922852	1.000000
0.000000	635.072449	-65.286812	1.000000
0.000000	-8645.843750	12921.902344	1.000000
0.000000	-937.030518	-3047.730957	1.000000
0.000000	957.354431	434.671478	1.000000
0.000000	152.738480	-224.613953	1.000000
0.000000	-5782.836426	-20532.740234	1.000000
0.000000	-5.372034	-184.495132	1.000000
0.000000	22552.636719	-24462.291016	1.000000
0.000000	-206.111862	-73.177711	1.000000
0.000000	-3300464.250000	1376390.750000	1.000000
0.000000	-17940.333984	-1130.349731	1.000000
0.000000	0.902764	450.741943	1.000000
0.000000	111.783562	-211.424133	1.000000
0.000000	6639.376465	2836.578125	1.000000
0.000000	-26265.849609	-23408.894531	1.000000
0.000000	-586712.625000	317374.218750	1.000000
0.000000	-108536.234375	249217.765625	1.000000
0.000000	38168.773438	-56191.003906	1.000000
0.000000	508.838593	-1614.122192	1.000000
0.000000	53.509819	44.190487	1.000000
0.000000	-187.809296	-562.319580	1.000000
0.000000	-349.073486	544.408569	1.000000
0.000000	4112436.000000	2116301.500000	1.000000
0.000000	32.045284	183.097000	1.000000
0.000000	-45220.238281	75827.781250	1.000000
0.000000	576.898499	1632.075684	1.000000
0.000000	4694.646973	12599.866211	1.000000
0.000000	633.299500	1749.144531	1.000000
0.000000	-43998.378906	2262.533936	1.000000
0.000000	245859.390625	-842228.687500	1.000000
0.000000	-97.511307	-80.838196	1.000000
0.000000	302.810150	-141.114166	1.000000
0.000000	-33037.136719	-139872.953125	1.000000
0.000000	-14290.118164	-13698.125000	1.000000
0.000000	-239.898392	-74.967567	1.000000
0.000000	-323420.156250	730136.875000	1.000000
0.000000	-31484.300781	-19743.671875	1.000000
0.000000	-294.930878	-1017.602173	1.000000
0.000000	109.217041	-218.540878	1.000000
0.000000	-3765.404785	-12733.501953	1.000000
0.000000	50.879089	-182.333359	1.000000
0.000000	3158.789062	3133.673828	1.000000
0.000000	-39.228657	310.062164	1.000000
0.000000	799357.062500	-982912.687500	1.000000
0.000000	-239.445892	384.120117	1.000000
0.000000	-3417.582275	-2050.497314	1.000000
0.000000	3.249977	2757.816650	1.000000
0.000000	-215.175842	197.039230	1.000000
0.000000	19925.294922	10417.250000	1.000000
0.000000	-70.153305	610.225037	1.000000
0.000000	-3226.244629	-1867.866333	1.000000
0.000000	65055.183594	112524.914062	1.000000
0.000000	158.302597	117.302277	1.000000
0.000000	484892.843750	100672.890625	1.000000
0.000000	-136.343597	131.019836	1.000000
0.000000	79.351814	146.171036	1.000000
0.000000	294.587006	-28.816364	1.000000
0.000000	-143.600449	-86.534195	1.000000
0.000000	-52480.058594	-3143.745361	1.000000
0.000000	11319.758789	1253.043335	1.000000
0.000000	-117.549927	-41.167721	1.000000
0.000000	-82.795723	1869.306152	1.000000
0.000000	-7865.639160	-93005.328125	1.000000
0.000000	-477.626495	1228.984619	1.000000
0.160979	53.504471	189.654556	1.000000
0.000000	185.796677	-32.204170	1.000000
0.160979	49.576523	190.160675	1.000000
0.000000	-42779.910156	-77814.257812	1.000000
0.000000	419.784149	-995.963257	1.000000
0.000000	-93.488792	195.708862	1.000000
0.000000	-19.428869	-326.405426	1.000000
0.000000	-445.285767	561.229370	1.000000
0.000000	287.226593	173.662628	1.000000
0.000000	180.452026	853.035278	1.000000
0.000000	-109.269135	26.342157	1.000000
0.000000	119.170013	425.210480	1.000000
0.000000	-10844.901367	566.066345	1.000000
0.000000	28171368.000000	16549397.000000	1.000000
0.000000	201.773788	-521.860474	1.000000
0.000000	-32835.367188	266869.062500	1.000000
0.000000	-74.453850	9.195230	1.000000
0.000000	1353.535156	2760.327637	1.000000
0.000000	4694.744629	10642.829102	1.000000
0.000000	-48683.812500	-126250.796875	1.000000
0.000000	192.264923	-439.974457	1.000000
0.000000	1929694.125000	165131.859375	1.000000
0.000000	-180258.359375	-177937.812500	1.000000
0.000000	-70087.539062	13826.811523	1.000000
0.311961	171.742706	4.217020	1.000000
0.000000	-131061.000000	14811.306641	1.000000
0.000000	-931.163391	163.339722	1.000000
0.000000	-1227.717407	1123.936157	1.000000
0.000000	-1145.768799	1016.444946	1.000000
0.000000	49222.996094	57407.625000	1.000000
0.000000	83999.476562	3777.467529	1.000000
0.000000	906.855530	-450.836060	1.000000
0.000000	-213.549835	-201.411758	1.000000
0.000000	-1589278.625000	-1200867.375000	1.000000
0.000000	-117.032883	101.401932	1.000000
0.000000	2590553.750000	19222.476562	1.000000
0.000000	79.944534	-33.458801	1.000000
0.000000	-10354.914062	13062.939453	1.000000
0.000000	1826645.375000	135487.859375	1.000000
0.000000	-1583.260864	633.361328	1.000000
0.000000	113.010887	13.695859	1.000000
0.000000	216.163406	55.885834	1.000000
0.000000	578.017029	1059.272095	1.000000
0.000000	-10507.383789	7298.521973	1.000000
0.000000	-213.098038	128.573730	1.000000
0.000000	27327.572266	25732.082031	1.000000
0.000000	-44.820038	182.819138	1.000000
0.000000	265.673798	335.343903	1.000000
0.000000	113.326096	-9092.291016	1.000000
0.000000	-5438.860840	9770.214844	1.000000
0.000000	459050.593750	25704.417969	1.000000
0.000000	-862.447937	1043.314453	1.000000
0.000000	2045.399902	-5357.707520	1.000000
0.000000	3483.882324	-1926.043213	1.000000
0.000000	51.098175	-64.941772	1.000000
0.000000	83.855919	94.764626	1.000000
0.000000	1036.818604	-591.686646	1.000000
0.000000	1188.834351	11893.852539	1.000000
0.000000	18201.031250	-23753.357422	1.000000
0.000000	155.915237	-4.754919	1.000000
0.000000	-22.515598	-44.492558	1.000000
0.000000	1283.731689	1082.996826	1.000000
0.000000	246.131424	-41.446064	1.000000
0.000000	80.333717	8.399591	1.000000
0.000000	-1593.239258	82.186317	1.000000
0.000000	75158.234375	-7426.391602	1.000000
0.000000	37.577278	242.862915	1.000000
0.000000	-376.040039	-720.712036	1.000000
0.000000	1189.202393	-9765.837891	1.000000
0.000000	166.345215	161.008179	1.000000
0.000000	110.089775	111.175545	1.000000
0.000000	-3939.306885	-4753.698730	1.000000
0.000000	348.391693	205.166428	1.000000
0.000000	-1894.187378	-2868.387939	1.000000
0.000000	-64.837318	119.548500	1.000000
0.000000	22217.453125	38920.898438	1.000000
0.000000	181.498596	-24.451288	1.000000
0.000000	715.988220	-552.712219	1.000000
0.000000	1106.570557	615.303650	1.000000
0.000000	-312.726959	465.101257	1.000000
0.000000	34.768124	-183.737488	1.000000
0.000000	9498.034180	4989.777832	1.000000
0.000000	-92758.046875	-330108.343750	1.000000
0.000000	7816.472168	16942.527344	1.000000
0.000000	101.357056	-55.539989	1.000000
0.000000	3343.593506	-1073.718140	1.000000
0.000000	-423453.312500	-81816.453125	1.000000
0.000000	-44105600.000000	-10494824.000000	1.000000
0.000000	5946.813477	-4735.741699	1.000000
0.000000	-223.495941	-1.515708	1.000000
0.000000	876.807129	-1776.883911	1.000000
0.000000	5986.286133	462.468628	1.000000
0.000000	-102.976341	-36.121326	1.000000
0.000000	-313.028381	1024.968628	1.000000
0.000000	-18806.580078	238.582657	1.000000
0.000000	-457.357361	-152.242661	1.000000
0.000000	279.122345	-177.036926	1.000000
0.000000	14388.296875	-11105.862305	1.000000
