0.000000	31610.335938	455706.875000	1.000000
0.000000	214947.937500	175099.078125	1.000000
0.000000	1162.946533	-12620.745117	1.000000
0.000000	-678.834534	650.999573	1.000000
0.000000	16900.919922	27553.734375	1.000000
0.000000	-13847.836914	790.217712	1.000000
0.000000	-824.220642	-2385.604248	1.000000
0.000000	-595078.062500	1523932.125000	1.000000
0.000000	3492.976318	-2337.680664	1.000000
0.000000	9292453.000000	3386659.750000	1.000000
0.000000	78697400.000000	19959642.000000	1.000000
0.000000	-126.058037	-144.456543	1.000000
0.000000	-221.703094	-39.726433	1.000000
0.000000	98.256462	-89.079132	1.000000
0.000000	-73337376.000000	-31090268.000000	1.000000
0.000000	600.403625	-4594.292480	1.000000
0.000000	338.372070	-258.394409	1.000000
0.000000	-6090.315918	7672.919922	1.000000
0.000000	-987.700623	371.389679	1.000000
0.000000	-250.388962	141.924973	1.000000
0.000000	888.605774	7858.483398	1.000000
0.000000	10107.226562	84965.539062	1.000000
0.000000	-17.771662	670.640747	1.000000
0.000000	118.885406	196.095581	1.000000
0.000000	-207214.703125	-53227.597656	1.000000
0.000000	261.017181	-70.976746	1.000000
0.000000	10390.788086	35533.566406	1.000000
0.000000	-3777.144287	11610.220703	1.000000
0.000000	274.634094	-105.520912	1.000000
0.000000	-61625.742188	-273296.843750	1.000000
0.000000	5264.397461	-9026.296875	1.000000
0.000000	4731.432617	868.677124	1.000000
0.000000	-123.037262	402.900360	1.000000
0.000000	-424.846191	-311.889313	1.000000
0.000000	-120.337021	62.597683	1.000000
0.000000	4723.236328	2717.444580	1.000000
0.000000	152.442749	-10.976025	1.000000
0.000000	-5620.811035	-1408.543335	1.000000
0.000000	-246326.703125	-73588.906250	1.000000
0.000000	-46856.199219	-6067.746582	1.000000
0.000000	348.087128	-8.137876	1.000000
0.000000	450.790161	138.659729	1.000000
0.000000	-0.463842	83.963974	1.000000
0.000000	-14.661064	2.699598	1.000000
0.122703	28.650826	82.260757	1.000000
0.000000	-502.401459	-415.499847	1.000000
0.000000	-4207.420898	3442.429199	1.000000
0.000000	-739.522949	302.781403	1.000000
0.000000	-78.250565	-106.743629	1.000000
0.000000	-103.589523	-49.391148	1.000000
0.000000	6886.298340	6296.449219	1.000000
0.000000	-783.743103	1824.133911	1.000000
0.000000	115.546516	1476.251953	1.000000
0.000000	-3305.964600	-11777.614258	1.000000
0.000000	154.745605	-99.823776	1.000000
0.000000	-19.830481	-111.111687	1.000000
0.000000	-26.581568	123.218033	1.000000
0.000000	29405522.000000	-21550876.000000	1.000000
0.000000	-427.883118	1569.170532	1.000000
0.000000	601.585571	402.162872	1.000000
0.000000	1793.960571	26377.541016	1.000000
0.000000	3203.754395	-1503.682617	1.000000
0.000000	-7.670480	-116.565598	1.000000
0.000000	75.686859	-228.512665	1.000000
0.000000	5483.473145	-2775.863770	1.000000
0.000000	400997.187500	-1051564.750000	1.000000
0.000000	40343.375000	142651.125000	1.000000
0.000000	899154304.000000	-490293056.000000	1.000000
0.000000	5219.620117	-14750.298828	1.000000
0.000000	-11819835.000000	-661506.937500	1.000000
0.000000	10530.749023	-15253.430664	1.000000
0.000000	27.715237	-206.285980	1.000000
0.000000	-148.999939	-662.541931	1.000000
0.000000	-665.878540	927.728271	1.000000
0.000000	424535.187500	2531.238037	1.000000
0.000000	-9185.458984	10677.575195	1.000000
0.000000	-16.014353	578.522766	1.000000
0.000000	46.887142	-122.336624	1.000000
0.000000	3405.849121	-13123.450195	1.000000
0.000000	-935690816.000000	516809408.000000	1.000000
0.000000	1333545.500000	80089.421875	1.000000
0.000000	370531.187500	-121706.296875	1.000000
0.000000	282675.750000	227344.093750	1.000000
0.000000	25050.548828	-23214.636719	1.000000
0.000000	2203343.750000	933870.687500	1.000000
0.081749	-68.492828	78.814957	1.000000
0.000000	249.456085	5.038464	1.000000
0.000000	-3271.063721	-499.342041	1.000000
0.000000	-1651.432739	1552.914185	1.000000
0.000000	21.557299	130.123917	1.000000
0.000000	54.970913	115.196167	1.000000
0.000000	-1050.965698	1144.706421	1.000000
0.000000	770.454651	-96.844940	1.000000
0.000000	196.933701	-347.966095	1.000000
0.000000	-4355021.000000	2416277.250000	1.000000
0.000000	960.125488	527.742615	1.000000
0.000000	42.504333	-88029.625000	1.000000
0.000000	1711789.125000	-2028472.500000	1.000000
0.000000	780.577515	-1678.015625	1.000000
0.000000	-402.597351	-5206.138184	1.000000
0.000000	691415.187500	-227279.406250	1.000000
0.000000	12310197.000000	-6573529.500000	1.000000
0.000000	-21905.263672	-21341.378906	1.000000
0.000000	170514.390625	-24426.519531	1.000000
0.000000	98.876251	33.623543	1.000000
0.000000	124.484413	17.474161	1.000000
0.000000	787.985779	-1745.753662	1.000000
0.000000	-35.347450	-111.883324	1.000000
0.000000	43.748398	-107.066727	1.000000
0.000000	-833.018799	903.667175	1.000000
0.000000	-42.313278	-3154.836182	1.000000
0.000000	-53690.679688	119833.890625	1.000000
0.122703	31.767317	87.157127	1.000000
0.000000	-182.891953	-17.824520	1.000000
0.000000	-300.752167	-1124.626343	1.000000
0.000000	-64764.167969	15636.410156	1.000000
0.000000	2382.185303	617.211731	1.000000
0.000000	55645.488281	149473.359375	1.000000
0.000000	-13064.682617	6657.885742	1.000000
0.000000	-41642.816406	-29888.750000	1.000000
0.000000	-8601.083008	13711.304688	1.000000
0.000000	146.369629	265.186890	1.000000
0.000000	-179.000351	49.665977	1.000000
0.000000	1425.232422	3302.479248	1.000000
0.000000	458.029449	-367.920868	1.000000
0.000000	2039.276123	258.937714	1.000000
0.000000	531.213623	-359.157166	1.000000
0.000000	14029.826172	-14062.121094	1.000000
0.000000	-145.781723	-40.290382	1.000000
0.000000	-1097.856445	1691.942993	1.000000
0.000000	100.851593	128.600876	1.000000
0.000000	-13518.041992	-2942.844971	1.000000
0.000000	-28549.378906	-61369.640625	1.000000
0.000000	1598.735107	7899.606445	1.000000
0.000000	-2642.364258	1992.924316	1.000000
0.000000	-75.770309	-75.314903	1.000000
0.000000	189.002853	347.869080	1.000000
0.000000	-3940.894775	-16179.938477	1.000000
0.000000	584.636047	-79.938683	1.000000
0.000000	-8593.548828	12917.800781	1.000000
0.000000	-952.859985	-2997.743164	1.000000
0.000000	963.058167	382.472687	1.000000
0.000000	101.436905	-213.478851	1.000000
0.000000	-5834.618652	-20540.943359	1.000000
0.000000	-8.133780	-132.072037	1.000000
0.000000	22566.992188	-24411.021484	1.000000
0.000000	-170.719864	-34.402069	1.000000
0.000000	-3300464.250000	1376390.750000	1.000000
0.000000	-17921.876953	-1081.387329	1.000000
0.000000	22.984711	403.125366	1.000000
0.000000	94.279823	-161.933014	1.000000
0.000000	6622.457520	2886.309570	1.000000
0.000000	-26315.068359	-23425.300781	1.000000
0.000000	-586712.625000	317341.406250	1.000000
0.000000	-108536.234375	249266.984375	1.000000
0.000000	38222.093750	-56191.003906	1.000000
0.000000	474.872528	-1574.131958	1.000000
0.000000	28.287907	-1.855571	1.000000
0.000000	-175.809021	-613.396851	1.000000
0.000000	-334.750061	493.908051	1.000000
0.000000	4112436.000000	2116301.500000	1.000000
0.000000	-19.420479	172.730942	1.000000
0.000000	-45199.730469	75778.562500	1.000000
0.000000	529.538269	1609.388916	1.000000
0.000000	4643.890137	12613.196289	1.000000
0.000000	638.490540	1801.439453	1.000000
0.000000	-43961.464844	2224.081787	1.000000
0.000000	245908.609375	-842228.687500	1.000000
0.000000	-50.016075	-58.463852	1.000000
0.000000	254.844238	-143.217300	1.000000
0.000000	-33057.644531	-139823.734375	1.000000
0.000000	-14272.686523	-13747.343750	1.000000
0.000000	-187.459274	-72.307961	1.000000
0.000000	-323354.531250	730136.875000	1.000000
0.000000	-31529.417969	-19770.332031	1.000000
0.000000	-247.474503	-995.171753	1.000000
0.000000	95.029800	-167.992325	1.000000
0.000000	-3815.648926	-12718.121094	1.000000
0.000000	35.694496	-132.073196	1.000000
0.000000	3143.151855	3183.661621	1.000000
0.000000	-64.074364	356.300873	1.000000
0.000000	799422.687500	-982912.687500	1.000000
0.000000	-187.679688	375.372253	1.000000
0.000000	-3467.826416	-2035.629272	1.000000
0.000000	14.282923	2706.547119	1.000000
0.000000	-178.133606	159.820755	1.000000
0.000000	19951.955078	10372.132812	1.000000
0.000000	-121.895477	619.069031	1.000000
0.000000	-3176.256836	-1851.460083	1.000000
0.000000	65038.777344	112475.695312	1.000000
0.000000	119.592361	81.838181	1.000000
0.000000	484892.843750	100623.671875	1.000000
0.000000	-98.372108	94.762672	1.000000
0.000000	80.016716	93.673073	1.000000
0.000000	285.582794	-80.537231	1.000000
0.000000	-91.209389	-83.193665	1.000000
0.000000	-52500.566406	-3191.426025	1.000000
0.000000	11292.073242	1208.438843	1.000000
0.000000	-131.819412	9.356334	1.000000
0.000000	-113.453300	1911.988037	1.000000
0.000000	-7863.075684	-92956.109375	1.000000
0.000000	-446.191864	1271.025635	1.000000
0.000000	86.492981	150.184982	1.000000
0.042030	133.210464	-18.701536	1.000000
0.000000	48.397636	137.794098	1.000000
0.000000	-42738.894531	-77847.070312	1.000000
0.000000	460.831818	-963.214844	1.000000
0.000000	-120.813850	150.880066	1.000000
0.000000	4.063183	-373.349091	1.000000
0.000000	-440.479248	508.934448	1.000000
0.000000	250.536850	211.217560	1.000000
0.000000	167.971100	802.022095	1.000000
0.000000	-84.699814	-20.055445	1.000000
0.000000	76.880661	394.096283	1.000000
0.000000	-10792.606445	569.911560	1.000000
0.000000	28171368.000000	16549397.000000	1.000000
0.000000	166.381790	-483.087921	1.000000
0.000000	-32855.875000	266901.875000	1.000000
0.732764	-21.972624	10.519236	1.000000
0.000000	1309.827881	2789.294922	1.000000
0.000000	4746.014160	10630.524414	1.000000
0.000000	-48737.132812	-126250.796875	1.000000
0.000000	238.359436	-414.852386	1.000000
0.000000	1929694.125000	165099.046875	1.000000
0.000000	-180307.578125	-177937.812500	1.000000
0.000000	-70046.523438	13856.547852	1.000000
0.000000	140.558533	45.167130	1.000000
0.000000	-131044.593750	14761.062500	1.000000
0.000000	-884.315857	139.595520	1.000000
0.000000	-1194.776733	1164.823608	1.000000
0.000000	-1132.182373	965.752197	1.000000
0.000000	49210.691406	57358.406250	1.000000
0.000000	84040.492188	3808.998291	1.000000
0.000000	856.803650	-466.793701	1.000000
0.000000	-166.878540	-177.363144	1.000000
0.000000	-1589278.625000	-1200867.375000	1.000000
0.081749	-66.939636	82.443153	1.000000
0.000000	2590553.750000	19175.308594	1.000000
0.341556	63.358616	10.016043	1.000000
0.000000	-10324.152344	13019.873047	1.000000
0.000000	1826645.375000	135520.671875	1.000000
0.000000	-1589.285034	581.194580	1.000000
0.341556	61.849976	6.482543	1.000000
0.000000	172.488174	85.029358	1.000000
0.000000	619.929871	1090.931030	1.000000
0.000000	-10471.495117	7260.069824	1.000000
0.000000	-161.636246	118.183197	1.000000
0.000000	27325.521484	25678.761719	1.000000
0.000000	-83.144012	146.930466	1.000000
0.000000	263.302582	282.888763	1.000000
0.000000	164.401062	-9104.595703	1.000000
0.000000	-5386.565918	9769.189453	1.000000
0.000000	459017.781250	25743.382812	1.000000
0.000000	-813.229187	1025.113770	1.000000
0.000000	2003.230713	-5388.981934	1.000000
0.000000	3482.856934	-1873.491943	1.000000
0.000000	22.382561	-108.889374	1.000000
0.000000	38.955029	67.551720	1.000000
0.000000	1059.377197	-544.326416	1.000000
0.000000	1182.810181	11946.147461	1.000000
0.000000	18252.300781	-23743.103516	1.000000
0.000000	103.556229	-0.938543	1.000000
0.732764	-22.895138	5.174599	1.000000
0.000000	1327.310791	1053.773193	1.000000
0.000000	193.644241	-40.104244	1.000000
0.000000	70.851303	-41.782944	1.000000
0.000000	-1643.227051	66.172600	1.000000
0.000000	75109.015625	-7432.031250	1.000000
0.000000	23.599525	192.250275	1.000000
0.000000	-428.527222	-720.712036	1.000000
0.000000	1192.534912	-9818.132812	1.000000
0.000000	134.606171	119.191467	1.000000
0.000000	70.043465	77.225502	1.000000
0.000000	-3963.403564	-4800.354004	1.000000
0.000000	296.609467	196.610825	1.000000
0.000000	-1852.018188	-2837.113525	1.000000
0.000000	-82.139069	76.362640	1.000000
0.000000	22209.250000	38867.578125	1.000000
0.042030	131.403488	-22.672350	1.000000
0.000000	663.501038	-553.609436	1.000000
0.000000	1061.197021	588.899841	1.000000
0.000000	-310.548004	412.646118	1.000000
0.000000	1.652632	-142.994232	1.000000
0.000000	9471.374023	5034.895020	1.000000
0.000000	-92782.656250	-330075.531250	1.000000
0.000000	7764.177246	16940.476562	1.000000
0.000000	66.883728	-15.814329	1.000000
0.000000	3326.418213	-1123.321411	1.000000
0.000000	-423486.125000	-81775.437500	1.000000
0.000000	-44105600.000000	-10494824.000000	1.000000
0.000000	5923.229492	-4782.396973	1.000000
0.000000	-203.605133	-50.048828	1.000000
0.000000	830.792725	-1802.134155	1.000000
0.000000	6027.301758	495.088867	1.000000
0.000000	-54.238247	-16.601276	1.000000
0.000000	-260.605286	1027.532104	1.000000
0.000000	-18814.783203	290.423584	1.000000
0.000000	-404.870178	-150.784683	1.000000
0.000000	268.743835	-126.832581	1.000000
0.000000	14340.103516	-11126.370117	1.000000
