0.000000	31430.707031	455875.937500	1.000000
0.000000	215032.468750	175352.671875	1.000000
0.000000	1203.230957	-12890.188477	1.000000
0.000000	-408.400574	647.037170	1.000000
0.000000	16879.787109	27279.007812	1.000000
0.000000	-13583.676758	729.130676	1.000000
0.000000	-581.523499	-2504.476318	1.000000
0.000000	-595416.187500	1523932.125000	1.000000
0.000000	3631.660400	-2105.219727	1.000000
0.000000	9292453.000000	3386659.750000	1.000000
0.000000	78697400.000000	19959642.000000	1.000000
0.000000	-387.081604	-215.284485	1.000000
0.000000	-349.798645	198.533630	1.000000
0.000000	88.309181	-359.393036	1.000000
0.000000	-73337376.000000	-31090268.000000	1.000000
0.000000	835.836365	-4462.212402	1.000000
0.000000	401.770508	-521.392944	1.000000
0.000000	-6230.320801	7905.380859	1.000000
0.000000	-987.040222	100.908386	1.000000
0.000000	-343.180206	396.014008	1.000000
0.000000	946.721008	8122.643555	1.000000
0.000000	10350.253906	85092.335938	1.000000
0.000000	-70.105583	936.121704	1.000000
0.000000	317.093109	15.559322	1.000000
0.000000	-207045.640625	-53417.792969	1.000000
0.000000	530.637024	-49.802658	1.000000
0.000000	10385.504883	35258.839844	1.000000
0.000000	-4042.625244	11557.388672	1.000000
0.000000	511.057434	-236.940582	1.000000
0.000000	-61351.015625	-273296.843750	1.000000
0.000000	5103.259766	-8809.685547	1.000000
0.000000	4992.951172	935.377563	1.000000
0.000000	-372.502686	507.573822	1.000000
0.000000	-622.708801	-127.530045	1.000000
0.000000	-331.718109	-106.149307	1.000000
0.000000	4968.905273	2829.712646	1.000000
0.000000	-99.125267	-110.389244	1.000000
0.000000	-5829.497559	-1579.587036	1.000000
0.000000	-246242.171875	-73842.500000	1.000000
0.000000	-46644.871094	-6231.525879	1.000000
0.000000	556.643860	164.092453	1.000000
0.000000	607.039490	-82.107025	1.000000
0.000000	-2.892688	354.443726	1.000000
0.000000	-132.915421	-240.236282	1.000000
0.000000	62.258411	350.649628	1.000000
0.000000	-604.433289	-165.013016	1.000000
0.000000	-3985.526367	3287.895508	1.000000
0.000000	-893.066040	525.511414	1.000000
0.000000	-137.769150	-370.576904	1.000000
0.000000	-368.288696	-105.029884	1.000000
0.000000	7155.741699	6267.391602	1.000000
0.000000	-931.342590	1597.616577	1.000000
0.000000	-38.199463	1253.697021	1.000000
0.000000	-3463.139893	-11555.719727	1.000000
0.000000	406.332153	-0.851237	1.000000
0.000000	-13.738592	-379.852173	1.000000
0.000000	243.764664	113.848602	1.000000
0.000000	29405522.000000	-21550876.000000	1.000000
0.000000	-645.815247	1728.987427	1.000000
0.000000	423.525665	605.807312	1.000000
0.000000	1654.616089	26145.080078	1.000000
0.000000	3306.776855	-1753.974365	1.000000
0.000000	-149.398499	-348.286865	1.000000
0.000000	221.635345	-456.195648	1.000000
0.000000	5317.052246	-2988.512695	1.000000
0.000000	401166.250000	-1051564.750000	1.000000
0.000000	40110.914062	142482.062500	1.000000
0.000000	899154304.000000	-490293056.000000	1.000000
0.000000	5045.274414	-14956.343750	1.000000
0.000000	-11819835.000000	-661168.812500	1.000000
0.000000	10668.112305	-15020.969727	1.000000
0.000000	-52.193630	-464.683502	1.000000
0.000000	-353.185486	-839.859436	1.000000
0.000000	-395.515747	918.482666	1.000000
0.000000	424197.062500	2463.877197	1.000000
0.000000	-9449.619141	10614.176758	1.000000
0.000000	-278.585114	513.473328	1.000000
0.000000	23.195278	-391.779999	1.000000
0.000000	3432.265137	-13392.893555	1.000000
0.000000	-935690816.000000	516809408.000000	1.000000
0.000000	1333545.500000	80343.015625	1.000000
0.000000	370869.312500	-121748.562500	1.000000
0.000000	282337.625000	227428.625000	1.000000
0.000000	24807.521484	-23087.839844	1.000000
0.000000	2203343.750000	933532.562500	1.000000
0.000000	-206.707932	308.010986	1.000000
0.000000	-13.041574	-56.441563	1.000000
0.000000	-3102.001221	-288.013916	1.000000
0.000000	-1683.131958	1821.697144	1.000000
0.000000	146.289551	370.179443	1.000000
0.000000	-14.522470	-146.230347	1.000000
0.000000	-1311.823853	1073.383179	1.000000
0.000000	998.953186	-241.711395	1.000000
0.000000	257.111145	-84.247482	1.000000
0.000000	-4355021.000000	2416277.250000	1.000000
0.000000	1193.997314	663.454895	1.000000
0.000000	-222.227859	-88071.890625	1.000000
0.000000	1711789.125000	-2028472.500000	1.000000
0.000000	831.098145	-1412.534668	1.000000
0.000000	-180.207520	-5359.351074	1.000000
0.000000	691415.187500	-227533.000000	1.000000
0.000000	12310197.000000	-6573529.500000	1.000000
0.000000	-21968.662109	-21605.539062	1.000000
0.000000	170767.984375	-24585.015625	1.000000
0.000000	-17.813580	273.993988	1.000000
0.000000	383.934540	-62.303642	1.000000
0.000000	526.137024	-1813.114502	1.000000
0.000000	-213.322021	-315.613556	1.000000
0.000000	142.195282	-359.009491	1.000000
0.000000	-910.615845	1162.697388	1.000000
0.000000	-304.557800	-3088.796143	1.000000
0.000000	-53965.406250	119833.890625	1.000000
0.000000	123.160233	337.244324	1.000000
0.000000	-444.615387	50.736393	1.000000
0.000000	-40.610760	-1050.661499	1.000000
0.000000	-64531.707031	15488.480469	1.000000
0.000000	2462.754150	875.428284	1.000000
0.000000	55856.816406	149642.421875	1.000000
0.000000	-13323.559570	6573.354492	1.000000
0.000000	-41854.144531	-29730.253906	1.000000
0.000000	-8379.188477	13864.517578	1.000000
0.000000	390.717773	381.087158	1.000000
0.000000	-378.244263	232.679428	1.000000
0.000000	1620.050537	3114.925537	1.000000
0.000000	719.217773	-438.418610	1.000000
0.000000	1865.590820	51.638176	1.000000
0.000000	584.045654	-624.403015	1.000000
0.000000	13971.710938	-14326.281250	1.000000
0.000000	-376.426575	-181.555679	1.000000
0.000000	-1200.218506	1441.651245	1.000000
0.000000	294.183807	317.805573	1.000000
0.000000	-13253.881836	-3002.281006	1.000000
0.000000	-28718.441406	-61580.968750	1.000000
0.000000	1746.664795	8126.784180	1.000000
0.000000	-2477.264160	1778.954590	1.000000
0.000000	171.740082	-184.446060	1.000000
0.000000	14.343945	147.935516	1.000000
0.000000	-3769.190674	-15968.610352	1.000000
0.000000	844.503601	-4.449762	1.000000
0.000000	-8862.992188	12938.933594	1.000000
0.000000	-871.300537	-3255.299316	1.000000
0.000000	933.670349	651.335144	1.000000
0.000000	365.762177	-270.872498	1.000000
0.000000	-5567.816895	-20498.677734	1.000000
0.000000	6.095774	-402.175812	1.000000
0.000000	22493.027344	-24675.181641	1.000000
0.000000	-353.116852	-234.176254	1.000000
0.000000	-3300464.250000	1376390.750000	1.000000
0.000000	-18016.974609	-1333.660278	1.000000
0.000000	-90.785027	648.464111	1.000000
0.000000	184.439911	-416.982208	1.000000
0.000000	6709.630371	2630.074219	1.000000
0.000000	-26061.474609	-23340.769531	1.000000
0.000000	-586712.625000	317510.468750	1.000000
0.000000	-108536.234375	249013.390625	1.000000
0.000000	37947.367188	-56191.003906	1.000000
0.000000	649.878662	-1780.176880	1.000000
0.000000	158.227066	235.392868	1.000000
0.000000	-237.639008	-350.125793	1.000000
0.000000	-408.549805	754.105835	1.000000
0.000000	4112436.000000	2116301.500000	1.000000
0.000000	243.016006	226.021988	1.000000
0.000000	-45305.394531	76032.156250	1.000000
0.000000	773.556213	1726.279785	1.000000
0.000000	4905.408691	12544.514648	1.000000
0.000000	611.744324	1531.996094	1.000000
0.000000	-44151.660156	2422.201904	1.000000
0.000000	245655.015625	-842228.687500	1.000000
0.000000	-294.706390	-173.728622	1.000000
0.000000	520.224670	-124.289848	1.000000
0.000000	-32951.980469	-140077.328125	1.000000
0.000000	-14362.500977	-13493.750000	1.000000
0.000000	-457.583984	-86.011269	1.000000
0.000000	-323692.656250	730136.875000	1.000000
0.000000	-31296.957031	-19632.968750	1.000000
0.000000	-491.987762	-1110.741821	1.000000
0.000000	168.105209	-428.383087	1.000000
0.000000	-3556.771973	-12797.369141	1.000000
0.000000	113.918137	-390.989655	1.000000
0.000000	3223.720703	2926.105469	1.000000
0.000000	64.227966	121.825371	1.000000
0.000000	799084.562500	-982912.687500	1.000000
0.000000	-454.460297	420.444580	1.000000
0.000000	-3208.949463	-2112.235596	1.000000
0.000000	-42.561047	2970.707275	1.000000
0.000000	-368.989319	351.543365	1.000000
0.000000	19814.591797	10604.593750	1.000000
0.000000	144.711945	573.501404	1.000000
0.000000	-3433.812988	-1935.991333	1.000000
0.000000	65123.308594	112729.289062	1.000000
0.000000	320.927460	262.097992	1.000000
0.000000	484892.843750	100877.265625	1.000000
0.000000	-294.015717	281.562134	1.000000
0.000000	79.311699	364.269409	1.000000
0.000000	331.975922	185.943787	1.000000
0.000000	-361.148071	-100.405350	1.000000
0.000000	-52394.902344	-2945.757080	1.000000
0.000000	11434.719727	1438.258179	1.000000
0.000000	-59.365791	-252.253723	1.000000
0.000000	44.502102	1692.074707	1.000000
0.000000	-7876.283691	-93209.703125	1.000000
0.000000	-608.253052	1054.414307	1.000000
0.000000	-88.884819	352.225708	1.000000
0.000000	394.163361	-96.304207	1.000000
0.000000	59.887676	408.929138	1.000000
0.000000	-42950.222656	-77678.007812	1.000000
0.000000	249.341202	-1132.158447	1.000000
0.000000	19.978170	381.855103	1.000000
0.000000	-116.985054	-131.477448	1.000000
0.000000	-465.244263	778.377808	1.000000
0.000000	439.576447	17.725182	1.000000
0.000000	232.277588	1064.861450	1.000000
0.000000	-211.263153	219.007919	1.000000
0.000000	294.754608	554.364807	1.000000
0.000000	-11062.049805	550.099548	1.000000
0.000000	28171368.000000	16549397.000000	1.000000
0.000000	348.776825	-682.859009	1.000000
0.000000	-32750.210938	266732.812500	1.000000
0.000000	-292.392456	3.656683	1.000000
0.000000	1535.024414	2640.044434	1.000000
0.000000	4481.854004	10693.922852	1.000000
0.000000	-48462.406250	-126250.796875	1.000000
0.000000	0.868167	-544.290894	1.000000
0.000000	1929694.125000	165268.109375	1.000000
0.000000	-180053.984375	-177937.812500	1.000000
0.000000	-70257.851562	13703.334961	1.000000
0.000000	301.073944	-167.359253	1.000000
0.000000	-131129.125000	15019.939453	1.000000
0.000000	-1125.553101	261.934692	1.000000
0.000000	-1364.499634	954.265381	1.000000
0.000000	-1202.184814	1227.197144	1.000000
0.000000	49274.089844	57612.000000	1.000000
0.000000	83829.164062	3646.539795	1.000000
0.000000	1114.573853	-384.573853	1.000000
0.000000	-407.294891	-301.300934	1.000000
0.000000	-1589278.625000	-1200867.375000	1.000000
0.000000	-327.393677	158.698257	1.000000
0.000000	2590553.750000	19418.335938	1.000000
0.000000	155.674866	-237.887436	1.000000
0.000000	-10482.648438	13241.767578	1.000000
0.000000	1826645.375000	135351.609375	1.000000
0.000000	-1558.246216	849.977539	1.000000
0.000000	324.515045	62.224342	1.000000
0.000000	395.728394	-60.368576	1.000000
0.000000	403.978943	928.006897	1.000000
0.000000	-10656.407227	7458.189941	1.000000
0.000000	-426.786987	171.750610	1.000000
0.000000	27336.087891	25953.488281	1.000000
0.000000	114.313026	331.842560	1.000000
0.000000	275.519989	553.132507	1.000000
0.000000	-98.742836	-9041.197266	1.000000
0.000000	-5656.009277	9774.472656	1.000000
0.000000	459186.843750	25542.621094	1.000000
0.000000	-1066.822998	1118.890625	1.000000
0.000000	2221.026855	-5227.844238	1.000000
0.000000	3488.140137	-2144.256104	1.000000
0.000000	170.336578	117.554337	1.000000
0.000000	270.276154	207.739502	1.000000
0.000000	942.916992	-788.344360	1.000000
0.000000	1213.848999	11676.704102	1.000000
0.000000	17988.140625	-23795.935547	1.000000
0.000000	373.329803	-20.602341	1.000000
0.000000	-10.305713	-262.161957	1.000000
0.000000	1102.774658	1204.344482	1.000000
0.000000	464.078186	-47.017811	1.000000
0.000000	115.294350	223.569901	1.000000
0.000000	-1385.670898	148.671021	1.000000
0.000000	75362.609375	-7402.973633	1.000000
0.000000	95.623238	452.963501	1.000000
0.000000	-158.063370	-720.712036	1.000000
0.000000	1175.364502	-9548.689453	1.000000
0.000000	298.159088	334.647095	1.000000
0.000000	276.355774	252.149063	1.000000
0.000000	-3839.248291	-4559.968262	1.000000
0.000000	563.411255	240.692551	1.000000
0.000000	-2069.225098	-2998.251221	1.000000
0.000000	27.039669	317.269226	1.000000
0.000000	22251.515625	39142.304688	1.000000
0.000000	399.468109	-23.736109	1.000000
0.000000	933.934998	-548.986633	1.000000
0.000000	1294.978760	724.942322	1.000000
0.000000	-321.774811	682.810547	1.000000
0.000000	172.282150	-352.880890	1.000000
0.000000	9608.737305	4802.434082	1.000000
0.000000	-92655.859375	-330244.593750	1.000000
0.000000	8033.620605	16951.042969	1.000000
0.000000	241.997925	-222.112442	1.000000
0.000000	3414.911865	-867.544556	1.000000
0.000000	-423317.062500	-81986.765625	1.000000
0.000000	-44105600.000000	-10494824.000000	1.000000
0.000000	6044.743164	-4542.011230	1.000000
0.000000	-306.257172	200.177155	1.000000
0.000000	1067.876465	-1672.035278	1.000000
0.000000	5815.973633	327.016968	1.000000
0.000000	-305.355469	-117.180367	1.000000
0.000000	-530.709045	1014.324097	1.000000
0.000000	-18772.517578	23.350510	1.000000
0.000000	-675.304138	-158.296738	1.000000
0.000000	304.003937	-393.628876	1.000000
0.000000	14588.414062	-11020.706055	1.000000
