0.000000	31566.507812	455748.125000	1.000000
0.000000	214968.562500	175160.953125	1.000000
0.000000	1172.775635	-12686.487305	1.000000
0.000000	-612.850647	650.032776	1.000000
0.000000	16895.763672	27486.703125	1.000000
0.000000	-13783.383789	775.312927	1.000000
0.000000	-765.004333	-2414.608154	1.000000
0.000000	-595160.562500	1523932.125000	1.000000
0.000000	3526.814209	-2280.961914	1.000000
0.000000	9292453.000000	3386659.750000	1.000000
0.000000	78697400.000000	19959642.000000	1.000000
0.000000	-189.746094	-161.738037	1.000000
0.000000	-252.942719	18.407818	1.000000
0.000000	95.829399	-155.036942	1.000000
0.000000	-73337376.000000	-31090268.000000	1.000000
0.000000	657.847473	-4562.065918	1.000000
0.000000	353.840820	-322.565552	1.000000
0.000000	-6124.476074	7729.638672	1.000000
0.000000	-987.539490	305.405792	1.000000
0.000000	-273.033112	203.920822	1.000000
0.000000	902.785461	7922.936523	1.000000
0.000000	10166.523438	84996.476562	1.000000
0.000000	-30.538919	735.416138	1.000000
0.000000	167.466949	151.421509	1.000000
0.000000	-207173.453125	-53274.003906	1.000000
0.000000	326.799652	-65.810425	1.000000
0.000000	10389.499023	35466.535156	1.000000
0.000000	-3841.919678	11597.330078	1.000000
0.000000	332.319641	-137.586334	1.000000
0.000000	-61558.710938	-273296.843750	1.000000
0.000000	5225.081055	-8973.445312	1.000000
0.000000	4795.241211	884.951538	1.000000
0.000000	-183.904358	428.439911	1.000000
0.000000	-473.145752	-266.892975	1.000000
0.000000	-171.919662	21.423214	1.000000
0.000000	4783.177734	2744.837158	1.000000
0.000000	91.063820	-35.218269	1.000000
0.000000	-5671.729004	-1450.276733	1.000000
0.000000	-246306.078125	-73650.781250	1.000000
0.000000	-46804.636719	-6107.707520	1.000000
0.000000	398.964813	33.885883	1.000000
0.000000	488.938354	84.793007	1.000000
0.000000	-1.056515	149.961288	1.000000
0.000000	-41.835590	-58.984318	1.000000
0.000000	36.842571	147.730652	1.000000
0.000000	-527.296448	-354.390228	1.000000
0.000000	-4153.280273	3404.724121	1.000000
0.000000	-776.986328	357.123444	1.000000
0.000000	-92.772659	-171.119507	1.000000
0.000000	-168.179840	-62.966587	1.000000
0.000000	6952.040527	6289.359375	1.000000
0.000000	-819.756287	1768.865356	1.000000
0.000000	78.032784	1421.950195	1.000000
0.000000	-3344.314209	-11723.473633	1.000000
0.000000	215.694092	-74.515854	1.000000
0.000000	-18.793676	-175.402100	1.000000
0.000000	39.378883	120.931961	1.000000
0.000000	29405522.000000	-21550876.000000	1.000000
0.000000	-481.056946	1608.164673	1.000000
0.000000	558.160278	451.832062	1.000000
0.000000	1759.961548	26320.822266	1.000000
0.000000	3228.891113	-1564.751953	1.000000
0.000000	-41.803112	-174.387634	1.000000
0.000000	111.297211	-284.073151	1.000000
0.000000	5442.867676	-2827.748535	1.000000
0.000000	401038.437500	-1051564.750000	1.000000
0.000000	40286.656250	142609.875000	1.000000
0.000000	899154304.000000	-490293056.000000	1.000000
0.000000	5177.081055	-14800.572266	1.000000
0.000000	-11819835.000000	-661424.437500	1.000000
0.000000	10564.264648	-15196.711914	1.000000
0.000000	8.218166	-269.345062	1.000000
0.000000	-198.810120	-705.806091	1.000000
0.000000	-599.894653	925.472412	1.000000
0.000000	424452.687500	2514.802490	1.000000
0.000000	-9249.912109	10662.106445	1.000000
0.000000	-80.078484	562.651184	1.000000
0.000000	41.106503	-188.078812	1.000000
0.000000	3412.294434	-13189.192383	1.000000
0.000000	-935690816.000000	516809408.000000	1.000000
0.000000	1333545.500000	80151.296875	1.000000
0.000000	370613.687500	-121716.609375	1.000000
0.000000	282593.250000	227364.718750	1.000000
0.000000	24991.251953	-23183.699219	1.000000
0.000000	2203343.750000	933788.187500	1.000000
0.000000	-98.990959	134.184784	1.000000
0.000000	185.043243	-9.354398	1.000000
0.000000	-3229.813721	-447.779541	1.000000
0.000000	-1659.167114	1618.495239	1.000000
0.000000	51.990395	188.695694	1.000000
0.000000	38.016720	51.408710	1.000000
0.000000	-1114.613159	1127.304077	1.000000
0.000000	826.206604	-132.184570	1.000000
0.000000	211.616928	-283.633820	1.000000
0.000000	-4355021.000000	2416277.250000	1.000000
0.000000	1017.247070	560.855408	1.000000
0.000000	-22.086853	-88039.937500	1.000000
0.000000	1711789.125000	-2028472.500000	1.000000
0.000000	792.904175	-1613.240234	1.000000
0.000000	-348.335876	-5243.520996	1.000000
0.000000	691415.187500	-227341.281250	1.000000
0.000000	12310197.000000	-6573529.500000	1.000000
0.000000	-21920.732422	-21405.832031	1.000000
0.000000	170576.265625	-24465.191406	1.000000
0.000000	70.476593	93.199829	1.000000
0.000000	188.243271	-2.840170	1.000000
0.000000	724.096619	-1762.189209	1.000000
0.000000	-78.769417	-161.589523	1.000000
0.000000	67.767258	-168.538895	1.000000
0.000000	-851.951904	966.911804	1.000000
0.000000	-106.301437	-3138.722900	1.000000
0.000000	-53757.710938	119833.890625	1.000000
0.000000	55.113228	148.908707	1.000000
0.000000	-246.780624	-1.067504	1.000000
0.000000	-237.271790	-1106.579468	1.000000
0.000000	-64707.449219	15600.316406	1.000000
0.000000	2401.843506	680.214661	1.000000
0.000000	55697.050781	149514.609375	1.000000
0.000000	-13127.846680	6637.260742	1.000000
0.000000	-41694.378906	-29850.078125	1.000000
0.000000	-8546.942383	13748.687500	1.000000
0.000000	205.988770	293.465698	1.000000
0.000000	-227.602036	94.319908	1.000000
0.000000	1472.766602	3256.717529	1.000000
0.000000	521.757446	-385.121796	1.000000
0.000000	1996.898193	208.360992	1.000000
0.000000	544.104248	-423.892273	1.000000
0.000000	14015.646484	-14126.574219	1.000000
0.000000	-202.057358	-74.759270	1.000000
0.000000	-1122.832031	1630.873657	1.000000
0.000000	148.023224	174.765427	1.000000
0.000000	-13453.588867	-2957.346924	1.000000
0.000000	-28590.628906	-61421.203125	1.000000
0.000000	1634.828857	7955.036133	1.000000
0.000000	-2602.081055	1940.717285	1.000000
0.000000	-15.379091	-101.942101	1.000000
0.000000	145.356003	298.361023	1.000000
0.000000	-3899.000244	-16128.375977	1.000000
0.000000	648.041809	-61.519188	1.000000
0.000000	-8659.291016	12922.957031	1.000000
0.000000	-932.960083	-3060.584961	1.000000
0.000000	955.887756	448.094025	1.000000
0.000000	165.930313	-227.477264	1.000000
0.000000	-5769.520996	-20530.630859	1.000000
0.000000	-4.661871	-197.975357	1.000000
0.000000	22548.945312	-24475.474609	1.000000
0.000000	-215.212662	-83.147804	1.000000
0.000000	-3300464.250000	1376390.750000	1.000000
0.000000	-17945.080078	-1142.940063	1.000000
0.000000	-4.775446	462.986206	1.000000
0.000000	116.284523	-224.150421	1.000000
0.000000	6643.727051	2823.790039	1.000000
0.000000	-26253.193359	-23404.675781	1.000000
0.000000	-586712.625000	317382.656250	1.000000
0.000000	-108536.234375	249205.109375	1.000000
0.000000	38155.062500	-56191.003906	1.000000
0.000000	517.572754	-1624.405396	1.000000
0.000000	59.995529	56.031002	1.000000
0.000000	-190.895081	-549.185425	1.000000
0.000000	-352.756653	557.394409	1.000000
0.000000	4112436.000000	2116301.500000	1.000000
0.000000	45.279346	185.762558	1.000000
0.000000	-45225.511719	75840.437500	1.000000
0.000000	589.076843	1637.909424	1.000000
0.000000	4707.698730	12596.438477	1.000000
0.000000	631.964661	1735.697266	1.000000
0.000000	-44007.871094	2272.421631	1.000000
0.000000	245846.734375	-842228.687500	1.000000
0.000000	-109.724670	-86.591599	1.000000
0.000000	316.273895	-140.071838	1.000000
0.000000	-33031.863281	-139885.609375	1.000000
0.000000	-14294.600586	-13685.468750	1.000000
0.000000	-253.382736	-75.651466	1.000000
0.000000	-323437.031250	730136.875000	1.000000
0.000000	-31472.699219	-19736.816406	1.000000
0.000000	-307.133942	-1023.369995	1.000000
0.000000	112.865189	-231.539078	1.000000
0.000000	-3752.484863	-12737.457031	1.000000
0.000000	54.783699	-195.257401	1.000000
0.000000	3162.810059	3120.819824	1.000000
0.000000	-32.839764	298.172211	1.000000
0.000000	799340.187500	-982912.687500	1.000000
0.000000	-252.757202	386.369568	1.000000
0.000000	-3404.662354	-2054.320557	1.000000
0.000000	0.412976	2771.000244	1.000000
0.000000	-224.700989	206.609695	1.000000
0.000000	19918.439453	10428.851562	1.000000
0.000000	-56.847618	607.950867	1.000000
0.000000	-3239.098633	-1872.085083	1.000000
0.000000	65059.402344	112537.570312	1.000000
0.000000	168.256210	126.421616	1.000000
0.000000	484892.843750	100685.546875	1.000000
0.000000	-146.107697	140.343109	1.000000
0.000000	79.180840	159.671860	1.000000
0.000000	296.902374	-15.516394	1.000000
0.000000	-157.072433	-87.393188	1.000000
0.000000	-52474.785156	-3131.484619	1.000000
0.000000	11326.877930	1264.513062	1.000000
0.000000	-113.881180	-54.159740	1.000000
0.000000	-74.912346	1858.330811	1.000000
0.000000	-7866.298340	-93017.984375	1.000000
0.000000	-485.709686	1218.174072	1.000000
0.000000	46.216805	198.700928	1.000000
0.000000	198.700119	-36.173668	1.000000
0.000000	48.685360	204.728699	1.000000
0.000000	-42790.457031	-77805.820312	1.000000
0.000000	409.229034	-1004.384277	1.000000
0.000000	-86.462349	207.236267	1.000000
0.000000	-25.469633	-314.334198	1.000000
0.000000	-446.521729	574.676636	1.000000
0.000000	296.661102	164.005646	1.000000
0.000000	183.661407	866.152954	1.000000
0.000000	-115.586960	38.273064	1.000000
0.000000	130.044037	433.211273	1.000000
0.000000	-10858.348633	565.077576	1.000000
0.000000	28171368.000000	16549397.000000	1.000000
0.000000	210.874588	-531.830566	1.000000
0.000000	-32830.093750	266860.625000	1.000000
0.000000	-87.948494	8.852251	1.000000
0.000000	1364.774170	2752.878906	1.000000
0.000000	4681.561035	10645.993164	1.000000
0.000000	-48670.101562	-126250.796875	1.000000
0.000000	180.412048	-446.434418	1.000000
0.000000	1929694.125000	165140.296875	1.000000
0.000000	-180245.703125	-177937.812500	1.000000
0.000000	-70098.085938	13819.165039	1.000000
0.000000	179.624710	-6.448043	1.000000
0.000000	-131065.218750	14824.226562	1.000000
0.000000	-943.209900	169.445374	1.000000
0.000000	-1236.187866	1113.422241	1.000000
0.000000	-1149.262451	1029.487183	1.000000
0.000000	49226.160156	57420.281250	1.000000
0.000000	83988.929688	3769.359619	1.000000
0.000000	919.726013	-446.732666	1.000000
0.000000	-225.551025	-207.595688	1.000000
0.000000	-1589278.625000	-1200867.375000	1.000000
0.000000	-130.058182	104.951202	1.000000
0.000000	2590553.750000	19234.605469	1.000000
0.000000	84.635010	-46.118141	1.000000
0.000000	-10362.824219	13074.013672	1.000000
0.000000	1826645.375000	135479.421875	1.000000
0.000000	-1581.711792	646.775635	1.000000
0.000000	126.169762	16.708515	1.000000
0.000000	227.394180	48.391785	1.000000
0.000000	567.239441	1051.131226	1.000000
0.000000	-10516.612305	7308.409668	1.000000
0.000000	-226.331070	131.247528	1.000000
0.000000	27328.099609	25745.792969	1.000000
0.000000	-34.965302	192.047653	1.000000
0.000000	266.283539	348.832367	1.000000
0.000000	100.194000	-9089.126953	1.000000
0.000000	-5452.308105	9770.478516	1.000000
0.000000	459059.031250	25694.398438	1.000000
0.000000	-875.104187	1047.994629	1.000000
0.000000	2056.268555	-5349.665527	1.000000
0.000000	3484.145996	-1939.556396	1.000000
0.000000	58.482018	-53.640015	1.000000
0.000000	95.401863	101.762230	1.000000
0.000000	1031.017822	-603.864990	1.000000
0.000000	1190.383423	11880.405273	1.000000
0.000000	18187.847656	-23755.994141	1.000000
0.000000	169.378983	-5.736221	1.000000
0.000000	-21.759602	-57.971752	1.000000
0.000000	1272.525635	1090.511475	1.000000
0.000000	259.628113	-41.791103	1.000000
0.000000	82.498711	21.724953	1.000000
0.000000	-1580.385254	86.304131	1.000000
0.000000	75170.890625	-7424.941406	1.000000
0.000000	41.171867	255.877594	1.000000
0.000000	-362.543335	-720.712036	1.000000
0.000000	1188.345459	-9752.390625	1.000000
0.000000	174.506683	171.761047	1.000000
0.000000	120.387398	119.905556	1.000000
0.000000	-3933.110596	-4741.701660	1.000000
0.000000	361.707123	207.366440	1.000000
0.000000	-1905.030884	-2876.429932	1.000000
0.000000	-59.147774	131.791336	1.000000
0.000000	22219.562500	38934.609375	1.000000
0.000000	194.999420	-24.407000	1.000000
0.000000	729.484924	-552.481506	1.000000
0.000000	1118.238037	622.093201	1.000000
0.000000	-313.287262	478.589722	1.000000
0.000000	43.283901	-194.214325	1.000000
0.000000	9504.889648	4978.176270	1.000000
0.000000	-92751.718750	-330116.781250	1.000000
0.000000	7829.919434	16943.054688	1.000000
0.000000	110.066467	-65.854095	1.000000
0.000000	3348.010010	-1060.963013	1.000000
0.000000	-423444.875000	-81827.000000	1.000000
0.000000	-44105600.000000	-10494824.000000	1.000000
0.000000	5952.877930	-4723.744629	1.000000
0.000000	-228.621063	10.973937	1.000000
0.000000	888.639404	-1770.390991	1.000000
0.000000	5975.739258	454.080566	1.000000
0.000000	-115.508995	-41.140362	1.000000
0.000000	-326.508606	1024.309448	1.000000
0.000000	-18804.470703	225.254868	1.000000
0.000000	-470.854065	-152.617569	1.000000
0.000000	280.663177	-190.447113	1.000000
0.000000	14400.689453	-11100.588867	1.000000
