0.000000	31498.773438	455811.875000	1.000000
0.000000	215000.437500	175256.578125	1.000000
0.000000	1187.966064	-12788.088867	1.000000
0.000000	-510.875549	648.538635	1.000000
0.000000	16887.794922	27383.109375	1.000000
0.000000	-13683.774414	752.278259	1.000000
0.000000	-673.488220	-2459.432373	1.000000
0.000000	-595288.062500	1523932.125000	1.000000
0.000000	3579.109131	-2193.305664	1.000000
0.000000	9292453.000000	3386659.750000	1.000000
0.000000	78697400.000000	19959642.000000	1.000000
0.000000	-288.172607	-188.445801	1.000000
0.000000	-301.251282	108.254639	1.000000
0.000000	92.078484	-256.980621	1.000000
0.000000	-73337376.000000	-31090268.000000	1.000000
0.000000	746.624329	-4512.261230	1.000000
0.000000	377.747070	-421.739136	1.000000
0.000000	-6177.269043	7817.294922	1.000000
0.000000	-987.290466	203.414642	1.000000
0.000000	-308.020905	299.732574	1.000000
0.000000	924.699524	8022.545898	1.000000
0.000000	10258.164062	85044.289062	1.000000
0.000000	-50.273739	835.523560	1.000000
0.000000	240.656616	84.817886	1.000000
0.000000	-207109.703125	-53345.722656	1.000000
0.000000	428.463470	-57.826111	1.000000
0.000000	10387.506836	35362.941406	1.000000
0.000000	-3942.027100	11577.408203	1.000000
0.000000	421.470032	-187.141998	1.000000
0.000000	-61455.117188	-273296.843750	1.000000
0.000000	5164.319336	-8891.765625	1.000000
0.000000	4893.854492	910.102905	1.000000
0.000000	-277.972961	467.910126	1.000000
0.000000	-547.760681	-197.379440	1.000000
0.000000	-251.638290	-42.209263	1.000000
0.000000	4875.814453	2787.171143	1.000000
0.000000	-3.798142	-72.711861	1.000000
0.000000	-5750.420410	-1514.773804	1.000000
0.000000	-246274.203125	-73746.406250	1.000000
0.000000	-46724.949219	-6169.465332	1.000000
0.000000	477.593964	98.834305	1.000000
0.000000	547.856750	1.546922	1.000000
0.000000	-1.972357	251.967514	1.000000
0.371236	-86.710388	-148.934769	1.000000
0.000000	49.519421	248.927551	1.000000
0.000000	-565.770569	-259.948090	1.000000
0.000000	-4069.608398	3346.452637	1.000000
0.000000	-834.884277	441.106598	1.000000
0.000000	-115.215897	-270.604370	1.000000
0.000000	-268.003357	-83.946815	1.000000
0.000000	7053.642090	6278.402344	1.000000
0.000000	-875.413025	1683.450317	1.000000
0.000000	20.057817	1338.029297	1.000000
0.000000	-3403.581787	-11639.801758	1.000000
0.000000	309.887207	-35.397919	1.000000
0.000000	-16.272314	-277.377197	1.000000
0.000000	141.320969	117.398941	1.000000
0.000000	29405522.000000	-21550876.000000	1.000000
0.000000	-563.234680	1668.428345	1.000000
0.000000	491.029022	528.606995	1.000000
0.000000	1707.417603	26233.166016	1.000000
0.000000	3267.738770	-1659.131836	1.000000
0.000000	-95.470879	-261.139343	1.000000
0.000000	166.331390	-369.923981	1.000000
0.000000	5380.113770	-2907.934082	1.000000
0.000000	401102.187500	-1051564.750000	1.000000
0.000000	40199.000000	142546.125000	1.000000
0.000000	899154304.000000	-490293056.000000	1.000000
0.000000	5111.338867	-14878.267578	1.000000
0.000000	-11819835.000000	-661296.937500	1.000000
0.000000	10616.061523	-15109.055664	1.000000
0.000000	-21.914089	-366.775482	1.000000
0.000000	-275.797485	-772.668884	1.000000
0.000000	-497.928162	921.986084	1.000000
0.000000	424325.187500	2489.402100	1.000000
0.000000	-9349.521484	10638.200195	1.000000
0.000000	-179.088898	538.122375	1.000000
0.000000	32.172787	-289.680389	1.000000
0.000000	3422.255371	-13290.793945	1.000000
0.000000	-935690816.000000	516809408.000000	1.000000
0.000000	1333545.500000	80246.921875	1.000000
0.000000	370741.187500	-121732.546875	1.000000
0.000000	282465.750000	227396.593750	1.000000
0.000000	24899.611328	-23135.886719	1.000000
0.000000	2203343.750000	933660.687500	1.000000
0.000000	-152.717758	220.876068	1.000000
0.000000	86.992325	-34.091633	1.000000
0.000000	-3166.063721	-368.092041	1.000000
0.000000	-1671.120239	1719.847778	1.000000
0.000000	99.024696	279.215698	1.000000
0.000000	11.811787	-47.166286	1.000000
0.000000	-1212.977417	1100.409546	1.000000
0.000000	912.368713	-186.814087	1.000000
0.000000	234.309189	-184.188736	1.000000
0.000000	-4355021.000000	2416277.250000	1.000000
0.000000	1105.410889	612.029724	1.000000
0.000000	-121.911240	-88055.875000	1.000000
0.000000	1711789.125000	-2028472.500000	1.000000
0.000000	811.954468	-1513.132812	1.000000
0.000000	-264.477234	-5301.294434	1.000000
0.000000	691415.187500	-227436.906250	1.000000
0.000000	12310197.000000	-6573529.500000	1.000000
0.000000	-21944.638672	-21505.441406	1.000000
0.000000	170671.890625	-24524.957031	1.000000
0.000000	26.580059	185.276245	1.000000
0.000000	285.838837	-32.501129	1.000000
0.000000	625.358826	-1787.589600	1.000000
0.000000	-145.881226	-238.413254	1.000000
0.000000	104.887314	-263.541351	1.000000
0.000000	-881.212158	1064.601685	1.000000
0.000000	-205.194870	-3113.820557	1.000000
0.000000	-53861.304688	119833.890625	1.000000
0.000000	86.921753	241.343048	1.000000
0.000000	-345.456146	24.772474	1.000000
0.000000	-139.187683	-1078.688843	1.000000
0.000000	-64619.792969	15544.535156	1.000000
0.000000	2432.224365	777.582825	1.000000
0.000000	55776.738281	149578.359375	1.000000
0.000000	-13225.463867	6605.385742	1.000000
0.000000	-41774.066406	-29790.312500	1.000000
0.000000	-8463.270508	13806.460938	1.000000
0.000000	298.127441	337.169312	1.000000
0.000000	-302.733093	163.330521	1.000000
0.000000	1546.228516	3185.994873	1.000000
0.000000	620.246216	-411.705048	1.000000
0.000000	1931.405029	130.198761	1.000000
0.000000	564.026123	-523.929993	1.000000
0.000000	13993.732422	-14226.183594	1.000000
0.000000	-289.028809	-128.034714	1.000000
0.000000	-1161.430664	1536.493774	1.000000
0.000000	220.924835	246.110641	1.000000
0.000000	-13353.979492	-2979.759033	1.000000
0.000000	-28654.378906	-61500.890625	1.000000
0.000000	1690.610107	8040.700195	1.000000
0.000000	-2539.825195	1860.033691	1.000000
0.000000	77.952744	-143.093216	1.000000
0.000000	82.143448	224.823029	1.000000
0.000000	-3834.254150	-16048.688477	1.000000
0.000000	746.032532	-33.052696	1.000000
0.000000	-8760.892578	12930.925781	1.000000
0.000000	-902.205688	-3157.704102	1.000000
0.000000	944.806213	549.485779	1.000000
0.000000	265.601959	-249.111176	1.000000
0.000000	-5668.915527	-20514.693359	1.000000
0.000000	0.703795	-299.825958	1.000000
0.000000	22521.054688	-24575.083984	1.000000
0.000000	-283.986908	-158.477402	1.000000
0.000000	-3300464.250000	1376390.750000	1.000000
0.000000	-17980.939453	-1238.067017	1.000000
0.000000	-47.677513	555.498413	1.000000
0.000000	150.281586	-320.325409	1.000000
0.000000	6676.598145	2727.168945	1.000000
0.000000	-26157.568359	-23372.800781	1.000000
0.000000	-586712.625000	317446.406250	1.000000
0.000000	-108536.234375	249109.484375	1.000000
0.000000	38051.468750	-56191.003906	1.000000
0.000000	583.563965	-1702.100708	1.000000
0.000000	108.991524	145.492661	1.000000
0.000000	-214.209900	-449.910645	1.000000
0.000000	-380.585022	655.509644	1.000000
0.000000	4112436.000000	2116301.500000	1.000000
0.000000	142.542984	205.783493	1.000000
0.000000	-45265.355469	75936.062500	1.000000
0.000000	681.091003	1681.986572	1.000000
0.000000	4806.312012	12570.540039	1.000000
0.000000	621.879211	1634.095703	1.000000
0.000000	-44079.589844	2347.128662	1.000000
0.000000	245751.109375	-842228.687500	1.000000
0.000000	-201.990936	-130.061020	1.000000
0.000000	417.999969	-132.196472	1.000000
0.000000	-32992.019531	-139981.234375	1.000000
0.000000	-14328.467773	-13589.843750	1.000000
0.000000	-355.234131	-80.818703	1.000000
0.000000	-323564.531250	730136.875000	1.000000
0.000000	-31385.042969	-19685.019531	1.000000
0.000000	-399.334869	-1066.949097	1.000000
0.000000	140.421951	-329.724335	1.000000
0.000000	-3654.867676	-12767.339844	1.000000
0.000000	84.279846	-292.893951	1.000000
0.000000	3193.190918	3023.700684	1.000000
0.000000	15.434676	208.320480	1.000000
0.000000	799212.687500	-982912.687500	1.000000
0.000000	-353.361664	403.365417	1.000000
0.000000	-3307.045166	-2083.207275	1.000000
0.000000	-21.022419	2870.609619	1.000000
0.000000	-296.668762	278.910004	1.000000
0.000000	19866.642578	10516.507812	1.000000
0.000000	43.687344	590.768250	1.000000
0.000000	-3336.217773	-1903.960083	1.000000
0.000000	65091.277344	112633.195312	1.000000
0.000000	245.353729	192.871460	1.000000
0.000000	484892.843750	100781.171875	1.000000
0.000000	-219.880890	210.785614	1.000000
0.000000	80.609840	261.794434	1.000000
0.000000	314.396271	84.970268	1.000000
0.000000	-258.860779	-93.883362	1.000000
0.000000	-52434.941406	-3038.847900	1.000000
0.000000	11380.666992	1351.173218	1.000000
0.371236	-87.242638	-153.431000	1.000000
0.000000	-15.350142	1775.406006	1.000000
0.000000	-7871.278809	-93113.609375	1.000000
0.000000	-546.818115	1136.494385	1.000000
0.000000	-21.167440	275.275635	1.000000
0.000000	296.192780	-66.165428	1.000000
0.000000	54.272823	306.579285	1.000000
0.000000	-42870.144531	-77742.070312	1.000000
0.000000	329.479279	-1068.095947	1.000000
0.000000	-33.373665	294.332214	1.000000
0.000000	-71.112175	-223.129364	1.000000
0.000000	-455.860107	676.278198	1.000000
0.000000	367.944061	91.041779	1.000000
0.000000	207.910065	965.264282	1.000000
0.000000	-163.310120	128.419540	1.000000
0.000000	212.190643	493.661713	1.000000
0.000000	-10959.950195	557.606873	1.000000
0.000000	28171368.000000	16549397.000000	1.000000
0.000000	279.646881	-607.160156	1.000000
0.000000	-32790.250000	266796.875000	1.000000
0.000000	-189.917480	6.260851	1.000000
0.000000	1449.691162	2696.599609	1.000000
0.000000	4581.951660	10669.899414	1.000000
0.000000	-48566.507812	-126250.796875	1.000000
0.000000	90.856995	-495.243011	1.000000
0.000000	1929694.125000	165204.046875	1.000000
0.000000	-180150.078125	-177937.812500	1.000000
0.000000	-70177.773438	13761.391602	1.000000
0.000000	239.451309	-85.458740	1.000000
0.000000	-131097.093750	14921.843750	1.000000
0.000000	-1034.213989	215.576965	1.000000
0.000000	-1300.186890	1033.983765	1.000000
0.000000	-1175.658936	1128.100464	1.000000
0.000000	49250.066406	57515.906250	1.000000
0.000000	83909.242188	3708.099854	1.000000
0.000000	1016.969666	-415.729248	1.000000
0.000000	-316.206024	-254.318710	1.000000
0.000000	-1589278.625000	-1200867.375000	1.000000
0.000000	-228.484695	131.765732	1.000000
0.000000	2590553.750000	19326.246094	1.000000
0.000000	120.074158	-141.762405	1.000000
0.000000	-10422.589844	13157.685547	1.000000
0.000000	1826645.375000	135415.671875	1.000000
0.000000	-1570.007690	748.128174	1.000000
0.000000	225.592377	39.470814	1.000000
0.000000	312.248901	-8.230545	1.000000
0.000000	485.808777	989.692078	1.000000
0.000000	-10586.338867	7383.116699	1.000000
0.000000	-326.313965	151.449554	1.000000
0.000000	27332.083984	25849.386719	1.000000
0.000000	39.490028	261.774200	1.000000
0.000000	270.890472	450.745209	1.000000
0.000000	0.968837	-9065.220703	1.000000
0.000000	-5553.909668	9772.470703	1.000000
0.000000	459122.781250	25618.695312	1.000000
0.000000	-970.729187	1083.355957	1.000000
0.000000	2138.446289	-5288.903809	1.000000
0.000000	3486.138184	-2041.656006	1.000000
0.000000	114.278061	31.748951	1.000000
0.000000	182.628143	154.625183	1.000000
0.000000	987.085083	-695.879150	1.000000
0.000000	1202.087524	11778.803711	1.000000
0.000000	18088.238281	-23775.916016	1.000000
0.000000	271.105072	-13.150505	1.000000
0.000000	-16.047626	-159.812103	1.000000
0.000000	1187.857666	1147.288818	1.000000
0.000000	361.603210	-44.398067	1.000000
0.000000	98.856438	122.407845	1.000000
0.000000	-1483.266113	117.416496	1.000000
0.000000	75266.515625	-7413.984375	1.000000
0.000000	68.330986	354.179626	1.000000
0.000000	-260.568237	-720.712036	1.000000
0.000000	1181.870850	-9650.789062	1.000000
0.000000	236.171112	253.004944	1.000000
0.000000	198.177612	185.865646	1.000000
0.000000	-3886.294189	-4651.057129	1.000000
0.000000	462.312592	223.988754	1.000000
0.000000	-1986.959595	-2937.191650	1.000000
0.000000	-16.160103	224.303543	1.000000
0.000000	22235.500000	39038.203125	1.000000
0.000000	296.993134	-24.072374	1.000000
0.000000	831.460022	-550.738342	1.000000
0.000000	1206.392334	673.392029	1.000000
0.000000	-317.520660	580.460693	1.000000
0.000000	107.625328	-273.365814	1.000000
0.000000	9556.686523	4890.520020	1.000000
0.000000	-92703.906250	-330180.531250	1.000000
0.000000	7931.520996	16947.039062	1.000000
0.000000	175.870911	-143.786026	1.000000
0.000000	3381.379150	-964.514160	1.000000
0.000000	-423381.125000	-81906.687500	1.000000
0.000000	-44105600.000000	-10494824.000000	1.000000
0.000000	5998.698242	-4633.100098	1.000000
0.000000	-267.344208	105.338364	1.000000
0.000000	978.038818	-1721.333374	1.000000
0.000000	5896.051758	390.704102	1.000000
0.000000	-210.200150	-79.065056	1.000000
0.000000	-428.359192	1019.328979	1.000000
0.000000	-18788.533203	124.555481	1.000000
0.000000	-572.829163	-155.450211	1.000000
0.000000	292.305023	-291.779510	1.000000
0.000000	14494.322266	-11060.745117	1.000000
