0.000000	31515.707031	455795.937500	1.000000
0.000000	214992.468750	175232.671875	1.000000
0.000000	1184.168457	-12762.688477	1.000000
0.000000	-536.369324	648.912170	1.000000
0.000000	16889.787109	27409.007812	1.000000
0.000000	-13708.676758	758.036926	1.000000
0.000000	-696.367249	-2448.226318	1.000000
0.000000	-595256.187500	1523932.125000	1.000000
0.000000	3566.035400	-2215.219727	1.000000
0.000000	9292453.000000	3386659.750000	1.000000
0.000000	78697400.000000	19959642.000000	1.000000
0.000000	-263.565979	-181.768860	1.000000
0.000000	-289.173645	85.791946	1.000000
0.000000	93.016212	-231.494919	1.000000
0.000000	-73337376.000000	-31090268.000000	1.000000
0.000000	724.430115	-4524.712402	1.000000
0.000000	371.770508	-396.945740	1.000000
0.000000	-6164.070801	7795.380859	1.000000
0.000000	-987.352722	228.916199	1.000000
0.000000	-299.273956	275.779633	1.000000
0.000000	919.221008	7997.643555	1.000000
0.000000	10235.253906	85032.335938	1.000000
0.000000	-45.339962	810.496704	1.000000
0.000000	221.886475	102.078323	1.000000
0.000000	-207125.640625	-53327.792969	1.000000
0.000000	403.047516	-59.822189	1.000000
0.000000	10388.004883	35388.839844	1.000000
0.000000	-3917.000244	11582.388672	1.000000
0.000000	399.182434	-174.753082	1.000000
0.000000	-61481.015625	-273296.843750	1.000000
0.000000	5179.509766	-8912.185547	1.000000
0.000000	4869.201172	903.815063	1.000000
0.000000	-254.455811	458.042572	1.000000
0.000000	-529.115051	-214.756607	1.000000
0.000000	-231.708633	-26.300947	1.000000
0.000000	4852.655273	2776.587646	1.000000
0.000000	19.917046	-63.338463	1.000000
0.000000	-5730.747559	-1498.649536	1.000000
0.000000	-246282.171875	-73722.500000	1.000000
0.000000	-46744.871094	-6154.025879	1.000000
0.000000	457.936676	82.597198	1.000000
0.000000	533.133240	22.358166	1.000000
0.000000	-1.743396	226.465958	1.000000
0.000000	-76.302132	-127.282883	1.000000
0.000000	46.350208	223.628326	1.000000
0.000000	-556.152039	-283.558624	1.000000
0.000000	-4090.526367	3361.020508	1.000000
0.000000	-820.409790	420.110809	1.000000
0.000000	-109.605087	-245.733154	1.000000
0.000000	-243.050293	-78.701759	1.000000
0.000000	7028.241699	6281.141602	1.000000
0.000000	-861.498840	1704.804077	1.000000
0.000000	34.550957	1359.009521	1.000000
0.000000	-3388.764893	-11660.719727	1.000000
0.000000	286.338928	-45.177925	1.000000
0.000000	-16.902655	-251.883423	1.000000
0.000000	115.834984	118.282196	1.000000
0.000000	29405522.000000	-21550876.000000	1.000000
0.000000	-542.690247	1653.362427	1.000000
0.000000	507.822540	509.403168	1.000000
0.000000	1720.553589	26255.080078	1.000000
0.000000	3258.026855	-1635.536865	1.000000
0.000000	-82.054741	-239.452789	1.000000
0.000000	152.572845	-348.461273	1.000000
0.000000	5395.802246	-2887.887695	1.000000
0.000000	401086.250000	-1051564.750000	1.000000
0.000000	40220.914062	142562.062500	1.000000
0.000000	899154304.000000	-490293056.000000	1.000000
0.000000	5127.774414	-14858.843750	1.000000
0.000000	-11819835.000000	-661328.812500	1.000000
0.000000	10603.112305	-15130.969727	1.000000
0.000000	-14.381129	-342.417877	1.000000
0.000000	-256.544861	-755.953186	1.000000
0.000000	-523.413330	922.857666	1.000000
0.000000	424357.062500	2495.752197	1.000000
0.000000	-9324.619141	10644.176758	1.000000
0.000000	-154.334412	544.254578	1.000000
0.000000	34.406216	-264.279999	1.000000
0.000000	3419.765137	-13265.393555	1.000000
0.000000	-935690816.000000	516809408.000000	1.000000
0.000000	1333545.500000	80223.015625	1.000000
0.000000	370709.312500	-121728.562500	1.000000
0.000000	282497.625000	227388.625000	1.000000
0.000000	24922.521484	-23147.839844	1.000000
0.000000	2203343.750000	933692.562500	1.000000
0.000000	-139.286057	199.203247	1.000000
0.000000	111.879105	-28.530800	1.000000
0.000000	-3182.001221	-388.013916	1.000000
0.000000	-1668.131958	1694.509644	1.000000
0.000000	87.266121	256.585693	1.000000
0.000000	18.363243	-22.522694	1.000000
0.000000	-1188.386353	1107.133179	1.000000
0.000000	890.828186	-173.156708	1.000000
0.000000	228.636124	-209.052170	1.000000
0.000000	-4355021.000000	2416277.250000	1.000000
0.000000	1083.372314	599.236145	1.000000
0.000000	-96.954422	-88051.890625	1.000000
0.000000	1711789.125000	-2028472.500000	1.000000
0.000000	807.191895	-1538.159668	1.000000
0.000000	-285.441895	-5286.851074	1.000000
0.000000	691415.187500	-227413.000000	1.000000
0.000000	12310197.000000	-6573529.500000	1.000000
0.000000	-21938.662109	-21480.539062	1.000000
0.000000	170647.984375	-24510.015625	1.000000
0.000000	37.554119	162.257141	1.000000
0.000000	261.434540	-25.085939	1.000000
0.000000	650.043274	-1781.239502	1.000000
0.000000	-129.103271	-219.207321	1.000000
0.000000	95.607300	-239.790726	1.000000
0.000000	-873.897095	1040.197388	1.000000
0.000000	-180.471512	-3120.046143	1.000000
0.000000	-53835.406250	119833.890625	1.000000
0.000000	82.159508	220.464035	1.000000
0.000000	-320.787262	18.312456	1.000000
0.000000	-163.708710	-1085.661499	1.000000
0.000000	-64641.707031	15558.480469	1.000000
0.000000	2424.629150	753.240784	1.000000
0.000000	55756.816406	149562.421875	1.000000
0.000000	-13201.059570	6613.354492	1.000000
0.000000	-41754.144531	-29805.253906	1.000000
0.000000	-8484.188477	13792.017578	1.000000
0.000000	275.092773	326.243408	1.000000
0.000000	-283.947388	146.077866	1.000000
0.000000	1527.863037	3203.675537	1.000000
0.000000	595.624023	-405.059235	1.000000
0.000000	1947.778320	149.739319	1.000000
0.000000	559.045654	-498.926147	1.000000
0.000000	13999.210938	-14201.281250	1.000000
0.000000	-267.285950	-114.715858	1.000000
0.000000	-1151.781006	1560.088745	1.000000
0.000000	202.699432	228.274338	1.000000
0.000000	-13378.881836	-2974.156006	1.000000
0.000000	-28638.441406	-61480.968750	1.000000
0.000000	1676.664795	8019.284180	1.000000
0.000000	-2555.389160	1880.204590	1.000000
0.000000	54.619255	-132.805435	1.000000
0.000000	94.757660	240.976685	1.000000
0.000000	-3850.440674	-16068.610352	1.000000
0.000000	721.534851	-40.169319	1.000000
0.000000	-8735.492188	12928.933594	1.000000
0.000000	-909.894287	-3133.424316	1.000000
0.000000	947.576599	524.147644	1.000000
0.000000	240.684036	-243.702698	1.000000
0.000000	-5694.066895	-20518.677734	1.000000
0.000000	-0.637613	-274.363312	1.000000
0.000000	22528.027344	-24550.181641	1.000000
0.000000	-266.788727	-139.645004	1.000000
0.000000	-3300464.250000	1376390.750000	1.000000
0.000000	-17971.974609	-1214.285278	1.000000
0.000000	-36.951996	532.370361	1.000000
0.000000	141.783661	-296.279083	1.000000
0.000000	6668.380371	2751.324219	1.000000
0.000000	-26181.474609	-23380.769531	1.000000
0.000000	-586712.625000	317430.468750	1.000000
0.000000	-108536.234375	249133.390625	1.000000
0.000000	38077.367188	-56191.003906	1.000000
0.000000	567.066162	-1682.676880	1.000000
0.000000	96.742683	123.127251	1.000000
0.000000	-208.381195	-474.735168	1.000000
0.000000	-373.627930	630.980835	1.000000
0.000000	4112436.000000	2116301.500000	1.000000
0.000000	117.547256	200.748550	1.000000
0.000000	-45255.394531	75912.156250	1.000000
0.000000	658.087463	1670.967285	1.000000
0.000000	4781.658691	12577.014648	1.000000
0.000000	624.400574	1659.496094	1.000000
0.000000	-44061.660156	2328.451904	1.000000
0.000000	245775.015625	-842228.687500	1.000000
0.000000	-178.925140	-119.194214	1.000000
0.000000	392.568451	-134.165314	1.000000
0.000000	-33001.980469	-139957.328125	1.000000
0.000000	-14320.000977	-13613.750000	1.000000
0.000000	-329.771484	-79.526894	1.000000
0.000000	-323532.656250	730136.875000	1.000000
0.000000	-31406.957031	-19697.968750	1.000000
0.000000	-376.284637	-1056.054321	1.000000
0.000000	133.534897	-305.179962	1.000000
0.000000	-3679.271973	-12759.869141	1.000000
0.000000	76.906418	-268.489655	1.000000
0.000000	3185.595703	3047.980469	1.000000
0.000000	3.366194	230.787064	1.000000
0.000000	799244.562500	-982912.687500	1.000000
0.000000	-328.210297	399.116455	1.000000
0.000000	-3331.449463	-2075.985596	1.000000
0.000000	-15.663551	2845.707275	1.000000
0.000000	-278.676819	260.840240	1.000000
0.000000	19879.591797	10494.593750	1.000000
0.000000	18.553488	595.063904	1.000000
0.000000	-3311.937988	-1895.991333	1.000000
0.000000	65083.308594	112609.289062	1.000000
0.000000	226.552460	175.649933	1.000000
0.000000	484892.843750	100757.265625	1.000000
0.000000	-201.437592	193.174988	1.000000
0.000000	80.932793	236.294647	1.000000
0.000000	310.022797	59.849705	1.000000
0.000000	-233.413681	-92.260818	1.000000
0.000000	-52444.902344	-3062.007080	1.000000
0.000000	11367.219727	1329.508179	1.000000
0.000000	-93.091614	-127.781181	1.000000
0.000000	-30.239992	1796.137207	1.000000
0.000000	-7870.033691	-93089.703125	1.000000
0.000000	-531.534302	1156.914307	1.000000
0.000000	-4.321393	256.131958	1.000000
0.000000	271.819611	-58.667488	1.000000
0.000000	52.875957	281.116638	1.000000
0.000000	-42850.222656	-77758.007812	1.000000
0.000000	349.416718	-1052.158447	1.000000
0.000000	-46.645836	272.558228	1.000000
0.000000	-59.700630	-245.930573	1.000000
0.000000	-453.525513	650.877808	1.000000
0.000000	350.123322	109.282745	1.000000
0.000000	201.847900	940.486450	1.000000
0.000000	-151.380341	105.882927	1.000000
0.000000	191.653992	478.549103	1.000000
0.000000	-10934.549805	559.474548	1.000000
0.000000	28171368.000000	16549397.000000	1.000000
0.000000	262.448700	-588.327759	1.000000
0.000000	-32800.210938	266812.812500	1.000000
0.000000	-164.423706	6.908701	1.000000
0.000000	1428.461914	2710.669434	1.000000
0.000000	4606.854004	10663.922852	1.000000
0.000000	-48592.406250	-126250.796875	1.000000
0.000000	113.245758	-483.040863	1.000000
0.000000	1929694.125000	165188.109375	1.000000
0.000000	-180173.984375	-177937.812500	1.000000
0.000000	-70157.851562	13775.834961	1.000000
0.000000	224.120804	-65.081619	1.000000
0.000000	-131089.125000	14897.439453	1.000000
0.000000	-1011.473450	204.044067	1.000000
0.000000	-1284.187134	1053.843384	1.000000
0.000000	-1169.059814	1103.447144	1.000000
0.000000	49244.089844	57492.000000	1.000000
0.000000	83929.164062	3723.414795	1.000000
0.000000	992.658752	-423.480103	1.000000
0.000000	-293.544891	-242.637955	1.000000
0.000000	-1589278.625000	-1200867.375000	1.000000
0.000000	-203.878067	125.063736	1.000000
0.000000	2590553.750000	19303.335938	1.000000
0.000000	111.214371	-117.850021	1.000000
0.000000	-10407.648438	13136.767578	1.000000
0.000000	1826645.375000	135431.609375	1.000000
0.000000	-1572.933716	722.790039	1.000000
0.000000	200.736725	33.780239	1.000000
0.000000	291.035217	5.925196	1.000000
0.000000	506.166443	1005.038147	1.000000
0.000000	-10568.907227	7364.439941	1.000000
0.000000	-301.318237	146.399048	1.000000
0.000000	27331.087891	25823.488281	1.000000
0.000000	20.876108	244.342575	1.000000
0.000000	269.738739	425.266998	1.000000
0.000000	25.775795	-9071.197266	1.000000
0.000000	-5528.509277	9771.972656	1.000000
0.000000	459106.843750	25637.621094	1.000000
0.000000	-946.822937	1074.515625	1.000000
0.000000	2117.901855	-5304.094238	1.000000
0.000000	3485.640137	-2016.131104	1.000000
0.000000	100.328857	10.402000	1.000000
0.000000	160.823029	141.411377	1.000000
0.000000	998.073242	-672.875610	1.000000
0.000000	1199.161499	11804.204102	1.000000
0.000000	18113.140625	-23770.935547	1.000000
0.000000	245.673538	-11.296934	1.000000
0.000000	-17.475620	-134.349457	1.000000
0.000000	1209.024658	1133.094482	1.000000
0.000000	336.109436	-43.746326	1.000000
0.000000	94.767006	97.237022	1.000000
0.000000	-1507.545898	109.638405	1.000000
0.000000	75242.609375	-7416.723633	1.000000
0.000000	61.541206	329.604126	1.000000
0.000000	-286.062012	-720.712036	1.000000
0.000000	1183.489502	-9676.189453	1.000000
0.000000	220.755005	232.693970	1.000000
0.000000	178.730438	169.375626	1.000000
0.000000	-3897.998291	-4673.718262	1.000000
0.000000	437.161224	219.833176	1.000000
0.000000	-1966.477417	-2922.001221	1.000000
0.000000	-26.907021	201.175491	1.000000
0.000000	22231.515625	39012.304688	1.000000
0.000000	271.499359	-24.156031	1.000000
0.000000	805.966248	-551.174133	1.000000
0.000000	1184.353760	660.567322	1.000000
0.000000	-316.462311	554.998047	1.000000
0.000000	91.539970	-253.583069	1.000000
0.000000	9543.737305	4912.434082	1.000000
0.000000	-92715.859375	-330164.593750	1.000000
0.000000	7906.120605	16946.042969	1.000000
0.000000	159.419800	-124.300674	1.000000
0.000000	3373.036865	-988.638306	1.000000
0.000000	-423397.062500	-81886.765625	1.000000
0.000000	-44105600.000000	-10494824.000000	1.000000
0.000000	5987.243164	-4655.761230	1.000000
0.000000	-257.663422	81.747284	1.000000
0.000000	955.688965	-1733.597778	1.000000
0.000000	5915.973633	406.548218	1.000000
0.000000	-186.527359	-69.582710	1.000000
0.000000	-402.896545	1020.574097	1.000000
0.000000	-18792.517578	149.730728	1.000000
0.000000	-547.335388	-154.742050	1.000000
0.000000	289.394562	-266.441376	1.000000
0.000000	14470.914062	-11070.706055	1.000000
