0.000000	31543.929688	455769.375000	1.000000
0.000000	214979.187500	175192.828125	1.000000
0.000000	1177.839111	-12720.354492	1.000000
0.000000	-578.858948	649.534729	1.000000
0.000000	16893.107422	27452.171875	1.000000
0.000000	-13750.180664	767.634705	1.000000
0.000000	-734.498962	-2429.549561	1.000000
0.000000	-595203.062500	1523932.125000	1.000000
0.000000	3544.245850	-2251.743164	1.000000
0.000000	9292453.000000	3386659.750000	1.000000
0.000000	78697400.000000	19959642.000000	1.000000
0.000000	-222.554932	-170.640625	1.000000
0.000000	-269.044250	48.355480	1.000000
0.000000	94.579094	-189.018265	1.000000
0.000000	-73337376.000000	-31090268.000000	1.000000
0.000000	687.439758	-4545.464355	1.000000
0.000000	361.809570	-355.623413	1.000000
0.000000	-6142.073730	7758.857422	1.000000
0.000000	-987.456482	271.414093	1.000000
0.000000	-284.695709	235.858078	1.000000
0.000000	910.090149	7956.139648	1.000000
0.000000	10197.070312	85012.414062	1.000000
0.000000	-37.117001	768.785278	1.000000
0.000000	190.602905	130.845718	1.000000
0.000000	-207152.203125	-53297.910156	1.000000
0.000000	360.687592	-63.148987	1.000000
0.000000	10388.834961	35432.003906	1.000000
0.000000	-3875.288818	11590.689453	1.000000
0.000000	362.036438	-154.104889	1.000000
0.000000	-61524.179688	-273296.843750	1.000000
0.000000	5204.827148	-8946.218750	1.000000
0.000000	4828.112305	893.335327	1.000000
0.000000	-215.260559	441.596649	1.000000
0.000000	-498.027344	-243.718552	1.000000
0.000000	-198.492538	0.212516	1.000000
0.000000	4814.056641	2758.948486	1.000000
0.000000	59.443031	-47.716133	1.000000
0.000000	-5697.959473	-1471.775757	1.000000
0.000000	-246295.453125	-73682.656250	1.000000
0.000000	-46778.074219	-6128.293457	1.000000
0.000000	425.174530	55.535358	1.000000
0.000000	508.590454	57.043110	1.000000
0.000000	-1.361795	183.963364	1.000000
0.000000	-57.153126	-89.339233	1.000000
0.000000	41.068188	181.462952	1.000000
0.000000	-540.121155	-322.909515	1.000000
0.000000	-4125.389648	3385.300293	1.000000
0.000000	-796.285645	385.117828	1.000000
0.000000	-100.253738	-204.281128	1.000000
0.000000	-201.455597	-69.959999	1.000000
0.000000	6985.907715	6285.707031	1.000000
0.000000	-838.308533	1740.393677	1.000000
0.000000	58.707527	1393.976562	1.000000
0.000000	-3364.070068	-11695.583008	1.000000
0.000000	247.091797	-61.477936	1.000000
0.000000	-17.953222	-209.393799	1.000000
0.000000	73.358330	119.754288	1.000000
0.000000	29405522.000000	-21550876.000000	1.000000
0.000000	-508.449524	1628.252563	1.000000
0.000000	535.789673	477.419220	1.000000
0.000000	1742.446899	26291.603516	1.000000
0.000000	3241.840332	-1596.211914	1.000000
0.000000	-59.693890	-203.305481	1.000000
0.000000	129.641937	-312.690094	1.000000
0.000000	5421.949707	-2854.477051	1.000000
0.000000	401059.687500	-1051564.750000	1.000000
0.000000	40257.437500	142588.625000	1.000000
0.000000	899154304.000000	-490293056.000000	1.000000
0.000000	5155.166992	-14826.470703	1.000000
0.000000	-11819835.000000	-661381.937500	1.000000
0.000000	10581.530273	-15167.493164	1.000000
0.000000	-1.826033	-301.821869	1.000000
0.000000	-224.469910	-728.093689	1.000000
0.000000	-565.902954	924.310303	1.000000
0.000000	424410.187500	2506.335693	1.000000
0.000000	-9283.115234	10654.137695	1.000000
0.000000	-113.079277	554.474915	1.000000
0.000000	38.128597	-221.945999	1.000000
0.000000	3415.614746	-13223.059570	1.000000
0.000000	-935690816.000000	516809408.000000	1.000000
0.000000	1333545.500000	80183.171875	1.000000
0.000000	370656.187500	-121721.921875	1.000000
0.000000	282550.750000	227375.343750	1.000000
0.000000	24960.705078	-23167.761719	1.000000
0.000000	2203343.750000	933745.687500	1.000000
0.000000	-116.899895	163.081879	1.000000
0.000000	153.357071	-19.262135	1.000000
0.000000	-3208.563721	-421.217041	1.000000
0.000000	-1663.151489	1652.279419	1.000000
0.000000	67.668495	218.869034	1.000000
0.000000	29.282337	18.550587	1.000000
0.000000	-1147.401245	1118.339233	1.000000
0.000000	854.927307	-150.394409	1.000000
0.000000	219.181015	-250.491226	1.000000
0.000000	-4355021.000000	2416277.250000	1.000000
0.000000	1046.641357	577.913513	1.000000
0.000000	-55.360401	-88045.250000	1.000000
0.000000	1711789.125000	-2028472.500000	1.000000
0.000000	799.254272	-1579.871094	1.000000
0.000000	-320.382996	-5262.778809	1.000000
0.000000	691415.187500	-227373.156250	1.000000
0.000000	12310197.000000	-6573529.500000	1.000000
0.000000	-21928.701172	-21439.035156	1.000000
0.000000	170608.140625	-24485.113281	1.000000
0.000000	55.845020	123.891968	1.000000
0.000000	220.771957	-12.727179	1.000000
0.000000	691.184021	-1770.656006	1.000000
0.000000	-101.140022	-187.197433	1.000000
0.000000	80.140610	-200.206375	1.000000
0.000000	-861.705322	999.492371	1.000000
0.000000	-139.265915	-3130.422119	1.000000
0.000000	-53792.242188	119833.890625	1.000000
0.000000	67.133797	180.711075	1.000000
0.000000	-279.672455	7.545761	1.000000
0.000000	-204.577087	-1097.282593	1.000000
0.000000	-64678.230469	15581.722656	1.000000
0.000000	2411.970459	712.670715	1.000000
0.000000	55723.613281	149535.859375	1.000000
0.000000	-13160.385742	6626.635742	1.000000
0.000000	-41720.941406	-29830.156250	1.000000
0.000000	-8519.051758	13767.945312	1.000000
0.000000	236.701660	308.033569	1.000000
0.000000	-252.639267	117.323448	1.000000
0.000000	1497.253906	3233.143311	1.000000
0.000000	554.587036	-393.982880	1.000000
0.000000	1975.067139	182.306915	1.000000
0.000000	550.744873	-457.240662	1.000000
0.000000	14008.341797	-14159.777344	1.000000
0.000000	-231.047836	-92.517754	1.000000
0.000000	-1135.698242	1599.413696	1.000000
0.000000	172.323761	198.547165	1.000000
0.000000	-13420.385742	-2964.817627	1.000000
0.000000	-28611.878906	-61447.765625	1.000000
0.000000	1653.422607	7983.590820	1.000000
0.000000	-2581.329102	1913.822754	1.000000
0.000000	15.731368	-115.659142	1.000000
0.000000	122.870071	272.856873	1.000000
0.000000	-3877.418213	-16101.813477	1.000000
0.000000	680.705383	-52.030357	1.000000
0.000000	-8693.158203	12925.613281	1.000000
0.000000	-922.708618	-3092.958008	1.000000
0.000000	952.193909	481.898956	1.000000
0.000000	199.154190	-234.688568	1.000000
0.000000	-5735.985840	-20525.318359	1.000000
0.000000	-2.873312	-231.925552	1.000000
0.000000	22539.648438	-24508.677734	1.000000
0.000000	-238.133194	-108.257668	1.000000
0.000000	-3300464.250000	1376390.750000	1.000000
0.000000	-17957.033203	-1174.649048	1.000000
0.000000	-19.076136	493.823608	1.000000
0.000000	127.620277	-256.201874	1.000000
0.000000	6654.684082	2791.583008	1.000000
0.000000	-26221.318359	-23394.050781	1.000000
0.000000	-586712.625000	317403.906250	1.000000
0.000000	-108536.234375	249173.234375	1.000000
0.000000	38120.531250	-56191.003906	1.000000
0.000000	539.569824	-1650.303833	1.000000
0.000000	76.327950	85.851555	1.000000
0.000000	-198.666687	-516.106812	1.000000
0.000000	-362.032776	590.099487	1.000000
0.000000	4112436.000000	2116301.500000	1.000000
0.424927	76.773346	192.864105	1.000000
0.000000	-45238.792969	75872.312500	1.000000
0.000000	619.748230	1652.601807	1.000000
0.000000	4740.569824	12587.805664	1.000000
0.000000	628.602844	1701.830078	1.000000
0.000000	-44031.777344	2297.323975	1.000000
0.000000	245814.859375	-842228.687500	1.000000
0.000000	-140.482147	-101.081650	1.000000
0.000000	350.182587	-137.446716	1.000000
0.000000	-33018.582031	-139917.484375	1.000000
0.000000	-14305.889648	-13653.593750	1.000000
0.000000	-287.333740	-77.373878	1.000000
0.000000	-323479.531250	730136.875000	1.000000
0.000000	-31443.480469	-19719.550781	1.000000
0.000000	-337.867584	-1037.896362	1.000000
0.000000	122.053116	-264.272675	1.000000
0.000000	-3719.945801	-12747.417969	1.000000
0.000000	64.617371	-227.806839	1.000000
0.000000	3172.937012	3088.446777	1.000000
0.000000	-16.747988	268.227142	1.000000
0.000000	799297.687500	-982912.687500	1.000000
0.000000	-286.291351	392.034851	1.000000
0.000000	-3372.123291	-2063.949463	1.000000
0.000000	-6.732106	2804.203369	1.000000
0.000000	-248.690247	230.713089	1.000000
0.000000	19901.173828	10458.070312	1.000000
0.000000	-23.335808	602.223328	1.000000
0.000000	-3271.471680	-1882.710083	1.000000
0.000000	65070.027344	112569.445312	1.000000
0.000000	195.217010	146.947388	1.000000
0.000000	484892.843750	100717.421875	1.000000
0.000000	-170.698761	163.823944	1.000000
0.424927	80.585350	193.285294	1.000000
0.000000	302.733673	17.979397	1.000000
0.000000	-191.001877	-89.556580	1.000000
0.000000	-52461.503906	-3100.605713	1.000000
0.000000	11344.807617	1293.399780	1.000000
0.000000	-104.641373	-86.880379	1.000000
0.000000	-55.057915	1830.689209	1.000000
0.000000	-7867.958496	-93049.859375	1.000000
0.000000	-506.067352	1190.947510	1.000000
0.000000	23.755409	224.225830	1.000000
0.000000	231.197678	-46.170921	1.000000
0.000000	50.547848	238.678894	1.000000
0.000000	-42817.019531	-77784.570312	1.000000
0.000000	382.645782	-1025.595947	1.000000
0.000000	-68.766121	236.268250	1.000000
0.000000	-40.683411	-283.932587	1.000000
0.000000	-449.634521	608.543823	1.000000
0.000000	320.422089	139.684357	1.000000
0.000000	191.744293	899.190063	1.000000
0.000000	-131.497375	68.321892	1.000000
0.000000	157.426239	453.361420	1.000000
0.000000	-10892.215820	562.587341	1.000000
0.000000	28171368.000000	16549397.000000	1.000000
0.000000	233.795120	-556.940430	1.000000
0.000000	-32816.812500	266839.375000	1.000000
0.000000	-121.935005	7.988451	1.000000
0.000000	1393.079834	2734.119141	1.000000
0.000000	4648.357910	10653.961914	1.000000
0.000000	-48635.570312	-126250.796875	1.000000
0.000000	150.560364	-462.703949	1.000000
0.000000	1929694.125000	165161.546875	1.000000
0.000000	-180213.828125	-177937.812500	1.000000
0.000000	-70124.648438	13799.907227	1.000000
0.000000	198.569962	-31.122845	1.000000
0.000000	-131075.843750	14856.765625	1.000000
0.000000	-973.549255	184.822571	1.000000
0.000000	-1257.520874	1086.942749	1.000000
0.000000	-1158.061279	1062.358276	1.000000
0.000000	49234.128906	57452.156250	1.000000
0.000000	83962.367188	3748.939697	1.000000
0.000000	952.140564	-436.398193	1.000000
0.000000	-255.776245	-223.170029	1.000000
0.000000	-1589278.625000	-1200867.375000	1.000000
0.000000	-162.867020	113.890106	1.000000
0.000000	2590553.750000	19265.152344	1.000000
0.000000	96.448059	-77.999786	1.000000
0.000000	-10382.746094	13101.904297	1.000000
0.000000	1826645.375000	135458.171875	1.000000
0.000000	-1577.810425	680.559814	1.000000
0.000000	159.310638	24.295948	1.000000
0.000000	255.679092	29.517883	1.000000
0.000000	540.095886	1030.628296	1.000000
0.000000	-10539.854492	7333.312012	1.000000
0.000000	-259.658691	137.981537	1.000000
0.000000	27329.427734	25780.324219	1.000000
0.000000	-10.146955	215.289841	1.000000
0.000000	267.819183	382.803314	1.000000
0.000000	67.120575	-9081.158203	1.000000
0.000000	-5486.175293	9771.142578	1.000000
0.000000	459080.281250	25669.164062	1.000000
0.000000	-906.979187	1059.781738	1.000000
0.000000	2083.661133	-5329.411621	1.000000
0.000000	3484.810059	-1973.589600	1.000000
0.000000	77.080185	-25.176430	1.000000
0.000000	124.480537	119.385826	1.000000
0.000000	1016.386841	-634.536377	1.000000
0.000000	1194.284790	11846.538086	1.000000
0.000000	18154.644531	-23762.634766	1.000000
0.000000	203.287674	-8.207649	1.000000
0.000000	-19.855610	-91.917221	1.000000
0.000000	1244.302979	1109.437256	1.000000
0.000000	293.619812	-42.660091	1.000000
0.000000	87.951286	55.285652	1.000000
0.000000	-1548.012207	96.674919	1.000000
0.000000	75202.765625	-7421.289062	1.000000
0.000000	50.224907	288.644958	1.000000
0.000000	-328.551636	-720.712036	1.000000
0.000000	1186.187256	-9718.523438	1.000000
0.000000	195.061493	198.842346	1.000000
0.000000	146.318481	141.892258	1.000000
0.000000	-3917.505127	-4711.486816	1.000000
0.000000	395.242279	212.907211	1.000000
0.000000	-1932.340454	-2896.683838	1.000000
0.000000	-44.818550	162.628738	1.000000
0.000000	22224.875000	38969.140625	1.000000
0.000000	229.001495	-24.295458	1.000000
0.000000	763.476624	-551.900452	1.000000
0.000000	1147.622803	639.192810	1.000000
0.000000	-314.698395	512.560303	1.000000
0.000000	64.731041	-220.600433	1.000000
0.000000	9522.155273	4948.957520	1.000000
0.000000	-92735.781250	-330138.031250	1.000000
0.000000	7863.786621	16944.382812	1.000000
0.000000	132.001282	-91.830353	1.000000
0.000000	3359.133057	-1028.838989	1.000000
0.000000	-423423.625000	-81853.562500	1.000000
0.000000	-44105600.000000	-10494824.000000	1.000000
0.000000	5968.151367	-4693.529785	1.000000
0.000000	-241.528778	42.428814	1.000000
0.000000	918.439209	-1754.038452	1.000000
0.000000	5949.176758	432.955078	1.000000
0.000000	-147.072708	-53.780895	1.000000
0.000000	-360.458801	1022.649292	1.000000
0.000000	-18799.158203	191.688583	1.000000
0.000000	-504.845764	-153.561783	1.000000
0.000000	284.543793	-224.220917	1.000000
0.000000	14431.900391	-11087.307617	1.000000
