0.000000	31679.066406	455642.187500	1.000000
0.000000	214915.593750	175002.046875	1.000000
0.000000	1147.532715	-12517.649414	1.000000
0.000000	-782.309265	652.515686	1.000000
0.000000	16909.005859	27658.851562	1.000000
0.000000	-13948.911133	813.591125	1.000000
0.000000	-917.082581	-2340.120850	1.000000
0.000000	-594948.687500	1523932.125000	1.000000
0.000000	3439.912354	-2426.625977	1.000000
0.000000	9292453.000000	3386659.750000	1.000000
0.000000	78697400.000000	19959642.000000	1.000000
0.000000	-26.168514	-117.349808	1.000000
0.000000	-172.713684	-130.895935	1.000000
0.000000	102.062538	14.349451	1.000000
0.000000	-73337376.000000	-31090268.000000	1.000000
0.000000	510.321228	-4644.829590	1.000000
0.000000	314.114258	-157.793228	1.000000
0.000000	-6036.746582	7583.974609	1.000000
0.000000	-987.953308	474.864410	1.000000
0.000000	-214.855057	44.705784	1.000000
0.000000	866.369446	7757.409180	1.000000
0.000000	10014.238281	84917.023438	1.000000
0.000000	2.250225	569.061157	1.000000
0.000000	42.698505	266.152649	1.000000
0.000000	-207279.390625	-53154.824219	1.000000
0.000000	157.828247	-79.078476	1.000000
0.000000	10392.809570	35638.683594	1.000000
0.000000	-3675.564697	11630.435547	1.000000
0.000000	184.172653	-55.236488	1.000000
0.000000	-61730.859375	-273296.843750	1.000000
0.000000	5326.052734	-9109.177734	1.000000
0.000000	4631.369141	843.155884	1.000000
0.000000	-27.546345	362.910187	1.000000
0.000000	-349.103699	-382.451752	1.000000
0.000000	-39.446060	127.159012	1.000000
0.000000	4629.237305	2674.488037	1.000000
0.000000	248.684357	27.064997	1.000000
0.000000	-5540.962402	-1343.097778	1.000000
0.000000	-246359.046875	-73491.875000	1.000000
0.000000	-46937.058594	-6005.080566	1.000000
0.000000	268.301666	-74.040230	1.000000
0.000000	390.966858	223.119873	1.000000
0.924845	3.717155	-15.689037	1.000000
0.000000	29.014771	91.292198	1.000000
0.000000	15.615018	-18.706118	1.000000
0.000000	-463.361542	-511.330841	1.000000
0.000000	-4292.323242	3501.557617	1.000000
0.000000	-680.773560	217.563187	1.000000
0.000000	-54.102417	-6.339688	1.000000
0.000000	-1.272525	-29.873650	1.000000
0.000000	6783.202637	6307.567383	1.000000
0.000000	-727.267883	1910.805054	1.000000
0.000000	174.362427	1561.406982	1.000000
0.000000	-3245.825439	-11862.516602	1.000000
0.000000	59.156319	-139.515778	1.000000
0.000000	-22.587713	-7.994483	1.000000
0.000000	-130.022064	126.803009	1.000000
0.000000	29405522.000000	-21550876.000000	1.000000
0.000000	-344.496887	1508.020630	1.000000
0.000000	669.684326	324.272552	1.000000
0.000000	1847.277222	26466.486328	1.000000
0.000000	3164.335449	-1407.914795	1.000000
0.000000	46.788502	-28.552059	1.000000
0.000000	19.842491	-141.367737	1.000000
0.000000	5547.149902	-2694.499023	1.000000
0.000000	400932.500000	-1051564.750000	1.000000
0.000000	40432.320312	142715.812500	1.000000
0.000000	899154304.000000	-490293056.000000	1.000000
0.000000	5286.329102	-14671.460938	1.000000
0.000000	-11819835.000000	-661636.312500	1.000000
0.000000	10478.190430	-15342.375977	1.000000
0.000000	59.522530	-109.915222	1.000000
0.000000	-70.888519	-594.695862	1.000000
0.000000	-769.353271	931.265869	1.000000
0.000000	424664.562500	2557.011963	1.000000
0.000000	-9084.384766	10701.833008	1.000000
0.000000	84.450226	603.412292	1.000000
0.000000	55.952236	-19.237494	1.000000
0.000000	3395.741699	-13020.354492	1.000000
0.000000	-935690816.000000	516809408.000000	1.000000
0.000000	1333545.500000	79992.390625	1.000000
0.000000	370401.812500	-121690.125000	1.000000
0.000000	282805.125000	227311.750000	1.000000
0.000000	25143.537109	-23263.152344	1.000000
0.000000	2203343.750000	934000.062500	1.000000
0.000000	-12.589691	-6.716605	1.000000
0.000000	350.467133	27.609560	1.000000
0.000000	-3335.751221	-580.201416	1.000000
0.000000	-1639.303833	1450.071167	1.000000
0.000000	-26.165981	38.285942	1.000000
0.000000	81.563385	215.228058	1.000000
0.000000	-951.154907	1171.996460	1.000000
0.000000	683.025452	-41.424622	1.000000
0.000000	173.907730	-448.850800	1.000000
0.000000	-4355021.000000	2416277.250000	1.000000
0.000000	870.548462	475.859741	1.000000
0.000000	143.797974	-88013.453125	1.000000
0.000000	1711789.125000	-2028472.500000	1.000000
0.000000	761.247070	-1779.595215	1.000000
0.000000	-487.689209	-5147.515137	1.000000
0.000000	691415.187500	-227182.375000	1.000000
0.000000	12310197.000000	-6573529.500000	1.000000
0.000000	-21881.005859	-21240.304688	1.000000
0.000000	170417.359375	-24365.875000	1.000000
0.000000	143.171371	-57.392879	1.000000
0.000000	25.700853	45.160866	1.000000
0.000000	888.175598	-1719.979736	1.000000
0.000000	27.542225	-35.123718	1.000000
0.924845	5.074183	-11.556021	1.000000
0.000000	-803.328247	804.488098	1.000000
0.000000	58.028503	-3180.104736	1.000000
0.000000	-53585.562500	119833.890625	1.000000
0.000000	-4.610505	-11.440908	1.000000
0.000000	-82.765305	-44.042782	1.000000
0.000000	-400.310272	-1152.927124	1.000000
0.000000	-64853.113281	15693.011719	1.000000
0.000000	2351.357666	518.411682	1.000000
0.000000	55564.628906	149408.671875	1.000000
0.000000	-12965.629883	6690.229492	1.000000
0.000000	-41561.957031	-29949.394531	1.000000
0.000000	-8685.985352	13652.681641	1.000000
0.000000	52.863293	220.815521	1.000000
0.000000	-101.585205	-19.538858	1.000000
0.000000	1350.690186	3374.241943	1.000000
0.000000	358.092316	-340.946686	1.000000
0.000000	2105.951904	338.280975	1.000000
0.000000	511.001923	-257.640747	1.000000
0.000000	14052.062500	-13961.046875	1.000000
0.000000	-57.518692	13.763922	1.000000
0.000000	-1058.690186	1787.710815	1.000000
0.531109	27.553989	55.357208	1.000000
0.000000	-13619.116211	-2920.103271	1.000000
0.000000	-28484.691406	-61288.781250	1.000000
0.000000	1542.133545	7812.682617	1.000000
0.000000	-2705.535645	2074.794434	1.000000
0.000000	-170.472931	-33.558617	1.000000
0.000000	257.449707	425.506714	1.000000
0.000000	-4006.593018	-16260.797852	1.000000
0.000000	485.221283	-108.823799	1.000000
0.000000	-8490.453125	12909.714844	1.000000
0.000000	-984.066650	-2899.195801	1.000000
0.000000	974.302673	279.566498	1.000000
0.000000	0.294772	-191.526794	1.000000
0.000000	-5936.703613	-20557.115234	1.000000
0.000000	-13.578363	-28.711178	1.000000
0.000000	22595.292969	-24309.947266	1.000000
0.000000	-102.145447	41.222111	1.000000
0.000000	-3300464.250000	1376390.750000	1.000000
0.000000	-17885.490234	-984.861450	1.000000
0.000000	66.458000	310.061218	1.000000
0.021340	61.007156	-65.406960	1.000000
0.000000	6589.103027	2984.351562	1.000000
0.000000	-26412.099609	-23457.644531	1.000000
0.000000	-586712.625000	317276.718750	1.000000
0.000000	-108536.234375	249364.015625	1.000000
0.000000	38327.210938	-56191.003906	1.000000
0.000000	407.910858	-1495.294067	1.000000
0.000000	-20.316864	-93.236694	1.000000
0.000000	-152.151337	-714.092041	1.000000
0.000000	-306.512451	394.349945	1.000000
0.000000	4112436.000000	2116301.500000	1.000000
0.000000	-120.877197	152.294998	1.000000
0.000000	-45159.300781	75681.531250	1.000000
0.000000	436.222290	1564.663574	1.000000
0.000000	4543.826660	12639.475586	1.000000
0.000000	648.724304	1904.535156	1.000000
0.000000	-43888.691406	2148.276123	1.000000
0.000000	246005.640625	-842228.687500	1.000000
0.000000	42.871853	-15.941618	1.000000
0.000000	151.653778	-151.208481	1.000000
0.000000	-33098.074219	-139726.703125	1.000000
0.000000	-14238.321289	-13844.375000	1.000000
0.000000	-84.086014	-67.064735	1.000000
0.000000	-323225.156250	730136.875000	1.000000
0.000000	-31618.363281	-19822.890625	1.000000
0.000000	-153.917679	-950.951782	1.000000
0.021340	65.832680	-67.290352	1.000000
0.000000	-3914.701660	-12687.798828	1.000000
0.000000	10.968930	-31.804468	1.000000
0.000000	3112.324219	3282.208984	1.000000
0.000000	-113.115089	447.397736	1.000000
0.000000	799552.062500	-982912.687500	1.000000
0.000000	-85.626305	358.126465	1.000000
0.000000	-3566.879150	-2006.317749	1.000000
0.000000	36.032890	2605.472900	1.000000
0.000000	-105.112427	86.456131	1.000000
0.000000	20004.513672	10283.187500	1.000000
0.000000	-223.916321	636.504333	1.000000
0.000000	-3077.709473	-1819.116333	1.000000
0.000000	65006.433594	112378.664062	1.000000
0.000000	44.076553	9.695353	1.000000
0.000000	484892.843750	100526.640625	1.000000
0.000000	-23.514021	23.288263	1.000000
0.000000	80.520439	-7.585556	1.000000
0.000000	267.831635	-182.495850	1.000000
0.000000	10.903562	-76.053925	1.000000
0.000000	-52540.996094	-3285.425049	1.000000
0.000000	11237.493164	1120.504272	1.000000
0.000000	-159.962265	108.961685	1.000000
0.000000	-173.880539	1996.132324	1.000000
0.000000	-7858.021973	-92859.078125	1.000000
0.000000	-384.220734	1353.906494	1.000000
0.000000	154.876007	72.484184	1.000000
0.000000	34.036953	11.105349	1.000000
0.000000	41.149597	35.370411	1.000000
0.000000	-42658.035156	-77911.757812	1.000000
0.000000	541.731140	-898.653687	1.000000
0.000000	-174.696930	62.503300	1.000000
0.000000	50.375790	-465.895172	1.000000
0.000000	-431.003540	405.838745	1.000000
0.000000	178.205612	285.254425	1.000000
0.000000	143.365845	701.453247	1.000000
0.000000	-41.375954	-100.334610	1.000000
0.000000	-6.430377	331.947021	1.000000
0.000000	-10689.510742	577.492126	1.000000
0.000000	28171368.000000	16549397.000000	1.000000
0.000000	96.601883	-406.650543	1.000000
0.000000	-32896.304688	266966.562500	1.000000
0.000000	78.436539	15.913219	1.000000
0.000000	1223.662109	2846.401855	1.000000
0.000000	4847.088379	10606.266602	1.000000
0.000000	-48842.250000	-126250.796875	1.000000
0.000000	329.206024	-365.326019	1.000000
0.000000	1929694.125000	165034.359375	1.000000
0.000000	-180404.609375	-177937.812500	1.000000
0.000000	-69965.664062	13915.170898	1.000000
0.000000	78.334709	127.872467	1.000000
0.000000	-131012.250000	14662.009766	1.000000
0.000000	-791.959290	92.785530	1.000000
0.000000	-1129.836548	1245.430298	1.000000
0.000000	-1105.397705	865.815063	1.000000
0.000000	49186.433594	57261.375000	1.000000
0.000000	84121.351562	3871.158936	1.000000
0.000000	758.129944	-498.253052	1.000000
0.000000	-74.869415	-129.953018	1.000000
0.000000	-1589278.625000	-1200867.375000	1.000000
0.531109	30.850693	53.632053	1.000000
0.000000	2590553.750000	19082.320312	1.000000
0.000000	28.884657	105.918709	1.000000
0.000000	-10263.507812	12934.970703	1.000000
0.000000	1826645.375000	135585.359375	1.000000
0.000000	-1601.161255	478.351562	1.000000
0.000000	-38.941269	-16.389601	1.000000
0.000000	86.393211	142.483734	1.000000
0.000000	702.558044	1153.344360	1.000000
0.000000	-10400.743164	7184.264160	1.000000
0.000000	-60.183006	97.699875	1.000000
0.000000	27321.478516	25573.644531	1.000000
0.000000	-158.696991	76.190086	1.000000
0.000000	258.627899	179.500580	1.000000
0.000000	265.096252	-9128.853516	1.000000
0.000000	-5283.470215	9767.167969	1.000000
0.000000	458953.093750	25820.199219	1.000000
0.000000	-716.197937	989.232422	1.000000
0.000000	1920.097168	-5450.637207	1.000000
0.000000	3480.835449	-1769.890869	1.000000
0.000000	-34.230465	-195.528931	1.000000
0.000000	-49.541866	13.445503	1.000000
0.000000	1103.849854	-450.917816	1.000000
0.000000	1170.933960	12049.243164	1.000000
0.000000	18353.375000	-23722.888672	1.000000
0.000000	0.038406	6.243053	1.000000
0.000000	-25.034426	107.862747	1.000000
0.000000	1413.223877	996.099854	1.000000
0.000000	90.175285	-37.458942	1.000000
0.000000	53.025269	-141.423828	1.000000
0.000000	-1741.774414	34.610054	1.000000
0.000000	75011.984375	-7443.149414	1.000000
0.000000	-3.955046	92.476700	1.000000
0.000000	-532.001953	-720.712036	1.000000
0.000000	1199.104736	-9921.228516	1.000000
0.000000	72.020790	36.755417	1.000000
0.000000	-7.015907	11.994847	1.000000
0.000000	-4010.908447	-4892.331543	1.000000
0.000000	194.505493	179.744064	1.000000
0.000000	-1768.884644	-2775.458252	1.000000
0.000000	-125.758911	-17.494884	1.000000
0.000000	22193.078125	38762.460938	1.000000
0.000000	28.889975	-20.798372	1.000000
0.000000	560.026306	-555.378235	1.000000
0.000000	971.746338	536.846619	1.000000
0.000000	-306.252350	309.234558	1.000000
0.000000	-60.668793	-71.147781	1.000000
0.000000	9418.815430	5123.840332	1.000000
0.000000	-92831.171875	-330010.843750	1.000000
0.000000	7661.081543	16936.433594	1.000000
0.000000	-1.772584	61.558441	1.000000
0.000000	3292.558350	-1221.110718	1.000000
0.000000	-423550.812500	-81694.578125	1.000000
0.000000	-44105600.000000	-10494824.000000	1.000000
0.000000	5876.735352	-4874.374512	1.000000
0.000000	-164.312531	-145.803787	1.000000
0.000000	740.078613	-1851.913208	1.000000
0.000000	6108.161133	559.397339	1.000000
0.000000	42.181004	21.478855	1.000000
0.000000	-157.226715	1032.585815	1.000000
0.000000	-18830.955078	392.634888	1.000000
0.000000	-301.395447	-147.910385	1.000000
0.000000	256.930786	-24.005356	1.000000
0.000000	14245.093750	-11166.799805	1.000000
