0.000000	31519.691406	455792.187500	1.000000
0.000000	214990.593750	175227.046875	1.000000
0.000000	1183.274902	-12756.711914	1.000000
0.000000	-542.367859	649.000061	1.000000
0.000000	16890.255859	27415.101562	1.000000
0.000000	-13714.536133	759.391907	1.000000
0.000000	-701.750549	-2445.589600	1.000000
0.000000	-595248.687500	1523932.125000	1.000000
0.000000	3562.959229	-2220.375977	1.000000
0.000000	9292453.000000	3386659.750000	1.000000
0.000000	78697400.000000	19959642.000000	1.000000
0.000000	-257.776184	-180.197815	1.000000
0.000000	-286.331848	80.506607	1.000000
0.000000	93.236855	-225.498215	1.000000
0.000000	-73337376.000000	-31090268.000000	1.000000
0.000000	719.207947	-4527.642090	1.000000
0.000000	370.364258	-391.112000	1.000000
0.000000	-6160.965332	7790.224609	1.000000
0.000000	-987.367371	234.916565	1.000000
0.000000	-297.215851	270.143646	1.000000
0.000000	917.931946	7991.784180	1.000000
0.000000	10229.863281	85029.523438	1.000000
0.000000	-44.179073	804.608032	1.000000
0.000000	217.469971	106.139603	1.000000
0.000000	-207129.390625	-53323.574219	1.000000
0.000000	397.067291	-60.291855	1.000000
0.000000	10388.122070	35394.933594	1.000000
0.000000	-3911.111572	11583.560547	1.000000
0.000000	393.938293	-171.838043	1.000000
0.000000	-61487.109375	-273296.843750	1.000000
0.000000	5183.083984	-8916.990234	1.000000
0.000000	4863.400391	902.335571	1.000000
0.000000	-248.922363	455.720795	1.000000
0.000000	-524.727844	-218.845352	1.000000
0.000000	-227.019302	-22.557814	1.000000
0.000000	4847.206055	2774.097412	1.000000
0.000000	25.497185	-61.132957	1.000000
0.000000	-5726.118652	-1494.855591	1.000000
0.000000	-246284.046875	-73716.875000	1.000000
0.000000	-46749.558594	-6150.393066	1.000000
0.000000	453.311432	78.776703	1.000000
0.000000	529.668884	27.254864	1.000000
0.000000	-1.689523	220.465591	1.000000
0.000000	-73.598579	-121.926132	1.000000
0.000000	45.604511	217.675568	1.000000
0.000000	-553.888855	-289.114044	1.000000
0.000000	-4095.448242	3364.448242	1.000000
0.000000	-817.004028	415.170624	1.000000
0.000000	-108.284897	-239.881104	1.000000
0.000000	-237.178101	-77.467628	1.000000
0.000000	7022.265137	6281.786133	1.000000
0.000000	-858.224915	1709.828491	1.000000
0.000000	37.961296	1363.946045	1.000000
0.000000	-3385.278564	-11665.641602	1.000000
0.000000	280.798157	-47.479103	1.000000
0.000000	-17.050970	-245.884888	1.000000
0.000000	109.838280	118.490021	1.000000
0.000000	29405522.000000	-21550876.000000	1.000000
0.000000	-537.856262	1649.817505	1.000000
0.000000	511.773956	504.887787	1.000000
0.000000	1723.644409	26260.236328	1.000000
0.000000	3255.741699	-1629.985107	1.000000
0.000000	-78.898003	-234.349640	1.000000
0.000000	149.335541	-343.411224	1.000000
0.000000	5399.493652	-2883.170898	1.000000
0.000000	401082.500000	-1051564.750000	1.000000
0.000000	40226.070312	142565.812500	1.000000
0.000000	899154304.000000	-490293056.000000	1.000000
0.000000	5131.641602	-14854.273438	1.000000
0.000000	-11819835.000000	-661336.312500	1.000000
0.000000	10600.065430	-15136.125977	1.000000
0.000000	-12.608668	-336.686676	1.000000
0.000000	-252.016449	-752.020081	1.000000
0.000000	-529.411865	923.062744	1.000000
0.000000	424364.562500	2497.246338	1.000000
0.000000	-9318.759766	10645.583008	1.000000
0.000000	-148.509827	545.697449	1.000000
0.000000	34.931728	-258.303436	1.000000
0.000000	3419.179199	-13259.416992	1.000000
0.000000	-935690816.000000	516809408.000000	1.000000
0.000000	1333545.500000	80217.390625	1.000000
0.000000	370701.812500	-121727.625000	1.000000
0.000000	282505.125000	227386.750000	1.000000
0.000000	24927.912109	-23150.652344	1.000000
0.000000	2203343.750000	933700.062500	1.000000
0.000000	-136.125656	194.103760	1.000000
0.000000	117.734818	-27.222282	1.000000
0.000000	-3185.751221	-392.701416	1.000000
0.000000	-1667.428833	1688.547729	1.000000
0.000000	84.499397	251.261002	1.000000
0.000000	19.904762	-16.724201	1.000000
0.000000	-1182.600220	1108.715210	1.000000
0.000000	885.759827	-169.943207	1.000000
0.000000	227.301285	-214.902390	1.000000
0.000000	-4355021.000000	2416277.250000	1.000000
0.000000	1078.186768	596.225891	1.000000
0.000000	-91.082230	-88050.953125	1.000000
0.000000	1711789.125000	-2028472.500000	1.000000
0.000000	806.071289	-1544.048340	1.000000
0.000000	-290.374756	-5283.452637	1.000000
0.000000	691415.187500	-227407.375000	1.000000
0.000000	12310197.000000	-6573529.500000	1.000000
0.000000	-21937.255859	-21474.679688	1.000000
0.000000	170642.359375	-24506.500000	1.000000
0.000000	40.136364	156.840881	1.000000
0.000000	255.692459	-23.341173	1.000000
0.000000	655.851379	-1779.745361	1.000000
0.000000	-125.155525	-214.688278	1.000000
0.000000	93.423767	-234.202347	1.000000
0.000000	-872.175903	1034.455200	1.000000
0.000000	-174.654251	-3121.510986	1.000000
0.000000	-53829.312500	119833.890625	1.000000
0.000000	80.038231	214.851852	1.000000
0.000000	-314.982819	16.792452	1.000000
0.000000	-169.478363	-1087.302124	1.000000
0.000000	-64646.863281	15561.761719	1.000000
0.000000	2422.842041	747.513245	1.000000
0.000000	55752.128906	149558.671875	1.000000
0.000000	-13195.317383	6615.229492	1.000000
0.000000	-41749.457031	-29808.769531	1.000000
0.000000	-8489.110352	13788.619141	1.000000
0.000000	269.672852	323.672607	1.000000
0.000000	-279.527222	142.018417	1.000000
0.000000	1523.541748	3207.835693	1.000000
0.000000	589.830566	-403.495514	1.000000
0.000000	1951.630859	154.337097	1.000000
0.000000	557.873779	-493.041138	1.000000
0.000000	14000.500000	-14195.421875	1.000000
0.000000	-262.169983	-111.582008	1.000000
0.000000	-1149.510498	1565.640503	1.000000
0.000000	198.411102	224.077560	1.000000
0.000000	-13384.741211	-2972.837646	1.000000
0.000000	-28634.691406	-61476.281250	1.000000
0.000000	1673.383545	8014.245117	1.000000
0.000000	-2559.051270	1884.950684	1.000000
0.000000	49.129295	-130.384781	1.000000
0.000000	98.726471	245.477417	1.000000
0.000000	-3854.249268	-16073.297852	1.000000
0.000000	715.770691	-41.843819	1.000000
0.000000	-8729.515625	12928.464844	1.000000
0.000000	-911.703369	-3127.711426	1.000000
0.000000	948.228455	518.185730	1.000000
0.000000	234.820999	-242.430115	1.000000
0.000000	-5699.984863	-20519.615234	1.000000
0.000000	-0.953241	-268.372101	1.000000
0.000000	22529.667969	-24544.322266	1.000000
0.000000	-262.742096	-135.213852	1.000000
0.000000	-3300464.250000	1376390.750000	1.000000
0.000000	-17969.865234	-1208.689575	1.000000
0.000000	-34.428345	526.928467	1.000000
0.000000	139.784149	-290.621124	1.000000
0.000000	6666.446777	2757.007812	1.000000
0.000000	-26187.099609	-23382.644531	1.000000
0.000000	-586712.625000	317426.718750	1.000000
0.000000	-108536.234375	249139.015625	1.000000
0.000000	38083.460938	-56191.003906	1.000000
0.000000	563.184326	-1678.106567	1.000000
0.000000	93.860603	117.864799	1.000000
0.000000	-207.009735	-480.576233	1.000000
0.000000	-371.990967	625.209351	1.000000
0.000000	4112436.000000	2116301.500000	1.000000
0.000000	111.665909	199.563858	1.000000
0.000000	-45253.050781	75906.531250	1.000000
0.000000	652.674866	1668.374512	1.000000
0.000000	4775.857910	12578.538086	1.000000
0.000000	624.993835	1665.472656	1.000000
0.000000	-44057.441406	2324.057373	1.000000
0.000000	245780.640625	-842228.687500	1.000000
0.000000	-173.497894	-116.637146	1.000000
0.000000	386.584564	-134.628571	1.000000
0.000000	-33004.324219	-139951.703125	1.000000
0.000000	-14318.008789	-13619.375000	1.000000
0.000000	-323.780273	-79.222939	1.000000
0.000000	-323525.156250	730136.875000	1.000000
0.000000	-31412.113281	-19701.015625	1.000000
0.000000	-370.861053	-1053.490845	1.000000
0.000000	131.914413	-299.404816	1.000000
0.000000	-3685.014160	-12758.111328	1.000000
0.000000	75.171494	-262.747467	1.000000
0.000000	3183.808594	3053.693359	1.000000
0.000000	0.526541	236.073318	1.000000
0.000000	799252.062500	-982912.687500	1.000000
0.000000	-322.292328	398.116699	1.000000
0.000000	-3337.191650	-2074.286377	1.000000
0.000000	-14.402641	2839.847900	1.000000
0.000000	-274.443420	256.588531	1.000000
0.000000	19882.638672	10489.437500	1.000000
0.000000	12.639704	596.074646	1.000000
0.000000	-3306.225098	-1894.116333	1.000000
0.000000	65081.433594	112603.664062	1.000000
0.000000	222.128632	171.597809	1.000000
0.000000	484892.843750	100751.640625	1.000000
0.000000	-197.097992	189.031311	1.000000
0.000000	81.008781	230.294281	1.000000
0.000000	308.993744	53.938602	1.000000
0.000000	-227.426132	-91.879044	1.000000
0.000000	-52447.246094	-3067.456299	1.000000
0.000000	11364.055664	1324.410522	1.000000
0.000000	-94.722168	-122.006950	1.000000
0.000000	-33.743599	1801.015137	1.000000
0.000000	-7869.740723	-93084.078125	1.000000
0.000000	-527.938110	1161.718994	1.000000
0.000000	-0.357590	251.627563	1.000000
0.000000	266.084747	-56.903267	1.000000
0.000000	52.547283	275.125427	1.000000
0.000000	-42845.535156	-77761.757812	1.000000
0.000000	354.107880	-1048.408447	1.000000
0.000000	-49.768700	267.434937	1.000000
0.000000	-57.015846	-251.295563	1.000000
0.000000	-452.976196	644.901245	1.000000
0.000000	345.930206	113.574738	1.000000
0.000000	200.421509	934.656372	1.000000
0.000000	-148.573334	100.580193	1.000000
0.000000	186.821838	474.993195	1.000000
0.000000	-10928.573242	559.914001	1.000000
0.000000	28171368.000000	16549397.000000	1.000000
0.000000	258.402069	-583.896606	1.000000
0.000000	-32802.554688	266816.562500	1.000000
0.000000	-158.425171	7.061136	1.000000
0.000000	1423.466797	2713.979980	1.000000
0.000000	4612.713379	10662.516602	1.000000
0.000000	-48598.500000	-126250.796875	1.000000
0.000000	118.513702	-480.169769	1.000000
0.000000	1929694.125000	165184.359375	1.000000
0.000000	-180179.609375	-177937.812500	1.000000
0.000000	-70153.164062	13779.233398	1.000000
0.000000	220.513626	-60.287354	1.000000
0.000000	-131087.250000	14891.697266	1.000000
0.000000	-1006.119446	201.330444	1.000000
0.000000	-1280.422485	1058.516235	1.000000
0.000000	-1167.507080	1097.646362	1.000000
0.000000	49242.683594	57486.375000	1.000000
0.000000	83933.851562	3727.018311	1.000000
0.000000	986.938538	-425.303833	1.000000
0.000000	-288.212860	-239.889542	1.000000
0.000000	-1589278.625000	-1200867.375000	1.000000
0.000000	-198.088272	123.486282	1.000000
0.000000	2590553.750000	19297.945312	1.000000
0.000000	109.129715	-112.224106	1.000000
0.000000	-10404.132812	13131.845703	1.000000
0.000000	1826645.375000	135435.359375	1.000000
0.000000	-1573.622192	716.828125	1.000000
0.000000	194.888336	32.441280	1.000000
0.000000	286.043762	9.255963	1.000000
0.000000	510.956482	1008.648987	1.000000
0.000000	-10564.805664	7360.045410	1.000000
0.000000	-295.436890	145.210693	1.000000
0.000000	27330.853516	25817.394531	1.000000
0.000000	16.496454	240.241013	1.000000
0.000000	269.467743	419.272125	1.000000
0.000000	31.612740	-9072.603516	1.000000
0.000000	-5522.532715	9771.855469	1.000000
0.000000	459103.093750	25642.074219	1.000000
0.000000	-941.197937	1072.435547	1.000000
0.000000	2113.067871	-5307.668457	1.000000
0.000000	3485.522949	-2010.125244	1.000000
0.000000	97.046692	5.379159	1.000000
0.000000	155.692413	138.302246	1.000000
0.000000	1000.658691	-667.463013	1.000000
0.000000	1198.473022	11810.180664	1.000000
0.000000	18119.000000	-23769.763672	1.000000
0.000000	239.689651	-10.860800	1.000000
0.000000	-17.811619	-128.358246	1.000000
0.000000	1214.005127	1129.754639	1.000000
0.000000	330.110901	-43.592976	1.000000
0.000000	93.804787	91.314476	1.000000
0.000000	-1513.258789	107.808266	1.000000
0.000000	75236.984375	-7417.368164	1.000000
0.000000	59.943611	323.821655	1.000000
0.000000	-292.060547	-720.712036	1.000000
0.000000	1183.870361	-9682.166016	1.000000
0.000000	217.127686	227.914917	1.000000
0.000000	174.154633	165.495621	1.000000
0.000000	-3900.752197	-4679.050293	1.000000
0.000000	431.243256	218.855392	1.000000
0.000000	-1961.658081	-2918.427002	1.000000
0.000000	-29.435707	195.733597	1.000000
0.000000	22230.578125	39006.210938	1.000000
0.000000	265.500824	-24.175714	1.000000
0.000000	799.967712	-551.276672	1.000000
0.000000	1179.168213	657.549744	1.000000
0.000000	-316.213287	549.006836	1.000000
0.000000	87.755180	-248.926697	1.000000
0.000000	9540.690430	4917.590332	1.000000
0.000000	-92718.671875	-330160.843750	1.000000
0.000000	7900.144043	16945.808594	1.000000
0.000000	155.548950	-119.716629	1.000000
0.000000	3371.073975	-994.314575	1.000000
0.000000	-423400.812500	-81882.078125	1.000000
0.000000	-44105600.000000	-10494824.000000	1.000000
0.000000	5984.547852	-4661.093262	1.000000
0.000000	-255.385590	76.196442	1.000000
0.000000	950.430176	-1736.483521	1.000000
0.000000	5920.661133	410.276245	1.000000
0.000000	-180.957291	-67.351570	1.000000
0.000000	-396.905334	1020.867065	1.000000
0.000000	-18793.455078	155.654190	1.000000
0.000000	-541.336853	-154.575424	1.000000
0.000000	288.709747	-260.479462	1.000000
0.000000	14465.406250	-11073.049805	1.000000
