0.000000	31605.687500	455711.250000	1.000000
0.000000	214950.125000	175105.640625	1.000000
0.000000	1163.989014	-12627.717773	1.000000
0.000000	-671.836243	650.897034	1.000000
0.000000	16900.373047	27546.625000	1.000000
0.000000	-13841.000977	788.636902	1.000000
0.000000	-817.940125	-2388.680420	1.000000
0.000000	-595086.812500	1523932.125000	1.000000
0.000000	3496.565186	-2331.665039	1.000000
0.000000	9292453.000000	3386659.750000	1.000000
0.000000	78697400.000000	19959642.000000	1.000000
0.000000	-132.813110	-146.289429	1.000000
0.000000	-225.016388	-33.560738	1.000000
0.000000	97.999046	-96.074219	1.000000
0.000000	-73337376.000000	-31090268.000000	1.000000
0.000000	606.496155	-4590.874512	1.000000
0.000000	340.012695	-265.200439	1.000000
0.000000	-6093.938965	7678.935547	1.000000
0.000000	-987.683533	364.391388	1.000000
0.000000	-252.792221	148.500290	1.000000
0.000000	890.109680	7865.319336	1.000000
0.000000	10113.515625	84968.820312	1.000000
0.000000	-19.125765	677.510864	1.000000
0.000000	124.037994	191.357422	1.000000
0.000000	-207210.328125	-53232.519531	1.000000
0.000000	267.994110	-70.428802	1.000000
0.000000	10390.651367	35526.457031	1.000000
0.000000	-3784.014404	11608.853516	1.000000
0.000000	280.752258	-108.921791	1.000000
0.000000	-61618.632812	-273296.843750	1.000000
0.000000	5260.227539	-9020.691406	1.000000
0.000000	4738.200195	870.403198	1.000000
0.000000	-129.492126	405.609100	1.000000
0.000000	-429.968872	-307.116974	1.000000
0.000000	-125.807907	58.230694	1.000000
0.000000	4729.593750	2720.349854	1.000000
0.000000	145.933655	-13.548847	1.000000
0.000000	-5626.211426	-1412.969604	1.000000
0.000000	-246324.515625	-73595.468750	1.000000
0.000000	-46850.730469	-6071.984863	1.000000
0.000000	353.483246	-3.680764	1.000000
0.000000	454.836182	132.947449	1.000000
0.000000	-0.526700	90.963333	1.000000
0.228937	-17.778614	-3.562606	1.000000
0.000000	29.509119	89.189217	1.000000
0.000000	-505.041840	-409.018524	1.000000
0.000000	-4201.678711	3438.430176	1.000000
0.000000	-743.496338	308.544952	1.000000
0.000000	-79.790787	-113.572090	1.000000
0.000000	-110.439346	-50.830967	1.000000
0.000000	6893.270996	6295.697266	1.000000
0.000000	-787.562683	1818.272095	1.000000
0.000000	111.567787	1470.492676	1.000000
0.000000	-3310.031982	-11771.872070	1.000000
0.000000	161.209839	-97.139603	1.000000
0.000000	-19.657446	-118.109978	1.000000
0.000000	-19.585680	122.975571	1.000000
0.000000	29405522.000000	-21550876.000000	1.000000
0.000000	-433.522766	1573.306274	1.000000
0.000000	596.979858	407.430817	1.000000
0.000000	1790.354614	26371.525391	1.000000
0.000000	3206.420410	-1510.159668	1.000000
0.000000	-11.353614	-122.518204	1.000000
0.000000	79.463715	-234.406525	1.000000
0.000000	5479.166504	-2781.366699	1.000000
0.000000	401001.562500	-1051564.750000	1.000000
0.000000	40337.359375	142646.750000	1.000000
0.000000	899154304.000000	-490293056.000000	1.000000
0.000000	5215.108398	-14755.630859	1.000000
0.000000	-11819835.000000	-661498.187500	1.000000
0.000000	10534.303711	-15247.415039	1.000000
0.000000	25.647366	-212.974518	1.000000
0.000000	-154.282837	-667.130554	1.000000
0.000000	-658.880249	927.489014	1.000000
0.000000	424526.437500	2529.494873	1.000000
0.000000	-9192.294922	10675.934570	1.000000
0.000000	-22.809168	576.839417	1.000000
0.000000	46.274044	-129.309280	1.000000
0.000000	3406.532715	-13130.422852	1.000000
0.000000	-935690816.000000	516809408.000000	1.000000
0.000000	1333545.500000	80095.984375	1.000000
0.000000	370539.937500	-121707.390625	1.000000
0.000000	282667.000000	227346.281250	1.000000
0.000000	25044.259766	-23211.355469	1.000000
0.000000	2203343.750000	933861.937500	1.000000
0.256906	-72.595345	82.525711	1.000000
0.000000	242.624420	3.511937	1.000000
0.000000	-3266.688721	-493.873291	1.000000
0.000000	-1652.253052	1559.869751	1.000000
0.000000	24.784876	136.336075	1.000000
0.000000	53.172741	108.430725	1.000000
0.000000	-1057.716187	1142.860718	1.000000
0.000000	776.367737	-100.592957	1.000000
0.000000	198.491013	-341.142975	1.000000
0.000000	-4355021.000000	2416277.250000	1.000000
0.000000	966.183838	531.254578	1.000000
0.000000	35.653976	-88030.718750	1.000000
0.000000	1711789.125000	-2028472.500000	1.000000
0.000000	781.884888	-1671.145508	1.000000
0.000000	-396.842346	-5210.103027	1.000000
0.000000	691415.187500	-227285.968750	1.000000
0.000000	12310197.000000	-6573529.500000	1.000000
0.000000	-21906.904297	-21348.214844	1.000000
0.000000	170520.953125	-24430.621094	1.000000
0.000000	95.864166	39.941978	1.000000
0.000000	131.181503	15.438601	1.000000
0.000000	781.209656	-1747.496826	1.000000
0.000000	-39.952629	-117.154472	1.000000
0.000000	46.295853	-113.586502	1.000000
0.000000	-835.026855	910.374939	1.000000
0.000000	-49.099548	-3153.127197	1.000000
0.000000	-53697.789062	119833.890625	1.000000
0.000000	34.254005	93.722244	1.000000
0.000000	-189.663803	-16.051182	1.000000
0.000000	-294.018768	-1122.712280	1.000000
0.000000	-64758.152344	15632.582031	1.000000
0.000000	2384.270264	623.893860	1.000000
0.000000	55650.957031	149477.734375	1.000000
0.000000	-13071.381836	6655.698242	1.000000
0.000000	-41648.285156	-29884.648438	1.000000
0.000000	-8595.340820	13715.269531	1.000000
0.000000	152.692871	268.186157	1.000000
0.000000	-184.155075	54.402000	1.000000
0.000000	1430.273926	3297.625732	1.000000
0.000000	464.788483	-369.745209	1.000000
0.000000	2034.781494	253.572479	1.000000
0.000000	532.580811	-366.023010	1.000000
0.000000	14028.322266	-14068.957031	1.000000
0.000000	-151.750351	-43.946007	1.000000
0.000000	-1100.505371	1685.465942	1.000000
0.000000	105.854645	133.497116	1.000000
0.000000	-13511.206055	-2944.383057	1.000000
0.000000	-28553.753906	-61375.109375	1.000000
0.000000	1602.563232	7905.485352	1.000000
0.000000	-2638.091797	1987.387207	1.000000
0.000000	-69.364822	-78.139000	1.000000
0.000000	184.373642	342.618225	1.000000
0.000000	-3936.451416	-16174.469727	1.000000
0.000000	591.360901	-77.985100	1.000000
0.000000	-8600.521484	12918.347656	1.000000
0.000000	-950.749390	-3004.408203	1.000000
0.000000	962.297668	389.432526	1.000000
0.000000	108.277115	-214.963531	1.000000
0.000000	-5827.714355	-20539.849609	1.000000
0.000000	-7.765547	-139.061783	1.000000
0.000000	22565.078125	-24417.857422	1.000000
0.000000	-175.438797	-39.572281	1.000000
0.000000	-3300464.250000	1376390.750000	1.000000
0.000000	-17924.337891	-1087.915649	1.000000
0.000000	20.040451	409.474243	1.000000
0.000000	96.613655	-168.531830	1.000000
0.000000	6624.713379	2879.678711	1.000000
0.000000	-26308.505859	-23423.113281	1.000000
0.000000	-586712.625000	317345.781250	1.000000
0.000000	-108536.234375	249260.421875	1.000000
0.000000	38214.984375	-56191.003906	1.000000
0.000000	479.401337	-1579.463989	1.000000
0.000000	31.650600	4.283823	1.000000
0.000000	-177.409058	-606.586548	1.000000
0.000000	-336.659851	500.641449	1.000000
0.000000	4112436.000000	2116301.500000	1.000000
0.000000	-12.558372	174.113083	1.000000
0.000000	-45202.464844	75785.125000	1.000000
0.000000	535.852966	1612.413818	1.000000
0.000000	4650.657715	12611.418945	1.000000
0.000000	637.798401	1794.466797	1.000000
0.000000	-43966.386719	2229.208740	1.000000
0.000000	245902.046875	-842228.687500	1.000000
0.000000	-56.348396	-61.447098	1.000000
0.000000	261.825073	-142.676834	1.000000
0.000000	-33054.910156	-139830.296875	1.000000
0.000000	-14275.010742	-13740.781250	1.000000
0.000000	-194.451157	-72.662575	1.000000
0.000000	-323363.281250	730136.875000	1.000000
0.000000	-31523.402344	-19766.777344	1.000000
0.000000	-253.802017	-998.162476	1.000000
0.000000	96.921432	-174.732132	1.000000
0.000000	-3808.949707	-12720.171875	1.000000
0.000000	37.719109	-138.774551	1.000000
0.000000	3145.236816	3176.996582	1.000000
0.000000	-60.761593	350.135712	1.000000
0.000000	799413.937500	-982912.687500	1.000000
0.000000	-194.581848	376.538635	1.000000
0.000000	-3461.127197	-2037.611694	1.000000
0.000000	12.811861	2713.383057	1.000000
0.000000	-183.072571	164.783218	1.000000
0.000000	19948.400391	10378.148438	1.000000
0.000000	-114.996521	617.889832	1.000000
0.000000	-3182.921875	-1853.647583	1.000000
0.000000	65040.964844	112482.257812	1.000000
0.000000	124.754562	86.566727	1.000000
0.000000	484892.843750	100630.234375	1.000000
0.000000	-103.434975	99.596962	1.000000
0.000000	79.928062	100.672432	1.000000
0.000000	286.783356	-73.641479	1.000000
0.000000	-98.194862	-83.639069	1.000000
0.000000	-52497.832031	-3185.068604	1.000000
0.000000	11295.764648	1214.386108	1.000000
0.000000	-129.916031	2.619858	1.000000
0.000000	-109.365623	1906.297119	1.000000
0.000000	-7863.417480	-92962.671875	1.000000
0.000000	-450.383148	1265.420166	1.000000
0.000000	81.868042	155.440109	1.000000
0.064083	140.374466	-19.902367	1.000000
0.000000	48.781090	144.783844	1.000000
0.000000	-42744.363281	-77842.695312	1.000000
0.000000	455.358795	-967.581299	1.000000
0.000000	-117.170509	156.857239	1.000000
0.000000	0.930895	-367.089935	1.000000
0.000000	-441.120117	515.907104	1.000000
0.000000	255.428818	206.210236	1.000000
0.000000	169.635223	808.823853	1.000000
0.000000	-87.975723	-13.869142	1.000000
0.000000	82.519241	398.244843	1.000000
0.000000	-10799.579102	569.398865	1.000000
0.000000	28171368.000000	16549397.000000	1.000000
0.000000	171.100723	-488.257599	1.000000
0.000000	-32853.140625	266897.500000	1.000000
0.000000	-28.969229	10.351198	1.000000
0.000000	1315.655518	2785.432617	1.000000
0.000000	4739.178223	10632.165039	1.000000
0.000000	-48730.023438	-126250.796875	1.000000
0.000000	232.213501	-418.201996	1.000000
0.000000	1929694.125000	165103.421875	1.000000
0.000000	-180301.015625	-177937.812500	1.000000
0.000000	-70051.992188	13852.583008	1.000000
0.000000	144.766907	39.573944	1.000000
0.000000	-131046.781250	14767.761719	1.000000
0.000000	-890.562195	142.761414	1.000000
0.000000	-1199.168823	1159.371948	1.000000
0.000000	-1133.993896	972.511230	1.000000
0.000000	49212.332031	57364.968750	1.000000
0.000000	84035.023438	3804.794189	1.000000
0.000000	863.477234	-464.666016	1.000000
0.000000	-173.101379	-180.569626	1.000000
0.000000	-1589278.625000	-1200867.375000	1.000000
0.256906	-73.277710	86.523140	1.000000
0.000000	2590553.750000	19181.597656	1.000000
0.515865	66.346016	7.475486	1.000000
0.000000	-10328.253906	13025.615234	1.000000
0.000000	1826645.375000	135516.296875	1.000000
0.000000	-1588.481812	588.150146	1.000000
0.515865	68.117767	4.021160	1.000000
0.000000	178.311539	81.143555	1.000000
0.000000	614.341492	1086.709839	1.000000
0.000000	-10476.280273	7265.196777	1.000000
0.000000	-168.497818	119.568542	1.000000
0.000000	27325.794922	25685.871094	1.000000
0.000000	-78.034149	151.715622	1.000000
0.000000	263.618744	289.882782	1.000000
0.000000	157.590759	-9102.955078	1.000000
0.000000	-5393.538574	9769.326172	1.000000
0.000000	459022.156250	25738.187500	1.000000
0.000000	-819.791687	1027.540527	1.000000
0.000000	2008.853271	-5384.812012	1.000000
0.000000	3482.993652	-1880.498779	1.000000
0.000000	26.211487	-103.029694	1.000000
0.000000	44.941814	71.180107	1.000000
0.000000	1056.369385	-550.641113	1.000000
0.000000	1183.613403	11939.174805	1.000000
0.000000	18245.464844	-23744.470703	1.000000
0.000000	110.537430	-1.447399	1.000000
0.228937	-22.540333	-1.811385	1.000000
0.000000	1321.500244	1057.669678	1.000000
0.000000	200.642532	-40.283154	1.000000
0.000000	71.973892	-34.873306	1.000000
0.000000	-1636.562012	68.307762	1.000000
0.000000	75115.578125	-7431.279297	1.000000
0.000000	25.463120	198.998627	1.000000
0.000000	-421.528931	-720.712036	1.000000
0.000000	1192.090576	-9811.160156	1.000000
0.000000	138.838043	124.767029	1.000000
0.000000	75.382973	81.752174	1.000000
0.000000	-3960.190674	-4794.133301	1.000000
0.000000	303.513763	197.751572	1.000000
0.000000	-1857.640747	-2841.283447	1.000000
0.000000	-79.188934	82.710449	1.000000
0.000000	22210.343750	38874.687500	1.000000
0.064083	137.929962	-23.506933	1.000000
0.000000	670.499329	-553.489807	1.000000
0.000000	1067.246826	592.420349	1.000000
0.000000	-310.838531	419.640137	1.000000
0.000000	6.068069	-148.426666	1.000000
0.000000	9474.928711	5028.879395	1.000000
0.000000	-92779.375000	-330079.906250	1.000000
0.000000	7771.149902	16940.750000	1.000000
0.000000	71.399719	-21.162649	1.000000
0.000000	3328.708252	-1116.707642	1.000000
0.000000	-423481.750000	-81780.906250	1.000000
0.000000	-44105600.000000	-10494824.000000	1.000000
0.000000	5926.374023	-4776.176270	1.000000
0.000000	-206.262604	-43.572845	1.000000
0.000000	836.927979	-1798.767456	1.000000
0.000000	6021.833008	490.739502	1.000000
0.000000	-60.736660	-19.204006	1.000000
0.000000	-267.595032	1027.190308	1.000000
0.000000	-18813.689453	283.510742	1.000000
0.000000	-411.868469	-150.979080	1.000000
0.000000	269.542786	-133.786194	1.000000
0.000000	14346.529297	-11123.635742	1.000000
