0.000000	31391.859375	455912.500000	1.000000
0.000000	215050.750000	175407.515625	1.000000
0.000000	1211.943115	-12948.459961	1.000000
0.000000	-349.914856	646.180237	1.000000
0.000000	16875.216797	27219.593750	1.000000
0.000000	-13526.547852	715.919617	1.000000
0.000000	-529.036316	-2530.184326	1.000000
0.000000	-595489.312500	1523932.125000	1.000000
0.000000	3661.653076	-2054.946289	1.000000
0.000000	9292453.000000	3386659.750000	1.000000
0.000000	78697400.000000	19959642.000000	1.000000
0.000000	-443.532104	-230.602173	1.000000
0.000000	-377.506165	250.056763	1.000000
0.000000	86.157921	-417.843048	1.000000
0.000000	-73337376.000000	-31090268.000000	1.000000
0.000000	886.752502	-4433.647949	1.000000
0.000000	415.481445	-578.236206	1.000000
0.000000	-6260.599121	7955.654297	1.000000
0.000000	-986.897400	42.406464	1.000000
0.000000	-363.246735	450.964874	1.000000
0.000000	959.289368	8179.772461	1.000000
0.000000	10402.812500	85119.757812	1.000000
0.000000	-81.424248	993.536255	1.000000
0.000000	360.154022	-24.036100	1.000000
0.000000	-207009.078125	-53458.925781	1.000000
0.000000	588.979919	-45.223419	1.000000
0.000000	10384.362305	35199.425781	1.000000
0.000000	-4100.019531	11545.962891	1.000000
0.000000	562.187805	-265.362213	1.000000
0.000000	-61291.601562	-273296.843750	1.000000
0.000000	5068.411133	-8762.839844	1.000000
0.000000	5049.508789	949.802612	1.000000
0.000000	-426.453796	530.211121	1.000000
0.000000	-665.484070	-87.664780	1.000000
0.000000	-377.421234	-142.640396	1.000000
0.000000	5022.035156	2853.992432	1.000000
0.000000	-153.527435	-131.891312	1.000000
0.000000	-5874.629395	-1616.578003	1.000000
0.000000	-246223.890625	-73897.343750	1.000000
0.000000	-46599.167969	-6266.945801	1.000000
0.000000	601.775696	201.333359	1.000000
0.000000	640.816956	-129.853943	1.000000
0.000000	-3.417951	412.929443	1.000000
0.000000	-159.266129	-292.468140	1.000000
0.000000	69.532349	408.706879	1.000000
0.000000	-626.499329	-110.829819	1.000000
0.000000	-3937.538086	3254.475098	1.000000
0.000000	-926.272217	573.713928	1.000000
0.000000	-150.641006	-427.634399	1.000000
0.000000	-425.524719	-117.062660	1.000000
0.000000	7214.013184	6261.107422	1.000000
0.000000	-963.263367	1548.628540	1.000000
0.000000	-71.450272	1205.565918	1.000000
0.000000	-3497.131592	-11507.731445	1.000000
0.000000	460.354675	21.583181	1.000000
0.000000	-12.292517	-438.337891	1.000000
0.000000	302.218414	111.822311	1.000000
0.000000	29405522.000000	-21550876.000000	1.000000
0.000000	-692.946594	1763.550415	1.000000
0.000000	384.999359	649.867981	1.000000
0.000000	1624.480591	26094.806641	1.000000
0.000000	3329.057129	-1808.104004	1.000000
0.000000	-180.176697	-398.024719	1.000000
0.000000	253.199066	-505.433624	1.000000
0.000000	5281.061035	-3034.501465	1.000000
0.000000	401202.812500	-1051564.750000	1.000000
0.000000	40060.640625	142445.500000	1.000000
0.000000	899154304.000000	-490293056.000000	1.000000
0.000000	5007.569336	-15000.904297	1.000000
0.000000	-11819835.000000	-661095.687500	1.000000
0.000000	10697.819336	-14970.696289	1.000000
0.000000	-69.475128	-520.568176	1.000000
0.000000	-397.353271	-878.207214	1.000000
0.000000	-337.065735	916.483154	1.000000
0.000000	424123.937500	2449.309326	1.000000
0.000000	-9506.748047	10600.465820	1.000000
0.000000	-335.356964	499.405334	1.000000
0.000000	18.071529	-450.051483	1.000000
0.000000	3437.978027	-13451.165039	1.000000
0.000000	-935690816.000000	516809408.000000	1.000000
0.000000	1333545.500000	80397.859375	1.000000
0.000000	370942.437500	-121757.703125	1.000000
0.000000	282264.500000	227446.906250	1.000000
0.000000	24754.962891	-23060.417969	1.000000
0.000000	2203343.750000	933459.437500	1.000000
0.000000	-237.521835	357.748840	1.000000
0.000000	-70.134087	-69.197380	1.000000
0.000000	-3065.438721	-242.316147	1.000000
0.000000	-1689.987427	1879.825806	1.000000
0.000000	173.265106	422.095337	1.000000
0.000000	-29.552282	-202.770111	1.000000
0.000000	-1368.238647	1057.958374	1.000000
0.000000	1048.369629	-273.033325	1.000000
0.000000	270.107971	-27.210720	1.000000
0.000000	-4355021.000000	2416277.250000	1.000000
0.000000	1244.556396	692.804871	1.000000
0.000000	-279.474426	-88081.031250	1.000000
0.000000	1711789.125000	-2028472.500000	1.000000
0.000000	842.024048	-1355.120117	1.000000
0.000000	-132.112122	-5392.485840	1.000000
0.000000	691415.187500	-227587.843750	1.000000
0.000000	12310197.000000	-6573529.500000	1.000000
0.000000	-21982.373047	-21662.667969	1.000000
0.000000	170822.828125	-24619.292969	1.000000
0.000000	-42.989208	326.802521	1.000000
0.000000	439.920868	-79.316902	1.000000
0.000000	469.507996	-1827.682373	1.000000
0.000000	-251.812622	-359.674225	1.000000
0.000000	163.493652	-413.496185	1.000000
0.000000	-927.397461	1218.683716	1.000000
0.000000	-361.258240	-3074.513916	1.000000
0.000000	-54024.820312	119833.890625	1.000000
0.000000	143.835846	391.980957	1.000000
0.000000	-501.208710	65.554207	1.000000
0.000000	15.648303	-1034.665405	1.000000
0.000000	-64481.433594	15456.488281	1.000000
0.000000	2480.178467	931.271790	1.000000
0.000000	55902.519531	149678.984375	1.000000
0.000000	-13379.545898	6555.073242	1.000000
0.000000	-41899.847656	-29695.976562	1.000000
0.000000	-8331.200195	13897.652344	1.000000
0.000000	443.562012	406.152466	1.000000
0.000000	-421.340881	272.251709	1.000000
0.000000	1662.183105	3074.364014	1.000000
0.000000	775.703979	-453.664886	1.000000
0.000000	1828.028564	6.801141	1.000000
0.000000	595.471436	-681.746155	1.000000
0.000000	13959.142578	-14383.410156	1.000000
0.000000	-426.307251	-212.101791	1.000000
0.000000	-1222.355957	1387.521606	1.000000
0.000000	335.995026	358.724152	1.000000
0.000000	-13196.752930	-3015.135010	1.000000
0.000000	-28755.003906	-61626.671875	1.000000
0.000000	1778.656982	8175.915039	1.000000
0.000000	-2441.558594	1732.680176	1.000000
0.000000	225.262726	-208.047440	1.000000
0.000000	-24.349733	104.058250	1.000000
0.000000	-3732.056885	-15922.907227	1.000000
0.000000	900.704163	11.875176	1.000000
0.000000	-8921.263672	12943.503906	1.000000
0.000000	-853.661987	-3311.000000	1.000000
0.000000	927.314758	709.463806	1.000000
0.000000	422.926788	-283.298035	1.000000
0.000000	-5510.116699	-20489.537109	1.000000
0.000000	9.173147	-460.590118	1.000000
0.000000	22477.031250	-24732.310547	1.000000
0.000000	-392.571503	-277.380005	1.000000
0.000000	-3300464.250000	1376390.750000	1.000000
0.000000	-18037.541016	-1388.218384	1.000000
0.000000	-115.386162	701.522583	1.000000
0.000000	203.935150	-472.147308	1.000000
0.000000	6728.482910	2574.659180	1.000000
0.000000	-26006.630859	-23322.488281	1.000000
0.000000	-586712.625000	317547.031250	1.000000
0.000000	-108536.234375	248958.546875	1.000000
0.000000	37887.953125	-56191.003906	1.000000
0.000000	687.726562	-1824.737427	1.000000
0.000000	186.327347	286.701752	1.000000
0.000000	-251.010742	-293.175415	1.000000
0.000000	-424.510193	810.377808	1.000000
0.000000	4112436.000000	2116301.500000	1.000000
0.000000	300.359161	237.572739	1.000000
0.000000	-45328.246094	76087.000000	1.000000
0.000000	826.329041	1751.559326	1.000000
0.000000	4961.966309	12529.661133	1.000000
0.000000	605.960022	1473.724609	1.000000
0.000000	-44192.792969	2465.048584	1.000000
0.000000	245600.171875	-842228.687500	1.000000
0.000000	-347.622040	-198.651108	1.000000
0.000000	578.567566	-119.782021	1.000000
0.000000	-32929.128906	-140132.171875	1.000000
0.000000	-14381.924805	-13438.906250	1.000000
0.000000	-515.998291	-88.974831	1.000000
0.000000	-323765.781250	730136.875000	1.000000
0.000000	-31246.683594	-19603.261719	1.000000
0.000000	-544.889893	-1135.735718	1.000000
0.000000	183.904922	-484.690765	1.000000
0.000000	-3500.785645	-12814.507812	1.000000
0.000000	130.835144	-446.975983	1.000000
0.000000	3241.145020	2870.404785	1.000000
0.000000	91.917633	70.293312	1.000000
0.000000	799011.437500	-982912.687500	1.000000
0.000000	-512.160461	430.192200	1.000000
0.000000	-3152.963135	-2128.802979	1.000000
0.000000	-54.852688	3027.836182	1.000000
0.000000	-410.264954	392.997528	1.000000
0.000000	19784.884766	10654.867188	1.000000
0.000000	202.376434	563.646667	1.000000
0.000000	-3489.513672	-1954.272583	1.000000
0.000000	65141.589844	112784.132812	1.000000
0.000000	364.059784	301.624054	1.000000
0.000000	484892.843750	100932.109375	1.000000
0.000000	-336.326813	321.945129	1.000000
0.000000	78.570808	422.755127	1.000000
0.000000	342.009186	243.572571	1.000000
0.000000	-419.526672	-104.127655	1.000000
0.000000	-52372.050781	-2892.627197	1.000000
0.000000	11465.569336	1487.960327	1.000000
0.000000	-43.467888	-308.560211	1.000000
0.000000	78.663399	1644.514893	1.000000
0.000000	-7879.140137	-93264.546875	1.000000
0.000000	-643.315918	1007.568604	1.000000
0.000000	-127.536095	396.143555	1.000000
0.000000	450.078278	-113.505363	1.000000
0.000000	63.092251	467.343445	1.000000
0.000000	-42995.925781	-77641.445312	1.000000
0.000000	203.620224	-1168.720947	1.000000
0.000000	50.426971	431.807190	1.000000
0.000000	-143.160995	-79.160454	1.000000
0.000000	-470.600098	836.649292	1.000000
0.000000	480.459320	-24.118132	1.000000
0.000000	246.184906	1121.704712	1.000000
0.000000	-238.631470	270.709564	1.000000
0.000000	341.885956	588.999207	1.000000
0.000000	-11120.321289	545.814880	1.000000
0.000000	28171368.000000	16549397.000000	1.000000
0.000000	388.231476	-726.062744	1.000000
0.000000	-32727.359375	266696.250000	1.000000
0.000000	-350.878174	2.170160	1.000000
0.000000	1583.726807	2607.766602	1.000000
0.000000	4424.725098	10707.633789	1.000000
0.000000	-48402.992188	-126250.796875	1.000000
0.000000	-50.490124	-572.284058	1.000000
0.000000	1929694.125000	165304.671875	1.000000
0.000000	-179999.140625	-177937.812500	1.000000
0.000000	-70303.554688	13670.200195	1.000000
0.000000	336.243927	-214.097839	1.000000
0.000000	-131147.406250	15075.925781	1.000000
0.000000	-1177.683228	288.392517	1.000000
0.000000	-1401.204956	908.776489	1.000000
0.000000	-1217.323975	1283.754761	1.000000
0.000000	49287.800781	57666.843750	1.000000
0.000000	83783.460938	3611.405518	1.000000
0.000000	1170.274536	-366.792480	1.000000
0.000000	-459.282196	-328.115814	1.000000
0.000000	-1589278.625000	-1200867.375000	1.000000
0.000000	-383.844177	174.069504	1.000000
0.000000	2590553.750000	19470.894531	1.000000
0.000000	175.991333	-292.737091	1.000000
0.000000	-10516.925781	13289.755859	1.000000
0.000000	1826645.375000	135315.046875	1.000000
0.000000	-1551.533569	908.106201	1.000000
0.000000	381.536835	75.275337	1.000000
0.000000	444.395081	-92.842789	1.000000
0.000000	357.276062	892.801208	1.000000
0.000000	-10696.397461	7501.036621	1.000000
0.000000	-484.130127	183.337067	1.000000
0.000000	27338.373047	26012.902344	1.000000
0.000000	157.016876	371.832794	1.000000
0.000000	278.162201	611.546814	1.000000
0.000000	-155.652924	-9027.486328	1.000000
0.000000	-5714.280762	9775.615234	1.000000
0.000000	459223.406250	25499.203125	1.000000
0.000000	-1121.666748	1139.171387	1.000000
0.000000	2268.158203	-5192.995605	1.000000
0.000000	3489.282715	-2202.813232	1.000000
0.000000	202.328766	166.524521	1.000000
0.000000	320.299652	238.053528	1.000000
0.000000	917.708862	-841.117188	1.000000
0.000000	1220.561646	11618.432617	1.000000
0.000000	17931.011719	-23807.361328	1.000000
0.000000	431.672699	-24.855766	1.000000
0.000000	-7.028777	-320.576263	1.000000
0.000000	1054.215088	1236.907959	1.000000
0.000000	522.563904	-48.512981	1.000000
0.000000	124.675987	281.305817	1.000000
0.000000	-1329.970215	166.505951	1.000000
0.000000	75417.453125	-7396.689453	1.000000
0.000000	111.199791	509.342590	1.000000
0.000000	-99.559799	-720.712036	1.000000
0.000000	1171.651123	-9490.417969	1.000000
0.000000	333.543304	381.242859	1.000000
0.000000	320.987732	289.995148	1.000000
0.000000	-3812.397705	-4507.980957	1.000000
0.000000	621.111450	250.225937	1.000000
0.000000	-2116.070801	-3033.099854	1.000000
0.000000	51.694363	370.327698	1.000000
0.000000	22260.656250	39201.718750	1.000000
0.000000	457.953827	-23.544191	1.000000
0.000000	992.420715	-547.986877	1.000000
0.000000	1345.537842	754.363708	1.000000
0.000000	-324.202789	741.224854	1.000000
0.000000	209.183853	-398.262665	1.000000
0.000000	9638.444336	4752.160645	1.000000
0.000000	-92628.437500	-330281.156250	1.000000
0.000000	8091.892090	16953.328125	1.000000
0.000000	279.738708	-266.815796	1.000000
0.000000	3434.050049	-812.200928	1.000000
0.000000	-423280.500000	-82032.468750	1.000000
0.000000	-44105600.000000	-10494824.000000	1.000000
0.000000	6071.022461	-4490.023926	1.000000
0.000000	-328.466034	254.306793	1.000000
0.000000	1119.149658	-1643.899292	1.000000
0.000000	5770.270508	290.668701	1.000000
0.000000	-359.663635	-138.929489	1.000000
0.000000	-589.123352	1011.467651	1.000000
0.000000	-18763.376953	-34.408173	1.000000
0.000000	-733.789856	-159.921341	1.000000
0.000000	310.680878	-451.757538	1.000000
0.000000	14642.115234	-10997.854492	1.000000
