0.000000	31432.699219	455874.062500	1.000000
0.000000	215031.531250	175349.859375	1.000000
0.000000	1202.784180	-12887.200195	1.000000
0.000000	-411.399841	647.081116	1.000000
0.000000	16880.021484	27282.054688	1.000000
0.000000	-13586.606445	729.808167	1.000000
0.000000	-584.215149	-2503.157959	1.000000
0.000000	-595412.437500	1523932.125000	1.000000
0.000000	3630.122314	-2107.797852	1.000000
0.000000	9292453.000000	3386659.750000	1.000000
0.000000	78697400.000000	19959642.000000	1.000000
0.000000	-384.186707	-214.498962	1.000000
0.000000	-348.377747	195.891418	1.000000
0.000000	88.419502	-356.395599	1.000000
0.000000	-73337376.000000	-31090268.000000	1.000000
0.000000	833.225281	-4463.677246	1.000000
0.000000	401.067383	-518.477905	1.000000
0.000000	-6228.768066	7902.802734	1.000000
0.000000	-987.047546	103.908569	1.000000
0.000000	-342.151154	393.196014	1.000000
0.000000	946.076477	8119.713867	1.000000
0.000000	10347.558594	85090.929688	1.000000
0.000000	-69.525139	933.177368	1.000000
0.000000	314.884857	17.589848	1.000000
0.000000	-207047.515625	-53415.683594	1.000000
0.000000	527.645081	-50.037491	1.000000
0.000000	10385.563477	35261.886719	1.000000
0.000000	-4039.680908	11557.974609	1.000000
0.000000	508.435364	-235.483063	1.000000
0.000000	-61354.062500	-273296.843750	1.000000
0.000000	5105.046875	-8812.087891	1.000000
0.000000	4990.050781	934.637817	1.000000
0.000000	-369.735962	506.412933	1.000000
0.000000	-620.515198	-129.574417	1.000000
0.000000	-329.374359	-104.277969	1.000000
0.000000	4966.180664	2828.467529	1.000000
0.000000	-96.335197	-109.286491	1.000000
0.000000	-5827.183105	-1577.690063	1.000000
0.000000	-246243.109375	-73839.687500	1.000000
0.000000	-46647.214844	-6229.709473	1.000000
0.000000	554.329407	162.182663	1.000000
0.000000	605.307312	-79.658447	1.000000
0.000000	-2.865752	351.444458	1.000000
0.000000	-131.564102	-237.558365	1.000000
0.000000	61.885563	347.672333	1.000000
0.000000	-603.301697	-167.791641	1.000000
0.000000	-3987.987305	3289.609375	1.000000
0.000000	-891.363159	523.039490	1.000000
0.000000	-137.109055	-367.650879	1.000000
0.000000	-365.353516	-104.412819	1.000000
0.000000	7152.753418	6267.713867	1.000000
0.000000	-929.705627	1600.128784	1.000000
0.000000	-36.494293	1256.165283	1.000000
0.000000	-3461.396729	-11558.180664	1.000000
0.000000	403.561768	-2.001726	1.000000
0.000000	-13.812750	-376.852905	1.000000
0.000000	240.766312	113.952515	1.000000
0.000000	29405522.000000	-21550876.000000	1.000000
0.000000	-643.398254	1727.214966	1.000000
0.000000	425.501373	603.547791	1.000000
0.000000	1656.161499	26147.658203	1.000000
0.000000	3305.634277	-1751.198486	1.000000
0.000000	-147.820129	-345.736206	1.000000
0.000000	220.016693	-453.670624	1.000000
0.000000	5318.897949	-2986.154297	1.000000
0.000000	401164.375000	-1051564.750000	1.000000
0.000000	40113.492188	142483.937500	1.000000
0.000000	899154304.000000	-490293056.000000	1.000000
0.000000	5047.208008	-14954.058594	1.000000
0.000000	-11819835.000000	-661172.562500	1.000000
0.000000	10666.588867	-15023.547852	1.000000
0.000000	-51.307400	-461.817902	1.000000
0.000000	-350.920471	-837.892883	1.000000
0.000000	-398.513184	918.585205	1.000000
0.000000	424200.812500	2464.624268	1.000000
0.000000	-9446.689453	10614.879883	1.000000
0.000000	-275.673737	514.194763	1.000000
0.000000	23.458035	-388.791718	1.000000
0.000000	3431.972168	-13389.905273	1.000000
0.000000	-935690816.000000	516809408.000000	1.000000
0.000000	1333545.500000	80340.203125	1.000000
0.000000	370865.562500	-121748.093750	1.000000
0.000000	282341.375000	227427.687500	1.000000
0.000000	24810.216797	-23089.246094	1.000000
0.000000	2203343.750000	933536.312500	1.000000
0.000000	-205.127731	305.460327	1.000000
0.000000	-10.113775	-55.787418	1.000000
0.000000	-3103.876221	-290.357666	1.000000
0.000000	-1682.780396	1818.716187	1.000000
0.000000	144.906189	367.517090	1.000000
0.000000	-13.751711	-143.330872	1.000000
0.000000	-1308.930786	1074.174194	1.000000
0.000000	996.419006	-240.104645	1.000000
0.000000	256.444641	-87.172592	1.000000
0.000000	-4355021.000000	2416277.250000	1.000000
0.000000	1191.404541	661.949768	1.000000
0.000000	-219.291763	-88071.421875	1.000000
0.000000	1711789.125000	-2028472.500000	1.000000
0.000000	830.537842	-1415.479004	1.000000
0.000000	-182.673950	-5357.651855	1.000000
0.000000	691415.187500	-227530.187500	1.000000
0.000000	12310197.000000	-6573529.500000	1.000000
0.000000	-21967.958984	-21602.609375	1.000000
0.000000	170765.171875	-24583.257812	1.000000
0.000000	-16.522572	271.285858	1.000000
0.000000	381.063446	-61.431374	1.000000
0.000000	529.041077	-1812.367432	1.000000
0.000000	-211.348145	-313.354034	1.000000
0.000000	141.103058	-356.215302	1.000000
0.000000	-909.755249	1159.826294	1.000000
0.000000	-301.650085	-3089.528564	1.000000
0.000000	-53962.359375	119833.890625	1.000000
0.000000	122.099594	334.437317	1.000000
0.000000	-441.713165	49.976505	1.000000
0.000000	-43.495815	-1051.481812	1.000000
0.000000	-64534.285156	15490.121094	1.000000
0.000000	2461.860596	872.564514	1.000000
0.000000	55854.472656	149640.546875	1.000000
0.000000	-13320.688477	6574.291992	1.000000
0.000000	-41851.800781	-29732.011719	1.000000
0.000000	-8381.649414	13862.818359	1.000000
0.000000	388.007812	379.801758	1.000000
0.000000	-376.034180	230.649704	1.000000
0.000000	1617.889893	3117.005615	1.000000
0.000000	716.321045	-437.636749	1.000000
0.000000	1867.517090	53.937523	1.000000
0.000000	583.459717	-621.462341	1.000000
0.000000	13972.355469	-14323.351562	1.000000
0.000000	-373.868591	-179.989212	1.000000
0.000000	-1199.083252	1444.427124	1.000000
0.000000	292.039642	315.707184	1.000000
0.000000	-13256.811523	-3001.621826	1.000000
0.000000	-28716.566406	-61578.625000	1.000000
0.000000	1745.024170	8124.264648	1.000000
0.000000	-2479.095215	1781.327637	1.000000
0.000000	168.995331	-183.235733	1.000000
0.000000	16.328236	150.185883	1.000000
0.000000	-3771.094971	-15970.954102	1.000000
0.000000	841.621521	-5.286926	1.000000
0.000000	-8860.003906	12938.699219	1.000000
0.000000	-872.205078	-3252.442871	1.000000
0.000000	933.996277	648.354187	1.000000
0.000000	362.830658	-270.235291	1.000000
0.000000	-5570.775879	-20499.146484	1.000000
0.000000	5.937960	-399.180206	1.000000
0.000000	22493.847656	-24672.251953	1.000000
0.000000	-351.093536	-231.960678	1.000000
0.000000	-3300464.250000	1376390.750000	1.000000
0.000000	-18015.919922	-1330.862427	1.000000
0.000000	-89.523430	645.743164	1.000000
0.000000	183.440155	-414.153229	1.000000
0.000000	6708.663574	2632.916016	1.000000
0.000000	-26064.287109	-23341.707031	1.000000
0.000000	-586712.625000	317508.593750	1.000000
0.000000	-108536.234375	249016.203125	1.000000
0.000000	37950.414062	-56191.003906	1.000000
0.000000	647.937744	-1777.891724	1.000000
0.000000	156.786026	232.761642	1.000000
0.000000	-236.953278	-353.046326	1.000000
0.000000	-407.731323	751.220093	1.000000
0.000000	4112436.000000	2116301.500000	1.000000
0.000000	240.075333	225.429642	1.000000
0.000000	-45304.222656	76029.343750	1.000000
0.000000	770.849915	1724.983398	1.000000
0.000000	4902.508301	12545.276367	1.000000
0.000000	612.040955	1534.984375	1.000000
0.000000	-44149.550781	2420.004639	1.000000
0.000000	245657.828125	-842228.687500	1.000000
0.000000	-291.992767	-172.450546	1.000000
0.000000	517.232727	-124.521019	1.000000
0.000000	-32953.152344	-140074.515625	1.000000
0.000000	-14361.504883	-13496.562500	1.000000
0.000000	-454.588379	-85.859291	1.000000
0.000000	-323688.906250	730136.875000	1.000000
0.000000	-31299.535156	-19634.492188	1.000000
0.000000	-489.275970	-1109.460083	1.000000
0.000000	167.294968	-425.495514	1.000000
0.000000	-3559.643066	-12796.490234	1.000000
0.000000	113.050674	-388.118561	1.000000
0.000000	3222.827148	2928.961914	1.000000
0.000000	62.808174	124.468040	1.000000
0.000000	799088.312500	-982912.687500	1.000000
0.000000	-451.501312	419.944702	1.000000
0.000000	-3211.820557	-2111.385986	1.000000
0.000000	-41.930706	2967.777588	1.000000
0.000000	-366.872620	349.417511	1.000000
0.000000	19816.115234	10602.015625	1.000000
0.000000	141.754791	574.006775	1.000000
0.000000	-3430.956543	-1935.053833	1.000000
0.000000	65122.371094	112726.476562	1.000000
0.000000	318.715546	260.071014	1.000000
0.000000	484892.843750	100874.453125	1.000000
0.000000	-291.845917	279.491211	1.000000
0.000000	79.349693	361.270142	1.000000
0.000000	331.461395	182.988464	1.000000
0.000000	-358.154297	-100.214462	1.000000
0.000000	-52396.074219	-2948.481689	1.000000
0.000000	11433.137695	1435.709351	1.000000
0.000000	-60.181068	-249.367065	1.000000
0.000000	42.750240	1694.513672	1.000000
0.000000	-7876.137207	-93206.890625	1.000000
0.000000	-606.454956	1056.816650	1.000000
0.000000	-86.902702	349.973511	1.000000
0.000000	391.295929	-95.422096	1.000000
0.000000	59.723339	405.933533	1.000000
0.000000	-42947.878906	-77679.882812	1.000000
0.000000	251.685867	-1130.283447	1.000000
0.000000	18.416624	379.293457	1.000000
0.000000	-115.642433	-134.159943	1.000000
0.000000	-464.969604	775.389526	1.000000
0.000000	437.479889	19.870949	1.000000
0.000000	231.564392	1061.946411	1.000000
0.000000	-209.859650	216.356552	1.000000
0.000000	292.337616	552.588684	1.000000
0.000000	-11059.061523	550.319275	1.000000
0.000000	28171368.000000	16549397.000000	1.000000
0.000000	346.753510	-680.643433	1.000000
0.000000	-32751.382812	266734.687500	1.000000
0.000000	-289.393188	3.732915	1.000000
0.000000	1532.526855	2641.699707	1.000000
0.000000	4484.783691	10693.219727	1.000000
0.000000	-48465.453125	-126250.796875	1.000000
0.000000	3.501953	-542.855347	1.000000
0.000000	1929694.125000	165266.234375	1.000000
0.000000	-180056.796875	-177937.812500	1.000000
0.000000	-70255.507812	13705.034180	1.000000
0.000000	299.270355	-164.962402	1.000000
0.000000	-131128.187500	15017.068359	1.000000
0.000000	-1122.879761	260.577881	1.000000
0.000000	-1362.617310	956.598145	1.000000
0.000000	-1201.408447	1224.296753	1.000000
0.000000	49273.386719	57609.187500	1.000000
0.000000	83831.507812	3648.341553	1.000000
0.000000	1111.717407	-385.485718	1.000000
0.000000	-404.628876	-299.925812	1.000000
0.000000	-1589278.625000	-1200867.375000	1.000000
0.000000	-324.498779	157.909988	1.000000
0.000000	2590553.750000	19415.640625	1.000000
0.000000	154.632996	-235.074020	1.000000
0.000000	-10480.890625	13239.306641	1.000000
0.000000	1826645.375000	135353.484375	1.000000
0.000000	-1558.590454	846.996582	1.000000
0.000000	321.590851	61.554863	1.000000
0.000000	393.232666	-58.703232	1.000000
0.000000	406.373962	929.812317	1.000000
0.000000	-10654.356445	7455.992676	1.000000
0.000000	-423.846313	171.156433	1.000000
0.000000	27335.970703	25950.441406	1.000000
0.000000	112.123085	329.791779	1.000000
0.000000	275.384491	550.136902	1.000000
0.000000	-95.824593	-9041.900391	1.000000
0.000000	-5653.020996	9774.414062	1.000000
0.000000	459184.968750	25544.847656	1.000000
0.000000	-1064.010498	1117.850586	1.000000
0.000000	2218.609863	-5229.631348	1.000000
0.000000	3488.081543	-2141.253174	1.000000
0.000000	168.695953	115.043045	1.000000
0.000000	267.710846	206.184937	1.000000
0.000000	944.209717	-785.638062	1.000000
0.000000	1213.504761	11679.692383	1.000000
0.000000	17991.070312	-23795.349609	1.000000
0.000000	370.337860	-20.384216	1.000000
0.000000	-10.473769	-259.166351	1.000000
0.000000	1105.264893	1202.674561	1.000000
0.000000	461.078918	-46.941135	1.000000
0.000000	114.813240	220.609085	1.000000
0.000000	-1388.527344	147.756409	1.000000
0.000000	75359.796875	-7403.295898	1.000000
0.000000	94.824440	450.072266	1.000000
0.000000	-161.063553	-720.712036	1.000000
0.000000	1175.554932	-9551.677734	1.000000
0.000000	296.344513	332.257568	1.000000
0.000000	274.066956	250.209061	1.000000
0.000000	-3840.625244	-4562.634277	1.000000
0.000000	560.452271	240.203659	1.000000
0.000000	-2066.822754	-2996.464111	1.000000
0.000000	25.775326	314.548279	1.000000
0.000000	22251.046875	39139.257812	1.000000
0.000000	396.468842	-23.745951	1.000000
0.000000	930.935730	-549.037903	1.000000
0.000000	1292.385986	723.433533	1.000000
0.000000	-321.650299	679.814941	1.000000
0.000000	170.389755	-350.553619	1.000000
0.000000	9607.213867	4805.012207	1.000000
0.000000	-92657.265625	-330242.718750	1.000000
0.000000	8030.632324	16950.925781	1.000000
0.000000	240.062500	-219.819962	1.000000
0.000000	3413.930420	-870.382690	1.000000
0.000000	-423318.937500	-81984.421875	1.000000
0.000000	-44105600.000000	-10494824.000000	1.000000
0.000000	6043.395508	-4544.677246	1.000000
0.000000	-305.118256	197.401276	1.000000
0.000000	1065.247070	-1673.478149	1.000000
0.000000	5818.317383	328.880981	1.000000
0.000000	-302.570435	-116.064796	1.000000
0.000000	-527.713440	1014.470581	1.000000
0.000000	-18772.986328	26.312469	1.000000
0.000000	-672.304871	-158.213425	1.000000
0.000000	303.661530	-390.647919	1.000000
0.000000	14585.660156	-11021.877930	1.000000
