0.000000	31441.664062	455865.625000	1.000000
0.000000	215027.312500	175337.203125	1.000000
0.000000	1200.773682	-12873.752930	1.000000
0.000000	-424.896545	647.278870	1.000000
0.000000	16881.076172	27295.765625	1.000000
0.000000	-13599.790039	732.856873	1.000000
0.000000	-596.327576	-2497.225342	1.000000
0.000000	-595395.562500	1523932.125000	1.000000
0.000000	3623.200928	-2119.399414	1.000000
0.000000	9292453.000000	3386659.750000	1.000000
0.000000	78697400.000000	19959642.000000	1.000000
0.000000	-371.159668	-210.964111	1.000000
0.000000	-341.983704	184.001465	1.000000
0.000000	88.915947	-342.907135	1.000000
0.000000	-73337376.000000	-31090268.000000	1.000000
0.000000	821.475403	-4470.269043	1.000000
0.000000	397.903320	-505.356079	1.000000
0.000000	-6221.780762	7891.201172	1.000000
0.000000	-987.080505	117.409393	1.000000
0.000000	-337.520416	380.515045	1.000000
0.000000	943.176086	8106.530273	1.000000
0.000000	10335.429688	85084.601562	1.000000
0.000000	-66.913139	919.927856	1.000000
0.000000	304.947723	26.727211	1.000000
0.000000	-207055.953125	-53406.191406	1.000000
0.000000	514.181335	-51.094238	1.000000
0.000000	10385.827148	35275.597656	1.000000
0.000000	-4026.431396	11560.611328	1.000000
0.000000	496.636047	-228.924225	1.000000
0.000000	-61367.773438	-273296.843750	1.000000
0.000000	5113.088867	-8822.898438	1.000000
0.000000	4976.999023	931.308960	1.000000
0.000000	-357.285706	501.188934	1.000000
0.000000	-610.643982	-138.774094	1.000000
0.000000	-318.827484	-95.856949	1.000000
0.000000	4953.919922	2822.864502	1.000000
0.000000	-83.779884	-104.324104	1.000000
0.000000	-5816.768066	-1569.153687	1.000000
0.000000	-246247.328125	-73827.031250	1.000000
0.000000	-46657.761719	-6221.535645	1.000000
0.000000	543.914368	153.588608	1.000000
0.000000	597.512512	-68.639847	1.000000
0.000000	-2.744537	337.947754	1.000000
0.000000	-125.482323	-225.507736	1.000000
0.000000	60.207745	334.274506	1.000000
0.000000	-598.209534	-180.295456	1.000000
0.000000	-3999.061523	3297.321777	1.000000
0.000000	-883.700195	511.915924	1.000000
0.000000	-134.138626	-354.483765	1.000000
0.000000	-352.145203	-101.636024	1.000000
0.000000	7139.306152	6269.164062	1.000000
0.000000	-922.339294	1611.433716	1.000000
0.000000	-28.821243	1267.272461	1.000000
0.000000	-3453.552490	-11569.254883	1.000000
0.000000	391.095032	-7.178965	1.000000
0.000000	-14.146460	-363.356201	1.000000
0.000000	227.273727	114.420120	1.000000
0.000000	29405522.000000	-21550876.000000	1.000000
0.000000	-632.521790	1719.238892	1.000000
0.000000	434.392059	593.379944	1.000000
0.000000	1663.115845	26159.259766	1.000000
0.000000	3300.492676	-1738.707031	1.000000
0.000000	-140.717468	-334.258240	1.000000
0.000000	212.732758	-442.308014	1.000000
0.000000	5327.203613	-2975.541504	1.000000
0.000000	401155.937500	-1051564.750000	1.000000
0.000000	40125.093750	142492.375000	1.000000
0.000000	899154304.000000	-490293056.000000	1.000000
0.000000	5055.909180	-14943.775391	1.000000
0.000000	-11819835.000000	-661189.437500	1.000000
0.000000	10659.733398	-15035.149414	1.000000
0.000000	-47.319363	-448.922699	1.000000
0.000000	-340.727905	-829.043396	1.000000
0.000000	-412.001648	919.046631	1.000000
0.000000	424217.687500	2467.986084	1.000000
0.000000	-9433.505859	10618.043945	1.000000
0.000000	-262.572540	517.441223	1.000000
0.000000	24.640438	-375.344452	1.000000
0.000000	3430.653809	-13376.458008	1.000000
0.000000	-935690816.000000	516809408.000000	1.000000
0.000000	1333545.500000	80327.546875	1.000000
0.000000	370848.687500	-121745.984375	1.000000
0.000000	282358.250000	227423.468750	1.000000
0.000000	24822.345703	-23095.574219	1.000000
0.000000	2203343.750000	933553.187500	1.000000
0.000000	-198.016830	293.982361	1.000000
0.000000	3.061319	-52.843769	1.000000
0.000000	-3112.313721	-300.904541	1.000000
0.000000	-1681.198364	1805.301880	1.000000
0.000000	138.681061	355.536499	1.000000
0.000000	-10.283293	-130.283234	1.000000
0.000000	-1295.911987	1077.733765	1.000000
0.000000	985.015198	-232.874268	1.000000
0.000000	253.441879	-100.335587	1.000000
0.000000	-4355021.000000	2416277.250000	1.000000
0.000000	1179.737061	655.176697	1.000000
0.000000	-206.079330	-88069.312500	1.000000
0.000000	1711789.125000	-2028472.500000	1.000000
0.000000	828.016479	-1428.728516	1.000000
0.000000	-193.772888	-5350.005371	1.000000
0.000000	691415.187500	-227517.531250	1.000000
0.000000	12310197.000000	-6573529.500000	1.000000
0.000000	-21964.794922	-21589.425781	1.000000
0.000000	170752.515625	-24575.347656	1.000000
0.000000	-10.713036	259.099274	1.000000
0.000000	368.143524	-57.506165	1.000000
0.000000	542.109314	-1809.005615	1.000000
0.000000	-202.465698	-303.186188	1.000000
0.000000	136.188049	-343.641449	1.000000
0.000000	-905.882568	1146.906372	1.000000
0.000000	-288.565369	-3092.824463	1.000000
0.000000	-53948.648438	119833.890625	1.000000
0.000000	117.326721	321.805786	1.000000
0.000000	-428.653168	46.557011	1.000000
0.000000	-56.478565	-1055.173218	1.000000
0.000000	-64545.886719	15497.503906	1.000000
0.000000	2457.839600	859.677551	1.000000
0.000000	55843.925781	149632.109375	1.000000
0.000000	-13307.768555	6578.510742	1.000000
0.000000	-41841.253906	-29739.921875	1.000000
0.000000	-8392.723633	13855.171875	1.000000
0.000000	375.812988	374.017456	1.000000
0.000000	-366.088806	221.515945	1.000000
0.000000	1608.166992	3126.365967	1.000000
0.000000	703.285767	-434.118378	1.000000
0.000000	1876.185303	64.284584	1.000000
0.000000	580.822998	-608.229309	1.000000
0.000000	13975.255859	-14310.167969	1.000000
0.000000	-362.357666	-172.940109	1.000000
0.000000	-1193.974609	1456.918579	1.000000
0.000000	282.390900	306.264435	1.000000
0.000000	-13269.995117	-2998.655518	1.000000
0.000000	-28708.128906	-61568.078125	1.000000
0.000000	1737.641357	8112.926758	1.000000
0.000000	-2487.334961	1792.006348	1.000000
0.000000	156.643951	-177.789261	1.000000
0.000000	25.257545	160.312531	1.000000
0.000000	-3779.664307	-15981.500977	1.000000
0.000000	828.652161	-9.054199	1.000000
0.000000	-8846.556641	12937.644531	1.000000
0.000000	-876.275513	-3239.588867	1.000000
0.000000	935.462952	634.939880	1.000000
0.000000	349.638824	-267.367859	1.000000
0.000000	-5584.091309	-20501.255859	1.000000
0.000000	5.227797	-385.699982	1.000000
0.000000	22497.539062	-24659.068359	1.000000
0.000000	-341.988617	-221.990585	1.000000
0.000000	-3300464.250000	1376390.750000	1.000000
0.000000	-18011.173828	-1318.272095	1.000000
0.000000	-83.846245	633.498901	1.000000
0.000000	178.941254	-401.422821	1.000000
0.000000	6704.312988	2645.704102	1.000000
0.000000	-26076.943359	-23345.925781	1.000000
0.000000	-586712.625000	317500.156250	1.000000
0.000000	-108536.234375	249028.859375	1.000000
0.000000	37964.125000	-56191.003906	1.000000
0.000000	639.203613	-1767.608521	1.000000
0.000000	150.301346	220.921127	1.000000
0.000000	-233.867493	-366.188721	1.000000
0.000000	-404.048157	738.234253	1.000000
0.000000	4112436.000000	2116301.500000	1.000000
0.000000	226.842300	222.764084	1.000000
0.000000	-45298.949219	76016.687500	1.000000
0.000000	758.671570	1719.149658	1.000000
0.000000	4889.456543	12548.704102	1.000000
0.000000	613.375793	1548.431641	1.000000
0.000000	-44140.058594	2410.116943	1.000000
0.000000	245670.484375	-842228.687500	1.000000
0.000000	-279.781464	-166.699203	1.000000
0.000000	503.769012	-125.561287	1.000000
0.000000	-32958.425781	-140061.859375	1.000000
0.000000	-14357.022461	-13509.218750	1.000000
0.000000	-441.108154	-85.175392	1.000000
0.000000	-323672.031250	730136.875000	1.000000
0.000000	-31311.136719	-19641.347656	1.000000
0.000000	-477.072906	-1103.692261	1.000000
0.000000	163.648880	-412.501434	1.000000
0.000000	-3572.562988	-12792.535156	1.000000
0.000000	109.147095	-375.198639	1.000000
0.000000	3218.806152	2941.815918	1.000000
0.000000	56.419281	136.361496	1.000000
0.000000	799105.187500	-982912.687500	1.000000
0.000000	-438.185883	417.695251	1.000000
0.000000	-3224.740479	-2107.562744	1.000000
0.000000	-39.094173	2954.593994	1.000000
0.000000	-357.347473	339.851166	1.000000
0.000000	19822.970703	10590.414062	1.000000
0.000000	128.447601	576.280945	1.000000
0.000000	-3418.102539	-1930.835083	1.000000
0.000000	65118.152344	112713.820312	1.000000
0.000000	308.761932	250.951904	1.000000
0.000000	484892.843750	100861.796875	1.000000
0.000000	-282.081818	270.172058	1.000000
0.000000	79.520668	347.773438	1.000000
0.000000	329.146027	169.689514	1.000000
0.000000	-344.682312	-99.355469	1.000000
0.000000	-52401.347656	-2960.742432	1.000000
0.000000	11426.018555	1424.239624	1.000000
0.000000	-63.849815	-236.377106	1.000000
0.000000	34.866863	1705.489014	1.000000
0.000000	-7875.478027	-93194.234375	1.000000
0.000000	-598.363525	1067.627197	1.000000
0.000000	-77.983177	339.838623	1.000000
0.000000	378.392487	-91.452599	1.000000
0.000000	58.983822	392.453308	1.000000
0.000000	-42937.332031	-77688.320312	1.000000
0.000000	262.239288	-1121.845947	1.000000
0.000000	11.389835	367.766052	1.000000
0.000000	-109.600639	-146.231171	1.000000
0.000000	-463.733643	761.942261	1.000000
0.000000	428.045380	29.526901	1.000000
0.000000	228.355011	1048.828735	1.000000
0.000000	-203.543884	204.425400	1.000000
0.000000	281.461151	544.596130	1.000000
0.000000	-11045.614258	551.308044	1.000000
0.000000	28171368.000000	16549397.000000	1.000000
0.000000	337.648590	-670.673340	1.000000
0.000000	-32756.656250	266743.125000	1.000000
0.000000	-275.896484	4.075945	1.000000
0.000000	1521.287842	2649.148438	1.000000
0.000000	4497.967285	10690.055664	1.000000
0.000000	-48479.164062	-126250.796875	1.000000
0.000000	15.354009	-536.395386	1.000000
0.000000	1929694.125000	165257.796875	1.000000
0.000000	-180069.453125	-177937.812500	1.000000
0.000000	-70244.960938	13712.680664	1.000000
0.000000	291.154205	-154.176575	1.000000
0.000000	-131123.968750	15004.148438	1.000000
0.000000	-1110.849731	254.472229	1.000000
0.000000	-1354.146851	967.095581	1.000000
0.000000	-1197.914795	1211.244995	1.000000
0.000000	49270.222656	57596.531250	1.000000
0.000000	83842.054688	3656.449463	1.000000
0.000000	1098.863403	-389.589111	1.000000
0.000000	-392.631805	-293.737762	1.000000
0.000000	-1589278.625000	-1200867.375000	1.000000
0.000000	-311.471741	154.362778	1.000000
0.000000	2590553.750000	19403.511719	1.000000
0.000000	149.944580	-222.413651	1.000000
0.000000	-10472.980469	13228.232422	1.000000
0.000000	1826645.375000	135361.921875	1.000000
0.000000	-1560.139526	833.582275	1.000000
0.000000	308.431976	58.542206	1.000000
0.000000	382.001892	-51.209183	1.000000
0.000000	417.151550	937.936707	1.000000
0.000000	-10645.127930	7446.104980	1.000000
0.000000	-410.613281	168.482635	1.000000
0.000000	27335.443359	25936.730469	1.000000
0.000000	102.268349	320.563263	1.000000
0.000000	274.774750	536.656677	1.000000
0.000000	-82.692497	-9045.064453	1.000000
0.000000	-5639.573730	9774.150391	1.000000
0.000000	459176.531250	25554.867188	1.000000
0.000000	-1051.354248	1113.170410	1.000000
0.000000	2207.733398	-5237.673340	1.000000
0.000000	3487.817871	-2127.739990	1.000000
0.000000	161.313141	103.742233	1.000000
0.000000	256.166962	199.189392	1.000000
0.000000	950.026978	-773.459717	1.000000
0.000000	1211.955688	11693.139648	1.000000
0.000000	18004.253906	-23792.712891	1.000000
0.000000	356.874115	-19.402657	1.000000
0.000000	-11.230023	-245.686127	1.000000
0.000000	1116.470947	1195.159912	1.000000
0.000000	447.582214	-46.596096	1.000000
0.000000	112.648247	207.285416	1.000000
0.000000	-1401.381348	143.640656	1.000000
0.000000	75347.140625	-7404.746094	1.000000
0.000000	91.229851	437.061707	1.000000
0.000000	-174.564377	-720.712036	1.000000
0.000000	1176.411865	-9565.125000	1.000000
0.000000	288.178925	321.504700	1.000000
0.000000	263.767273	241.479050	1.000000
0.000000	-3846.821533	-4574.631348	1.000000
0.000000	547.136841	238.003647	1.000000
0.000000	-2056.012207	-2988.422119	1.000000
0.000000	20.085781	302.304016	1.000000
0.000000	22248.937500	39125.546875	1.000000
0.000000	382.972137	-23.790239	1.000000
0.000000	917.439026	-549.268616	1.000000
0.000000	1280.718506	716.643982	1.000000
0.000000	-321.089996	666.334717	1.000000
0.000000	161.873978	-340.080902	1.000000
0.000000	9600.358398	4816.613770	1.000000
0.000000	-92663.593750	-330234.281250	1.000000
0.000000	8017.185059	16950.398438	1.000000
0.000000	231.353088	-209.503799	1.000000
0.000000	3409.513916	-883.154297	1.000000
0.000000	-423327.375000	-81973.875000	1.000000
0.000000	-44105600.000000	-10494824.000000	1.000000
0.000000	6037.331055	-4556.674316	1.000000
0.000000	-299.993134	184.909821	1.000000
0.000000	1053.414795	-1679.971069	1.000000
0.000000	5828.864258	337.269043	1.000000
0.000000	-290.037781	-111.044731	1.000000
0.000000	-514.233215	1015.129761	1.000000
0.000000	-18775.095703	39.641289	1.000000
0.000000	-658.808167	-157.838516	1.000000
0.000000	302.120697	-377.233612	1.000000
0.000000	14573.267578	-11027.151367	1.000000
