0.000000	31482.171875	455827.500000	1.000000
0.000000	215008.250000	175280.015625	1.000000
0.000000	1191.689209	-12812.991211	1.000000
0.000000	-485.881653	648.172424	1.000000
0.000000	16885.841797	27357.718750	1.000000
0.000000	-13659.360352	746.632507	1.000000
0.000000	-651.057800	-2470.418701	1.000000
0.000000	-595319.312500	1523932.125000	1.000000
0.000000	3591.926514	-2171.821289	1.000000
0.000000	9292453.000000	3386659.750000	1.000000
0.000000	78697400.000000	19959642.000000	1.000000
0.000000	-312.296753	-194.991821	1.000000
0.000000	-313.092102	130.276489	1.000000
0.000000	91.159142	-281.959259	1.000000
0.000000	-73337376.000000	-31090268.000000	1.000000
0.000000	768.383362	-4500.054199	1.000000
0.000000	383.606445	-446.046387	1.000000
0.000000	-6190.208496	7838.779297	1.000000
0.000000	-987.229431	178.413116	1.000000
0.000000	-316.596344	323.215851	1.000000
0.000000	930.070618	8046.959961	1.000000
0.000000	10280.625000	85056.007812	1.000000
0.000000	-55.110775	860.059692	1.000000
0.000000	259.058716	67.895889	1.000000
0.000000	-207094.078125	-53363.300781	1.000000
0.000000	453.381073	-55.869171	1.000000
0.000000	10387.018555	35337.550781	1.000000
0.000000	-3966.563232	11572.525391	1.000000
0.000000	443.320618	-199.287994	1.000000
0.000000	-61429.726562	-273296.843750	1.000000
0.000000	5149.426758	-8871.746094	1.000000
0.000000	4918.024414	916.267456	1.000000
0.000000	-301.028992	477.584198	1.000000
0.000000	-566.040710	-180.343002	1.000000
0.000000	-271.171234	-57.805653	1.000000
0.000000	4898.519531	2797.547119	1.000000
0.000000	-27.048471	-81.901466	1.000000
0.000000	-5769.707520	-1530.581909	1.000000
0.000000	-246266.390625	-73769.843750	1.000000
0.000000	-46705.417969	-6184.602051	1.000000
0.000000	496.865814	114.753036	1.000000
0.000000	562.291565	-18.856318	1.000000
0.000000	-2.196828	276.962646	1.000000
0.000000	-97.996208	-171.056747	1.000000
0.000000	52.626492	273.736176	1.000000
0.000000	-575.200500	-236.794174	1.000000
0.000000	-4049.100586	3332.170410	1.000000
0.000000	-849.074951	461.690704	1.000000
0.000000	-120.716690	-294.987915	1.000000
0.000000	-292.463196	-89.089027	1.000000
0.000000	7078.544434	6275.716797	1.000000
0.000000	-889.054382	1662.515259	1.000000
0.000000	5.848719	1317.460449	1.000000
0.000000	-3418.108154	-11619.293945	1.000000
0.279720	332.968414	-25.993792	1.000000
0.000000	-15.654333	-302.371094	1.000000
0.000000	166.307236	116.533005	1.000000
0.000000	29405522.000000	-21550876.000000	1.000000
0.000000	-583.376282	1683.198853	1.000000
0.000000	474.564789	547.436340	1.000000
0.000000	1694.539185	26211.681641	1.000000
0.000000	3277.260254	-1682.264160	1.000000
0.000000	-108.623955	-282.394836	1.000000
0.000000	179.820160	-390.965851	1.000000
0.000000	5364.732910	-2927.587402	1.000000
0.000000	401117.812500	-1051564.750000	1.000000
0.000000	40177.515625	142530.500000	1.000000
0.000000	899154304.000000	-490293056.000000	1.000000
0.000000	5095.225586	-14897.310547	1.000000
0.000000	-11819835.000000	-661265.687500	1.000000
0.000000	10628.756836	-15087.571289	1.000000
0.000000	-29.299343	-390.655487	1.000000
0.000000	-294.672607	-789.056824	1.000000
0.000000	-472.949524	921.131592	1.000000
0.000000	424293.937500	2483.176514	1.000000
0.000000	-9373.935547	10632.340820	1.000000
0.000000	-203.358002	532.110413	1.000000
0.000000	29.983150	-314.582733	1.000000
0.000000	3424.696777	-13315.696289	1.000000
0.000000	-935690816.000000	516809408.000000	1.000000
0.000000	1333545.500000	80270.359375	1.000000
0.000000	370772.437500	-121736.453125	1.000000
0.000000	282434.500000	227404.406250	1.000000
0.000000	24877.150391	-23124.167969	1.000000
0.000000	2203343.750000	933629.437500	1.000000
0.000000	-165.886093	242.123932	1.000000
0.000000	62.593521	-39.542835	1.000000
0.000000	-3150.438721	-348.560791	1.000000
0.000000	-1674.049927	1744.689087	1.000000
0.000000	110.552711	301.401978	1.000000
0.000000	5.388790	-71.327248	1.000000
0.000000	-1237.086304	1093.817749	1.000000
0.000000	933.486877	-200.203674	1.000000
0.000000	239.871017	-159.812820	1.000000
0.000000	-4355021.000000	2416277.250000	1.000000
0.000000	1127.017334	624.572449	1.000000
0.000000	-146.378708	-88059.781250	1.000000
0.000000	1711789.125000	-2028472.500000	1.000000
0.000000	816.623657	-1488.596680	1.000000
0.000000	-243.923645	-5315.454590	1.000000
0.000000	691415.187500	-227460.343750	1.000000
0.000000	12310197.000000	-6573529.500000	1.000000
0.000000	-21950.498047	-21529.855469	1.000000
0.000000	170695.328125	-24539.605469	1.000000
0.000000	15.537792	204.033981	1.000000
0.000000	309.764618	-39.770035	1.000000
0.000000	601.158386	-1793.815186	1.000000
0.000000	-162.330200	-257.242584	1.000000
0.000000	113.985367	-286.826263	1.000000
0.000000	-888.383789	1088.527466	1.000000
0.000000	-229.433456	-3107.717041	1.000000
0.000000	-53886.695312	119833.890625	1.000000
0.000000	95.760406	264.729980	1.000000
0.000000	-369.641327	31.105825	1.000000
0.000000	-115.145416	-1071.852905	1.000000
0.000000	-64598.308594	15530.863281	1.000000
0.000000	2439.670654	801.447571	1.000000
0.000000	55796.269531	149593.984375	1.000000
0.000000	-13249.389648	6597.573242	1.000000
0.000000	-41793.597656	-29775.664062	1.000000
0.000000	-8442.762695	13820.621094	1.000000
0.000000	320.710449	347.880981	1.000000
0.000000	-321.150452	180.244888	1.000000
0.000000	1564.233887	3168.660889	1.000000
0.000000	644.385620	-418.220551	1.000000
0.000000	1915.352783	111.037971	1.000000
0.000000	568.908936	-548.435608	1.000000
0.000000	13988.361328	-14250.597656	1.000000
0.000000	-310.345337	-141.088608	1.000000
0.000000	-1170.891113	1513.361450	1.000000
0.000000	238.792877	263.597198	1.000000
0.000000	-13329.565430	-2985.252197	1.000000
0.000000	-28670.003906	-61520.421875	1.000000
0.000000	1704.281982	8061.696289	1.000000
0.000000	-2524.566406	1840.258301	1.000000
0.000000	100.829483	-153.179276	1.000000
0.000000	65.606735	206.069977	1.000000
0.000000	-3818.385010	-16029.157227	1.000000
0.000000	770.049866	-26.076426	1.000000
0.000000	-8785.794922	12932.878906	1.000000
0.000000	-894.667847	-3181.507812	1.000000
0.000000	942.090149	574.327087	1.000000
0.000000	290.031281	-254.413605	1.000000
0.000000	-5644.257324	-20510.787109	1.000000
0.000000	2.018912	-324.789337	1.000000
0.000000	22514.218750	-24599.498047	1.000000
0.000000	-300.847870	-176.940536	1.000000
0.000000	-3300464.250000	1376390.750000	1.000000
0.000000	-17989.728516	-1261.382446	1.000000
0.000000	-58.192726	578.172974	1.000000
0.000000	158.612885	-343.900238	1.000000
0.000000	6684.654785	2703.487305	1.000000
0.000000	-26134.130859	-23364.988281	1.000000
0.000000	-586712.625000	317462.031250	1.000000
0.000000	-108536.234375	249086.046875	1.000000
0.000000	38026.078125	-56191.003906	1.000000
0.000000	599.738281	-1721.143677	1.000000
0.000000	121.000191	167.419540	1.000000
0.000000	-219.924316	-425.572876	1.000000
0.000000	-387.405701	679.557495	1.000000
0.000000	4112436.000000	2116301.500000	1.000000
0.000000	167.048599	210.719711	1.000000
0.000000	-45275.121094	75959.500000	1.000000
0.000000	703.643494	1692.789795	1.000000
0.000000	4830.481934	12564.192383	1.000000
0.000000	619.407288	1609.193359	1.000000
0.000000	-44097.167969	2365.439209	1.000000
0.000000	245727.671875	-842228.687500	1.000000
0.000000	-224.604462	-140.711655	1.000000
0.000000	442.932831	-130.266235	1.000000
0.000000	-32982.253906	-140004.671875	1.000000
0.000000	-14336.768555	-13566.406250	1.000000
0.000000	-380.197510	-82.085182	1.000000
0.000000	-323595.781250	730136.875000	1.000000
0.000000	-31363.558594	-19672.324219	1.000000
0.000000	-421.933136	-1077.630249	1.000000
0.000000	147.173965	-353.787445	1.000000
0.000000	-3630.941895	-12774.664062	1.000000
0.000000	91.508698	-316.819733	1.000000
0.000000	3200.637207	2999.896973	1.000000
0.000000	27.550589	190.105087	1.000000
0.000000	799181.437500	-982912.687500	1.000000
0.000000	-378.019867	407.531067	1.000000
0.000000	-3283.119385	-2090.287354	1.000000
0.000000	-26.276211	2895.023682	1.000000
0.000000	-314.307922	296.625458	1.000000
0.000000	19853.947266	10537.992188	1.000000
0.000000	68.328049	586.556824	1.000000
0.000000	-3360.021484	-1911.772583	1.000000
0.000000	65099.089844	112656.632812	1.000000
0.000000	263.786346	209.755310	1.000000
0.000000	484892.843750	100804.609375	1.000000
0.000000	-237.962555	228.050934	1.000000
0.000000	80.293221	286.788330	1.000000
0.000000	318.683990	109.597954	1.000000
0.000000	-283.808899	-95.474091	1.000000
0.000000	-52425.175781	-3016.142822	1.000000
0.000000	11393.850586	1372.413452	1.000000
0.000000	-80.427116	-177.681732	1.000000
0.000000	-0.752222	1755.081299	1.000000
0.000000	-7872.499512	-93137.046875	1.000000
0.000000	-561.802246	1116.474854	1.000000
0.000000	-37.683174	294.043945	1.000000
0.000000	320.088043	-73.516350	1.000000
0.000000	55.642300	331.542664	1.000000
0.000000	-42889.675781	-77726.445312	1.000000
0.000000	309.932770	-1083.720947	1.000000
0.000000	-20.360878	315.679260	1.000000
0.000000	-82.300682	-200.775238	1.000000
0.000000	-458.148926	701.180542	1.000000
0.000000	385.415375	73.158478	1.000000
0.000000	213.853363	989.556274	1.000000
0.000000	-175.005981	150.514267	1.000000
0.000000	232.324615	508.477997	1.000000
0.000000	-10984.852539	555.775818	1.000000
0.000000	28171368.000000	16549397.000000	1.000000
0.000000	296.507843	-625.623291	1.000000
0.000000	-32780.484375	266781.250000	1.000000
0.000000	-214.911377	5.625704	1.000000
0.000000	1470.504150	2682.805664	1.000000
0.000000	4557.537598	10675.758789	1.000000
0.000000	-48541.117188	-126250.796875	1.000000
0.000000	68.907227	-507.205902	1.000000
0.000000	1929694.125000	165219.671875	1.000000
0.000000	-180126.640625	-177937.812500	1.000000
0.000000	-70197.304688	13747.231445	1.000000
0.000000	254.481216	-105.436310	1.000000
0.000000	-131104.906250	14945.769531	1.000000
0.000000	-1056.491821	226.883728	1.000000
0.000000	-1315.872925	1014.528442	1.000000
0.000000	-1182.128662	1152.270386	1.000000
0.000000	49255.925781	57539.343750	1.000000
0.000000	83889.710938	3693.085205	1.000000
0.000000	1040.782349	-408.130371	1.000000
0.000000	-338.422821	-265.776947	1.000000
0.000000	-1589278.625000	-1200867.375000	1.000000
0.000000	-252.608841	138.334641	1.000000
0.000000	2590553.750000	19348.707031	1.000000
0.000000	128.759888	-165.207535	1.000000
0.000000	-10437.238281	13178.193359	1.000000
0.000000	1826645.375000	135400.046875	1.000000
0.000000	-1567.139038	772.969482	1.000000
0.000000	249.960663	45.049809	1.000000
0.279720	333.051880	-21.925205	1.000000
0.000000	465.850281	974.646912	1.000000
0.000000	-10603.428711	7401.427246	1.000000
0.000000	-350.819580	156.401031	1.000000
0.000000	27333.060547	25874.777344	1.000000
0.000000	57.739540	278.864044	1.000000
0.000000	272.019623	475.723846	1.000000
0.000000	-23.351696	-9059.361328	1.000000
0.000000	-5578.812012	9772.958984	1.000000
0.000000	459138.406250	25600.140625	1.000000
0.000000	-994.166687	1092.022949	1.000000
0.000000	2158.587891	-5274.011230	1.000000
0.000000	3486.626465	-2066.680420	1.000000
0.000000	127.953751	52.678276	1.000000
0.000000	204.005707	167.579895	1.000000
0.000000	976.312378	-718.431641	1.000000
0.000000	1204.956177	11753.901367	1.000000
0.000000	18063.824219	-23780.798828	1.000000
0.000000	296.037933	-14.967731	1.000000
0.000000	-14.647172	-184.775482	1.000000
0.000000	1167.105713	1161.204834	1.000000
0.000000	386.597107	-45.037029	1.000000
0.000000	102.865685	147.082169	1.000000
0.000000	-1459.462402	125.042076	1.000000
0.000000	75289.953125	-7411.298828	1.000000
0.000000	74.987633	378.273254	1.000000
0.000000	-235.568100	-720.712036	1.000000
0.000000	1180.283936	-9625.886719	1.000000
0.000000	251.284943	272.917664	1.000000
0.000000	217.243469	202.032333	1.000000
0.000000	-3874.819580	-4628.840332	1.000000
0.000000	486.970795	228.062851	1.000000
0.000000	-2007.040161	-2952.084229	1.000000
0.000000	-5.623439	246.978104	1.000000
0.000000	22239.406250	39063.593750	1.000000
0.000000	321.987030	-23.990358	1.000000
0.000000	856.453918	-550.311096	1.000000
0.000000	1227.998779	685.965271	1.000000
0.000000	-318.558258	605.424072	1.000000
0.000000	123.395287	-292.759735	1.000000
0.000000	9569.381836	4869.035645	1.000000
0.000000	-92692.187500	-330196.156250	1.000000
0.000000	7956.423340	16948.015625	1.000000
0.000000	191.999451	-162.890030	1.000000
0.000000	3389.557861	-940.863037	1.000000
0.000000	-423365.500000	-81926.218750	1.000000
0.000000	-44105600.000000	-10494824.000000	1.000000
0.000000	6009.928711	-4610.883301	1.000000
0.000000	-276.835175	128.466949	1.000000
0.000000	999.950439	-1709.309448	1.000000
0.000000	5876.520508	375.170654	1.000000
0.000000	-233.408768	-88.361473	1.000000
0.000000	-453.322571	1018.108276	1.000000
0.000000	-18784.626953	99.870575	1.000000
0.000000	-597.823059	-156.144485	1.000000
0.000000	295.158417	-316.620819	1.000000
0.000000	14517.271484	-11050.979492	1.000000
