0.000000	31446.644531	455860.937500	1.000000
0.000000	215024.968750	175330.171875	1.000000
0.000000	1199.656738	-12866.282227	1.000000
0.000000	-432.394714	647.388733	1.000000
0.000000	16881.662109	27303.382812	1.000000
0.000000	-13607.114258	734.550598	1.000000
0.000000	-603.056702	-2493.929443	1.000000
0.000000	-595386.187500	1523932.125000	1.000000
0.000000	3619.355713	-2125.844727	1.000000
0.000000	9292453.000000	3386659.750000	1.000000
0.000000	78697400.000000	19959642.000000	1.000000
0.000000	-363.922424	-209.000305	1.000000
0.000000	-338.431458	177.395935	1.000000
0.000000	89.191750	-335.413544	1.000000
0.000000	-73337376.000000	-31090268.000000	1.000000
0.000000	814.947693	-4473.931152	1.000000
0.000000	396.145508	-498.063904	1.000000
0.000000	-6217.898926	7884.755859	1.000000
0.000000	-987.098816	124.909851	1.000000
0.000000	-334.947784	373.470062	1.000000
0.000000	941.564758	8099.206055	1.000000
0.000000	10328.691406	85081.085938	1.000000
0.000000	-65.462029	912.567017	1.000000
0.000000	299.427094	31.803524	1.000000
0.000000	-207060.640625	-53400.917969	1.000000
0.000000	506.704742	-51.681320	1.000000
0.000000	10385.973633	35283.214844	1.000000
0.000000	-4019.070557	11562.076172	1.000000
0.000000	490.080872	-225.280426	1.000000
0.000000	-61375.390625	-273296.843750	1.000000
0.000000	5117.556641	-8828.904297	1.000000
0.000000	4969.748047	929.459595	1.000000
0.000000	-350.368896	498.286713	1.000000
0.000000	-605.159973	-143.885025	1.000000
0.000000	-312.968109	-91.178604	1.000000
0.000000	4947.108398	2819.751709	1.000000
0.000000	-76.804710	-101.567223	1.000000
0.000000	-5810.981934	-1564.411255	1.000000
0.000000	-246249.671875	-73820.000000	1.000000
0.000000	-46663.621094	-6216.994629	1.000000
0.000000	538.128235	148.814133	1.000000
0.000000	593.182068	-62.518543	1.000000
0.000000	-2.677196	330.449585	1.000000
0.000000	-122.102882	-218.812943	1.000000
0.000000	59.275623	326.831268	1.000000
0.000000	-595.380554	-187.242020	1.000000
0.000000	-4005.213867	3301.606445	1.000000
0.000000	-879.442993	505.740692	1.000000
0.000000	-132.488388	-347.168701	1.000000
0.000000	-344.807251	-100.093361	1.000000
0.000000	7131.835449	6269.969727	1.000000
0.000000	-918.246887	1617.714233	1.000000
0.000000	-24.558605	1273.443115	1.000000
0.000000	-3449.194580	-11575.407227	1.000000
0.000000	384.169067	-10.055172	1.000000
0.000000	-14.331854	-355.858032	1.000000
0.000000	219.777847	114.679901	1.000000
0.000000	29405522.000000	-21550876.000000	1.000000
0.000000	-626.479309	1714.807739	1.000000
0.000000	439.331329	587.731140	1.000000
0.000000	1666.979370	26165.705078	1.000000
0.000000	3297.636230	-1731.767334	1.000000
0.000000	-136.771545	-327.881592	1.000000
0.000000	208.686127	-435.995453	1.000000
0.000000	5331.817871	-2969.645508	1.000000
0.000000	401151.250000	-1051564.750000	1.000000
0.000000	40131.539062	142497.062500	1.000000
0.000000	899154304.000000	-490293056.000000	1.000000
0.000000	5060.743164	-14938.062500	1.000000
0.000000	-11819835.000000	-661198.812500	1.000000
0.000000	10655.924805	-15041.594727	1.000000
0.000000	-45.103786	-441.758698	1.000000
0.000000	-335.065369	-824.127014	1.000000
0.000000	-419.495239	919.302979	1.000000
0.000000	424227.062500	2469.853760	1.000000
0.000000	-9426.181641	10619.801758	1.000000
0.000000	-255.293884	519.244812	1.000000
0.000000	25.297329	-367.873749	1.000000
0.000000	3429.921387	-13368.987305	1.000000
0.000000	-935690816.000000	516809408.000000	1.000000
0.000000	1333545.500000	80320.515625	1.000000
0.000000	370839.312500	-121744.812500	1.000000
0.000000	282367.625000	227421.125000	1.000000
0.000000	24829.083984	-23099.089844	1.000000
0.000000	2203343.750000	933562.562500	1.000000
0.000000	-194.066330	287.605713	1.000000
0.000000	10.380817	-51.208408	1.000000
0.000000	-3117.001221	-306.763916	1.000000
0.000000	-1680.319458	1797.849487	1.000000
0.000000	135.222656	348.880615	1.000000
0.000000	-8.356394	-123.034554	1.000000
0.000000	-1288.679321	1079.711304	1.000000
0.000000	978.679749	-228.857391	1.000000
0.000000	251.773331	-107.648361	1.000000
0.000000	-4355021.000000	2416277.250000	1.000000
0.000000	1173.255127	651.413879	1.000000
0.000000	-198.739090	-88068.140625	1.000000
0.000000	1711789.125000	-2028472.500000	1.000000
0.000000	826.615723	-1436.089355	1.000000
0.000000	-199.938965	-5345.757324	1.000000
0.000000	691415.187500	-227510.500000	1.000000
0.000000	12310197.000000	-6573529.500000	1.000000
0.000000	-21963.037109	-21582.101562	1.000000
0.000000	170745.484375	-24570.953125	1.000000
0.000000	-7.485505	252.328964	1.000000
0.000000	360.965790	-55.325493	1.000000
0.000000	549.369446	-1807.137939	1.000000
0.000000	-197.531006	-297.537384	1.000000
0.000000	133.457489	-336.655975	1.000000
0.000000	-903.731079	1139.728638	1.000000
0.000000	-281.296082	-3094.655518	1.000000
0.000000	-53941.031250	119833.890625	1.000000
0.000000	114.675125	314.788269	1.000000
0.000000	-421.397614	44.657291	1.000000
0.000000	-63.691204	-1057.223999	1.000000
0.000000	-64552.332031	15501.605469	1.000000
0.000000	2455.605713	852.518127	1.000000
0.000000	55838.066406	149627.421875	1.000000
0.000000	-13300.590820	6580.854492	1.000000
0.000000	-41835.394531	-29744.316406	1.000000
0.000000	-8398.875977	13850.923828	1.000000
0.000000	369.038086	370.803955	1.000000
0.000000	-360.563599	216.441635	1.000000
0.000000	1602.765381	3131.566162	1.000000
0.000000	696.043945	-432.163727	1.000000
0.000000	1881.000977	70.032951	1.000000
0.000000	579.358154	-600.877625	1.000000
0.000000	13976.867188	-14302.843750	1.000000
0.000000	-355.962708	-169.023941	1.000000
0.000000	-1191.136475	1463.858276	1.000000
0.000000	277.030487	301.018463	1.000000
0.000000	-13277.319336	-2997.007568	1.000000
0.000000	-28703.441406	-61562.218750	1.000000
0.000000	1733.539795	8106.627930	1.000000
0.000000	-2491.912598	1797.938965	1.000000
0.000000	149.782074	-174.763443	1.000000
0.000000	30.218273	165.938446	1.000000
0.000000	-3784.425049	-15987.360352	1.000000
0.000000	821.446960	-11.147181	1.000000
0.000000	-8839.085938	12937.058594	1.000000
0.000000	-878.536865	-3232.447754	1.000000
0.000000	936.277771	627.487488	1.000000
0.000000	342.310028	-265.774841	1.000000
0.000000	-5591.488770	-20502.427734	1.000000
0.000000	4.833262	-378.210968	1.000000
0.000000	22499.589844	-24651.744141	1.000000
0.000000	-336.930328	-216.451645	1.000000
0.000000	-3300464.250000	1376390.750000	1.000000
0.000000	-18008.537109	-1311.277466	1.000000
0.000000	-80.692253	626.696533	1.000000
0.000000	176.441864	-394.350372	1.000000
0.000000	6701.895996	2652.808594	1.000000
0.000000	-26083.974609	-23348.269531	1.000000
0.000000	-586712.625000	317495.468750	1.000000
0.000000	-108536.234375	249035.890625	1.000000
0.000000	37971.742188	-56191.003906	1.000000
0.000000	634.351318	-1761.895630	1.000000
0.000000	146.698746	214.343063	1.000000
0.000000	-232.153168	-373.490051	1.000000
0.000000	-402.001953	731.019897	1.000000
0.000000	4112436.000000	2116301.500000	1.000000
0.000000	219.490616	221.283218	1.000000
0.000000	-45296.019531	76009.656250	1.000000
0.000000	751.905823	1715.908691	1.000000
0.000000	4882.205566	12550.608398	1.000000
0.000000	614.117371	1555.902344	1.000000
0.000000	-44134.785156	2404.623779	1.000000
0.000000	245677.515625	-842228.687500	1.000000
0.000000	-272.997406	-163.504013	1.000000
0.000000	496.289154	-126.139214	1.000000
0.000000	-32961.355469	-140054.828125	1.000000
0.000000	-14354.532227	-13516.250000	1.000000
0.000000	-433.619141	-84.795448	1.000000
0.000000	-323662.656250	730136.875000	1.000000
0.000000	-31317.582031	-19645.156250	1.000000
0.000000	-470.293427	-1100.487915	1.000000
0.000000	161.623276	-405.282501	1.000000
0.000000	-3579.740723	-12790.337891	1.000000
0.000000	106.978439	-368.020905	1.000000
0.000000	3216.572266	2948.957031	1.000000
0.000000	52.869896	142.969315	1.000000
0.000000	799114.562500	-982912.687500	1.000000
0.000000	-430.788422	416.445557	1.000000
0.000000	-3231.918213	-2105.438721	1.000000
0.000000	-37.518322	2947.269775	1.000000
0.000000	-352.055725	334.536530	1.000000
0.000000	19826.779297	10583.968750	1.000000
0.000000	121.055786	577.544373	1.000000
0.000000	-3410.961426	-1928.491333	1.000000
0.000000	65115.808594	112706.789062	1.000000
0.000000	303.232147	245.886749	1.000000
0.000000	484892.843750	100854.765625	1.000000
0.000000	-276.657318	264.994751	1.000000
0.000000	79.615654	340.275269	1.000000
0.000000	327.859711	162.301208	1.000000
0.000000	-337.197876	-98.878250	1.000000
0.000000	-52404.277344	-2967.553955	1.000000
0.000000	11422.063477	1417.867554	1.000000
0.000000	-65.888008	-229.160461	1.000000
0.000000	30.487309	1711.586426	1.000000
0.000000	-7875.111816	-93187.203125	1.000000
0.000000	-593.868286	1073.633057	1.000000
0.000000	-73.027885	334.208130	1.000000
0.000000	371.223907	-89.247322	1.000000
0.000000	58.572979	384.964294	1.000000
0.000000	-42931.472656	-77693.007812	1.000000
0.000000	268.103241	-1117.158447	1.000000
0.000000	7.486103	361.361938	1.000000
0.000000	-106.244087	-152.937408	1.000000
0.000000	-463.046997	754.471558	1.000000
0.000000	422.803986	34.891319	1.000000
0.000000	226.572021	1041.541138	1.000000
0.000000	-200.035126	197.796982	1.000000
0.000000	275.418671	540.155823	1.000000
0.000000	-11038.143555	551.857361	1.000000
0.000000	28171368.000000	16549397.000000	1.000000
0.000000	332.590302	-665.134399	1.000000
0.000000	-32759.585938	266747.812500	1.000000
0.000000	-268.398315	4.266489	1.000000
0.000000	1515.043945	2653.286621	1.000000
0.000000	4505.291504	10688.297852	1.000000
0.000000	-48486.781250	-126250.796875	1.000000
0.000000	21.938381	-532.806519	1.000000
0.000000	1929694.125000	165253.109375	1.000000
0.000000	-180076.484375	-177937.812500	1.000000
0.000000	-70239.101562	13716.928711	1.000000
0.000000	286.645233	-148.184448	1.000000
0.000000	-131121.625000	14996.970703	1.000000
0.000000	-1104.166382	251.080200	1.000000
0.000000	-1349.441040	972.927490	1.000000
0.000000	-1195.973877	1203.994019	1.000000
0.000000	49268.464844	57589.500000	1.000000
0.000000	83847.914062	3660.953857	1.000000
0.000000	1091.722290	-391.868774	1.000000
0.000000	-385.966766	-290.299957	1.000000
0.000000	-1589278.625000	-1200867.375000	1.000000
0.000000	-304.234497	152.392105	1.000000
0.000000	2590553.750000	19396.773438	1.000000
0.000000	147.339905	-215.380112	1.000000
0.000000	-10468.585938	13222.080078	1.000000
0.000000	1826645.375000	135366.609375	1.000000
0.000000	-1561.000122	826.129883	1.000000
0.000000	301.121490	56.868507	1.000000
0.000000	375.762573	-47.045822	1.000000
0.000000	423.139099	942.450256	1.000000
0.000000	-10640.000977	7440.611816	1.000000
0.000000	-403.261597	166.997192	1.000000
0.000000	27335.150391	25929.113281	1.000000
0.000000	96.793495	315.436310	1.000000
0.000000	274.436005	529.167664	1.000000
0.000000	-75.396889	-9046.822266	1.000000
0.000000	-5632.103027	9774.003906	1.000000
0.000000	459171.843750	25560.433594	1.000000
0.000000	-1044.322998	1110.570312	1.000000
0.000000	2201.690918	-5242.141113	1.000000
0.000000	3487.671387	-2120.232666	1.000000
0.000000	157.211578	97.464005	1.000000
0.000000	249.753693	195.302979	1.000000
0.000000	953.258789	-766.693970	1.000000
0.000000	1211.095093	11700.610352	1.000000
0.000000	18011.578125	-23791.248047	1.000000
0.000000	349.394257	-18.857346	1.000000
0.000000	-11.650165	-238.197113	1.000000
0.000000	1122.696533	1190.985107	1.000000
0.000000	440.084045	-46.404408	1.000000
0.000000	111.445473	199.883377	1.000000
0.000000	-1408.522461	141.354126	1.000000
0.000000	75340.109375	-7405.551758	1.000000
0.000000	89.232857	429.833618	1.000000
0.000000	-182.064835	-720.712036	1.000000
0.000000	1176.887939	-9572.595703	1.000000
0.000000	283.642487	315.530884	1.000000
0.000000	258.045227	236.629044	1.000000
0.000000	-3850.263916	-4581.296387	1.000000
0.000000	539.739380	236.781418	1.000000
0.000000	-2050.006348	-2983.954346	1.000000
0.000000	16.924923	295.501648	1.000000
0.000000	22247.765625	39117.929688	1.000000
0.000000	375.473969	-23.814844	1.000000
0.000000	909.940857	-549.396790	1.000000
0.000000	1274.236572	712.872009	1.000000
0.000000	-320.778717	658.845703	1.000000
0.000000	157.142990	-334.262726	1.000000
0.000000	9596.549805	4823.059082	1.000000
0.000000	-92667.109375	-330229.593750	1.000000
0.000000	8009.714355	16950.105469	1.000000
0.000000	226.514526	-203.772598	1.000000
0.000000	3407.060303	-890.249634	1.000000
0.000000	-423332.062500	-81968.015625	1.000000
0.000000	-44105600.000000	-10494824.000000	1.000000
0.000000	6033.961914	-4563.339355	1.000000
0.000000	-297.145844	177.970123	1.000000
0.000000	1046.841309	-1683.578247	1.000000
0.000000	5834.723633	341.929077	1.000000
0.000000	-283.075195	-108.255806	1.000000
0.000000	-506.744202	1015.495972	1.000000
0.000000	-18776.267578	47.046188	1.000000
0.000000	-651.309998	-157.630234	1.000000
0.000000	301.264679	-369.781219	1.000000
0.000000	14566.382812	-11030.081055	1.000000
