0.000000	31503.421875	455807.500000	1.000000
0.000000	214998.250000	175250.015625	1.000000
0.000000	1186.923584	-12781.116211	1.000000
0.000000	-517.873840	648.641174	1.000000
0.000000	16888.341797	27390.218750	1.000000
0.000000	-13690.610352	753.859070	1.000000
0.000000	-679.768738	-2456.356201	1.000000
0.000000	-595279.312500	1523932.125000	1.000000
0.000000	3575.520264	-2199.321289	1.000000
0.000000	9292453.000000	3386659.750000	1.000000
0.000000	78697400.000000	19959642.000000	1.000000
0.000000	-281.417847	-186.612915	1.000000
0.000000	-297.935852	102.088409	1.000000
0.000000	92.335899	-249.984756	1.000000
0.000000	-73337376.000000	-31090268.000000	1.000000
0.000000	740.531799	-4515.679199	1.000000
0.000000	376.106445	-414.933105	1.000000
0.000000	-6173.645996	7811.279297	1.000000
0.000000	-987.307556	210.415070	1.000000
0.000000	-305.619781	293.157257	1.000000
0.000000	923.195618	8015.709961	1.000000
0.000000	10251.875000	85041.007812	1.000000
0.000000	-48.919369	828.653442	1.000000
0.000000	235.504028	89.556046	1.000000
0.000000	-207114.078125	-53340.800781	1.000000
0.000000	421.486542	-58.374054	1.000000
0.000000	10387.643555	35370.050781	1.000000
0.000000	-3935.156982	11578.775391	1.000000
0.000000	415.351868	-183.741119	1.000000
0.000000	-61462.226562	-273296.843750	1.000000
0.000000	5168.489258	-8897.371094	1.000000
0.000000	4887.086914	908.376831	1.000000
0.000000	-271.517273	465.201385	1.000000
0.000000	-542.642273	-202.149643	1.000000
0.000000	-246.167404	-37.842274	1.000000
0.000000	4869.457031	2784.265869	1.000000
0.000000	2.711889	-70.138771	1.000000
0.000000	-5745.020020	-1510.347534	1.000000
0.000000	-246276.390625	-73739.843750	1.000000
0.000000	-46730.417969	-6165.227051	1.000000
0.000000	472.197845	94.377060	1.000000
0.000000	543.815002	7.259818	1.000000
0.000000	-1.909505	244.967087	1.000000
0.250306	-84.459946	-143.722198	1.000000
0.000000	48.649441	241.982666	1.000000
0.000000	-563.130188	-266.429413	1.000000
0.000000	-4075.350586	3350.451660	1.000000
0.000000	-830.910889	435.343048	1.000000
0.000000	-113.675674	-263.776978	1.000000
0.000000	-261.154602	-82.506996	1.000000
0.000000	7046.669434	6279.154297	1.000000
0.000000	-871.593445	1689.312134	1.000000
0.000000	24.036280	1343.788574	1.000000
0.000000	-3399.514404	-11645.543945	1.000000
0.000000	303.422974	-38.082626	1.000000
0.000000	-16.445349	-270.378906	1.000000
0.000000	134.324814	117.641403	1.000000
0.000000	29405522.000000	-21550876.000000	1.000000
0.000000	-557.595032	1664.292603	1.000000
0.000000	495.639008	523.334778	1.000000
0.000000	1711.023560	26239.181641	1.000000
0.000000	3265.072754	-1652.654785	1.000000
0.000000	-91.788017	-255.187500	1.000000
0.000000	162.554535	-364.032257	1.000000
0.000000	5384.420410	-2902.431152	1.000000
0.000000	401097.812500	-1051564.750000	1.000000
0.000000	40205.015625	142550.500000	1.000000
0.000000	899154304.000000	-490293056.000000	1.000000
0.000000	5115.850586	-14872.935547	1.000000
0.000000	-11819835.000000	-661305.687500	1.000000
0.000000	10612.506836	-15115.071289	1.000000
0.000000	-19.846218	-360.089081	1.000000
0.000000	-270.512451	-768.080261	1.000000
0.000000	-504.922180	922.225342	1.000000
0.000000	424333.937500	2491.145264	1.000000
0.000000	-9342.685547	10639.840820	1.000000
0.000000	-172.293549	539.805725	1.000000
0.000000	32.785885	-282.707733	1.000000
0.000000	3421.571777	-13283.821289	1.000000
0.000000	-935690816.000000	516809408.000000	1.000000
0.000000	1333545.500000	80240.359375	1.000000
0.000000	370732.437500	-121731.453125	1.000000
0.000000	282474.500000	227394.406250	1.000000
0.000000	24905.900391	-23139.167969	1.000000
0.000000	2203343.750000	933669.437500	1.000000
0.000000	-149.030624	214.926666	1.000000
0.000000	93.823990	-32.565296	1.000000
0.000000	-3170.438721	-373.560791	1.000000
0.000000	-1670.299927	1712.892212	1.000000
0.000000	95.796852	273.003540	1.000000
0.000000	13.610226	-40.401379	1.000000
0.000000	-1206.226929	1102.255249	1.000000
0.000000	906.455627	-183.065002	1.000000
0.000000	232.751877	-191.013992	1.000000
0.000000	-4355021.000000	2416277.250000	1.000000
0.000000	1099.361084	608.517761	1.000000
0.000000	-115.060349	-88054.781250	1.000000
0.000000	1711789.125000	-2028472.500000	1.000000
0.000000	810.647095	-1520.002930	1.000000
0.000000	-270.232239	-5297.329590	1.000000
0.000000	691415.187500	-227430.343750	1.000000
0.000000	12310197.000000	-6573529.500000	1.000000
0.000000	-21942.998047	-21498.605469	1.000000
0.000000	170665.328125	-24520.855469	1.000000
0.000000	29.592411	178.957275	1.000000
0.000000	279.139618	-30.465635	1.000000
0.000000	632.134949	-1785.846436	1.000000
0.000000	-141.275513	-233.141037	1.000000
0.000000	102.339859	-257.021576	1.000000
0.000000	-879.204102	1057.902466	1.000000
0.000000	-198.408066	-3115.529541	1.000000
0.000000	-53854.195312	119833.890625	1.000000
1.005190	84.451248	234.784943	1.000000
0.000000	-338.684296	22.999136	1.000000
0.000000	-145.918945	-1080.602905	1.000000
0.000000	-64625.808594	15548.363281	1.000000
0.000000	2430.139404	770.900696	1.000000
0.000000	55771.269531	149573.984375	1.000000
0.000000	-13218.764648	6607.573242	1.000000
0.000000	-41768.597656	-29794.414062	1.000000
0.000000	-8469.012695	13802.496094	1.000000
0.000000	291.804199	334.170044	1.000000
0.000000	-297.576233	158.594498	1.000000
0.000000	1541.187012	3190.848389	1.000000
0.000000	613.487183	-409.880707	1.000000
0.000000	1935.899658	135.562836	1.000000
0.000000	562.658936	-517.068420	1.000000
0.000000	13995.236328	-14219.347656	1.000000
0.000000	-283.060181	-124.378563	1.000000
0.000000	-1158.781738	1542.970825	1.000000
0.000000	215.921783	241.214401	1.000000
0.000000	-13360.815430	-2978.220947	1.000000
0.000000	-28650.003906	-61495.421875	1.000000
0.000000	1686.781982	8034.821289	1.000000
0.000000	-2544.097656	1865.570801	1.000000
0.000000	71.547256	-140.269119	1.000000
1.005190	86.769409	230.084351	1.000000
0.000000	-3838.697510	-16054.157227	1.000000
0.000000	739.307678	-35.006279	1.000000
0.000000	-8753.919922	12930.378906	1.000000
0.000000	-904.316284	-3151.039062	1.000000
0.000000	945.566711	542.530212	1.000000
0.000000	258.761749	-247.626495	1.000000
0.000000	-5675.819824	-20515.787109	1.000000
0.000000	0.335564	-292.836212	1.000000
0.000000	22522.968750	-24568.248047	1.000000
0.000000	-279.265839	-153.307724	1.000000
0.000000	-3300464.250000	1376390.750000	1.000000
0.000000	-17978.478516	-1231.538696	1.000000
0.000000	-44.733253	549.149536	1.000000
0.000000	147.948822	-313.724457	1.000000
0.000000	6674.342285	2733.799805	1.000000
0.000000	-26164.130859	-23374.988281	1.000000
0.000000	-586712.625000	317442.031250	1.000000
0.000000	-108536.234375	249116.046875	1.000000
0.000000	38058.578125	-56191.003906	1.000000
0.000000	579.035156	-1696.768677	1.000000
0.000000	105.629097	139.353134	1.000000
0.000000	-212.609863	-456.725220	1.000000
0.000000	-378.675232	648.776245	1.000000
0.000000	4112436.000000	2116301.500000	1.000000
0.000000	135.681412	204.401352	1.000000
0.000000	-45262.621094	75929.500000	1.000000
0.000000	674.776306	1678.961670	1.000000
0.000000	4799.544434	12572.317383	1.000000
0.000000	622.571350	1641.068359	1.000000
0.000000	-44074.667969	2342.001709	1.000000
0.000000	245757.671875	-842228.687500	1.000000
0.000000	-195.659149	-127.078506	1.000000
0.000000	411.018768	-132.736938	1.000000
0.000000	-32994.753906	-139974.671875	1.000000
0.000000	-14326.143555	-13596.406250	1.000000
0.000000	-348.244385	-80.464088	1.000000
0.000000	-323555.781250	730136.875000	1.000000
0.000000	-31391.058594	-19688.574219	1.000000
0.000000	-393.007355	-1063.958374	1.000000
0.000000	138.531387	-322.986664	1.000000
0.000000	-3661.566895	-12765.289062	1.000000
0.000000	82.255768	-286.194733	1.000000
0.000000	3191.105957	3030.365723	1.000000
0.000000	12.121783	214.487778	1.000000
0.000000	799221.437500	-982912.687500	1.000000
0.000000	-346.457367	402.199036	1.000000
0.000000	-3313.744385	-2081.224854	1.000000
0.000000	-19.551357	2863.773682	1.000000
0.000000	-291.729797	273.949677	1.000000
0.000000	19870.197266	10510.492188	1.000000
0.000000	36.787853	591.947449	1.000000
0.000000	-3329.552734	-1901.772583	1.000000
0.000000	65089.089844	112626.632812	1.000000
0.000000	240.192596	188.143982	1.000000
0.000000	484892.843750	100774.609375	1.000000
0.000000	-214.818024	205.951324	1.000000
0.000000	80.698494	254.795776	1.000000
0.000000	313.195709	78.074516	1.000000
0.000000	-251.875290	-93.437958	1.000000
0.000000	-52437.675781	-3045.205322	1.000000
0.000000	11376.975586	1345.225952	1.000000
0.250306	-88.241875	-145.657745	1.000000
0.000000	-19.437551	1781.096924	1.000000
0.000000	-7870.937012	-93107.046875	1.000000
0.000000	-542.622559	1142.099854	1.000000
0.000000	-16.543036	270.020508	1.000000
0.000000	289.502106	-64.107170	1.000000
0.000000	53.889370	299.589539	1.000000
0.000000	-42864.675781	-77746.445312	1.000000
0.000000	334.952301	-1063.720947	1.000000
0.000000	-37.017006	288.355042	1.000000
0.000000	-67.979393	-229.388519	1.000000
0.000000	-455.219238	669.305542	1.000000
0.000000	363.052094	96.049103	1.000000
0.000000	206.245941	958.462524	1.000000
0.000000	-160.035278	122.233025	1.000000
0.000000	206.553131	489.513153	1.000000
0.000000	-10952.977539	558.119568	1.000000
0.000000	28171368.000000	16549397.000000	1.000000
0.000000	274.925812	-601.990479	1.000000
0.000000	-32792.984375	266801.250000	1.000000
0.000000	-182.919189	6.438692	1.000000
0.000000	1443.863525	2700.461914	1.000000
0.000000	4588.787598	10668.258789	1.000000
0.000000	-48573.617188	-126250.796875	1.000000
0.000000	97.002930	-491.893402	1.000000
0.000000	1929694.125000	165199.671875	1.000000
0.000000	-180156.640625	-177937.812500	1.000000
0.000000	-70172.304688	13765.356445	1.000000
0.000000	235.242935	-79.865021	1.000000
0.000000	-131094.906250	14915.144531	1.000000
0.000000	-1027.976196	212.411072	1.000000
0.000000	-1295.794800	1039.435425	1.000000
0.000000	-1173.847412	1121.332886	1.000000
0.000000	49248.425781	57509.343750	1.000000
0.000000	83914.710938	3712.303955	1.000000
0.000000	1010.296082	-417.856934	1.000000
0.000000	-309.985321	-251.112228	1.000000
0.000000	-1589278.625000	-1200867.375000	1.000000
0.000000	-221.729935	129.926437	1.000000
0.000000	2590553.750000	19319.957031	1.000000
0.000000	117.642059	-135.197769	1.000000
0.000000	-10418.488281	13151.943359	1.000000
0.000000	1826645.375000	135420.046875	1.000000
0.000000	-1570.810913	741.172607	1.000000
0.000000	218.769257	37.908695	1.000000
0.000000	306.425537	-4.344671	1.000000
0.000000	491.397156	993.904724	1.000000
0.000000	-10581.553711	7377.989746	1.000000
0.000000	-319.452393	150.063141	1.000000
0.000000	27331.810547	25842.277344	1.000000
0.000000	34.380165	256.989044	1.000000
0.000000	270.574310	443.751190	1.000000
0.000000	7.778552	-9066.861328	1.000000
0.000000	-5546.937012	9772.333984	1.000000
0.000000	459118.406250	25623.890625	1.000000
0.000000	-964.166687	1080.929199	1.000000
0.000000	2132.806641	-5293.073730	1.000000
0.000000	3486.001465	-2034.649170	1.000000
0.000000	110.448868	25.889004	1.000000
0.000000	176.642426	150.997864	1.000000
0.000000	990.101440	-689.564453	1.000000
0.000000	1201.284302	11785.776367	1.000000
0.000000	18095.074219	-23774.548828	1.000000
0.000000	264.123871	-12.641682	1.000000
0.000000	-16.439625	-152.822357	1.000000
0.000000	1193.668213	1143.392334	1.000000
0.000000	354.604919	-44.219158	1.000000
0.000000	97.733849	115.498207	1.000000
0.000000	-1489.931152	115.281334	1.000000
0.000000	75259.953125	-7414.736328	1.000000
0.000000	66.467125	347.433411	1.000000
0.000000	-267.566528	-720.712036	1.000000
0.000000	1182.315186	-9657.761719	1.000000
0.000000	231.939240	247.429382	1.000000
0.000000	192.839172	181.338974	1.000000
0.000000	-3889.507080	-4657.277832	1.000000
0.000000	455.408295	222.848007	1.000000
0.000000	-1981.337036	-2933.021729	1.000000
0.000000	-19.110237	217.954666	1.000000
0.000000	22234.406250	39031.093750	1.000000
0.000000	289.994843	-24.095339	1.000000
0.000000	824.461731	-550.857971	1.000000
0.000000	1200.342529	669.871521	1.000000
0.000000	-317.230133	573.470947	1.000000
0.000000	103.209740	-267.935516	1.000000
0.000000	9553.131836	4896.535645	1.000000
0.000000	-92707.187500	-330176.156250	1.000000
0.000000	7924.548340	16946.765625	1.000000
0.000000	171.354919	-138.436905	1.000000
0.000000	3379.089111	-971.136475	1.000000
0.000000	-423385.500000	-81901.218750	1.000000
0.000000	-44105600.000000	-10494824.000000	1.000000
0.000000	5995.553711	-4639.320801	1.000000
0.000000	-264.686737	98.862381	1.000000
0.000000	971.903564	-1724.700073	1.000000
0.000000	5901.520508	395.053467	1.000000
0.000000	-203.701736	-76.462059	1.000000
0.000000	-421.369446	1019.670776	1.000000
0.000000	-18789.626953	131.466721	1.000000
0.000000	-565.830872	-155.255814	1.000000
0.000000	291.506073	-284.823944	1.000000
0.000000	14487.896484	-11063.479492	1.000000
