0.000000	31403.812500	455901.250000	1.000000
0.000000	215045.125000	175390.640625	1.000000
0.000000	1209.262451	-12930.530273	1.000000
0.000000	-367.910461	646.443909	1.000000
0.000000	16876.623047	27237.875000	1.000000
0.000000	-13544.125977	719.984558	1.000000
0.000000	-545.186218	-2522.274170	1.000000
0.000000	-595466.812500	1523932.125000	1.000000
0.000000	3652.424561	-2070.415039	1.000000
0.000000	9292453.000000	3386659.750000	1.000000
0.000000	78697400.000000	19959642.000000	1.000000
0.000000	-426.162720	-225.889038	1.000000
0.000000	-368.980774	234.203491	1.000000
0.000000	86.819847	-399.858429	1.000000
0.000000	-73337376.000000	-31090268.000000	1.000000
0.000000	871.085999	-4442.437012	1.000000
0.000000	411.262695	-560.745972	1.000000
0.000000	-6251.282715	7940.185547	1.000000
0.000000	-986.941345	60.406189	1.000000
0.000000	-357.072418	434.056915	1.000000
0.000000	955.422180	8162.194336	1.000000
0.000000	10386.640625	85111.320312	1.000000
0.000000	-77.941582	975.870239	1.000000
0.000000	346.904510	-11.852948	1.000000
0.000000	-207020.328125	-53446.269531	1.000000
0.000000	571.028259	-46.632416	1.000000
0.000000	10384.713867	35217.707031	1.000000
0.000000	-4082.373779	11549.478516	1.000000
0.000000	546.455383	-256.617096	1.000000
0.000000	-61309.882812	-273296.843750	1.000000
0.000000	5079.133789	-8777.253906	1.000000
0.000000	5032.106445	945.364136	1.000000
0.000000	-409.853455	523.245789	1.000000
0.000000	-652.322449	-99.931015	1.000000
0.000000	-363.358734	-131.412369	1.000000
0.000000	5005.687500	2846.521729	1.000000
0.000000	-136.789764	-125.276405	1.000000
0.000000	-5860.742676	-1605.196167	1.000000
0.000000	-246229.515625	-73880.468750	1.000000
0.000000	-46613.230469	-6256.047363	1.000000
0.000000	587.888977	189.874619	1.000000
0.000000	630.423889	-115.162827	1.000000
0.000000	-3.256331	394.933838	1.000000
0.000000	-151.158218	-276.395142	1.000000
0.000000	67.293884	390.843109	1.000000
0.000000	-619.709778	-127.501572	1.000000
0.000000	-3952.303711	3264.758301	1.000000
0.000000	-916.054932	558.882385	1.000000
0.000000	-146.680435	-410.078247	1.000000
0.000000	-407.913635	-113.360268	1.000000
0.000000	7196.083496	6263.041016	1.000000
0.000000	-953.441589	1563.701782	1.000000
0.000000	-61.219254	1220.375488	1.000000
0.000000	-3486.672607	-11522.497070	1.000000
0.000000	443.732361	14.680334	1.000000
0.000000	-12.737463	-420.342285	1.000000
0.000000	284.233795	112.445786	1.000000
0.000000	29405522.000000	-21550876.000000	1.000000
0.000000	-678.444641	1752.915649	1.000000
0.000000	396.853607	636.310852	1.000000
0.000000	1633.753052	26110.275391	1.000000
0.000000	3322.201660	-1791.448730	1.000000
0.000000	-170.706482	-382.720764	1.000000
0.000000	243.487152	-490.283478	1.000000
0.000000	5292.135254	-3020.351074	1.000000
0.000000	401191.562500	-1051564.750000	1.000000
0.000000	40076.109375	142456.750000	1.000000
0.000000	899154304.000000	-490293056.000000	1.000000
0.000000	5019.170898	-14987.193359	1.000000
0.000000	-11819835.000000	-661118.187500	1.000000
0.000000	10688.678711	-14986.165039	1.000000
0.000000	-64.157745	-503.369110	1.000000
0.000000	-383.763184	-866.407898	1.000000
0.000000	-355.050354	917.098389	1.000000
0.000000	424146.437500	2453.791748	1.000000
0.000000	-9489.169922	10604.684570	1.000000
0.000000	-317.888702	503.733948	1.000000
0.000000	19.648067	-432.121796	1.000000
0.000000	3436.220215	-13433.235352	1.000000
0.000000	-935690816.000000	516809408.000000	1.000000
0.000000	1333545.500000	80380.984375	1.000000
0.000000	370919.937500	-121754.890625	1.000000
0.000000	282287.000000	227441.281250	1.000000
0.000000	24771.134766	-23068.855469	1.000000
0.000000	2203343.750000	933481.937500	1.000000
0.000000	-228.040634	342.444885	1.000000
0.000000	-52.566952	-65.272514	1.000000
0.000000	-3076.688721	-256.373291	1.000000
0.000000	-1687.878052	1861.940063	1.000000
0.000000	164.964935	406.121216	1.000000
0.000000	-24.927725	-185.373260	1.000000
0.000000	-1350.880249	1062.704468	1.000000
0.000000	1033.164551	-263.398315	1.000000
0.000000	266.108948	-44.760006	1.000000
0.000000	-4355021.000000	2416277.250000	1.000000
0.000000	1228.999756	683.774109	1.000000
0.000000	-261.863342	-88078.218750	1.000000
0.000000	1711789.125000	-2028472.500000	1.000000
0.000000	838.662231	-1372.786133	1.000000
0.000000	-146.910706	-5382.290527	1.000000
0.000000	691415.187500	-227570.968750	1.000000
0.000000	12310197.000000	-6573529.500000	1.000000
0.000000	-21978.154297	-21645.089844	1.000000
0.000000	170805.953125	-24608.746094	1.000000
0.000000	-35.242474	310.553741	1.000000
0.000000	422.694305	-74.081917	1.000000
0.000000	486.932312	-1823.199951	1.000000
0.000000	-239.969360	-346.117096	1.000000
0.000000	156.940308	-396.731049	1.000000
0.000000	-922.233887	1201.457153	1.000000
0.000000	-343.811951	-3078.908447	1.000000
0.000000	-54006.539062	119833.890625	1.000000
0.000000	137.474762	375.138916	1.000000
0.000000	-483.795380	60.994877	1.000000
0.000000	-1.662287	-1039.587280	1.000000
0.000000	-64496.902344	15466.332031	1.000000
0.000000	2474.817139	914.089172	1.000000
0.000000	55888.457031	149667.734375	1.000000
0.000000	-13362.319336	6560.698242	1.000000
0.000000	-41885.785156	-29706.523438	1.000000
0.000000	-8345.965820	13887.457031	1.000000
0.000000	427.302246	398.440063	1.000000
0.000000	-408.080383	260.078857	1.000000
0.000000	1649.219238	3086.844482	1.000000
0.000000	758.323608	-448.973724	1.000000
0.000000	1839.586182	20.596992	1.000000
0.000000	591.955811	-664.102112	1.000000
0.000000	13963.009766	-14365.832031	1.000000
0.000000	-410.959351	-202.702988	1.000000
0.000000	-1215.544434	1404.176880	1.000000
0.000000	323.130035	346.133820	1.000000
0.000000	-13214.331055	-3011.179932	1.000000
0.000000	-28743.753906	-61612.609375	1.000000
0.000000	1768.813232	8160.797852	1.000000
0.000000	-2452.544922	1746.918457	1.000000
0.000000	208.794220	-200.785477	1.000000
0.000000	-12.443986	117.557701	1.000000
0.000000	-3743.482666	-15936.969727	1.000000
0.000000	883.411682	6.852060	1.000000
0.000000	-8903.333984	12942.097656	1.000000
0.000000	-859.089233	-3293.861328	1.000000
0.000000	929.270325	691.578064	1.000000
0.000000	405.337677	-279.474792	1.000000
0.000000	-5527.870605	-20492.349609	1.000000
0.000000	8.226263	-442.616486	1.000000
0.000000	22481.953125	-24714.732422	1.000000
0.000000	-380.431610	-264.086548	1.000000
0.000000	-3300464.250000	1376390.750000	1.000000
0.000000	-18031.212891	-1371.431274	1.000000
0.000000	-107.816582	685.196899	1.000000
0.000000	197.936615	-455.173431	1.000000
0.000000	6722.682129	2591.709961	1.000000
0.000000	-26023.505859	-23328.113281	1.000000
0.000000	-586712.625000	317535.781250	1.000000
0.000000	-108536.234375	248975.421875	1.000000
0.000000	37906.234375	-56191.003906	1.000000
0.000000	676.081055	-1811.026489	1.000000
0.000000	177.681107	270.914398	1.000000
0.000000	-246.896362	-310.698608	1.000000
0.000000	-419.599304	793.063354	1.000000
0.000000	4112436.000000	2116301.500000	1.000000
0.000000	282.715118	234.018661	1.000000
0.000000	-45321.214844	76070.125000	1.000000
0.000000	810.091248	1743.781006	1.000000
0.000000	4944.563965	12534.231445	1.000000
0.000000	607.739807	1491.654297	1.000000
0.000000	-44180.136719	2451.864990	1.000000
0.000000	245617.046875	-842228.687500	1.000000
0.000000	-331.340302	-190.982651	1.000000
0.000000	560.615906	-121.169044	1.000000
0.000000	-32936.160156	-140115.296875	1.000000
0.000000	-14375.948242	-13455.781250	1.000000
0.000000	-498.024658	-88.062965	1.000000
0.000000	-323743.281250	730136.875000	1.000000
0.000000	-31262.152344	-19612.402344	1.000000
0.000000	-528.608154	-1128.045288	1.000000
0.000000	179.043472	-467.365326	1.000000
0.000000	-3518.012207	-12809.234375	1.000000
0.000000	125.628876	-429.749420	1.000000
0.000000	3235.783691	2887.543457	1.000000
0.000000	83.397736	86.149330	1.000000
0.000000	799033.937500	-982912.687500	1.000000
0.000000	-494.406586	427.192932	1.000000
0.000000	-3170.189697	-2123.705322	1.000000
0.000000	-51.070644	3010.258057	1.000000
0.000000	-397.564758	380.242401	1.000000
0.000000	19794.025391	10639.398438	1.000000
0.000000	184.633514	566.678894	1.000000
0.000000	-3472.375000	-1948.647583	1.000000
0.000000	65135.964844	112767.257812	1.000000
0.000000	350.788300	289.462189	1.000000
0.000000	484892.843750	100915.234375	1.000000
0.000000	-323.308014	309.519592	1.000000
0.000000	78.798775	404.759521	1.000000
0.000000	338.922028	225.840637	1.000000
0.000000	-401.564026	-102.982330	1.000000
0.000000	-52379.082031	-2908.974854	1.000000
0.000000	11456.077148	1472.667358	1.000000
0.000000	-48.359550	-291.234772	1.000000
0.000000	68.152229	1659.148682	1.000000
0.000000	-7878.261230	-93247.671875	1.000000
0.000000	-632.527344	1021.982666	1.000000
0.000000	-115.643394	382.630371	1.000000
0.000000	432.873688	-108.212700	1.000000
0.000000	62.106228	449.369812	1.000000
0.000000	-42981.863281	-77652.695312	1.000000
0.000000	217.688217	-1157.470947	1.000000
0.000000	41.058380	416.437317	1.000000
0.000000	-135.108017	-95.258171	1.000000
0.000000	-468.952148	818.719604	1.000000
0.000000	467.879974	-11.243402	1.000000
0.000000	241.905731	1104.214478	1.000000
0.000000	-230.210449	254.801376	1.000000
0.000000	327.384003	578.342468	1.000000
0.000000	-11102.391602	547.133240	1.000000
0.000000	28171368.000000	16549397.000000	1.000000
0.000000	376.091583	-712.769287	1.000000
0.000000	-32734.390625	266707.500000	1.000000
0.000000	-332.882568	2.627552	1.000000
0.000000	1568.741455	2617.698242	1.000000
0.000000	4442.303223	10703.415039	1.000000
0.000000	-48421.273438	-126250.796875	1.000000
0.000000	-34.687664	-563.670776	1.000000
0.000000	1929694.125000	165293.421875	1.000000
0.000000	-180016.015625	-177937.812500	1.000000
0.000000	-70289.492188	13680.395508	1.000000
0.000000	325.422394	-199.716736	1.000000
0.000000	-131141.781250	15058.699219	1.000000
0.000000	-1161.643188	280.251648	1.000000
0.000000	-1389.911011	922.773071	1.000000
0.000000	-1212.665771	1266.352417	1.000000
0.000000	49283.582031	57649.968750	1.000000
0.000000	83797.523438	3622.216064	1.000000
0.000000	1153.135864	-372.263672	1.000000
0.000000	-443.286102	-319.865082	1.000000
0.000000	-1589278.625000	-1200867.375000	1.000000
0.000000	-366.474792	169.339890	1.000000
0.000000	2590553.750000	19454.722656	1.000000
0.000000	169.740112	-275.862091	1.000000
0.000000	-10506.378906	13274.990234	1.000000
0.000000	1826645.375000	135326.296875	1.000000
0.000000	-1553.598999	890.220459	1.000000
0.000000	363.991669	71.259834	1.000000
0.000000	429.420715	-82.850723	1.000000
0.000000	371.646179	903.633728	1.000000
0.000000	-10684.092773	7487.853027	1.000000
0.000000	-466.486084	179.772003	1.000000
0.000000	27337.669922	25994.621094	1.000000
0.000000	143.877228	359.528107	1.000000
0.000000	277.349213	593.573181	1.000000
0.000000	-138.140717	-9031.705078	1.000000
0.000000	-5696.351074	9775.263672	1.000000
0.000000	459212.156250	25512.562500	1.000000
0.000000	-1104.791748	1132.931152	1.000000
0.000000	2253.656250	-5203.718262	1.000000
0.000000	3488.931152	-2184.795654	1.000000
0.000000	192.485016	151.456772	1.000000
0.000000	304.907806	228.726135	1.000000
0.000000	925.465210	-824.879395	1.000000
0.000000	1218.496216	11636.362305	1.000000
0.000000	17948.589844	-23803.845703	1.000000
0.000000	413.721039	-23.547020	1.000000
0.000000	-8.036950	-302.602631	1.000000
0.000000	1069.156494	1226.888428	1.000000
0.000000	504.568298	-48.052929	1.000000
0.000000	121.789330	263.540924	1.000000
0.000000	-1347.108887	161.018280	1.000000
0.000000	75400.578125	-7398.623047	1.000000
0.000000	106.407005	491.995178	1.000000
0.000000	-117.560898	-720.712036	1.000000
0.000000	1172.793701	-9508.347656	1.000000
0.000000	322.655853	366.905701	1.000000
0.000000	307.254822	278.349640	1.000000
0.000000	-3820.659424	-4523.977051	1.000000
0.000000	603.357544	247.292587	1.000000
0.000000	-2101.656738	-3022.377197	1.000000
0.000000	44.108303	354.002014	1.000000
0.000000	22257.843750	39183.437500	1.000000
0.000000	439.958221	-23.603243	1.000000
0.000000	974.425110	-548.294495	1.000000
0.000000	1329.981201	745.310974	1.000000
0.000000	-323.455719	723.251221	1.000000
0.000000	197.829483	-384.299042	1.000000
0.000000	9629.303711	4767.629395	1.000000
0.000000	-92636.875000	-330269.906250	1.000000
0.000000	8073.962402	16952.625000	1.000000
0.000000	268.126160	-253.060928	1.000000
0.000000	3428.161377	-829.229736	1.000000
0.000000	-423291.750000	-82018.406250	1.000000
0.000000	-44105600.000000	-10494824.000000	1.000000
0.000000	6062.936523	-4506.020020	1.000000
0.000000	-321.632538	237.651520	1.000000
0.000000	1103.373291	-1652.556519	1.000000
0.000000	5784.333008	301.852783	1.000000
0.000000	-342.953430	-132.238815	1.000000
0.000000	-571.149719	1012.346558	1.000000
0.000000	-18766.189453	-16.636414	1.000000
0.000000	-715.794250	-159.421463	1.000000
0.000000	308.626434	-433.871796	1.000000
0.000000	14625.591797	-11004.885742	1.000000
