0.000000	31676.410156	455644.687500	1.000000
0.000000	214916.843750	175005.796875	1.000000
0.000000	1148.128418	-12521.633789	1.000000
0.000000	-778.310242	652.457092	1.000000
0.000000	16908.693359	27654.789062	1.000000
0.000000	-13945.004883	812.687805	1.000000
0.000000	-913.493713	-2341.878662	1.000000
0.000000	-594953.687500	1523932.125000	1.000000
0.000000	3441.963135	-2423.188477	1.000000
0.000000	9292453.000000	3386659.750000	1.000000
0.000000	78697400.000000	19959642.000000	1.000000
0.000000	-30.028835	-118.397781	1.000000
0.000000	-174.606995	-127.372871	1.000000
0.000000	101.915443	10.352182	1.000000
0.000000	-73337376.000000	-31090268.000000	1.000000
0.000000	513.802673	-4642.876465	1.000000
0.000000	315.051758	-161.681168	1.000000
0.000000	-6038.816895	7587.412109	1.000000
0.000000	-987.943542	470.865387	1.000000
0.000000	-216.228348	48.462803	1.000000
0.000000	867.228821	7761.315430	1.000000
0.000000	10017.832031	84918.898438	1.000000
0.000000	1.476414	572.986938	1.000000
0.000000	45.643147	263.445129	1.000000
0.000000	-207276.890625	-53157.636719	1.000000
0.000000	161.816284	-78.765366	1.000000
0.000000	10392.731445	35634.621094	1.000000
0.000000	-3679.490479	11629.654297	1.000000
0.000000	187.668747	-57.179848	1.000000
0.000000	-61726.796875	-273296.843750	1.000000
0.000000	5323.669922	-9105.974609	1.000000
0.000000	4635.236328	844.142212	1.000000
0.000000	-31.235004	364.458038	1.000000
0.000000	-352.030945	-379.724701	1.000000
0.000000	-42.572281	124.663895	1.000000
0.000000	4632.870117	2676.148193	1.000000
0.000000	244.964874	25.594812	1.000000
0.000000	-5544.048340	-1345.627075	1.000000
0.000000	-246357.796875	-73495.625000	1.000000
0.000000	-46933.933594	-6007.502441	1.000000
0.000000	271.385162	-71.493233	1.000000
0.000000	393.278870	219.855713	1.000000
1.006680	2.687367	-12.584445	1.000000
0.000000	27.212708	87.721031	1.000000
0.000000	16.112301	-14.737154	1.000000
0.000000	-464.870331	-507.627228	1.000000
0.000000	-4289.041992	3499.272461	1.000000
0.000000	-683.044067	220.856644	1.000000
0.000000	-54.982849	-10.241590	1.000000
0.000000	-5.186988	-30.696404	1.000000
0.000000	6787.187012	6307.137695	1.000000
0.000000	-729.450500	1907.455444	1.000000
0.000000	172.089478	1558.115967	1.000000
0.000000	-3248.149658	-11859.235352	1.000000
0.000000	62.850471	-137.981354	1.000000
0.000000	-22.488836	-11.993277	1.000000
0.000000	-126.024261	126.664459	1.000000
0.000000	29405522.000000	-21550876.000000	1.000000
0.000000	-347.719543	1510.383911	1.000000
0.000000	667.052490	327.282806	1.000000
0.000000	1845.216675	26463.048828	1.000000
0.000000	3165.858887	-1411.615967	1.000000
0.000000	44.683704	-31.953548	1.000000
0.000000	22.000847	-144.735657	1.000000
0.000000	5544.688965	-2697.643555	1.000000
0.000000	400935.000000	-1051564.750000	1.000000
0.000000	40428.882812	142713.312500	1.000000
0.000000	899154304.000000	-490293056.000000	1.000000
0.000000	5283.750977	-14674.507812	1.000000
0.000000	-11819835.000000	-661631.312500	1.000000
0.000000	10480.221680	-15338.938477	1.000000
0.000000	58.340889	-113.736633	1.000000
0.000000	-73.907318	-597.317932	1.000000
0.000000	-765.354248	931.129150	1.000000
0.000000	424659.562500	2556.015869	1.000000
0.000000	-9088.291016	10700.895508	1.000000
0.000000	80.567780	602.450378	1.000000
0.000000	55.601894	-23.222174	1.000000
0.000000	3396.132324	-13024.338867	1.000000
0.000000	-935690816.000000	516809408.000000	1.000000
0.000000	1333545.500000	79996.140625	1.000000
0.000000	370406.812500	-121690.750000	1.000000
0.000000	282800.125000	227313.000000	1.000000
0.000000	25139.943359	-23261.277344	1.000000
0.000000	2203343.750000	933995.062500	1.000000
0.000000	-14.696472	-3.316374	1.000000
0.000000	346.563324	26.737215	1.000000
0.000000	-3333.251221	-577.076416	1.000000
0.000000	-1639.772583	1454.045776	1.000000
0.000000	-24.321651	41.835442	1.000000
0.000000	80.535553	211.362091	1.000000
0.000000	-955.012329	1170.941772	1.000000
0.000000	686.404358	-43.566650	1.000000
0.000000	174.797623	-444.951874	1.000000
0.000000	-4355021.000000	2416277.250000	1.000000
0.000000	874.010376	477.864136	1.000000
0.000000	139.883179	-88014.078125	1.000000
0.000000	1711789.125000	-2028472.500000	1.000000
0.000000	761.994141	-1775.669434	1.000000
0.000000	-484.400635	-5149.780762	1.000000
0.000000	691415.187500	-227186.125000	1.000000
0.000000	12310197.000000	-6573529.500000	1.000000
0.000000	-21881.943359	-21244.210938	1.000000
0.000000	170421.109375	-24368.218750	1.000000
0.000000	141.450180	-53.782345	1.000000
0.000000	29.528063	43.997841	1.000000
0.000000	884.303528	-1720.975830	1.000000
0.000000	24.910542	-38.136108	1.000000
1.006680	7.523849	-14.386448	1.000000
0.000000	-804.475708	808.321106	1.000000
0.000000	54.150635	-3179.128174	1.000000
0.000000	-53589.625000	119833.890625	1.000000
0.000000	-3.196462	-7.699221	1.000000
0.000000	-86.634933	-43.029598	1.000000
0.000000	-396.462616	-1151.833374	1.000000
0.000000	-64849.675781	15690.824219	1.000000
0.000000	2352.549072	522.230042	1.000000
0.000000	55567.753906	149411.171875	1.000000
0.000000	-12969.458008	6688.979492	1.000000
0.000000	-41565.082031	-29947.050781	1.000000
0.000000	-8682.704102	13654.947266	1.000000
0.000000	56.477184	222.530609	1.000000
0.000000	-104.530762	-16.832712	1.000000
0.000000	1353.571045	3371.468506	1.000000
0.000000	361.954620	-341.989166	1.000000
0.000000	2103.373779	335.214569	1.000000
0.000000	511.780731	-261.564087	1.000000
0.000000	14051.203125	-13964.953125	1.000000
0.000000	-60.929947	11.674841	1.000000
0.000000	-1060.203857	1784.009644	1.000000
0.882149	29.734570	58.999847	1.000000
0.000000	-13615.209961	-2920.982178	1.000000
0.000000	-28487.191406	-61291.906250	1.000000
0.000000	1544.321045	7816.041992	1.000000
0.000000	-2703.094238	2071.630371	1.000000
0.000000	-166.813263	-35.172386	1.000000
0.000000	254.803787	422.506226	1.000000
0.000000	-4004.053955	-16257.672852	1.000000
0.000000	489.061615	-107.707466	1.000000
0.000000	-8494.437500	12910.027344	1.000000
0.000000	-982.860596	-2903.004395	1.000000
0.000000	973.868103	283.543549	1.000000
0.000000	4.203730	-192.375183	1.000000
0.000000	-5932.758301	-20556.490234	1.000000
0.000000	-13.367945	-32.705624	1.000000
0.000000	22594.199219	-24313.853516	1.000000
0.000000	-104.841980	38.267704	1.000000
0.000000	-3300464.250000	1376390.750000	1.000000
0.000000	-17886.896484	-988.591919	1.000000
0.000000	64.775871	313.689148	1.000000
0.021958	62.229977	-69.132896	1.000000
0.000000	6590.392090	2980.562500	1.000000
0.000000	-26408.349609	-23456.394531	1.000000
0.000000	-586712.625000	317279.218750	1.000000
0.000000	-108536.234375	249360.265625	1.000000
0.000000	38323.148438	-56191.003906	1.000000
0.000000	410.498749	-1498.340942	1.000000
0.000000	-18.395325	-89.728394	1.000000
0.000000	-153.065643	-710.200439	1.000000
0.000000	-307.603760	398.197601	1.000000
0.000000	4112436.000000	2116301.500000	1.000000
0.000000	-116.956299	153.084793	1.000000
0.000000	-45160.863281	75685.281250	1.000000
0.000000	439.828247	1566.392090	1.000000
0.000000	4547.693848	12638.459961	1.000000
0.000000	648.328796	1900.550781	1.000000
0.000000	-43891.503906	2151.205811	1.000000
0.000000	246001.890625	-842228.687500	1.000000
0.000000	39.253384	-17.646330	1.000000
0.000000	155.641815	-150.899643	1.000000
0.000000	-33096.511719	-139730.453125	1.000000
0.000000	-14239.649414	-13840.625000	1.000000
0.000000	-88.080765	-67.267372	1.000000
0.000000	-323230.156250	730136.875000	1.000000
0.000000	-31614.925781	-19820.859375	1.000000
0.000000	-157.533401	-952.660767	1.000000
0.021958	67.024101	-71.186806	1.000000
0.000000	-3910.873535	-12688.970703	1.000000
0.000000	12.125699	-35.633511	1.000000
0.000000	3113.515625	3278.400391	1.000000
0.000000	-111.221779	443.874786	1.000000
0.000000	799547.062500	-982912.687500	1.000000
0.000000	-89.570396	358.792969	1.000000
0.000000	-3563.051025	-2007.450562	1.000000
0.000000	35.192436	2609.379150	1.000000
0.000000	-107.934082	89.291214	1.000000
0.000000	20002.482422	10286.625000	1.000000
0.000000	-219.973450	635.830505	1.000000
0.000000	-3081.518066	-1820.366333	1.000000
0.000000	65007.683594	112382.414062	1.000000
0.000000	47.026077	12.397150	1.000000
0.000000	484892.843750	100530.390625	1.000000
0.000000	-26.407087	26.050562	1.000000
0.000000	80.469780	-3.585884	1.000000
0.000000	268.517670	-178.555420	1.000000
0.000000	6.911633	-76.308441	1.000000
0.000000	-52539.433594	-3281.792236	1.000000
0.000000	11239.602539	1123.902710	1.000000
0.000000	-158.874619	105.112198	1.000000
0.000000	-171.545334	1992.880371	1.000000
0.000000	-7858.217285	-92862.828125	1.000000
0.000000	-386.615753	1350.703369	1.000000
0.000000	152.233185	75.487114	1.000000
0.000000	37.860195	9.929201	1.000000
0.000000	41.368713	39.364552	1.000000
0.000000	-42661.160156	-77909.257812	1.000000
0.000000	538.606140	-901.148804	1.000000
0.000000	-172.614410	65.918823	1.000000
0.000000	48.585934	-462.318512	1.000000
0.000000	-431.369751	409.823120	1.000000
0.000000	181.001022	282.393097	1.000000
0.000000	144.316772	705.339966	1.000000
0.000000	-43.247597	-96.799454	1.000000
0.000000	-3.208365	334.317627	1.000000
0.000000	-10693.495117	577.199158	1.000000
0.000000	28171368.000000	16549397.000000	1.000000
0.000000	99.299026	-409.604645	1.000000
0.000000	-32894.742188	266964.062500	1.000000
0.000000	74.438126	15.811596	1.000000
0.000000	1226.992188	2844.194824	1.000000
0.000000	4843.182129	10607.204102	1.000000
0.000000	-48838.187500	-126250.796875	1.000000
0.000000	325.695282	-367.240082	1.000000
0.000000	1929694.125000	165036.859375	1.000000
0.000000	-180400.859375	-177937.812500	1.000000
0.000000	-69968.789062	13912.905273	1.000000
0.000000	80.739494	124.676056	1.000000
0.000000	-131013.500000	14665.837891	1.000000
0.000000	-795.528625	94.594612	1.000000
0.000000	-1132.346313	1242.315063	1.000000
0.000000	-1106.432861	869.677368	1.000000
0.000000	49187.371094	57265.125000	1.000000
0.000000	84118.226562	3868.756592	1.000000
0.000000	761.943420	-497.037231	1.000000
0.000000	-78.425323	-131.785294	1.000000
0.000000	-1589278.625000	-1200867.375000	1.000000
0.882149	27.669687	53.838696	1.000000
0.000000	2590553.750000	19085.914062	1.000000
0.000000	30.274275	102.168098	1.000000
0.000000	-10265.851562	12938.251953	1.000000
0.000000	1826645.375000	135582.859375	1.000000
0.000000	-1600.702271	482.326172	1.000000
0.000000	-35.042038	-15.496962	1.000000
0.000000	89.720238	140.263275	1.000000
0.000000	699.364685	1150.932251	1.000000
0.000000	-10403.477539	7187.193848	1.000000
0.000000	-64.103905	98.491501	1.000000
0.000000	27321.634766	25577.707031	1.000000
0.000000	-155.777069	78.923851	1.000000
0.000000	258.808563	183.495941	1.000000
0.000000	261.204651	-9127.916016	1.000000
0.000000	-5287.454590	9767.246094	1.000000
0.000000	458955.593750	25817.230469	1.000000
0.000000	-719.947937	990.619141	1.000000
0.000000	1923.310059	-5448.254395	1.000000
0.000000	3480.913574	-1773.894775	1.000000
0.000000	-32.042660	-192.180542	1.000000
0.000000	-46.120846	15.518562	1.000000
0.000000	1102.131104	-454.528656	1.000000
0.000000	1171.392944	12045.258789	1.000000
0.000000	18349.468750	-23723.669922	1.000000
0.000000	4.027820	5.952297	1.000000
0.000000	-24.810427	103.869217	1.000000
0.000000	1409.903564	998.331299	1.000000
0.000000	94.173698	-37.561176	1.000000
0.000000	53.666443	-137.476074	1.000000
0.000000	-1737.965820	35.829842	1.000000
0.000000	75015.734375	-7442.719727	1.000000
0.000000	-2.890135	96.332291	1.000000
0.000000	-528.002930	-720.712036	1.000000
0.000000	1198.850830	-9917.244141	1.000000
0.000000	74.439613	39.941147	1.000000
0.000000	-3.964989	14.581746	1.000000
0.000000	-4009.072510	-4888.776855	1.000000
0.000000	198.452026	180.395920	1.000000
0.000000	-1772.097534	-2777.841064	1.000000
0.000000	-124.073120	-13.867519	1.000000
0.000000	22193.703125	38766.523438	1.000000
0.000000	32.889915	-20.785250	1.000000
0.000000	564.025330	-555.309875	1.000000
0.000000	975.203369	538.858337	1.000000
0.000000	-306.418365	313.231140	1.000000
0.000000	-58.145599	-74.251419	1.000000
0.000000	9420.846680	5120.402832	1.000000
0.000000	-92829.296875	-330013.343750	1.000000
0.000000	7665.065918	16936.589844	1.000000
0.000000	0.808106	58.502411	1.000000
0.000000	3293.866943	-1217.331421	1.000000
0.000000	-423548.312500	-81697.703125	1.000000
0.000000	-44105600.000000	-10494824.000000	1.000000
0.000000	5878.532227	-4870.819824	1.000000
0.000000	-165.831085	-142.102615	1.000000
0.000000	743.584473	-1849.989380	1.000000
0.000000	6105.036133	556.911987	1.000000
0.000000	38.467625	19.991581	1.000000
0.000000	-161.222076	1032.390503	1.000000
0.000000	-18830.330078	388.684692	1.000000
0.000000	-305.394470	-148.021469	1.000000
0.000000	257.387329	-27.979355	1.000000
0.000000	14248.765625	-11165.237305	1.000000
