0.000000	31460.257812	455848.125000	1.000000
0.000000	215018.562500	175310.953125	1.000000
0.000000	1196.603760	-12845.862305	1.000000
0.000000	-452.889709	647.689026	1.000000
0.000000	16883.263672	27324.203125	1.000000
0.000000	-13627.133789	739.180115	1.000000
0.000000	-621.449646	-2484.920654	1.000000
0.000000	-595360.562500	1523932.125000	1.000000
0.000000	3608.845459	-2143.461914	1.000000
0.000000	9292453.000000	3386659.750000	1.000000
0.000000	78697400.000000	19959642.000000	1.000000
0.000000	-344.140625	-203.632568	1.000000
0.000000	-328.721985	159.340820	1.000000
0.000000	89.945610	-314.931061	1.000000
0.000000	-73337376.000000	-31090268.000000	1.000000
0.000000	797.105286	-4483.940918	1.000000
0.000000	391.340820	-478.131958	1.000000
0.000000	-6207.288574	7867.138672	1.000000
0.000000	-987.148865	145.411102	1.000000
0.000000	-327.915924	354.213776	1.000000
0.000000	937.160461	8079.186523	1.000000
0.000000	10310.273438	85071.476562	1.000000
0.000000	-61.495663	892.447388	1.000000
0.000000	284.337372	45.679550	1.000000
0.000000	-207073.453125	-53386.503906	1.000000
0.000000	486.272308	-53.286011	1.000000
0.000000	10386.374023	35304.035156	1.000000
0.000000	-3998.950928	11566.080078	1.000000
0.000000	472.163391	-215.320709	1.000000
0.000000	-61396.210938	-273296.843750	1.000000
0.000000	5129.768555	-8845.320312	1.000000
0.000000	4949.928711	924.404663	1.000000
0.000000	-331.462952	490.353973	1.000000
0.000000	-590.170349	-157.854904	1.000000
0.000000	-296.952484	-78.391129	1.000000
0.000000	4928.490234	2811.243408	1.000000
0.000000	-57.739235	-94.031746	1.000000
0.000000	-5795.166504	-1551.448608	1.000000
0.000000	-246256.078125	-73800.781250	1.000000
0.000000	-46679.636719	-6204.582520	1.000000
0.000000	522.312805	135.763901	1.000000
0.000000	581.345520	-45.788158	1.000000
0.000000	-2.493130	309.954590	1.000000
0.000000	-112.865746	-200.513840	1.000000
0.000000	56.727825	306.486420	1.000000
0.000000	-587.648010	-206.229294	1.000000
0.000000	-4022.030273	3313.317871	1.000000
0.000000	-867.806641	488.861725	1.000000
0.000000	-127.977737	-327.174194	1.000000
0.000000	-324.750183	-95.876747	1.000000
0.000000	7111.415527	6272.171875	1.000000
0.000000	-907.060974	1634.880981	1.000000
0.000000	-12.907290	1290.309570	1.000000
0.000000	-3437.282959	-11592.223633	1.000000
0.000000	365.238098	-17.916748	1.000000
0.000000	-14.838598	-335.363037	1.000000
0.000000	199.289108	115.389969	1.000000
0.000000	29405522.000000	-21550876.000000	1.000000
0.000000	-609.963196	1702.695923	1.000000
0.000000	452.832001	572.291077	1.000000
0.000000	1677.539673	26183.322266	1.000000
0.000000	3289.828613	-1712.798828	1.000000
0.000000	-125.986015	-310.452087	1.000000
0.000000	197.625336	-418.741119	1.000000
0.000000	5344.430176	-2953.529785	1.000000
0.000000	401138.437500	-1051564.750000	1.000000
0.000000	40149.156250	142509.875000	1.000000
0.000000	899154304.000000	-490293056.000000	1.000000
0.000000	5073.956055	-14922.447266	1.000000
0.000000	-11819835.000000	-661224.437500	1.000000
0.000000	10645.514648	-15059.211914	1.000000
0.000000	-39.047878	-422.177094	1.000000
0.000000	-319.587769	-810.688904	1.000000
0.000000	-439.977722	920.003662	1.000000
0.000000	424252.687500	2474.958740	1.000000
0.000000	-9406.162109	10624.606445	1.000000
0.000000	-235.393219	524.174622	1.000000
0.000000	27.092831	-347.453827	1.000000
0.000000	3427.919434	-13348.567383	1.000000
0.000000	-935690816.000000	516809408.000000	1.000000
0.000000	1333545.500000	80301.296875	1.000000
0.000000	370813.687500	-121741.609375	1.000000
0.000000	282393.250000	227414.718750	1.000000
0.000000	24847.501953	-23108.699219	1.000000
0.000000	2203343.750000	933588.187500	1.000000
0.000000	-183.268295	270.176208	1.000000
0.000000	30.387165	-46.738422	1.000000
0.000000	-3129.813721	-322.779541	1.000000
0.000000	-1677.917114	1777.479614	1.000000
0.000000	125.769691	330.687866	1.000000
0.000000	-3.089537	-103.221474	1.000000
0.000000	-1268.910034	1085.116577	1.000000
0.000000	961.362854	-217.877930	1.000000
0.000000	247.212631	-127.636612	1.000000
0.000000	-4355021.000000	2416277.250000	1.000000
0.000000	1155.537842	641.128845	1.000000
0.000000	-178.675766	-88064.937500	1.000000
0.000000	1711789.125000	-2028472.500000	1.000000
0.000000	822.786987	-1456.208984	1.000000
0.000000	-216.792908	-5334.145996	1.000000
0.000000	691415.187500	-227491.281250	1.000000
0.000000	12310197.000000	-6573529.500000	1.000000
0.000000	-21958.232422	-21562.082031	1.000000
0.000000	170726.265625	-24558.941406	1.000000
0.000000	1.336560	233.823410	1.000000
0.000000	341.346649	-49.364990	1.000000
0.000000	569.213806	-1802.032959	1.000000
0.000000	-184.042847	-282.097321	1.000000
0.000000	125.994797	-317.562347	1.000000
0.000000	-897.850342	1120.109497	1.000000
0.000000	-261.426697	-3099.660400	1.000000
0.000000	-53920.210938	119833.890625	1.000000
0.000000	107.427429	295.607056	1.000000
0.000000	-401.565765	39.464725	1.000000
0.000000	-83.407288	-1062.829468	1.000000
0.000000	-64569.949219	15512.816406	1.000000
0.000000	2449.499756	832.949036	1.000000
0.000000	55822.050781	149614.609375	1.000000
0.000000	-13280.971680	6587.260742	1.000000
0.000000	-41819.378906	-29756.328125	1.000000
0.000000	-8415.692383	13839.312500	1.000000
0.000000	350.520020	362.020386	1.000000
0.000000	-345.461365	202.571854	1.000000
0.000000	1588.000977	3145.780029	1.000000
0.000000	676.249634	-426.821014	1.000000
0.000000	1894.163818	85.745155	1.000000
0.000000	575.354248	-580.783020	1.000000
0.000000	13981.271484	-14282.824219	1.000000
0.000000	-338.483154	-158.319748	1.000000
0.000000	-1183.378906	1482.826782	1.000000
0.000000	262.378693	286.679474	1.000000
0.000000	-13297.338867	-2992.503174	1.000000
0.000000	-28690.628906	-61546.203125	1.000000
0.000000	1722.328857	8089.411133	1.000000
0.000000	-2504.424805	1814.154785	1.000000
0.000000	131.026276	-166.492874	1.000000
0.000000	43.778275	181.315948	1.000000
0.000000	-3797.437744	-16003.375977	1.000000
0.000000	801.752747	-16.867937	1.000000
0.000000	-8818.666016	12935.457031	1.000000
0.000000	-884.717896	-3212.928711	1.000000
0.000000	938.504944	607.117615	1.000000
0.000000	322.277985	-261.420593	1.000000
0.000000	-5611.708496	-20505.630859	1.000000
0.000000	3.754866	-357.740997	1.000000
0.000000	22505.195312	-24631.724609	1.000000
0.000000	-323.104340	-201.311874	1.000000
0.000000	-3300464.250000	1376390.750000	1.000000
0.000000	-18001.330078	-1292.158813	1.000000
0.000000	-72.071342	608.103394	1.000000
0.000000	169.610199	-375.019012	1.000000
0.000000	6695.289551	2672.227539	1.000000
0.000000	-26103.193359	-23354.675781	1.000000
0.000000	-586712.625000	317482.656250	1.000000
0.000000	-108536.234375	249055.109375	1.000000
0.000000	37992.562500	-56191.003906	1.000000
0.000000	621.088379	-1746.280396	1.000000
0.000000	136.851639	196.363022	1.000000
0.000000	-227.467346	-393.447021	1.000000
0.000000	-396.408997	711.300659	1.000000
0.000000	4112436.000000	2116301.500000	1.000000
0.000000	199.396011	217.235519	1.000000
0.000000	-45288.011719	75990.437500	1.000000
0.000000	733.412781	1707.050049	1.000000
0.000000	4862.386230	12555.813477	1.000000
0.000000	616.144348	1576.322266	1.000000
0.000000	-44120.371094	2389.609131	1.000000
0.000000	245696.734375	-842228.687500	1.000000
0.000000	-254.454315	-154.770493	1.000000
0.000000	475.844208	-127.718880	1.000000
0.000000	-32969.363281	-140035.609375	1.000000
0.000000	-14347.725586	-13535.468750	1.000000
0.000000	-413.149170	-83.756935	1.000000
0.000000	-323637.031250	730136.875000	1.000000
0.000000	-31335.199219	-19655.566406	1.000000
0.000000	-451.762848	-1091.729370	1.000000
0.000000	156.086624	-385.550751	1.000000
0.000000	-3599.359863	-12784.332031	1.000000
0.000000	101.050781	-348.401764	1.000000
0.000000	3210.466309	2968.476074	1.000000
0.000000	43.168243	161.030685	1.000000
0.000000	799140.187500	-982912.687500	1.000000
0.000000	-410.568695	413.029724	1.000000
0.000000	-3251.537354	-2099.633057	1.000000
0.000000	-33.210995	2927.250244	1.000000
0.000000	-337.591614	320.009857	1.000000
0.000000	19837.189453	10566.351562	1.000000
0.000000	100.851700	580.997742	1.000000
0.000000	-3391.442383	-1922.085083	1.000000
0.000000	65109.402344	112687.570312	1.000000
0.000000	288.117401	232.041992	1.000000
0.000000	484892.843750	100835.546875	1.000000
0.000000	-261.830353	250.841156	1.000000
0.000000	79.875282	319.780273	1.000000
0.000000	324.343781	142.106506	1.000000
0.000000	-316.740417	-97.573853	1.000000
0.000000	-52412.285156	-2986.172119	1.000000
0.000000	11411.252930	1400.450562	1.000000
0.000000	-71.459068	-209.434967	1.000000
0.000000	18.517036	1728.252686	1.000000
0.000000	-7874.110840	-93167.984375	1.000000
0.000000	-581.581299	1090.049072	1.000000
0.000000	-59.483940	318.818115	1.000000
0.000000	351.629791	-83.219566	1.000000
0.000000	57.450008	364.494324	1.000000
0.000000	-42915.457031	-77705.820312	1.000000
0.000000	284.131378	-1104.345947	1.000000
0.000000	-3.184250	343.857361	1.000000
0.000000	-97.069511	-171.267792	1.000000
0.000000	-461.170166	734.051636	1.000000
0.000000	408.477509	49.554062	1.000000
0.000000	221.698517	1021.621704	1.000000
0.000000	-190.444519	179.679306	1.000000
0.000000	258.902557	528.018982	1.000000
0.000000	-11017.723633	553.358826	1.000000
0.000000	28171368.000000	16549397.000000	1.000000
0.000000	318.764313	-649.994629	1.000000
0.000000	-32767.593750	266760.625000	1.000000
0.000000	-247.903320	4.787310	1.000000
0.000000	1497.977295	2664.597656	1.000000
0.000000	4525.311035	10683.493164	1.000000
0.000000	-48507.601562	-126250.796875	1.000000
0.000000	39.935627	-522.996948	1.000000
0.000000	1929694.125000	165240.296875	1.000000
0.000000	-180095.703125	-177937.812500	1.000000
0.000000	-70223.085938	13728.540039	1.000000
0.000000	274.320709	-131.805969	1.000000
0.000000	-131115.218750	14977.351562	1.000000
0.000000	-1085.898560	241.808655	1.000000
0.000000	-1336.578491	988.868042	1.000000
0.000000	-1190.668701	1184.174683	1.000000
0.000000	49263.660156	57570.281250	1.000000
0.000000	83863.929688	3673.265869	1.000000
0.000000	1072.203247	-398.099854	1.000000
0.000000	-367.748993	-280.903290	1.000000
0.000000	-1589278.625000	-1200867.375000	1.000000
0.000000	-284.452698	147.005600	1.000000
0.000000	2590553.750000	19378.355469	1.000000
0.000000	140.220459	-196.155106	1.000000
0.000000	-10456.574219	13205.263672	1.000000
0.000000	1826645.375000	135379.421875	1.000000
0.000000	-1563.352417	805.760010	1.000000
0.000000	281.139496	52.293732	1.000000
0.000000	358.708435	-35.665970	1.000000
0.000000	439.505066	954.787292	1.000000
0.000000	-10625.987305	7425.597168	1.000000
0.000000	-383.166992	162.936981	1.000000
0.000000	27334.349609	25908.292969	1.000000
0.000000	81.828896	301.422638	1.000000
0.000000	273.510101	508.695648	1.000000
0.000000	-55.454891	-9051.626953	1.000000
0.000000	-5611.683105	9773.603516	1.000000
0.000000	459159.031250	25575.648438	1.000000
0.000000	-1025.104248	1103.463379	1.000000
0.000000	2185.174805	-5254.353027	1.000000
0.000000	3487.270996	-2099.712646	1.000000
0.000000	146.000641	80.303513	1.000000
0.000000	232.224091	184.680115	1.000000
0.000000	962.092407	-748.200928	1.000000
0.000000	1208.742798	11721.030273	1.000000
0.000000	18031.597656	-23787.244141	1.000000
0.000000	328.949310	-17.366829	1.000000
0.000000	-12.798551	-217.727142	1.000000
0.000000	1139.713135	1179.573975	1.000000
0.000000	419.589050	-45.880459	1.000000
0.000000	108.157890	179.651138	1.000000
0.000000	-1428.041504	135.104279	1.000000
0.000000	75320.890625	-7407.753906	1.000000
0.000000	83.774406	410.076843	1.000000
0.000000	-202.566086	-720.712036	1.000000
0.000000	1178.189209	-9593.015625	1.000000
0.000000	271.242889	299.202454	1.000000
0.000000	242.410400	223.372360	1.000000
0.000000	-3859.673096	-4599.514160	1.000000
0.000000	519.519653	233.440659	1.000000
0.000000	-2033.546509	-2971.742432	1.000000
0.000000	8.284894	276.908508	1.000000
0.000000	22244.562500	39097.109375	1.000000
0.000000	354.978973	-23.882097	1.000000
0.000000	889.445862	-549.747131	1.000000
0.000000	1256.519287	702.561951	1.000000
0.000000	-319.927887	638.375732	1.000000
0.000000	144.211624	-318.359711	1.000000
0.000000	9586.139648	4840.676270	1.000000
0.000000	-92676.718750	-330216.781250	1.000000
0.000000	7989.294434	16949.304688	1.000000
0.000000	213.289124	-188.107315	1.000000
0.000000	3400.353760	-909.643555	1.000000
0.000000	-423344.875000	-81952.000000	1.000000
0.000000	-44105600.000000	-10494824.000000	1.000000
0.000000	6024.752930	-4581.557129	1.000000
0.000000	-289.363251	159.001617	1.000000
0.000000	1028.873779	-1693.437866	1.000000
0.000000	5850.739258	354.666504	1.000000
0.000000	-264.044128	-100.632744	1.000000
0.000000	-486.274231	1016.496948	1.000000
0.000000	-18779.470703	67.286499	1.000000
0.000000	-630.815002	-157.060928	1.000000
0.000000	298.924896	-349.411346	1.000000
0.000000	14547.564453	-11038.088867	1.000000
