0.000000	31376.253906	455927.187500	1.000000
0.000000	215058.093750	175429.546875	1.000000
0.000000	1215.442871	-12971.868164	1.000000
0.000000	-326.420593	645.835999	1.000000
0.000000	16873.380859	27195.726562	1.000000
0.000000	-13503.598633	710.612610	1.000000
0.000000	-507.948944	-2540.511475	1.000000
0.000000	-595518.687500	1523932.125000	1.000000
0.000000	3673.701416	-2034.750977	1.000000
0.000000	9292453.000000	3386659.750000	1.000000
0.000000	78697400.000000	19959642.000000	1.000000
0.000000	-466.208801	-236.755432	1.000000
0.000000	-388.636536	270.754089	1.000000
0.000000	85.293739	-441.322968	1.000000
0.000000	-73337376.000000	-31090268.000000	1.000000
0.000000	907.205994	-4422.173340	1.000000
0.000000	420.989258	-601.070679	1.000000
0.000000	-6272.762207	7975.849609	1.000000
0.000000	-986.840027	18.906822	1.000000
0.000000	-371.307648	473.039154	1.000000
0.000000	964.338196	8202.721680	1.000000
0.000000	10423.925781	85130.773438	1.000000
0.000000	-85.971062	1016.600220	1.000000
0.000000	377.451996	-39.942329	1.000000
0.000000	-206994.390625	-53475.449219	1.000000
0.000000	612.416809	-43.383896	1.000000
0.000000	10383.903320	35175.558594	1.000000
0.000000	-4122.968750	11541.373047	1.000000
0.000000	582.727356	-276.779449	1.000000
0.000000	-61267.734375	-273296.843750	1.000000
0.000000	5054.412109	-8744.021484	1.000000
0.000000	5072.228516	955.597290	1.000000
0.000000	-448.126465	539.304749	1.000000
0.000000	-682.667297	-71.650528	1.000000
0.000000	-395.780609	-157.299210	1.000000
0.000000	5043.377930	2863.745850	1.000000
0.000000	-175.379395	-140.525955	1.000000
0.000000	-5892.759277	-1631.437622	1.000000
0.000000	-246216.546875	-73919.375000	1.000000
0.000000	-46580.808594	-6281.174316	1.000000
0.000000	619.905579	216.293381	1.000000
0.000000	654.385681	-149.030884	1.000000
0.000000	-3.628953	436.423706	1.000000
0.000000	-169.851456	-313.452332	1.000000
0.000000	72.454788	432.029022	1.000000
0.000000	-635.363464	-89.063919	1.000000
0.000000	-3918.260742	3241.049805	1.000000
0.000000	-939.611450	593.077332	1.000000
0.000000	-155.811752	-450.554932	1.000000
0.000000	-448.516968	-121.896339	1.000000
0.000000	7237.421387	6258.583008	1.000000
0.000000	-976.086243	1528.949585	1.000000
0.000000	-84.807434	1186.231201	1.000000
0.000000	-3510.786377	-11488.454102	1.000000
0.000000	482.056030	30.595232	1.000000
0.000000	-11.711615	-461.832153	1.000000
0.000000	325.698334	111.008331	1.000000
0.000000	29405522.000000	-21550876.000000	1.000000
0.000000	-711.879700	1777.434692	1.000000
0.000000	369.522980	667.567566	1.000000
0.000000	1612.374878	26074.611328	1.000000
0.000000	3338.007324	-1829.848389	1.000000
0.000000	-192.540588	-418.004883	1.000000
0.000000	265.878510	-525.222534	1.000000
0.000000	5266.603027	-3052.975586	1.000000
0.000000	401217.500000	-1051564.750000	1.000000
0.000000	40040.445312	142430.812500	1.000000
0.000000	899154304.000000	-490293056.000000	1.000000
0.000000	4992.422852	-15018.804688	1.000000
0.000000	-11819835.000000	-661066.312500	1.000000
0.000000	10709.752930	-14950.500977	1.000000
0.000000	-76.417267	-543.029724	1.000000
0.000000	-415.095886	-893.611877	1.000000
0.000000	-313.585815	915.679932	1.000000
0.000000	424094.562500	2443.457275	1.000000
0.000000	-9529.697266	10594.958008	1.000000
0.000000	-358.162750	493.754089	1.000000
0.000000	16.013271	-473.459686	1.000000
0.000000	3440.272949	-13474.573242	1.000000
0.000000	-935690816.000000	516809408.000000	1.000000
0.000000	1333545.500000	80419.890625	1.000000
0.000000	370971.812500	-121761.375000	1.000000
0.000000	282235.125000	227454.250000	1.000000
0.000000	24733.849609	-23049.402344	1.000000
0.000000	2203343.750000	933430.062500	1.000000
0.000000	-249.900070	377.729004	1.000000
0.000000	-93.068962	-74.321510	1.000000
0.000000	-3050.751221	-223.963943	1.000000
0.000000	-1692.741333	1903.176636	1.000000
0.000000	184.101440	442.950439	1.000000
0.000000	-35.589367	-225.482666	1.000000
0.000000	-1390.901001	1051.762085	1.000000
0.000000	1068.220703	-285.612366	1.000000
0.000000	275.328918	-4.298959	1.000000
0.000000	-4355021.000000	2416277.250000	1.000000
0.000000	1264.866455	704.595032	1.000000
0.000000	-302.466675	-88084.703125	1.000000
0.000000	1711789.125000	-2028472.500000	1.000000
0.000000	846.413086	-1332.056152	1.000000
0.000000	-112.788925	-5405.796387	1.000000
0.000000	691415.187500	-227609.875000	1.000000
0.000000	12310197.000000	-6573529.500000	1.000000
0.000000	-21987.880859	-21685.617188	1.000000
0.000000	170844.859375	-24633.062500	1.000000
0.000000	-53.103001	348.016205	1.000000
0.000000	462.411102	-86.151466	1.000000
0.000000	446.759583	-1833.534424	1.000000
0.000000	-267.274658	-377.373810	1.000000
0.000000	172.049408	-435.384003	1.000000
0.000000	-934.138794	1241.173950	1.000000
0.000000	-384.035339	-3068.776611	1.000000
0.000000	-54048.687500	119833.890625	1.000000
0.000000	152.140594	413.969177	1.000000
0.000000	-523.935242	71.506660	1.000000
0.000000	38.247913	-1028.239624	1.000000
0.000000	-64461.238281	15443.636719	1.000000
0.000000	2487.177979	953.704651	1.000000
0.000000	55920.878906	149693.671875	1.000000
0.000000	-13402.036133	6547.729492	1.000000
0.000000	-41918.207031	-29682.207031	1.000000
0.000000	-8311.922852	13910.962891	1.000000
0.000000	464.790039	416.221436	1.000000
0.000000	-438.653198	288.144043	1.000000
0.000000	1679.108154	3058.070068	1.000000
0.000000	798.395020	-459.789459	1.000000
0.000000	1812.939453	-11.209972	1.000000
0.000000	600.061279	-704.781433	1.000000
0.000000	13954.093750	-14406.359375	1.000000
0.000000	-446.344788	-224.372452	1.000000
0.000000	-1231.248779	1365.777222	1.000000
0.000000	352.790985	375.161530	1.000000
0.000000	-13173.803711	-3020.298584	1.000000
0.000000	-28769.691406	-61645.031250	1.000000
0.000000	1791.508545	8195.651367	1.000000
0.000000	-2427.215332	1714.091309	1.000000
0.000000	246.763275	-217.528336	1.000000
0.000000	-39.893803	86.433968	1.000000
0.000000	-3717.139893	-15904.547852	1.000000
0.000000	923.280457	18.433018	1.000000
0.000000	-8944.671875	12945.339844	1.000000
0.000000	-846.576416	-3333.375488	1.000000
0.000000	924.761658	732.814636	1.000000
0.000000	445.890350	-288.289490	1.000000
0.000000	-5486.937988	-20485.865234	1.000000
0.000000	10.409357	-484.055695	1.000000
0.000000	22470.605469	-24755.259766	1.000000
0.000000	-408.420807	-294.735352	1.000000
0.000000	-3300464.250000	1376390.750000	1.000000
0.000000	-18045.802734	-1410.134888	1.000000
0.000000	-125.268669	722.836670	1.000000
0.000000	211.766571	-494.307648	1.000000
0.000000	6736.056152	2552.398438	1.000000
0.000000	-25984.599609	-23315.144531	1.000000
0.000000	-586712.625000	317561.718750	1.000000
0.000000	-108536.234375	248936.515625	1.000000
0.000000	37864.085938	-56191.003906	1.000000
0.000000	702.930420	-1842.637817	1.000000
0.000000	197.615494	307.313019	1.000000
0.000000	-256.382812	-270.297913	1.000000
0.000000	-430.921631	832.982788	1.000000
0.000000	4112436.000000	2116301.500000	1.000000
0.000000	323.394440	242.212784	1.000000
0.000000	-45337.425781	76109.031250	1.000000
0.000000	847.528381	1761.714355	1.000000
0.000000	4984.686035	12523.694336	1.000000
0.000000	603.636414	1450.316406	1.000000
0.000000	-44209.316406	2482.260498	1.000000
0.000000	245578.140625	-842228.687500	1.000000
0.000000	-368.878754	-208.662704	1.000000
0.000000	602.004456	-117.971184	1.000000
0.000000	-32919.949219	-140154.203125	1.000000
0.000000	-14389.727539	-13416.875000	1.000000
0.000000	-539.463867	-90.165321	1.000000
0.000000	-323795.156250	730136.875000	1.000000
0.000000	-31226.488281	-19591.328125	1.000000
0.000000	-566.146606	-1145.776001	1.000000
0.000000	190.251816	-507.310089	1.000000
0.000000	-3478.295410	-12821.392578	1.000000
0.000000	137.633850	-469.466217	1.000000
0.000000	3248.144531	2848.029297	1.000000
0.000000	103.040833	49.592400	1.000000
0.000000	798982.062500	-982912.687500	1.000000
0.000000	-535.339172	434.107910	1.000000
0.000000	-3130.472900	-2135.458252	1.000000
0.000000	-59.790356	3050.785400	1.000000
0.000000	-426.845764	409.650055	1.000000
0.000000	19772.951172	10675.062500	1.000000
0.000000	225.540802	559.687927	1.000000
0.000000	-3511.889160	-1961.616333	1.000000
0.000000	65148.933594	112806.164062	1.000000
0.000000	381.386444	317.502045	1.000000
0.000000	484892.843750	100954.140625	1.000000
0.000000	-353.323578	338.167358	1.000000
0.000000	78.273186	446.249390	1.000000
0.000000	346.039642	266.722595	1.000000
0.000000	-442.977905	-105.622940	1.000000
0.000000	-52362.871094	-2871.284424	1.000000
0.000000	11477.961914	1507.926147	1.000000
0.000000	-37.081551	-331.179535	1.000000
0.000000	92.386314	1625.409668	1.000000
0.000000	-7880.287598	-93286.578125	1.000000
0.000000	-657.401001	988.750244	1.000000
0.000000	-143.062668	413.785767	1.000000
0.000000	472.539825	-120.415230	1.000000
0.000000	64.379562	490.809021	1.000000
0.000000	-43014.285156	-77626.757812	1.000000
0.000000	185.253677	-1183.408447	1.000000
0.000000	62.658188	451.873413	1.000000
0.000000	-153.674606	-58.143990	1.000000
0.000000	-472.751587	860.057495	1.000000
0.000000	496.882355	-40.926643	1.000000
0.000000	251.771606	1144.539185	1.000000
0.000000	-249.625580	291.478607	1.000000
0.000000	360.819061	602.912170	1.000000
0.000000	-11143.729492	544.093689	1.000000
0.000000	28171368.000000	16549397.000000	1.000000
0.000000	404.080780	-743.418091	1.000000
0.000000	-32718.179688	266681.562500	1.000000
0.000000	-374.372437	1.573050	1.000000
0.000000	1603.291016	2594.800293	1.000000
0.000000	4401.775879	10713.141602	1.000000
0.000000	-48379.125000	-126250.796875	1.000000
0.000000	-71.121735	-583.529175	1.000000
0.000000	1929694.125000	165319.359375	1.000000
0.000000	-179977.109375	-177937.812500	1.000000
0.000000	-70321.914062	13656.889648	1.000000
0.000000	350.372040	-232.873169	1.000000
0.000000	-131154.750000	15098.416016	1.000000
0.000000	-1198.624390	299.020874	1.000000
0.000000	-1415.949829	890.503174	1.000000
0.000000	-1223.405518	1306.474487	1.000000
0.000000	49293.308594	57688.875000	1.000000
0.000000	83765.101562	3597.291748	1.000000
0.000000	1192.650024	-359.649536	1.000000
0.000000	-480.165985	-338.887604	1.000000
0.000000	-1589278.625000	-1200867.375000	1.000000
0.000000	-406.520874	180.244278	1.000000
0.000000	2590553.750000	19492.007812	1.000000
0.000000	184.152649	-314.768341	1.000000
0.000000	-10530.695312	13309.033203	1.000000
0.000000	1826645.375000	135300.359375	1.000000
0.000000	-1548.837036	931.457031	1.000000
0.000000	404.443024	80.517799	1.000000
0.000000	463.944946	-105.887985	1.000000
0.000000	338.515076	878.658752	1.000000
0.000000	-10712.461914	7518.248535	1.000000
0.000000	-507.165405	187.991455	1.000000
0.000000	27339.291016	26036.769531	1.000000
0.000000	174.171417	387.897247	1.000000
0.000000	279.223602	635.012390	1.000000
0.000000	-178.516083	-9021.978516	1.000000
0.000000	-5737.688965	9776.074219	1.000000
0.000000	459238.093750	25481.761719	1.000000
0.000000	-1143.697998	1147.318359	1.000000
0.000000	2287.091309	-5178.996582	1.000000
0.000000	3489.741699	-2226.336182	1.000000
0.000000	215.180328	186.196304	1.000000
0.000000	340.394562	250.230957	1.000000
0.000000	907.582520	-862.316528	1.000000
0.000000	1223.258179	11595.024414	1.000000
0.000000	17908.062500	-23811.951172	1.000000
0.000000	455.109589	-26.564407	1.000000
0.000000	-5.712558	-344.041840	1.000000
0.000000	1034.708252	1249.989014	1.000000
0.000000	546.058167	-49.113605	1.000000
0.000000	128.444260	304.498871	1.000000
0.000000	-1307.594727	173.670410	1.000000
0.000000	75439.484375	-7394.165039	1.000000
0.000000	117.457039	532.003235	1.000000
0.000000	-76.058365	-720.712036	1.000000
0.000000	1170.159424	-9467.009766	1.000000
0.000000	347.757477	399.960815	1.000000
0.000000	338.916809	305.199005	1.000000
0.000000	-3801.611572	-4487.097168	1.000000
0.000000	644.290161	254.055588	1.000000
0.000000	-2134.889160	-3047.098877	1.000000
0.000000	61.598385	391.641785	1.000000
0.000000	22264.328125	39225.585938	1.000000
0.000000	481.448090	-23.467096	1.000000
0.000000	1015.914978	-547.585266	1.000000
0.000000	1365.847900	766.182556	1.000000
0.000000	-325.178131	764.690430	1.000000
0.000000	224.007614	-416.492950	1.000000
0.000000	9650.377930	4731.965332	1.000000
0.000000	-92617.421875	-330295.843750	1.000000
0.000000	8115.300293	16954.246094	1.000000
0.000000	294.899536	-284.773560	1.000000
0.000000	3441.738037	-789.968872	1.000000
0.000000	-423265.812500	-82050.828125	1.000000
0.000000	-44105600.000000	-10494824.000000	1.000000
0.000000	6081.579102	-4469.140137	1.000000
0.000000	-337.387543	276.051178	1.000000
0.000000	1139.746582	-1632.596802	1.000000
0.000000	5751.911133	276.067261	1.000000
0.000000	-381.479736	-147.664536	1.000000
0.000000	-612.588928	1010.320190	1.000000
0.000000	-18759.705078	-57.610191	1.000000
0.000000	-757.284119	-160.573959	1.000000
0.000000	313.363068	-475.108368	1.000000
0.000000	14663.687500	-10988.674805	1.000000
