0.000000	31456.605469	455851.562500	1.000000
0.000000	215020.281250	175316.109375	1.000000
0.000000	1197.422852	-12851.340820	1.000000
0.000000	-447.391052	647.608459	1.000000
0.000000	16882.833984	27318.617188	1.000000
0.000000	-13621.762695	737.938049	1.000000
0.000000	-616.514954	-2487.337646	1.000000
0.000000	-595367.437500	1523932.125000	1.000000
0.000000	3611.665283	-2138.735352	1.000000
0.000000	9292453.000000	3386659.750000	1.000000
0.000000	78697400.000000	19959642.000000	1.000000
0.000000	-349.447937	-205.072693	1.000000
0.000000	-331.326965	164.184875	1.000000
0.000000	89.743355	-320.426361	1.000000
0.000000	-73337376.000000	-31090268.000000	1.000000
0.000000	801.892273	-4481.255371	1.000000
0.000000	392.629883	-483.479553	1.000000
0.000000	-6210.135254	7871.865234	1.000000
0.000000	-987.135437	139.910767	1.000000
0.000000	-329.802521	359.380096	1.000000
0.000000	938.342102	8084.557617	1.000000
0.000000	10315.214844	85074.054688	1.000000
0.000000	-62.559811	897.845337	1.000000
0.000000	288.385834	41.956711	1.000000
0.000000	-207070.015625	-53390.371094	1.000000
0.000000	491.754181	-52.855484	1.000000
0.000000	10386.266602	35298.449219	1.000000
0.000000	-4004.348877	11565.005859	1.000000
0.000000	476.970520	-217.992828	1.000000
0.000000	-61390.625000	-273296.843750	1.000000
0.000000	5126.492188	-8840.916016	1.000000
0.000000	4955.246094	925.760864	1.000000
0.000000	-336.535278	492.482269	1.000000
0.000000	-594.191956	-154.106888	1.000000
0.000000	-301.249359	-81.821915	1.000000
0.000000	4933.485352	2813.526123	1.000000
0.000000	-62.854362	-96.053459	1.000000
0.000000	-5799.409668	-1554.926392	1.000000
0.000000	-246254.359375	-73805.937500	1.000000
0.000000	-46675.339844	-6207.912598	1.000000
0.000000	526.555969	139.265182	1.000000
0.000000	584.521179	-50.276798	1.000000
0.000000	-2.542513	315.453247	1.000000
0.000000	-115.344002	-205.423355	1.000000
0.000000	57.411381	311.944794	1.000000
0.000000	-589.722595	-201.135147	1.000000
0.000000	-4017.518555	3310.175781	1.000000
0.000000	-870.928589	493.390228	1.000000
0.000000	-129.187912	-332.538574	1.000000
0.000000	-330.131348	-97.008034	1.000000
0.000000	7116.894043	6271.581055	1.000000
0.000000	-910.062073	1630.275269	1.000000
0.000000	-16.033329	1285.784424	1.000000
0.000000	-3440.478760	-11587.711914	1.000000
0.000000	370.317139	-15.807545	1.000000
0.000000	-14.702642	-340.861694	1.000000
0.000000	204.786087	115.199463	1.000000
0.000000	29405522.000000	-21550876.000000	1.000000
0.000000	-614.394348	1705.945435	1.000000
0.000000	449.209869	576.433533	1.000000
0.000000	1674.706421	26178.595703	1.000000
0.000000	3291.923340	-1717.887939	1.000000
0.000000	-128.879700	-315.128296	1.000000
0.000000	200.592865	-423.370331	1.000000
0.000000	5341.046387	-2957.853516	1.000000
0.000000	401141.875000	-1051564.750000	1.000000
0.000000	40144.429688	142506.437500	1.000000
0.000000	899154304.000000	-490293056.000000	1.000000
0.000000	5070.411133	-14926.636719	1.000000
0.000000	-11819835.000000	-661217.562500	1.000000
0.000000	10648.307617	-15054.485352	1.000000
0.000000	-40.672634	-427.430695	1.000000
0.000000	-323.740295	-814.294250	1.000000
0.000000	-434.482422	919.815674	1.000000
0.000000	424245.812500	2473.589111	1.000000
0.000000	-9411.533203	10623.317383	1.000000
0.000000	-240.732422	522.851990	1.000000
0.000000	26.611111	-352.932343	1.000000
0.000000	3428.456543	-13354.045898	1.000000
0.000000	-935690816.000000	516809408.000000	1.000000
0.000000	1333545.500000	80306.453125	1.000000
0.000000	370820.562500	-121742.468750	1.000000
0.000000	282386.375000	227416.437500	1.000000
0.000000	24842.560547	-23106.121094	1.000000
0.000000	2203343.750000	933581.312500	1.000000
0.000000	-186.165329	274.852417	1.000000
0.000000	25.019638	-47.937687	1.000000
0.000000	-3126.376221	-318.482666	1.000000
0.000000	-1678.561646	1782.944702	1.000000
0.000000	128.305847	335.568848	1.000000
0.000000	-4.502596	-108.537178	1.000000
0.000000	-1274.213989	1083.666382	1.000000
0.000000	966.008850	-220.823639	1.000000
0.000000	248.436234	-122.273911	1.000000
0.000000	-4355021.000000	2416277.250000	1.000000
0.000000	1160.291260	643.888245	1.000000
0.000000	-184.058609	-88065.796875	1.000000
0.000000	1711789.125000	-2028472.500000	1.000000
0.000000	823.814209	-1450.811035	1.000000
0.000000	-212.271118	-5337.261230	1.000000
0.000000	691415.187500	-227496.437500	1.000000
0.000000	12310197.000000	-6573529.500000	1.000000
0.000000	-21959.521484	-21567.453125	1.000000
0.000000	170731.421875	-24562.164062	1.000000
0.000000	-1.030327	238.788315	1.000000
0.000000	346.610321	-50.964149	1.000000
0.000000	563.889709	-1803.402588	1.000000
0.000000	-187.661621	-286.239777	1.000000
0.000000	127.996368	-322.685028	1.000000
0.000000	-899.428101	1125.373169	1.000000
0.000000	-266.757507	-3098.317627	1.000000
0.000000	-53925.796875	119833.890625	1.000000
0.000000	109.371933	300.753235	1.000000
0.000000	-406.886505	40.857853	1.000000
0.000000	-78.117599	-1061.325562	1.000000
0.000000	-64565.222656	15509.808594	1.000000
0.000000	2451.137939	838.199280	1.000000
0.000000	55826.347656	149618.046875	1.000000
0.000000	-13286.235352	6585.541992	1.000000
0.000000	-41823.675781	-29753.105469	1.000000
0.000000	-8411.180664	13842.427734	1.000000
0.000000	355.488281	364.376953	1.000000
0.000000	-349.513184	206.293015	1.000000
0.000000	1591.962158	3141.966553	1.000000
0.000000	681.560303	-428.254425	1.000000
0.000000	1890.632324	81.529686	1.000000
0.000000	576.428467	-586.174255	1.000000
0.000000	13980.089844	-14288.195312	1.000000
0.000000	-343.172791	-161.191605	1.000000
0.000000	-1185.460205	1477.737671	1.000000
0.000000	266.309662	290.526520	1.000000
0.000000	-13291.967773	-2993.711670	1.000000
0.000000	-28694.066406	-61550.500000	1.000000
0.000000	1725.336670	8094.030273	1.000000
0.000000	-2501.067871	1809.804199	1.000000
0.000000	136.058319	-168.711807	1.000000
0.000000	40.140198	177.190277	1.000000
0.000000	-3793.946533	-15999.079102	1.000000
0.000000	807.036560	-15.333143	1.000000
0.000000	-8824.144531	12935.886719	1.000000
0.000000	-883.059570	-3218.165527	1.000000
0.000000	937.907410	612.582703	1.000000
0.000000	327.652435	-262.588806	1.000000
0.000000	-5606.283691	-20504.771484	1.000000
0.000000	4.044192	-363.232941	1.000000
0.000000	22503.691406	-24637.095703	1.000000
0.000000	-326.813751	-205.373764	1.000000
0.000000	-3300464.250000	1376390.750000	1.000000
0.000000	-18003.263672	-1297.288208	1.000000
0.000000	-74.384270	613.091797	1.000000
0.000000	171.443085	-380.205475	1.000000
0.000000	6697.062012	2667.017578	1.000000
0.000000	-26098.037109	-23352.957031	1.000000
0.000000	-586712.625000	317486.093750	1.000000
0.000000	-108536.234375	249049.953125	1.000000
0.000000	37986.976562	-56191.003906	1.000000
0.000000	624.646729	-1750.469849	1.000000
0.000000	139.493546	201.186935	1.000000
0.000000	-228.724518	-388.092712	1.000000
0.000000	-397.909546	716.591187	1.000000
0.000000	4112436.000000	2116301.500000	1.000000
0.000000	204.787247	218.321487	1.000000
0.000000	-45290.160156	75995.593750	1.000000
0.000000	738.374329	1709.426758	1.000000
0.000000	4867.703613	12554.416992	1.000000
0.000000	615.600525	1570.843750	1.000000
0.000000	-44124.238281	2393.637451	1.000000
0.000000	245691.578125	-842228.687500	1.000000
0.000000	-259.429291	-157.113632	1.000000
0.000000	481.329437	-127.295067	1.000000
0.000000	-32967.214844	-140040.765625	1.000000
0.000000	-14349.551758	-13530.312500	1.000000
0.000000	-418.641113	-84.035561	1.000000
0.000000	-323643.906250	730136.875000	1.000000
0.000000	-31330.472656	-19652.773438	1.000000
0.000000	-456.734467	-1094.079224	1.000000
0.000000	157.572067	-390.844635	1.000000
0.000000	-3594.096191	-12785.943359	1.000000
0.000000	102.641129	-353.665436	1.000000
0.000000	3212.104492	2963.239258	1.000000
0.000000	45.771126	156.184952	1.000000
0.000000	799133.312500	-982912.687500	1.000000
0.000000	-415.993500	413.946167	1.000000
0.000000	-3246.273682	-2101.190674	1.000000
0.000000	-34.366619	2932.621338	1.000000
0.000000	-341.472229	323.907257	1.000000
0.000000	19834.396484	10571.078125	1.000000
0.000000	106.272308	580.071228	1.000000
0.000000	-3396.679199	-1923.803833	1.000000
0.000000	65111.121094	112692.726562	1.000000
0.000000	292.172577	235.756439	1.000000
0.000000	484892.843750	100840.703125	1.000000
0.000000	-265.808319	254.639526	1.000000
0.000000	79.805626	325.278931	1.000000
0.000000	325.287079	147.524597	1.000000
0.000000	-322.229004	-97.923813	1.000000
0.000000	-52410.136719	-2981.177002	1.000000
0.000000	11414.153320	1405.123413	1.000000
0.000000	-69.964394	-214.727173	1.000000
0.000000	21.728573	1723.781250	1.000000
0.000000	-7874.379395	-93173.140625	1.000000
0.000000	-584.877808	1085.644775	1.000000
0.000000	-63.117401	322.947144	1.000000
0.000000	356.886749	-84.836769	1.000000
0.000000	57.751293	369.986267	1.000000
0.000000	-42919.753906	-77702.382812	1.000000
0.000000	279.831146	-1107.783447	1.000000
0.000000	-0.321475	348.553711	1.000000
0.000000	-99.530983	-166.349884	1.000000
0.000000	-461.673706	739.530151	1.000000
0.000000	412.321198	45.620155	1.000000
0.000000	223.006042	1026.965942	1.000000
0.000000	-193.017609	184.540146	1.000000
0.000000	263.333710	531.275208	1.000000
0.000000	-11023.202148	552.955994	1.000000
0.000000	28171368.000000	16549397.000000	1.000000
0.000000	322.473724	-654.056519	1.000000
0.000000	-32765.445312	266757.187500	1.000000
0.000000	-253.401978	4.647577	1.000000
0.000000	1502.556152	2661.562988	1.000000
0.000000	4519.939941	10684.782227	1.000000
0.000000	-48502.015625	-126250.796875	1.000000
0.000000	35.107098	-525.628784	1.000000
0.000000	1929694.125000	165243.734375	1.000000
0.000000	-180090.546875	-177937.812500	1.000000
0.000000	-70227.382812	13725.424805	1.000000
0.000000	277.627289	-136.200195	1.000000
0.000000	-131116.937500	14982.615234	1.000000
0.000000	-1090.799683	244.296143	1.000000
0.000000	-1340.029419	984.591309	1.000000
0.000000	-1192.092041	1189.492065	1.000000
0.000000	49264.949219	57575.437500	1.000000
0.000000	83859.632812	3669.962646	1.000000
0.000000	1077.440063	-396.428101	1.000000
0.000000	-372.636688	-283.424347	1.000000
0.000000	-1589278.625000	-1200867.375000	1.000000
0.000000	-289.760010	148.450760	1.000000
0.000000	2590553.750000	19383.296875	1.000000
0.000000	142.130554	-201.313034	1.000000
0.000000	-10459.796875	13209.775391	1.000000
0.000000	1826645.375000	135375.984375	1.000000
0.000000	-1562.721313	811.225098	1.000000
0.000000	286.500519	53.521111	1.000000
0.000000	363.283936	-38.719101	1.000000
0.000000	435.114197	951.477356	1.000000
0.000000	-10629.747070	7429.625488	1.000000
0.000000	-388.558228	164.026306	1.000000
0.000000	27334.564453	25913.878906	1.000000
0.000000	85.843788	305.182404	1.000000
0.000000	273.758514	514.189636	1.000000
0.000000	-60.805424	-9050.337891	1.000000
0.000000	-5617.161621	9773.710938	1.000000
0.000000	459162.468750	25571.566406	1.000000
0.000000	-1030.260498	1105.370117	1.000000
0.000000	2189.605957	-5251.076660	1.000000
0.000000	3487.378418	-2105.218018	1.000000
0.000000	149.008453	84.907547	1.000000
0.000000	236.927155	187.530151	1.000000
0.000000	959.722412	-753.162476	1.000000
0.000000	1209.373901	11715.551758	1.000000
0.000000	18026.226562	-23788.318359	1.000000
0.000000	334.434540	-17.766724	1.000000
0.000000	-12.490447	-223.219086	1.000000
0.000000	1135.147705	1182.635498	1.000000
0.000000	425.087708	-46.021030	1.000000
0.000000	109.039925	185.079300	1.000000
0.000000	-1422.804688	136.781067	1.000000
0.000000	75326.046875	-7407.163086	1.000000
0.000000	85.238869	415.377441	1.000000
0.000000	-197.065750	-720.712036	1.000000
0.000000	1177.840088	-9587.537109	1.000000
0.000000	274.569611	303.583252	1.000000
0.000000	246.604889	226.929031	1.000000
0.000000	-3857.148682	-4594.626465	1.000000
0.000000	524.944458	234.336960	1.000000
0.000000	-2037.964233	-2975.018799	1.000000
0.000000	10.602962	281.896912	1.000000
0.000000	22245.421875	39102.695312	1.000000
0.000000	360.477631	-23.864054	1.000000
0.000000	894.944519	-549.653137	1.000000
0.000000	1261.272705	705.328064	1.000000
0.000000	-320.156158	643.867676	1.000000
0.000000	147.681015	-322.626373	1.000000
0.000000	9588.932617	4835.949707	1.000000
0.000000	-92674.140625	-330220.218750	1.000000
0.000000	7994.772949	16949.519531	1.000000
0.000000	216.837402	-192.310196	1.000000
0.000000	3402.153076	-904.440308	1.000000
0.000000	-423341.437500	-81956.296875	1.000000
0.000000	-44105600.000000	-10494824.000000	1.000000
0.000000	6027.223633	-4576.669434	1.000000
0.000000	-291.451263	164.090729	1.000000
0.000000	1033.694336	-1690.792603	1.000000
0.000000	5846.442383	351.249146	1.000000
0.000000	-269.150024	-102.677956	1.000000
0.000000	-491.766174	1016.228394	1.000000
0.000000	-18778.611328	61.855988	1.000000
0.000000	-636.313660	-157.213669	1.000000
0.000000	299.552643	-354.876434	1.000000
0.000000	14552.613281	-11035.940430	1.000000
