0.000000	31640.882812	455678.125000	1.000000
0.000000	214933.562500	175055.953125	1.000000
0.000000	1156.095947	-12574.924805	1.000000
0.000000	-724.823303	651.673401	1.000000
0.000000	16904.513672	27600.453125	1.000000
0.000000	-13892.758789	800.605896	1.000000
0.000000	-865.492615	-2365.389404	1.000000
0.000000	-595020.562500	1523932.125000	1.000000
0.000000	3469.392334	-2377.211914	1.000000
0.000000	9292453.000000	3386659.750000	1.000000
0.000000	78697400.000000	19959642.000000	1.000000
0.000000	-81.662590	-132.411865	1.000000
0.000000	-199.930023	-80.245262	1.000000
0.000000	99.948051	-43.111416	1.000000
0.000000	-73337376.000000	-31090268.000000	1.000000
0.000000	560.367004	-4616.753418	1.000000
0.000000	327.590820	-213.682358	1.000000
0.000000	-6066.507324	7633.388672	1.000000
0.000000	-987.812927	417.378448	1.000000
0.000000	-234.596115	98.715752	1.000000
0.000000	878.722961	7813.561523	1.000000
0.000000	10065.898438	84943.976562	1.000000
0.000000	-8.873269	625.494263	1.000000
0.000000	85.025543	227.232056	1.000000
0.000000	-207243.453125	-53195.253906	1.000000
0.000000	215.156281	-74.577515	1.000000
0.000000	10391.686523	35580.285156	1.000000
0.000000	-3731.997803	11619.205078	1.000000
0.000000	234.429001	-83.172279	1.000000
0.000000	-61672.460938	-273296.843750	1.000000
0.000000	5291.799805	-9063.132812	1.000000
0.000000	4686.959961	857.334351	1.000000
0.000000	-80.569458	385.160553	1.000000
0.000000	-391.182861	-343.250397	1.000000
0.000000	-84.385483	91.291702	1.000000
0.000000	4681.458984	2698.352783	1.000000
0.000000	195.216797	5.931097	1.000000
0.000000	-5585.322754	-1379.456421	1.000000
0.000000	-246341.078125	-73545.781250	1.000000
0.000000	-46892.136719	-6039.895020	1.000000
0.000000	312.626923	-37.427147	1.000000
0.000000	424.202026	176.197571	1.000000
0.778517	1.404247	38.762299	1.000000
0.671423	4.062478	41.263916	1.000000
0.000000	22.809383	37.604153	1.000000
0.000000	-485.050385	-458.091400	1.000000
0.000000	-4245.155273	3468.708496	1.000000
0.000000	-713.412109	264.906647	1.000000
0.960321	-68.056297	-61.811859	1.000000
0.000000	-57.740078	-42.048656	1.000000
0.000000	6840.478027	6301.390625	1.000000
0.000000	-758.643005	1862.654419	1.000000
0.000000	141.688782	1514.098633	1.000000
0.000000	-3279.236084	-11815.348633	1.000000
0.000000	112.263756	-117.462631	1.000000
0.000000	-20.969414	-65.128548	1.000000
0.000000	-72.553650	124.811356	1.000000
0.000000	29405522.000000	-21550876.000000	1.000000
0.000000	-390.822571	1541.992798	1.000000
0.000000	631.851685	367.544952	1.000000
0.000000	1817.656860	26417.072266	1.000000
0.000000	3186.234863	-1461.119141	1.000000
0.000000	16.533161	-77.448471	1.000000
0.000000	50.867519	-189.781586	1.000000
0.000000	5511.773926	-2739.701660	1.000000
0.000000	400968.437500	-1051564.750000	1.000000
0.000000	40382.906250	142679.875000	1.000000
0.000000	899154304.000000	-490293056.000000	1.000000
0.000000	5249.268555	-14715.259766	1.000000
0.000000	-11819835.000000	-661564.437500	1.000000
0.000000	10507.389648	-15292.961914	1.000000
0.000000	41.304104	-162.332733	1.000000
0.000000	-114.283752	-632.388123	1.000000
0.000000	-711.867310	929.300537	1.000000
0.000000	424592.687500	2542.693115	1.000000
0.000000	-9140.537109	10688.356445	1.000000
0.000000	28.637280	589.584778	1.000000
0.000000	50.916073	-76.516312	1.000000
0.000000	3401.356934	-13077.629883	1.000000
0.000000	-935690816.000000	516809408.000000	1.000000
0.000000	1333545.500000	80046.296875	1.000000
0.000000	370473.687500	-121699.109375	1.000000
0.000000	282733.250000	227329.718750	1.000000
0.000000	25091.876953	-23236.199219	1.000000
0.000000	2203343.750000	933928.187500	1.000000
0.000000	-42.873882	42.162098	1.000000
0.000000	294.349884	15.069683	1.000000
0.000000	-3299.813721	-535.279541	1.000000
0.000000	-1646.042114	1507.206177	1.000000
0.000000	0.346896	89.307823	1.000000
0.000000	66.788300	159.654785	1.000000
0.000000	-1006.605347	1156.835327	1.000000
0.000000	731.597229	-72.215118	1.000000
0.000000	186.699936	-392.803741	1.000000
0.000000	-4355021.000000	2416277.250000	1.000000
0.000000	920.313477	504.672913	1.000000
0.000000	87.522797	-88022.437500	1.000000
0.000000	1711789.125000	-2028472.500000	1.000000
0.000000	771.986206	-1723.162109	1.000000
0.000000	-440.415955	-5180.083496	1.000000
0.000000	691415.187500	-227236.281250	1.000000
0.000000	12310197.000000	-6573529.500000	1.000000
0.000000	-21894.482422	-21296.457031	1.000000
0.000000	170471.265625	-24399.566406	1.000000
0.000000	118.429245	-5.490349	1.000000
0.000000	80.715652	28.441916	1.000000
0.000000	832.514587	-1734.298584	1.000000
0.000000	-5.081489	-77.238716	1.000000
0.000000	27.007458	-64.222488	1.000000
0.000000	-819.822998	859.587585	1.000000
0.000000	2.283232	-3166.066650	1.000000
0.000000	-53643.960938	119833.890625	1.000000
0.000000	15.628748	43.140137	1.000000
0.000000	-138.391220	-29.477886	1.000000
0.000000	-345.000214	-1137.204468	1.000000
0.000000	-64803.699219	15661.566406	1.000000
0.000000	2368.484131	573.300598	1.000000
0.000000	55609.550781	149444.609375	1.000000
0.000000	-13020.659180	6672.260742	1.000000
0.000000	-41606.878906	-29915.703125	1.000000
0.000000	-8638.817383	13685.250000	1.000000
0.000000	104.812981	245.469910	1.000000
0.000000	-145.126450	18.544298	1.000000
0.000000	1392.102539	3334.373779	1.000000
0.000000	413.612946	-355.932343	1.000000
0.000000	2068.891357	294.201385	1.000000
0.000000	522.229248	-314.038757	1.000000
0.000000	14039.708984	-14017.199219	1.000000
0.000000	-106.555481	-16.266560	1.000000
0.000000	-1080.449219	1734.506470	1.000000
0.000000	67.974396	96.425583	1.000000
0.000000	-13562.963867	-2932.737549	1.000000
0.000000	-28520.628906	-61333.703125	1.000000
0.000000	1573.578857	7860.973633	1.000000
0.000000	-2670.440430	2029.311035	1.000000
0.000000	-117.863510	-56.756554	1.000000
0.000000	219.423386	382.374695	1.000000
0.000000	-3970.093994	-16215.875977	1.000000
0.000000	540.444153	-92.776512	1.000000
0.000000	-8547.728516	12914.207031	1.000000
0.000000	-966.729614	-2953.944336	1.000000
0.000000	968.055725	336.736603	1.000000
0.000000	56.486366	-203.722382	1.000000
0.000000	-5879.989746	-20548.130859	1.000000
0.000000	-10.553595	-86.133026	1.000000
0.000000	22579.570312	-24366.099609	1.000000
0.000000	-139.709732	-0.428015	1.000000
0.000000	-3300464.250000	1376390.750000	1.000000
0.000000	-17905.705078	-1038.486938	1.000000
0.590480	42.302673	362.174225	1.000000
0.031822	79.108727	-118.871239	1.000000
0.000000	6607.633301	2929.883789	1.000000
0.000000	-26358.193359	-23439.675781	1.000000
0.000000	-586712.625000	317312.656250	1.000000
0.000000	-108536.234375	249310.109375	1.000000
0.000000	38268.812500	-56191.003906	1.000000
0.000000	445.111786	-1539.092896	1.000000
0.000000	6.190204	-42.200722	1.000000
0.000000	-165.294495	-658.150269	1.000000
0.000000	-322.200012	449.660004	1.000000
0.000000	4112436.000000	2116301.500000	1.000000
0.000000	-64.514282	163.648300	1.000000
0.000000	-45181.761719	75735.437500	1.000000
0.000000	488.057922	1589.510986	1.000000
0.000000	4599.417480	12624.875977	1.000000
0.000000	643.038879	1847.259766	1.000000
0.000000	-43929.121094	2190.390381	1.000000
0.000000	245951.734375	-842228.687500	1.000000
0.000000	-8.402845	-38.859665	1.000000
0.000000	208.981812	-146.768936	1.000000
0.000000	-33075.613281	-139780.609375	1.000000
0.000000	-14257.413086	-13790.468750	1.000000
0.000000	-141.512619	-69.977638	1.000000
0.000000	-323297.031250	730136.875000	1.000000
0.000000	-31568.949219	-19793.691406	1.000000
0.000000	-205.893692	-975.518433	1.000000
0.031822	82.435722	-123.397873	1.000000
0.000000	-3859.672363	-12704.644531	1.000000
0.000000	22.391167	-88.035721	1.000000
0.000000	3129.450684	3227.460449	1.000000
0.000000	-85.898750	396.755341	1.000000
0.000000	799480.187500	-982912.687500	1.000000
0.000000	-142.322632	367.707458	1.000000
0.000000	-3511.849854	-2022.601929	1.000000
0.000000	23.949900	2661.625244	1.000000
0.000000	-145.677551	127.210449	1.000000
0.000000	19975.314453	10332.601562	1.000000
0.000000	-167.237549	626.818054	1.000000
0.000000	-3132.458008	-1837.085083	1.000000
0.000000	65024.402344	112432.570312	1.000000
0.415771	85.668015	50.765572	1.000000
0.000000	484892.843750	100580.546875	1.000000
0.000000	-65.101845	62.994595	1.000000
0.415771	80.600632	47.678074	1.000000
0.000000	277.693390	-125.852173	1.000000
0.000000	-45.365162	-80.316460	1.000000
0.000000	-52518.535156	-3233.203369	1.000000
0.000000	11267.815430	1169.356812	1.000000
0.000000	-144.327347	53.625305	1.000000
0.000000	-140.311966	1949.385498	1.000000
0.000000	-7860.829590	-92912.984375	1.000000
0.000000	-418.649139	1307.861572	1.000000
0.000000	116.885437	115.651299	1.000000
0.000000	88.996056	-5.801899	1.000000
0.000000	45.877800	91.861481	1.000000
0.000000	-42702.957031	-77875.820312	1.000000
0.000000	496.797394	-934.520996	1.000000
0.000000	-144.760712	111.601501	1.000000
0.000000	24.646610	-414.480682	1.000000
0.000000	-436.267822	463.114136	1.000000
0.000000	218.389633	244.122833	1.000000
0.000000	157.035431	757.324829	1.000000
0.960321	-64.018608	-58.599434	1.000000
0.590480	39.857185	366.063232	1.000000
0.000000	-10746.786133	573.280701	1.000000
0.000000	28171368.000000	16549397.000000	1.000000
0.000000	135.371658	-449.115753	1.000000
0.000000	-32873.843750	266930.625000	1.000000
0.000000	20.956062	14.452381	1.000000
0.000000	1271.531982	2814.675781	1.000000
0.000000	4790.936035	10619.743164	1.000000
0.000000	-48783.851562	-126250.796875	1.000000
0.000000	278.739105	-392.840668	1.000000
0.000000	1929694.125000	165070.296875	1.000000
0.000000	-180350.703125	-177937.812500	1.000000
0.000000	-70010.585938	13882.602539	1.000000
0.000000	112.903496	81.924057	1.000000
0.000000	-131030.218750	14717.039062	1.000000
0.000000	-843.268494	118.791084	1.000000
0.000000	-1165.914429	1200.648804	1.000000
0.000000	-1120.278076	921.335693	1.000000
0.000000	49199.910156	57315.281250	1.000000
0.000000	84076.429688	3836.625244	1.000000
0.000000	812.948669	-480.775635	1.000000
0.000000	-125.985596	-156.291977	1.000000
0.000000	-1589278.625000	-1200867.375000	1.000000
0.000000	-23.950521	67.899315	1.000000
0.000000	2590553.750000	19133.980469	1.000000
0.000000	47.280411	52.926792	1.000000
0.000000	-10297.199219	12982.138672	1.000000
0.000000	1826645.375000	135549.421875	1.000000
0.000000	-1594.563354	535.486572	1.000000
0.000000	17.108755	-3.557922	1.000000
0.000000	134.220352	110.564636	1.000000
0.000000	656.653503	1118.670288	1.000000
0.000000	-10440.049805	7226.378418	1.000000
0.000000	-116.545921	109.079498	1.000000
0.000000	27323.724609	25632.042969	1.000000
0.000000	-116.723114	115.487953	1.000000
0.000000	261.224945	236.933899	1.000000
0.000000	209.154480	-9115.376953	1.000000
0.000000	-5340.745605	9768.291016	1.000000
0.000000	458989.031250	25777.523438	1.000000
0.000000	-770.104187	1009.166504	1.000000
0.000000	1966.282471	-5416.384277	1.000000
0.000000	3481.958496	-1827.447021	1.000000
0.000000	-2.778807	-147.395844	1.000000
0.815585	-0.440311	43.301682	1.000000
0.000000	1079.142822	-502.823639	1.000000
0.000000	1177.531860	11991.967773	1.000000
0.000000	18297.222656	-23734.119141	1.000000
0.000000	57.679283	2.405367	1.000000
0.000000	-21.814440	50.454712	1.000000
0.000000	1365.494385	1028.167725	1.000000
0.000000	147.655472	-38.928555	1.000000
0.000000	63.474537	-87.189133	1.000000
0.000000	-1687.025879	52.144501	1.000000
0.000000	75065.890625	-7436.972656	1.000000
0.000000	11.353050	147.903961	1.000000
0.000000	-474.515991	-720.712036	1.000000
0.000000	1195.454834	-9863.953125	1.000000
0.000000	106.791374	82.552063	1.000000
0.000000	34.958172	47.476849	1.000000
0.000000	-3984.516846	-4841.232910	1.000000
0.000000	251.236908	189.114487	1.000000
0.000000	-1815.069946	-2809.711182	1.000000
0.000000	-101.525665	34.648464	1.000000
0.000000	22202.062500	38820.859375	1.000000
0.000000	85.648628	-22.197002	1.000000
0.000000	617.512268	-554.395569	1.000000
0.000000	1021.441162	565.765076	1.000000
0.000000	-308.638824	366.685425	1.000000
0.000000	-27.362831	-107.299446	1.000000
0.000000	9448.014648	5074.426270	1.000000
0.000000	-92804.218750	-330046.781250	1.000000
0.000000	7718.356934	16938.679688	1.000000
0.000000	37.207214	19.331577	1.000000
0.000000	3311.369385	-1166.783325	1.000000
0.000000	-423514.875000	-81739.500000	1.000000
0.000000	-44105600.000000	-10494824.000000	1.000000
0.000000	5902.565430	-4823.275879	1.000000
0.000000	-186.141754	-92.605286	1.000000
0.000000	790.475342	-1824.258179	1.000000
0.000000	6063.239258	523.670410	1.000000
0.000000	-11.535230	0.501691	1.000000
0.000000	-214.660034	1029.778198	1.000000
0.000000	-18821.970703	335.850830	1.000000
0.000000	-358.881409	-149.507217	1.000000
0.000000	263.493591	-81.131592	1.000000
0.000000	14297.876953	-11144.338867	1.000000
