0.000000	31431.039062	455875.625000	1.000000
0.000000	215032.312500	175352.203125	1.000000
0.000000	1203.156494	-12889.690430	1.000000
0.000000	-408.900452	647.044495	1.000000
0.000000	16879.826172	27279.515625	1.000000
0.000000	-13584.165039	729.243591	1.000000
0.000000	-581.972107	-2504.256592	1.000000
0.000000	-595415.562500	1523932.125000	1.000000
0.000000	3631.404053	-2105.649414	1.000000
0.000000	9292453.000000	3386659.750000	1.000000
0.000000	78697400.000000	19959642.000000	1.000000
0.000000	-386.599121	-215.153564	1.000000
0.000000	-349.561829	198.093262	1.000000
0.000000	88.327568	-358.893463	1.000000
0.000000	-73337376.000000	-31090268.000000	1.000000
0.000000	835.401184	-4462.456543	1.000000
0.000000	401.653320	-520.907104	1.000000
0.000000	-6230.062012	7904.951172	1.000000
0.000000	-987.041443	101.408417	1.000000
0.000000	-343.008698	395.544342	1.000000
0.000000	946.613586	8122.155273	1.000000
0.000000	10349.804688	85092.101562	1.000000
0.000000	-70.008842	935.630981	1.000000
0.000000	316.725067	15.897743	1.000000
0.000000	-207045.953125	-53417.441406	1.000000
0.000000	530.138367	-49.841797	1.000000
0.000000	10385.514648	35259.347656	1.000000
0.000000	-4042.134521	11557.486328	1.000000
0.000000	510.620422	-236.697662	1.000000
0.000000	-61351.523438	-273296.843750	1.000000
0.000000	5103.557617	-8810.085938	1.000000
0.000000	4992.467773	935.254272	1.000000
0.000000	-372.041565	507.380341	1.000000
0.000000	-622.343201	-127.870773	1.000000
0.000000	-331.327484	-105.837418	1.000000
0.000000	4968.451172	2829.505127	1.000000
0.000000	-98.660255	-110.205452	1.000000
0.000000	-5829.111816	-1579.270874	1.000000
0.000000	-246242.328125	-73842.031250	1.000000
0.000000	-46645.261719	-6231.223145	1.000000
0.000000	556.258118	163.774155	1.000000
0.000000	606.750793	-81.698929	1.000000
0.000000	-2.888199	353.943848	1.000000
0.000000	-132.690201	-239.789963	1.000000
0.000000	62.196270	350.153412	1.000000
0.000000	-604.244690	-165.476120	1.000000
0.000000	-3985.936523	3288.181152	1.000000
0.000000	-892.782227	525.099426	1.000000
0.000000	-137.659134	-370.089233	1.000000
0.000000	-367.799500	-104.927040	1.000000
0.000000	7155.243652	6267.445312	1.000000
0.000000	-931.069763	1598.035278	1.000000
0.000000	-37.915268	1254.108398	1.000000
0.000000	-3462.849365	-11556.129883	1.000000
0.000000	405.870422	-1.042985	1.000000
0.000000	-13.750952	-379.352295	1.000000
0.000000	243.264938	113.865921	1.000000
0.000000	29405522.000000	-21550876.000000	1.000000
0.000000	-645.412415	1728.692017	1.000000
0.000000	423.854950	605.430725	1.000000
0.000000	1654.873657	26145.509766	1.000000
0.000000	3306.586426	-1753.511719	1.000000
0.000000	-149.135437	-347.861755	1.000000
0.000000	221.365570	-455.774811	1.000000
0.000000	5317.359863	-2988.119629	1.000000
0.000000	401165.937500	-1051564.750000	1.000000
0.000000	40111.343750	142482.375000	1.000000
0.000000	899154304.000000	-490293056.000000	1.000000
0.000000	5045.596680	-14955.962891	1.000000
0.000000	-11819835.000000	-661169.437500	1.000000
0.000000	10667.858398	-15021.399414	1.000000
0.000000	-52.045925	-464.205902	1.000000
0.000000	-352.807983	-839.531677	1.000000
0.000000	-396.015320	918.499756	1.000000
0.000000	424197.687500	2464.001709	1.000000
0.000000	-9449.130859	10614.293945	1.000000
0.000000	-278.099884	513.593567	1.000000
0.000000	23.239071	-391.281952	1.000000
0.000000	3432.216309	-13392.395508	1.000000
0.000000	-935690816.000000	516809408.000000	1.000000
0.000000	1333545.500000	80342.546875	1.000000
0.000000	370868.687500	-121748.484375	1.000000
0.000000	282338.250000	227428.468750	1.000000
0.000000	24807.970703	-23088.074219	1.000000
0.000000	2203343.750000	933533.187500	1.000000
0.000000	-206.444565	307.585876	1.000000
0.000000	-12.553608	-56.332539	1.000000
0.000000	-3102.313721	-288.404541	1.000000
0.000000	-1683.073364	1821.200317	1.000000
0.000000	146.058990	369.735718	1.000000
0.000000	-14.394011	-145.747101	1.000000
0.000000	-1311.341675	1073.515015	1.000000
0.000000	998.530823	-241.443604	1.000000
0.000000	257.000061	-84.735001	1.000000
0.000000	-4355021.000000	2416277.250000	1.000000
0.000000	1193.565186	663.204041	1.000000
0.000000	-221.738510	-88071.812500	1.000000
0.000000	1711789.125000	-2028472.500000	1.000000
0.000000	831.004761	-1413.025391	1.000000
0.000000	-180.618591	-5359.067871	1.000000
0.000000	691415.187500	-227532.531250	1.000000
0.000000	12310197.000000	-6573529.500000	1.000000
0.000000	-21968.544922	-21605.050781	1.000000
0.000000	170767.515625	-24584.722656	1.000000
0.000000	-17.598412	273.542633	1.000000
0.000000	383.456024	-62.158264	1.000000
0.000000	526.621033	-1812.989990	1.000000
0.000000	-212.993042	-315.236969	1.000000
0.000000	142.013245	-358.543793	1.000000
0.000000	-910.472412	1162.218872	1.000000
0.000000	-304.073181	-3088.918213	1.000000
0.000000	-53964.898438	119833.890625	1.000000
0.000000	122.983459	336.776489	1.000000
0.000000	-444.131683	50.609745	1.000000
0.000000	-41.091602	-1050.798218	1.000000
0.000000	-64532.136719	15488.753906	1.000000
0.000000	2462.605225	874.950989	1.000000
0.000000	55856.425781	149642.109375	1.000000
0.000000	-13323.081055	6573.510742	1.000000
0.000000	-41853.753906	-29730.546875	1.000000
0.000000	-8379.598633	13864.234375	1.000000
0.000000	390.266113	380.872925	1.000000
0.000000	-377.875916	232.341141	1.000000
0.000000	1619.690430	3115.272217	1.000000
0.000000	718.734985	-438.288300	1.000000
0.000000	1865.911865	52.021400	1.000000
0.000000	583.947998	-623.912903	1.000000
0.000000	13971.818359	-14325.792969	1.000000
0.000000	-376.000244	-181.294601	1.000000
0.000000	-1200.029297	1442.113892	1.000000
0.000000	293.826447	317.455841	1.000000
0.000000	-13254.370117	-3002.171143	1.000000
0.000000	-28718.128906	-61580.578125	1.000000
0.000000	1746.391357	8126.364258	1.000000
0.000000	-2477.569336	1779.350098	1.000000
0.000000	171.282623	-184.244339	1.000000
0.000000	14.674660	148.310577	1.000000
0.000000	-3769.508057	-15969.000977	1.000000
0.000000	844.023254	-4.589289	1.000000
0.000000	-8862.494141	12938.894531	1.000000
0.000000	-871.451294	-3254.823242	1.000000
0.000000	933.724670	650.838318	1.000000
0.000000	365.273590	-270.766296	1.000000
0.000000	-5568.310059	-20498.755859	1.000000
0.000000	6.069472	-401.676544	1.000000
0.000000	22493.164062	-24674.693359	1.000000
0.000000	-352.779633	-233.806992	1.000000
0.000000	-3300464.250000	1376390.750000	1.000000
0.000000	-18016.798828	-1333.193970	1.000000
0.000000	-90.574760	648.010620	1.000000
0.000000	184.273285	-416.510712	1.000000
0.000000	6709.469238	2630.547852	1.000000
0.000000	-26061.943359	-23340.925781	1.000000
0.000000	-586712.625000	317510.156250	1.000000
0.000000	-108536.234375	249013.859375	1.000000
0.000000	37947.875000	-56191.003906	1.000000
0.000000	649.555176	-1779.796021	1.000000
0.000000	157.986893	234.954330	1.000000
0.000000	-237.524719	-350.612549	1.000000
0.000000	-408.413391	753.624878	1.000000
0.000000	4112436.000000	2116301.500000	1.000000
0.000000	242.525894	225.923264	1.000000
0.000000	-45305.199219	76031.687500	1.000000
0.000000	773.105164	1726.063721	1.000000
0.000000	4904.925293	12544.641602	1.000000
0.000000	611.793762	1532.494141	1.000000
0.000000	-44151.308594	2421.835693	1.000000
0.000000	245655.484375	-842228.687500	1.000000
0.000000	-294.254120	-173.515610	1.000000
0.000000	519.726013	-124.328377	1.000000
0.000000	-32952.175781	-140076.859375	1.000000
0.000000	-14362.334961	-13494.218750	1.000000
0.000000	-457.084717	-85.985939	1.000000
0.000000	-323692.031250	730136.875000	1.000000
0.000000	-31297.386719	-19633.222656	1.000000
0.000000	-491.535797	-1110.528198	1.000000
0.000000	167.970169	-427.901825	1.000000
0.000000	-3557.250488	-12797.222656	1.000000
0.000000	113.773560	-390.511139	1.000000
0.000000	3223.571777	2926.581543	1.000000
0.000000	63.991302	122.265816	1.000000
0.000000	799085.187500	-982912.687500	1.000000
0.000000	-453.967133	420.361267	1.000000
0.000000	-3209.427979	-2112.093994	1.000000
0.000000	-42.455990	2970.218994	1.000000
0.000000	-368.636536	351.189056	1.000000
0.000000	19814.845703	10604.164062	1.000000
0.000000	144.219086	573.585632	1.000000
0.000000	-3433.336914	-1935.835083	1.000000
0.000000	65123.152344	112728.820312	1.000000
0.000000	320.558807	261.760162	1.000000
0.000000	484892.843750	100876.796875	1.000000
0.000000	-293.654083	281.216980	1.000000
0.000000	79.318031	363.769531	1.000000
0.000000	331.890167	185.451233	1.000000
0.000000	-360.649109	-100.373535	1.000000
0.000000	-52395.097656	-2946.211182	1.000000
0.000000	11434.456055	1437.833374	1.000000
0.000000	-59.501671	-251.772614	1.000000
0.000000	44.210125	1692.481201	1.000000
0.000000	-7876.259277	-93209.234375	1.000000
0.000000	-607.953369	1054.814697	1.000000
0.000000	-88.554466	351.850342	1.000000
0.000000	393.685455	-96.157188	1.000000
0.000000	59.860287	408.429871	1.000000
0.000000	-42949.832031	-77678.320312	1.000000
0.000000	249.731979	-1131.845947	1.000000
0.000000	19.717913	381.428162	1.000000
0.000000	-116.761284	-131.924530	1.000000
0.000000	-465.198486	777.879761	1.000000
0.000000	439.227020	18.082809	1.000000
0.000000	232.158722	1064.375610	1.000000
0.000000	-211.029236	218.566025	1.000000
0.000000	294.351776	554.068787	1.000000
0.000000	-11061.551758	550.136169	1.000000
0.000000	28171368.000000	16549397.000000	1.000000
0.000000	348.439606	-682.489746	1.000000
0.000000	-32750.406250	266733.125000	1.000000
0.000000	-291.892578	3.669389	1.000000
0.000000	1534.608154	2640.320312	1.000000
0.000000	4482.342285	10693.805664	1.000000
0.000000	-48462.914062	-126250.796875	1.000000
0.000000	1.307131	-544.051636	1.000000
0.000000	1929694.125000	165267.796875	1.000000
0.000000	-180054.453125	-177937.812500	1.000000
0.000000	-70257.460938	13703.618164	1.000000
0.000000	300.773346	-166.959778	1.000000
0.000000	-131128.968750	15019.460938	1.000000
0.000000	-1125.107544	261.708557	1.000000
0.000000	-1364.185913	954.654175	1.000000
0.000000	-1202.055420	1226.713745	1.000000
0.000000	49273.972656	57611.531250	1.000000
0.000000	83829.554688	3646.840088	1.000000
0.000000	1114.097778	-384.725830	1.000000
0.000000	-406.850555	-301.071747	1.000000
0.000000	-1589278.625000	-1200867.375000	1.000000
0.000000	-326.911194	158.566879	1.000000
0.000000	2590553.750000	19417.886719	1.000000
0.000000	155.501221	-237.418533	1.000000
0.000000	-10482.355469	13241.357422	1.000000
0.000000	1826645.375000	135351.921875	1.000000
0.000000	-1558.303589	849.480713	1.000000
0.000000	324.027679	62.112762	1.000000
0.000000	395.312439	-60.091019	1.000000
0.000000	404.378113	928.307800	1.000000
0.000000	-10656.065430	7457.823730	1.000000
0.000000	-426.296875	171.651581	1.000000
0.000000	27336.068359	25952.980469	1.000000
0.000000	113.948036	331.500763	1.000000
0.000000	275.497406	552.633240	1.000000
0.000000	-98.256462	-9041.314453	1.000000
0.000000	-5655.511230	9774.462891	1.000000
0.000000	459186.531250	25542.992188	1.000000
0.000000	-1066.354248	1118.717285	1.000000
0.000000	2220.624023	-5228.142090	1.000000
0.000000	3488.130371	-2143.755615	1.000000
0.000000	170.063141	117.135788	1.000000
0.000000	269.848602	207.480408	1.000000
0.000000	943.132446	-787.893311	1.000000
0.000000	1213.791626	11677.202148	1.000000
0.000000	17988.628906	-23795.837891	1.000000
0.000000	372.831146	-20.565987	1.000000
0.000000	-10.333722	-261.662689	1.000000
0.000000	1103.189697	1204.066162	1.000000
0.000000	463.578308	-47.005032	1.000000
0.000000	115.214165	223.076431	1.000000
0.000000	-1386.146973	148.518585	1.000000
0.000000	75362.140625	-7403.027344	1.000000
0.000000	95.490105	452.481628	1.000000
0.000000	-158.563400	-720.712036	1.000000
0.000000	1175.396240	-9549.187500	1.000000
0.000000	297.856659	334.248840	1.000000
0.000000	275.974304	251.825729	1.000000
0.000000	-3839.477783	-4560.412598	1.000000
0.000000	562.918091	240.611069	1.000000
0.000000	-2068.824707	-2997.953369	1.000000
0.000000	26.828945	316.815735	1.000000
0.000000	22251.437500	39141.796875	1.000000
0.000000	398.968231	-23.737749	1.000000
0.000000	933.435120	-548.995178	1.000000
0.000000	1294.546631	724.690857	1.000000
0.000000	-321.754059	682.311279	1.000000
0.000000	171.966751	-352.493011	1.000000
0.000000	9608.483398	4802.863770	1.000000
0.000000	-92656.093750	-330244.281250	1.000000
0.000000	8033.122559	16951.023438	1.000000
0.000000	241.675354	-221.730362	1.000000
0.000000	3414.748291	-868.017578	1.000000
0.000000	-423317.375000	-81986.375000	1.000000
0.000000	-44105600.000000	-10494824.000000	1.000000
0.000000	6044.518555	-4542.455566	1.000000
0.000000	-306.067352	199.714508	1.000000
0.000000	1067.438232	-1672.275757	1.000000
0.000000	5816.364258	327.327637	1.000000
0.000000	-304.891296	-116.994438	1.000000
0.000000	-530.209778	1014.348511	1.000000
0.000000	-18772.595703	23.844170	1.000000
0.000000	-674.804260	-158.282852	1.000000
0.000000	303.946869	-393.132050	1.000000
0.000000	14587.955078	-11020.901367	1.000000
