0.000000	31443.324219	455864.062500	1.000000
0.000000	215026.531250	175334.859375	1.000000
0.000000	1200.401367	-12871.262695	1.000000
0.000000	-427.395935	647.315491	1.000000
0.000000	16881.271484	27298.304688	1.000000
0.000000	-13602.231445	733.421448	1.000000
0.000000	-598.570618	-2496.126709	1.000000
0.000000	-595392.437500	1523932.125000	1.000000
0.000000	3621.919189	-2121.547852	1.000000
0.000000	9292453.000000	3386659.750000	1.000000
0.000000	78697400.000000	19959642.000000	1.000000
0.000000	-368.747253	-210.309509	1.000000
0.000000	-340.799622	181.799622	1.000000
0.000000	89.007881	-340.409271	1.000000
0.000000	-73337376.000000	-31090268.000000	1.000000
0.000000	819.299500	-4471.489746	1.000000
0.000000	397.317383	-502.925354	1.000000
0.000000	-6220.486816	7889.052734	1.000000
0.000000	-987.086609	119.909546	1.000000
0.000000	-336.662872	378.166718	1.000000
0.000000	942.638977	8104.088867	1.000000
0.000000	10333.183594	85083.429688	1.000000
0.000000	-66.429436	917.474243	1.000000
0.000000	303.107513	28.419315	1.000000
0.000000	-207057.515625	-53404.433594	1.000000
0.000000	511.688263	-51.289932	1.000000
0.000000	10385.875977	35278.136719	1.000000
0.000000	-4023.977783	11561.099609	1.000000
0.000000	494.450989	-227.709625	1.000000
0.000000	-61370.312500	-273296.843750	1.000000
0.000000	5114.578125	-8824.900391	1.000000
0.000000	4974.582031	930.692505	1.000000
0.000000	-354.980103	500.221527	1.000000
0.000000	-608.815979	-140.477737	1.000000
0.000000	-316.874359	-94.297501	1.000000
0.000000	4951.649414	2821.826904	1.000000
0.000000	-81.454826	-103.405144	1.000000
0.000000	-5814.839355	-1567.572876	1.000000
0.000000	-246248.109375	-73824.687500	1.000000
0.000000	-46659.714844	-6220.021973	1.000000
0.000000	541.985657	151.997116	1.000000
0.000000	596.069031	-66.599365	1.000000
0.000000	-2.722090	335.448364	1.000000
0.000000	-124.355843	-223.276138	1.000000
0.000000	59.897038	331.793427	1.000000
0.000000	-597.266541	-182.610977	1.000000
0.000000	-4001.112305	3298.750000	1.000000
0.000000	-882.281128	509.857513	1.000000
0.000000	-133.588547	-352.045410	1.000000
0.000000	-349.699219	-101.121803	1.000000
0.000000	7136.815918	6269.432617	1.000000
0.000000	-920.975159	1613.527222	1.000000
0.000000	-27.400364	1269.329346	1.000000
0.000000	-3452.099854	-11571.305664	1.000000
0.000000	388.786377	-8.137714	1.000000
0.000000	-14.208258	-360.856812	1.000000
0.000000	224.775101	114.506714	1.000000
0.000000	29405522.000000	-21550876.000000	1.000000
0.000000	-630.507629	1717.761841	1.000000
0.000000	436.038483	591.497009	1.000000
0.000000	1664.403687	26161.408203	1.000000
0.000000	3299.540527	-1736.393799	1.000000
0.000000	-139.402161	-332.132690	1.000000
0.000000	211.383881	-440.203827	1.000000
0.000000	5328.741699	-2973.576172	1.000000
0.000000	401154.375000	-1051564.750000	1.000000
0.000000	40127.242188	142493.937500	1.000000
0.000000	899154304.000000	-490293056.000000	1.000000
0.000000	5057.520508	-14941.871094	1.000000
0.000000	-11819835.000000	-661192.562500	1.000000
0.000000	10658.463867	-15037.297852	1.000000
0.000000	-46.580837	-446.534698	1.000000
0.000000	-338.840393	-827.404602	1.000000
0.000000	-414.499512	919.132080	1.000000
0.000000	424220.812500	2468.608643	1.000000
0.000000	-9431.064453	10618.629883	1.000000
0.000000	-260.146393	518.042419	1.000000
0.000000	24.859402	-372.854218	1.000000
0.000000	3430.409668	-13373.967773	1.000000
0.000000	-935690816.000000	516809408.000000	1.000000
0.000000	1333545.500000	80325.203125	1.000000
0.000000	370845.562500	-121745.593750	1.000000
0.000000	282361.375000	227422.687500	1.000000
0.000000	24824.591797	-23096.746094	1.000000
0.000000	2203343.750000	933556.312500	1.000000
0.000000	-196.699997	291.856812	1.000000
0.000000	5.501152	-52.298649	1.000000
0.000000	-3113.876221	-302.857666	1.000000
0.000000	-1680.905396	1802.817749	1.000000
0.000000	137.528259	353.317871	1.000000
0.000000	-9.640993	-127.867012	1.000000
0.000000	-1293.501099	1078.392944	1.000000
0.000000	982.903381	-231.535309	1.000000
0.000000	252.885696	-102.773178	1.000000
0.000000	-4355021.000000	2416277.250000	1.000000
0.000000	1177.576416	653.922424	1.000000
0.000000	-203.632584	-88068.921875	1.000000
0.000000	1711789.125000	-2028472.500000	1.000000
0.000000	827.549561	-1431.182129	1.000000
0.000000	-195.828247	-5348.589355	1.000000
0.000000	691415.187500	-227515.187500	1.000000
0.000000	12310197.000000	-6573529.500000	1.000000
0.000000	-21964.208984	-21586.984375	1.000000
0.000000	170750.171875	-24573.882812	1.000000
0.000000	-9.637196	256.842499	1.000000
0.000000	365.750946	-56.779274	1.000000
0.000000	544.529358	-1808.383057	1.000000
0.000000	-200.820801	-301.303253	1.000000
0.000000	135.277863	-341.312958	1.000000
0.000000	-905.165405	1144.513794	1.000000
0.000000	-286.142273	-3093.434814	1.000000
0.000000	-53946.109375	119833.890625	1.000000
0.000000	116.442856	319.466614	1.000000
0.000000	-426.234650	45.923771	1.000000
0.000000	-58.882778	-1055.856812	1.000000
0.000000	-64548.035156	15498.871094	1.000000
0.000000	2457.094971	857.291077	1.000000
0.000000	55841.972656	149630.546875	1.000000
0.000000	-13305.375977	6579.291992	1.000000
0.000000	-41839.300781	-29741.386719	1.000000
0.000000	-8394.774414	13853.755859	1.000000
0.000000	373.554688	372.946289	1.000000
0.000000	-364.247070	219.824509	1.000000
0.000000	1606.366455	3128.099365	1.000000
0.000000	700.871826	-433.466827	1.000000
0.000000	1877.790527	66.200706	1.000000
0.000000	580.334717	-605.778748	1.000000
0.000000	13975.792969	-14307.726562	1.000000
0.000000	-360.226013	-171.634720	1.000000
0.000000	-1193.028564	1459.231812	1.000000
0.000000	280.604095	304.515778	1.000000
0.000000	-13272.436523	-2998.106201	1.000000
0.000000	-28706.566406	-61566.125000	1.000000
0.000000	1736.274170	8110.827148	1.000000
0.000000	-2488.860840	1793.983887	1.000000
0.000000	154.356659	-176.780655	1.000000
0.000000	26.911121	162.187836	1.000000
0.000000	-3781.251221	-15983.454102	1.000000
0.000000	826.250427	-9.751860	1.000000
0.000000	-8844.066406	12937.449219	1.000000
0.000000	-877.029297	-3237.208496	1.000000
0.000000	935.734558	632.455750	1.000000
0.000000	347.195892	-266.836853	1.000000
0.000000	-5586.557129	-20501.646484	1.000000
0.000000	5.096285	-383.203644	1.000000
0.000000	22498.222656	-24656.626953	1.000000
0.000000	-340.302521	-220.144272	1.000000
0.000000	-3300464.250000	1376390.750000	1.000000
0.000000	-18010.294922	-1315.940552	1.000000
0.000000	-82.794914	631.231445	1.000000
0.000000	178.108124	-399.065338	1.000000
0.000000	6703.507324	2648.072266	1.000000
0.000000	-26079.287109	-23346.707031	1.000000
0.000000	-586712.625000	317498.593750	1.000000
0.000000	-108536.234375	249031.203125	1.000000
0.000000	37966.664062	-56191.003906	1.000000
0.000000	637.586182	-1765.704224	1.000000
0.000000	149.100479	218.728439	1.000000
0.000000	-233.296051	-368.622498	1.000000
0.000000	-403.366089	735.829468	1.000000
0.000000	4112436.000000	2116301.500000	1.000000
0.000000	224.391739	222.270462	1.000000
0.000000	-45297.972656	76014.343750	1.000000
0.000000	756.416321	1718.069336	1.000000
0.000000	4887.039551	12549.338867	1.000000
0.000000	613.622986	1550.921875	1.000000
0.000000	-44138.300781	2408.285889	1.000000
0.000000	245672.828125	-842228.687500	1.000000
0.000000	-277.520111	-165.634140	1.000000
0.000000	501.275726	-125.753929	1.000000
0.000000	-32959.402344	-140059.515625	1.000000
0.000000	-14356.192383	-13511.562500	1.000000
0.000000	-438.611816	-85.048744	1.000000
0.000000	-323668.906250	730136.875000	1.000000
0.000000	-31313.285156	-19642.617188	1.000000
0.000000	-474.813080	-1102.624146	1.000000
0.000000	162.973679	-410.095123	1.000000
0.000000	-3574.955566	-12791.802734	1.000000
0.000000	108.424210	-372.806061	1.000000
0.000000	3218.061523	2944.196289	1.000000
0.000000	55.236153	138.564102	1.000000
0.000000	799108.312500	-982912.687500	1.000000
0.000000	-435.720062	417.278687	1.000000
0.000000	-3227.133057	-2106.854736	1.000000
0.000000	-38.568890	2952.152588	1.000000
0.000000	-355.583557	338.079620	1.000000
0.000000	19824.240234	10588.265625	1.000000
0.000000	125.983612	576.702087	1.000000
0.000000	-3415.722168	-1930.053833	1.000000
0.000000	65117.371094	112711.476562	1.000000
0.000000	306.918671	249.263519	1.000000
0.000000	484892.843750	100859.453125	1.000000
0.000000	-280.273651	268.446289	1.000000
0.000000	79.552330	345.274048	1.000000
0.000000	328.717255	167.226746	1.000000
0.000000	-342.187500	-99.196396	1.000000
0.000000	-52402.324219	-2963.012939	1.000000
0.000000	11424.700195	1422.115601	1.000000
0.000000	-64.529213	-233.971558	1.000000
0.000000	33.406979	1707.521484	1.000000
0.000000	-7875.355957	-93191.890625	1.000000
0.000000	-596.865112	1069.629150	1.000000
0.000000	-76.331413	337.961792	1.000000
0.000000	376.002960	-90.717506	1.000000
0.000000	58.846874	389.956970	1.000000
0.000000	-42935.378906	-77689.882812	1.000000
0.000000	264.193939	-1120.283447	1.000000
0.000000	10.088594	365.631348	1.000000
0.000000	-108.481789	-148.466583	1.000000
0.000000	-463.504761	759.452026	1.000000
0.000000	426.298248	31.315041	1.000000
0.000000	227.760681	1046.399536	1.000000
0.000000	-202.374298	202.215927	1.000000
0.000000	279.446991	543.116028	1.000000
0.000000	-11043.124023	551.491150	1.000000
0.000000	28171368.000000	16549397.000000	1.000000
0.000000	335.962494	-668.827026	1.000000
0.000000	-32757.632812	266744.687500	1.000000
0.000000	-273.397095	4.139460	1.000000
0.000000	1519.206543	2650.527832	1.000000
0.000000	4500.408691	10689.469727	1.000000
0.000000	-48481.703125	-126250.796875	1.000000
0.000000	17.548809	-535.199097	1.000000
0.000000	1929694.125000	165256.234375	1.000000
0.000000	-180071.796875	-177937.812500	1.000000
0.000000	-70243.007812	13714.096680	1.000000
0.000000	289.651215	-152.179199	1.000000
0.000000	-131123.187500	15001.755859	1.000000
0.000000	-1108.621948	253.341553	1.000000
0.000000	-1352.578247	969.039551	1.000000
0.000000	-1197.267822	1208.828003	1.000000
0.000000	49269.636719	57594.187500	1.000000
0.000000	83844.007812	3657.950928	1.000000
0.000000	1096.483032	-390.348999	1.000000
0.000000	-390.410126	-292.591827	1.000000
0.000000	-1589278.625000	-1200867.375000	1.000000
0.000000	-309.059326	153.705887	1.000000
0.000000	2590553.750000	19401.265625	1.000000
0.000000	149.076355	-220.069138	1.000000
0.000000	-10471.515625	13226.181641	1.000000
0.000000	1826645.375000	135363.484375	1.000000
0.000000	-1560.426392	831.098145	1.000000
0.000000	305.995148	57.984306	1.000000
0.000000	379.922119	-49.821396	1.000000
0.000000	419.147400	939.441223	1.000000
0.000000	-10643.418945	7444.273926	1.000000
0.000000	-408.162720	167.987488	1.000000
0.000000	27335.345703	25934.191406	1.000000
0.000000	100.443398	318.854279	1.000000
0.000000	274.661835	534.160339	1.000000
0.000000	-80.260628	-9045.650391	1.000000
0.000000	-5637.083496	9774.101562	1.000000
0.000000	459174.968750	25556.722656	1.000000
0.000000	-1049.010498	1112.303711	1.000000
0.000000	2205.719238	-5239.162598	1.000000
0.000000	3487.769043	-2125.237549	1.000000
0.000000	159.945953	101.649490	1.000000
0.000000	254.029205	197.893921	1.000000
0.000000	951.104248	-771.204468	1.000000
0.000000	1211.668823	11695.629883	1.000000
0.000000	18006.695312	-23792.224609	1.000000
0.000000	354.380829	-19.220886	1.000000
0.000000	-11.370070	-243.189789	1.000000
0.000000	1118.546143	1193.768311	1.000000
0.000000	445.082825	-46.532200	1.000000
0.000000	112.247322	204.818069	1.000000
0.000000	-1403.761719	142.878479	1.000000
0.000000	75344.796875	-7405.014648	1.000000
0.000000	90.564186	434.652344	1.000000
0.000000	-177.064529	-720.712036	1.000000
0.000000	1176.570557	-9567.615234	1.000000
0.000000	286.666779	319.513428	1.000000
0.000000	261.859924	239.862381	1.000000
0.000000	-3847.968994	-4576.853027	1.000000
0.000000	544.671021	237.596237	1.000000
0.000000	-2054.010254	-2986.932861	1.000000
0.000000	19.032162	300.036560	1.000000
0.000000	22248.546875	39123.007812	1.000000
0.000000	380.472748	-23.798441	1.000000
0.000000	914.939636	-549.311340	1.000000
0.000000	1278.557861	715.386658	1.000000
0.000000	-320.986237	663.838379	1.000000
0.000000	160.296982	-338.141510	1.000000
0.000000	9599.088867	4818.762207	1.000000
0.000000	-92664.765625	-330232.718750	1.000000
0.000000	8014.694824	16950.300781	1.000000
0.000000	229.740234	-207.593399	1.000000
0.000000	3408.696045	-885.519409	1.000000
0.000000	-423328.937500	-81971.921875	1.000000
0.000000	-44105600.000000	-10494824.000000	1.000000
0.000000	6036.208008	-4558.895996	1.000000
0.000000	-299.044037	182.596588	1.000000
0.000000	1051.223633	-1681.173462	1.000000
0.000000	5830.817383	338.822388	1.000000
0.000000	-287.716919	-110.115089	1.000000
0.000000	-511.736877	1015.251831	1.000000
0.000000	-18775.486328	42.109589	1.000000
0.000000	-656.308777	-157.769089	1.000000
0.000000	301.835358	-374.749481	1.000000
0.000000	14570.972656	-11028.127930	1.000000
