0.000000	31397.835938	455906.875000	1.000000
0.000000	215047.937500	175399.078125	1.000000
0.000000	1210.602783	-12939.495117	1.000000
0.000000	-358.912659	646.312073	1.000000
0.000000	16875.919922	27228.734375	1.000000
0.000000	-13535.336914	717.952087	1.000000
0.000000	-537.111267	-2526.229248	1.000000
0.000000	-595478.062500	1523932.125000	1.000000
0.000000	3657.038818	-2062.680664	1.000000
0.000000	9292453.000000	3386659.750000	1.000000
0.000000	78697400.000000	19959642.000000	1.000000
0.000000	-434.847412	-228.245605	1.000000
0.000000	-373.243469	242.130127	1.000000
0.000000	86.488884	-408.850739	1.000000
0.000000	-73337376.000000	-31090268.000000	1.000000
0.000000	878.919250	-4438.042480	1.000000
0.000000	413.372070	-569.491089	1.000000
0.000000	-6255.940918	7947.919922	1.000000
0.000000	-986.919373	51.406326	1.000000
0.000000	-360.159576	442.510895	1.000000
0.000000	957.355774	8170.983398	1.000000
0.000000	10394.726562	85115.539062	1.000000
0.000000	-79.682915	984.703247	1.000000
0.000000	353.529266	-17.944525	1.000000
0.000000	-207014.703125	-53452.597656	1.000000
0.000000	580.004089	-45.927917	1.000000
0.000000	10384.538086	35208.566406	1.000000
0.000000	-4091.206787	11547.720703	1.000000
0.000000	554.321594	-260.989655	1.000000
0.000000	-61300.742188	-273296.843750	1.000000
0.000000	5073.772461	-8770.046875	1.000000
0.000000	5040.807617	947.583374	1.000000
0.000000	-418.153625	526.728455	1.000000
0.000000	-658.903259	-93.797897	1.000000
0.000000	-370.389984	-137.026382	1.000000
0.000000	5013.861328	2850.257080	1.000000
0.000000	-145.158600	-128.584427	1.000000
0.000000	-5867.686035	-1610.887085	1.000000
0.000000	-246226.703125	-73888.906250	1.000000
0.000000	-46606.199219	-6261.496582	1.000000
0.000000	594.832336	195.603989	1.000000
0.000000	635.620422	-122.508560	1.000000
0.000000	-3.337141	403.931641	1.000000
0.000000	-155.212173	-284.431641	1.000000
0.000000	68.413116	399.774994	1.000000
0.000000	-623.104553	-119.165695	1.000000
0.000000	-3944.920898	3259.616699	1.000000
0.000000	-921.163574	566.298157	1.000000
0.000000	-148.660721	-418.856323	1.000000
0.000000	-416.719177	-115.211464	1.000000
0.000000	7205.048340	6262.074219	1.000000
0.000000	-958.352478	1556.165161	1.000000
0.000000	-66.334763	1212.970703	1.000000
0.000000	-3491.902100	-11515.114258	1.000000
0.000000	452.043518	18.131758	1.000000
0.000000	-12.514990	-429.340088	1.000000
0.000000	293.226105	112.134048	1.000000
0.000000	29405522.000000	-21550876.000000	1.000000
0.000000	-685.695618	1758.233032	1.000000
0.000000	390.926483	643.089417	1.000000
0.000000	1629.116821	26102.541016	1.000000
0.000000	3325.629395	-1799.776367	1.000000
0.000000	-175.441589	-390.372742	1.000000
0.000000	248.343109	-497.858551	1.000000
0.000000	5286.598145	-3027.426270	1.000000
0.000000	401197.187500	-1051564.750000	1.000000
0.000000	40068.375000	142451.125000	1.000000
0.000000	899154304.000000	-490293056.000000	1.000000
0.000000	5013.370117	-14994.048828	1.000000
0.000000	-11819835.000000	-661106.937500	1.000000
0.000000	10693.249023	-14978.430664	1.000000
0.000000	-66.816437	-511.965912	1.000000
0.000000	-390.558228	-872.307556	1.000000
0.000000	-346.058044	916.790771	1.000000
0.000000	424135.187500	2451.550537	1.000000
0.000000	-9497.958984	10602.575195	1.000000
0.000000	-326.622833	501.569641	1.000000
0.000000	18.859798	-441.086639	1.000000
0.000000	3437.099121	-13442.200195	1.000000
0.000000	-935690816.000000	516809408.000000	1.000000
0.000000	1333545.500000	80389.421875	1.000000
0.000000	370931.187500	-121756.296875	1.000000
0.000000	282275.750000	227444.093750	1.000000
0.000000	24763.048828	-23064.636719	1.000000
0.000000	2203343.750000	933470.687500	1.000000
0.000000	-232.781235	350.096863	1.000000
0.000000	-61.350521	-67.234947	1.000000
0.000000	-3071.063721	-249.344650	1.000000
0.000000	-1688.932739	1870.882935	1.000000
0.000000	169.115021	414.108276	1.000000
0.000000	-27.240004	-194.071686	1.000000
0.000000	-1359.559448	1060.331421	1.000000
0.000000	1040.767090	-268.215820	1.000000
0.000000	268.108459	-35.985363	1.000000
0.000000	-4355021.000000	2416277.250000	1.000000
0.000000	1236.778076	688.289490	1.000000
0.000000	-270.668884	-88079.625000	1.000000
0.000000	1711789.125000	-2028472.500000	1.000000
0.000000	840.343140	-1363.953125	1.000000
0.000000	-139.511414	-5387.388184	1.000000
0.000000	691415.187500	-227579.406250	1.000000
0.000000	12310197.000000	-6573529.500000	1.000000
0.000000	-21980.263672	-21653.878906	1.000000
0.000000	170814.390625	-24614.019531	1.000000
0.000000	-39.115841	318.678131	1.000000
0.000000	431.307587	-76.699409	1.000000
0.000000	478.220154	-1825.441162	1.000000
0.000000	-245.890991	-352.895660	1.000000
0.000000	160.216980	-405.113617	1.000000
0.000000	-924.815674	1210.070435	1.000000
0.000000	-352.535095	-3076.711182	1.000000
0.000000	-54015.679688	119833.890625	1.000000
0.000000	140.655304	383.559937	1.000000
0.000000	-492.502045	63.274540	1.000000
0.000000	6.992975	-1037.126343	1.000000
0.000000	-64489.167969	15461.410156	1.000000
0.000000	2477.497803	922.680481	1.000000
0.000000	55895.488281	149673.359375	1.000000
0.000000	-13370.932617	6557.885742	1.000000
0.000000	-41892.816406	-29701.250000	1.000000
0.000000	-8338.583008	13892.554688	1.000000
0.000000	435.432129	402.296265	1.000000
0.000000	-414.710632	266.165283	1.000000
0.000000	1655.701172	3080.604248	1.000000
0.000000	767.013794	-451.319305	1.000000
0.000000	1833.807373	13.699010	1.000000
0.000000	593.713623	-672.924133	1.000000
0.000000	13961.076172	-14374.621094	1.000000
0.000000	-418.633301	-207.402390	1.000000
0.000000	-1218.950195	1395.849243	1.000000
0.000000	329.562531	352.428986	1.000000
0.000000	-13205.541992	-3013.157471	1.000000
0.000000	-28749.378906	-61619.640625	1.000000
0.000000	1773.735107	8168.356445	1.000000
0.000000	-2447.051758	1739.799316	1.000000
0.000000	217.028473	-204.416458	1.000000
0.000000	-18.396860	110.807976	1.000000
0.000000	-3737.769775	-15929.938477	1.000000
0.000000	892.057922	9.363599	1.000000
0.000000	-8912.298828	12942.800781	1.000000
0.000000	-856.375610	-3302.430664	1.000000
0.000000	928.292542	700.520935	1.000000
0.000000	414.132233	-281.386414	1.000000
0.000000	-5518.993652	-20490.943359	1.000000
0.000000	8.699705	-451.603302	1.000000
0.000000	22479.492188	-24723.521484	1.000000
0.000000	-386.501556	-270.733276	1.000000
0.000000	-3300464.250000	1376390.750000	1.000000
0.000000	-18034.376953	-1379.824829	1.000000
0.000000	-111.601372	693.359741	1.000000
0.000000	200.935883	-463.660370	1.000000
0.000000	6725.582520	2583.184570	1.000000
0.000000	-26015.068359	-23325.300781	1.000000
0.000000	-586712.625000	317541.406250	1.000000
0.000000	-108536.234375	248966.984375	1.000000
0.000000	37897.093750	-56191.003906	1.000000
0.000000	681.903809	-1817.881958	1.000000
0.000000	182.004227	278.808075	1.000000
0.000000	-248.953552	-301.937012	1.000000
0.000000	-422.054749	801.720581	1.000000
0.000000	4112436.000000	2116301.500000	1.000000
0.000000	291.537140	235.795700	1.000000
0.000000	-45324.730469	76078.562500	1.000000
0.000000	818.210144	1747.670166	1.000000
0.000000	4953.265137	12531.946289	1.000000
0.000000	606.849915	1482.689453	1.000000
0.000000	-44186.464844	2458.456787	1.000000
0.000000	245608.609375	-842228.687500	1.000000
0.000000	-339.481171	-194.816879	1.000000
0.000000	569.591736	-120.475533	1.000000
0.000000	-32932.644531	-140123.734375	1.000000
0.000000	-14378.936523	-13447.343750	1.000000
0.000000	-507.011475	-88.518898	1.000000
0.000000	-323754.531250	730136.875000	1.000000
0.000000	-31254.417969	-19607.832031	1.000000
0.000000	-536.749023	-1131.890503	1.000000
0.000000	181.474197	-476.028046	1.000000
0.000000	-3509.398926	-12811.871094	1.000000
0.000000	128.231384	-438.362701	1.000000
0.000000	3238.464355	2878.974121	1.000000
0.000000	87.657684	78.221321	1.000000
0.000000	799022.687500	-982912.687500	1.000000
0.000000	-503.283539	428.692566	1.000000
0.000000	-3161.576416	-2126.254150	1.000000
0.000000	-52.961666	3019.047119	1.000000
0.000000	-403.914856	386.619965	1.000000
0.000000	19789.455078	10647.132812	1.000000
0.000000	193.504974	565.162781	1.000000
0.000000	-3480.944336	-1951.460083	1.000000
0.000000	65138.777344	112775.695312	1.000000
0.000000	357.424042	295.543121	1.000000
0.000000	484892.843750	100923.671875	1.000000
0.000000	-329.817413	315.732361	1.000000
0.000000	78.684792	413.757324	1.000000
0.000000	340.465607	234.706604	1.000000
0.000000	-410.545349	-103.554993	1.000000
0.000000	-52375.566406	-2900.801025	1.000000
0.000000	11460.823242	1480.313843	1.000000
0.000000	-45.913719	-299.897491	1.000000
0.000000	73.407814	1651.831787	1.000000
0.000000	-7878.700684	-93256.109375	1.000000
0.000000	-637.921631	1014.775635	1.000000
0.000000	-121.589745	389.386963	1.000000
0.000000	441.475983	-110.859032	1.000000
0.000000	62.599239	458.356628	1.000000
0.000000	-42988.894531	-77647.070312	1.000000
0.000000	210.654221	-1163.095947	1.000000
0.000000	45.742676	424.122253	1.000000
0.000000	-139.134506	-87.209312	1.000000
0.000000	-469.776123	827.684448	1.000000
0.000000	474.169647	-17.680830	1.000000
0.000000	244.045319	1112.959595	1.000000
0.000000	-234.420959	262.755463	1.000000
0.000000	334.634979	583.670837	1.000000
0.000000	-11111.356445	546.474060	1.000000
0.000000	28171368.000000	16549397.000000	1.000000
0.000000	382.161530	-719.416016	1.000000
0.000000	-32730.875000	266701.875000	1.000000
0.000000	-341.880371	2.398856	1.000000
0.000000	1576.234131	2612.732422	1.000000
0.000000	4433.514160	10705.524414	1.000000
0.000000	-48412.132812	-126250.796875	1.000000
0.000000	-42.588894	-567.977417	1.000000
0.000000	1929694.125000	165299.046875	1.000000
0.000000	-180007.578125	-177937.812500	1.000000
0.000000	-70296.523438	13675.297852	1.000000
0.000000	330.833160	-206.907288	1.000000
0.000000	-131144.593750	15067.312500	1.000000
0.000000	-1169.663208	284.322083	1.000000
0.000000	-1395.557983	915.774780	1.000000
0.000000	-1214.994873	1275.053589	1.000000
0.000000	49285.691406	57658.406250	1.000000
0.000000	83790.492188	3616.810791	1.000000
0.000000	1161.705200	-369.528076	1.000000
0.000000	-451.284149	-323.990448	1.000000
0.000000	-1589278.625000	-1200867.375000	1.000000
0.000000	-375.159485	171.704697	1.000000
0.000000	2590553.750000	19462.808594	1.000000
0.000000	172.865723	-284.299591	1.000000
0.000000	-10511.652344	13282.373047	1.000000
0.000000	1826645.375000	135320.671875	1.000000
0.000000	-1552.566284	899.163330	1.000000
0.000000	372.764252	73.267586	1.000000
0.000000	436.907898	-87.846756	1.000000
0.000000	364.461121	898.217468	1.000000
0.000000	-10690.245117	7494.444824	1.000000
0.000000	-475.308105	181.554535	1.000000
0.000000	27338.021484	26003.761719	1.000000
0.000000	150.447052	365.680450	1.000000
0.000000	277.755707	602.559998	1.000000
0.000000	-146.896820	-9029.595703	1.000000
0.000000	-5705.315918	9775.439453	1.000000
0.000000	459217.781250	25505.882812	1.000000
0.000000	-1113.229248	1136.051270	1.000000
0.000000	2260.907227	-5198.356934	1.000000
0.000000	3489.106934	-2193.804443	1.000000
0.000000	197.406891	158.990646	1.000000
0.000000	312.603729	233.389832	1.000000
0.000000	921.587036	-832.998291	1.000000
0.000000	1219.528931	11627.397461	1.000000
0.000000	17939.800781	-23805.603516	1.000000
0.000000	422.696869	-24.201393	1.000000
0.000000	-7.532860	-311.589447	1.000000
0.000000	1061.685791	1231.898193	1.000000
0.000000	513.566101	-48.282955	1.000000
0.000000	123.232658	272.423370	1.000000
0.000000	-1338.539551	163.762115	1.000000
0.000000	75409.015625	-7397.656250	1.000000
0.000000	108.803398	500.668884	1.000000
0.000000	-108.560349	-720.712036	1.000000
0.000000	1172.222412	-9499.382812	1.000000
0.000000	328.099579	374.074280	1.000000
0.000000	314.121277	284.172394	1.000000
0.000000	-3816.528564	-4515.979004	1.000000
0.000000	612.234497	248.759262	1.000000
0.000000	-2108.863770	-3027.738525	1.000000
0.000000	47.901333	362.164856	1.000000
0.000000	22259.250000	39192.578125	1.000000
0.000000	448.956024	-23.573717	1.000000
0.000000	983.422913	-548.140686	1.000000
0.000000	1337.759521	749.837341	1.000000
0.000000	-323.829254	732.238037	1.000000
0.000000	203.506668	-391.280853	1.000000
0.000000	9633.874023	4759.895020	1.000000
0.000000	-92632.656250	-330275.531250	1.000000
0.000000	8082.927246	16952.976562	1.000000
0.000000	273.932434	-259.938354	1.000000
0.000000	3431.105713	-820.715332	1.000000
0.000000	-423286.125000	-82025.437500	1.000000
0.000000	-44105600.000000	-10494824.000000	1.000000
0.000000	6066.979492	-4498.021973	1.000000
0.000000	-325.049286	245.979156	1.000000
0.000000	1111.261475	-1648.227905	1.000000
0.000000	5777.301758	296.260742	1.000000
0.000000	-351.308533	-135.584152	1.000000
0.000000	-580.136536	1011.907104	1.000000
0.000000	-18764.783203	-25.522293	1.000000
0.000000	-724.792053	-159.671402	1.000000
0.000000	309.653656	-442.814667	1.000000
0.000000	14633.853516	-11001.370117	1.000000
