0.000000	31426.390625	455880.000000	1.000000
0.000000	215034.500000	175358.765625	1.000000
0.000000	1204.198975	-12896.663086	1.000000
0.000000	-401.902161	646.941956	1.000000
0.000000	16879.279297	27272.406250	1.000000
0.000000	-13577.329102	727.662781	1.000000
0.000000	-575.691589	-2507.332764	1.000000
0.000000	-595424.312500	1523932.125000	1.000000
0.000000	3634.992920	-2099.633789	1.000000
0.000000	9292453.000000	3386659.750000	1.000000
0.000000	78697400.000000	19959642.000000	1.000000
0.000000	-393.353882	-216.986450	1.000000
0.000000	-352.877258	204.258423	1.000000
0.000000	88.070152	-365.887482	1.000000
0.000000	-73337376.000000	-31090268.000000	1.000000
0.000000	841.493713	-4459.038574	1.000000
0.000000	403.293945	-527.708862	1.000000
0.000000	-6233.685059	7910.966797	1.000000
0.000000	-987.024353	94.407990	1.000000
0.000000	-345.409821	402.119659	1.000000
0.000000	948.117493	8128.991211	1.000000
0.000000	10356.093750	85095.382812	1.000000
0.000000	-71.363213	942.501099	1.000000
0.000000	321.877655	11.159851	1.000000
0.000000	-207041.578125	-53422.363281	1.000000
0.000000	537.119568	-49.293854	1.000000
0.000000	10385.377930	35252.238281	1.000000
0.000000	-4049.004639	11556.119141	1.000000
0.000000	516.738586	-240.098541	1.000000
0.000000	-61344.414062	-273296.843750	1.000000
0.000000	5099.387695	-8804.480469	1.000000
0.000000	4999.235352	936.980347	1.000000
0.000000	-378.497253	510.089081	1.000000
0.000000	-627.461609	-123.100571	1.000000
0.000000	-336.796234	-110.203873	1.000000
0.000000	4974.808594	2832.410400	1.000000
0.000000	-105.170418	-112.778542	1.000000
0.000000	-5834.512207	-1583.697144	1.000000
0.000000	-246240.140625	-73848.593750	1.000000
0.000000	-46639.792969	-6235.461426	1.000000
0.000000	561.658508	168.230331	1.000000
0.000000	610.792542	-87.412277	1.000000
0.000000	-2.951051	360.942139	1.000000
0.000000	-135.843277	-246.038437	1.000000
0.000000	63.066250	357.100433	1.000000
0.000000	-606.885071	-158.992661	1.000000
0.000000	-3980.194336	3284.182129	1.000000
0.000000	-896.755615	530.867249	1.000000
0.000000	-139.199356	-376.916626	1.000000
0.000000	-374.648254	-106.366859	1.000000
0.000000	7162.216309	6266.693359	1.000000
0.000000	-934.889343	1592.173462	1.000000
0.000000	-41.893997	1248.349121	1.000000
0.000000	-3466.916748	-11550.387695	1.000000
0.000000	412.334656	1.641494	1.000000
0.000000	-13.577917	-386.350586	1.000000
0.000000	250.261093	113.623459	1.000000
0.000000	29405522.000000	-21550876.000000	1.000000
0.000000	-651.052063	1732.827759	1.000000
0.000000	419.244965	610.702942	1.000000
0.000000	1651.267700	26139.494141	1.000000
0.000000	3309.252441	-1759.988770	1.000000
0.000000	-152.818298	-353.813293	1.000000
0.000000	225.142426	-461.666534	1.000000
0.000000	5313.053223	-2993.622559	1.000000
0.000000	401170.312500	-1051564.750000	1.000000
0.000000	40105.328125	142478.000000	1.000000
0.000000	899154304.000000	-490293056.000000	1.000000
0.000000	5041.084961	-14961.294922	1.000000
0.000000	-11819835.000000	-661160.687500	1.000000
0.000000	10671.413086	-15015.383789	1.000000
0.000000	-54.113796	-470.892303	1.000000
0.000000	-358.093018	-844.120300	1.000000
0.000000	-389.021301	918.260498	1.000000
0.000000	424188.937500	2462.258545	1.000000
0.000000	-9455.966797	10612.653320	1.000000
0.000000	-284.893097	511.910217	1.000000
0.000000	22.625973	-398.254608	1.000000
0.000000	3432.899902	-13399.368164	1.000000
0.000000	-935690816.000000	516809408.000000	1.000000
0.000000	1333545.500000	80349.109375	1.000000
0.000000	370877.437500	-121749.578125	1.000000
0.000000	282329.500000	227430.656250	1.000000
0.000000	24801.681641	-23084.792969	1.000000
0.000000	2203343.750000	933524.437500	1.000000
0.000000	-210.131699	313.537415	1.000000
0.000000	-19.385073	-57.858875	1.000000
0.000000	-3097.938721	-282.935791	1.000000
0.000000	-1683.893677	1828.155884	1.000000
0.000000	149.286835	375.947876	1.000000
0.000000	-16.192450	-152.512543	1.000000
0.000000	-1318.092163	1071.669312	1.000000
0.000000	1004.443909	-245.192688	1.000000
0.000000	258.555237	-77.909744	1.000000
0.000000	-4355021.000000	2416277.250000	1.000000
0.000000	1199.614990	666.716003	1.000000
0.000000	-228.589401	-88072.906250	1.000000
0.000000	1711789.125000	-2028472.500000	1.000000
0.000000	832.312134	-1406.155273	1.000000
0.000000	-174.863586	-5363.032715	1.000000
0.000000	691415.187500	-227539.093750	1.000000
0.000000	12310197.000000	-6573529.500000	1.000000
0.000000	-21970.185547	-21611.886719	1.000000
0.000000	170774.078125	-24588.824219	1.000000
0.000000	-20.610764	279.861603	1.000000
0.000000	390.155243	-64.193611	1.000000
0.000000	519.844910	-1814.733154	1.000000
0.000000	-217.598755	-320.509186	1.000000
0.000000	144.561768	-365.063568	1.000000
0.000000	-912.480469	1168.918091	1.000000
0.000000	-310.857849	-3087.209229	1.000000
0.000000	-53972.007812	119833.890625	1.000000
0.000000	125.458282	343.326172	1.000000
0.000000	-450.903534	52.382816	1.000000
0.000000	-34.359806	-1048.884155	1.000000
0.000000	-64526.121094	15484.925781	1.000000
0.000000	2464.690186	881.633118	1.000000
0.000000	55861.894531	149646.484375	1.000000
0.000000	-13329.780273	6571.323242	1.000000
0.000000	-41859.222656	-29726.445312	1.000000
0.000000	-8373.856445	13868.199219	1.000000
0.000000	396.589355	383.872192	1.000000
0.000000	-383.032776	237.077164	1.000000
0.000000	1624.731934	3110.418701	1.000000
0.000000	725.494019	-440.112640	1.000000
0.000000	1861.417236	46.656258	1.000000
0.000000	585.315186	-630.774475	1.000000
0.000000	13970.314453	-14332.628906	1.000000
0.000000	-381.968872	-184.949692	1.000000
0.000000	-1202.678223	1435.636841	1.000000
0.000000	298.829498	322.352081	1.000000
0.000000	-13247.534180	-3003.709229	1.000000
0.000000	-28722.503906	-61586.046875	1.000000
0.000000	1750.219482	8132.243164	1.000000
0.000000	-2473.296875	1773.812988	1.000000
0.000000	177.687042	-187.068436	1.000000
0.000000	10.044647	143.059723	1.000000
0.000000	-3765.064697	-15963.532227	1.000000
0.000000	850.748108	-2.635883	1.000000
0.000000	-8869.466797	12939.441406	1.000000
0.000000	-869.340698	-3261.488281	1.000000
0.000000	932.964172	657.793884	1.000000
0.000000	372.113800	-272.253113	1.000000
0.000000	-5561.405762	-20497.662109	1.000000
0.000000	6.437705	-408.666290	1.000000
0.000000	22491.250000	-24681.529297	1.000000
0.000000	-357.500702	-238.976669	1.000000
0.000000	-3300464.250000	1376390.750000	1.000000
0.000000	-18019.259766	-1339.722290	1.000000
0.000000	-93.518486	654.359497	1.000000
0.000000	186.606049	-423.111664	1.000000
0.000000	6711.725098	2623.916992	1.000000
0.000000	-26055.380859	-23338.738281	1.000000
0.000000	-586712.625000	317514.531250	1.000000
0.000000	-108536.234375	249007.296875	1.000000
0.000000	37940.765625	-56191.003906	1.000000
0.000000	654.083984	-1785.128052	1.000000
0.000000	161.349319	241.093857	1.000000
0.000000	-239.124756	-343.797974	1.000000
0.000000	-410.323181	760.358276	1.000000
0.000000	4112436.000000	2116301.500000	1.000000
0.000000	249.387466	227.305405	1.000000
0.000000	-45307.933594	76038.250000	1.000000
0.000000	779.419861	1729.088623	1.000000
0.000000	4911.692871	12542.864258	1.000000
0.000000	611.101624	1525.521484	1.000000
0.000000	-44156.230469	2426.962646	1.000000
0.000000	245648.921875	-842228.687500	1.000000
0.000000	-300.585907	-176.497787	1.000000
0.000000	526.707214	-123.788979	1.000000
0.000000	-32949.441406	-140083.421875	1.000000
0.000000	-14364.659180	-13487.656250	1.000000
0.000000	-464.074463	-86.340553	1.000000
0.000000	-323700.781250	730136.875000	1.000000
0.000000	-31291.371094	-19629.667969	1.000000
0.000000	-497.863312	-1113.518921	1.000000
0.000000	169.860733	-434.639496	1.000000
0.000000	-3550.551270	-12799.273438	1.000000
0.000000	115.797638	-397.210358	1.000000
0.000000	3225.656738	2919.916504	1.000000
0.000000	67.304596	116.099586	1.000000
0.000000	799076.437500	-982912.687500	1.000000
0.000000	-460.871429	421.527649	1.000000
0.000000	-3202.728760	-2114.076416	1.000000
0.000000	-43.926785	2977.054932	1.000000
0.000000	-373.575500	356.149384	1.000000
0.000000	19811.291016	10610.179688	1.000000
0.000000	151.119110	572.406433	1.000000
0.000000	-3440.001953	-1938.022583	1.000000
0.000000	65125.339844	112735.382812	1.000000
0.000000	325.719940	266.489777	1.000000
0.000000	484892.843750	100883.359375	1.000000
0.000000	-298.716949	286.049133	1.000000
0.000000	79.229378	370.767822	1.000000
0.000000	333.090729	192.346985	1.000000
0.000000	-367.634583	-100.818939	1.000000
0.000000	-52392.363281	-2939.853760	1.000000
0.000000	11438.147461	1443.780640	1.000000
0.000000	-57.599358	-258.508942	1.000000
0.000000	48.297802	1686.790283	1.000000
0.000000	-7876.601074	-93215.796875	1.000000
0.000000	-612.148926	1049.209229	1.000000
0.000000	-93.179405	357.105469	1.000000
0.000000	400.376129	-98.215446	1.000000
0.000000	60.243740	415.419617	1.000000
0.000000	-42955.300781	-77673.945312	1.000000
0.000000	244.261093	-1136.220947	1.000000
0.000000	23.361521	387.405334	1.000000
0.000000	-119.894066	-125.664970	1.000000
0.000000	-465.839355	784.852417	1.000000
0.000000	444.118988	13.075941	1.000000
0.000000	233.822845	1071.177368	1.000000
0.000000	-214.304077	224.752548	1.000000
0.000000	299.991425	558.213074	1.000000
0.000000	-11068.524414	549.623474	1.000000
0.000000	28171368.000000	16549397.000000	1.000000
0.000000	353.160675	-687.659424	1.000000
0.000000	-32747.671875	266728.750000	1.000000
0.000000	-298.890869	3.491514	1.000000
0.000000	1540.435791	2636.458008	1.000000
0.000000	4475.506348	10695.446289	1.000000
0.000000	-48455.804688	-126250.796875	1.000000
0.000000	-4.838363	-547.401245	1.000000
0.000000	1929694.125000	165272.171875	1.000000
0.000000	-180047.890625	-177937.812500	1.000000
0.000000	-70262.929688	13699.653320	1.000000
0.000000	304.981720	-172.552429	1.000000
0.000000	-131131.156250	15026.160156	1.000000
0.000000	-1131.345337	264.874451	1.000000
0.000000	-1368.578003	949.211060	1.000000
0.000000	-1203.866943	1233.481323	1.000000
0.000000	49275.613281	57618.093750	1.000000
0.000000	83824.085938	3642.635986	1.000000
0.000000	1120.762817	-382.598145	1.000000
0.000000	-413.071259	-304.280365	1.000000
0.000000	-1589278.625000	-1200867.375000	1.000000
0.000000	-333.665955	160.406174	1.000000
0.000000	2590553.750000	19424.175781	1.000000
0.000000	157.932251	-243.983170	1.000000
0.000000	-10486.457031	13247.099609	1.000000
0.000000	1826645.375000	135347.546875	1.000000
0.000000	-1557.500366	856.436279	1.000000
0.000000	330.850800	63.674881	1.000000
0.000000	401.135803	-63.976822	1.000000
0.000000	398.789734	924.095154	1.000000
0.000000	-10660.850586	7462.950684	1.000000
0.000000	-433.158447	173.037994	1.000000
0.000000	27336.341797	25960.089844	1.000000
0.000000	119.057899	336.285919	1.000000
0.000000	275.813568	559.622986	1.000000
0.000000	-105.065697	-9039.673828	1.000000
0.000000	-5662.483887	9774.599609	1.000000
0.000000	459190.906250	25537.796875	1.000000
0.000000	-1072.916748	1121.144043	1.000000
0.000000	2226.263672	-5223.972168	1.000000
0.000000	3488.267090	-2150.762451	1.000000
0.000000	173.891266	122.995468	1.000000
0.000000	275.834320	211.107727	1.000000
0.000000	940.116089	-794.208008	1.000000
0.000000	1214.594849	11670.229492	1.000000
0.000000	17981.792969	-23797.205078	1.000000
0.000000	379.812347	-21.074944	1.000000
0.000000	-9.941590	-268.652435	1.000000
0.000000	1097.379150	1207.962646	1.000000
0.000000	470.576599	-47.183941	1.000000
0.000000	116.336754	229.985001	1.000000
0.000000	-1379.481934	150.652679	1.000000
0.000000	75368.703125	-7402.275391	1.000000
0.000000	97.353966	459.227844	1.000000
0.000000	-151.562973	-720.712036	1.000000
0.000000	1174.951904	-9542.214844	1.000000
0.000000	302.090668	339.824402	1.000000
0.000000	281.314880	256.352570	1.000000
0.000000	-3836.264893	-4554.191895	1.000000
0.000000	569.822388	241.751816	1.000000
0.000000	-2074.430176	-3002.123291	1.000000
0.000000	29.779079	323.164612	1.000000
0.000000	22252.531250	39148.906250	1.000000
0.000000	405.966522	-23.714785	1.000000
0.000000	940.433411	-548.875549	1.000000
0.000000	1300.596436	728.211365	1.000000
0.000000	-322.044586	689.301025	1.000000
0.000000	176.382339	-357.923309	1.000000
0.000000	9612.038086	4796.848145	1.000000
0.000000	-92652.812500	-330248.656250	1.000000
0.000000	8040.095215	16951.296875	1.000000
0.000000	246.191345	-227.079483	1.000000
0.000000	3417.038330	-861.395264	1.000000
0.000000	-423313.000000	-81991.843750	1.000000
0.000000	-44105600.000000	-10494824.000000	1.000000
0.000000	6047.663086	-4536.234863	1.000000
0.000000	-308.724823	206.191559	1.000000
0.000000	1073.573486	-1668.909058	1.000000
0.000000	5810.895508	322.978271	1.000000
0.000000	-311.389709	-119.597435	1.000000
0.000000	-537.199524	1014.006714	1.000000
0.000000	-18771.501953	16.932930	1.000000
0.000000	-681.802551	-158.477249	1.000000
0.000000	304.745819	-400.087616	1.000000
0.000000	14594.380859	-11018.166992	1.000000
