0.000000	31406.468750	455898.750000	1.000000
0.000000	215043.875000	175386.890625	1.000000
0.000000	1208.666748	-12926.545898	1.000000
0.000000	-371.909485	646.502502	1.000000
0.000000	16876.935547	27241.937500	1.000000
0.000000	-13548.032227	720.887878	1.000000
0.000000	-548.775085	-2520.516357	1.000000
0.000000	-595461.812500	1523932.125000	1.000000
0.000000	3650.373779	-2073.852539	1.000000
0.000000	9292453.000000	3386659.750000	1.000000
0.000000	78697400.000000	19959642.000000	1.000000
0.000000	-422.302856	-224.841675	1.000000
0.000000	-367.086243	230.680542	1.000000
0.000000	86.966942	-395.861847	1.000000
0.000000	-73337376.000000	-31090268.000000	1.000000
0.000000	867.604553	-4444.390137	1.000000
0.000000	410.325195	-556.859253	1.000000
0.000000	-6249.212402	7936.748047	1.000000
0.000000	-986.951111	64.406158	1.000000
0.000000	-355.700348	430.299591	1.000000
0.000000	954.562805	8158.288086	1.000000
0.000000	10383.046875	85109.445312	1.000000
0.000000	-77.167656	971.944458	1.000000
0.000000	343.960175	-9.145581	1.000000
0.000000	-207022.828125	-53443.457031	1.000000
0.000000	567.039001	-46.945526	1.000000
0.000000	10384.791992	35221.769531	1.000000
0.000000	-4078.447998	11550.259766	1.000000
0.000000	542.959290	-254.673737	1.000000
0.000000	-61313.945312	-273296.843750	1.000000
0.000000	5081.516602	-8780.457031	1.000000
0.000000	5028.239258	944.377808	1.000000
0.000000	-406.164490	521.697937	1.000000
0.000000	-649.397644	-102.656845	1.000000
0.000000	-360.233734	-128.917252	1.000000
0.000000	5002.054688	2844.861572	1.000000
0.000000	-133.070282	-123.806068	1.000000
0.000000	-5857.656738	-1602.666870	1.000000
0.000000	-246230.765625	-73876.718750	1.000000
0.000000	-46616.355469	-6253.625488	1.000000
0.000000	584.803040	187.328232	1.000000
0.000000	628.114319	-111.898056	1.000000
0.000000	-3.220416	390.934814	1.000000
0.000000	-149.356461	-272.823364	1.000000
0.000000	66.796448	386.873383	1.000000
0.000000	-618.200989	-131.206406	1.000000
0.000000	-3955.584961	3267.043457	1.000000
0.000000	-913.784424	555.586487	1.000000
0.000000	-145.800308	-406.176880	1.000000
0.000000	-404.000061	-112.537514	1.000000
0.000000	7192.099121	6263.470703	1.000000
0.000000	-951.258972	1567.051392	1.000000
0.000000	-58.945694	1223.666504	1.000000
0.000000	-3484.348389	-11525.778320	1.000000
0.000000	440.038513	13.146368	1.000000
0.000000	-12.836340	-416.343262	1.000000
0.000000	280.237213	112.584335	1.000000
0.000000	29405522.000000	-21550876.000000	1.000000
0.000000	-675.221985	1750.552368	1.000000
0.000000	399.487885	633.298157	1.000000
0.000000	1635.813599	26113.712891	1.000000
0.000000	3320.678223	-1787.747559	1.000000
0.000000	-168.601990	-379.319885	1.000000
0.000000	241.328949	-486.916779	1.000000
0.000000	5294.596191	-3017.206543	1.000000
0.000000	401189.062500	-1051564.750000	1.000000
0.000000	40079.546875	142459.250000	1.000000
0.000000	899154304.000000	-490293056.000000	1.000000
0.000000	5021.749023	-14984.146484	1.000000
0.000000	-11819835.000000	-661123.187500	1.000000
0.000000	10686.647461	-14989.602539	1.000000
0.000000	-62.976101	-499.548309	1.000000
0.000000	-380.743164	-863.785828	1.000000
0.000000	-359.046936	917.235107	1.000000
0.000000	424151.437500	2454.787842	1.000000
0.000000	-9485.263672	10605.622070	1.000000
0.000000	-314.006866	504.695862	1.000000
0.000000	19.998409	-428.137421	1.000000
0.000000	3435.829590	-13429.250977	1.000000
0.000000	-935690816.000000	516809408.000000	1.000000
0.000000	1333545.500000	80377.234375	1.000000
0.000000	370914.937500	-121754.265625	1.000000
0.000000	282292.000000	227440.031250	1.000000
0.000000	24774.728516	-23070.730469	1.000000
0.000000	2203343.750000	933486.937500	1.000000
0.000000	-225.933701	339.044006	1.000000
0.000000	-48.663143	-64.400322	1.000000
0.000000	-3079.188721	-259.498291	1.000000
0.000000	-1687.409302	1857.965454	1.000000
0.000000	163.120453	402.571411	1.000000
0.000000	-23.900045	-181.507294	1.000000
0.000000	-1347.022827	1063.759155	1.000000
0.000000	1029.785645	-261.257202	1.000000
0.000000	265.220276	-48.659847	1.000000
0.000000	-4355021.000000	2416277.250000	1.000000
0.000000	1225.542725	681.767273	1.000000
0.000000	-257.949768	-88077.593750	1.000000
0.000000	1711789.125000	-2028472.500000	1.000000
0.000000	837.915161	-1376.711914	1.000000
0.000000	-150.199280	-5380.024902	1.000000
0.000000	691415.187500	-227567.218750	1.000000
0.000000	12310197.000000	-6573529.500000	1.000000
0.000000	-21977.216797	-21641.183594	1.000000
0.000000	170802.203125	-24606.402344	1.000000
0.000000	-33.520977	306.942902	1.000000
0.000000	418.866180	-72.918587	1.000000
0.000000	490.804382	-1822.203857	1.000000
0.000000	-237.337524	-343.104401	1.000000
0.000000	155.484009	-393.005463	1.000000
0.000000	-921.086426	1197.629028	1.000000
0.000000	-339.934998	-3079.885010	1.000000
0.000000	-54002.476562	119833.890625	1.000000
0.000000	136.061188	371.396240	1.000000
0.000000	-479.925751	59.981693	1.000000
0.000000	-5.509067	-1040.681030	1.000000
0.000000	-64500.339844	15468.519531	1.000000
0.000000	2473.625732	910.270813	1.000000
0.000000	55885.332031	149665.234375	1.000000
0.000000	-13358.491211	6561.948242	1.000000
0.000000	-41882.660156	-29708.867188	1.000000
0.000000	-8349.247070	13885.191406	1.000000
0.000000	423.688965	396.726196	1.000000
0.000000	-405.133606	257.373779	1.000000
0.000000	1646.338379	3089.617920	1.000000
0.000000	754.461304	-447.931244	1.000000
0.000000	1842.154541	23.662788	1.000000
0.000000	591.174561	-660.181213	1.000000
0.000000	13963.869141	-14361.925781	1.000000
0.000000	-407.548706	-200.614365	1.000000
0.000000	-1214.030762	1407.878052	1.000000
0.000000	320.271149	343.335968	1.000000
0.000000	-13218.237305	-3010.301025	1.000000
0.000000	-28741.253906	-61609.484375	1.000000
0.000000	1766.625732	8157.438477	1.000000
0.000000	-2454.986328	1750.082520	1.000000
0.000000	205.134552	-199.171707	1.000000
0.000000	-9.798265	120.557579	1.000000
0.000000	-3746.021729	-15940.094727	1.000000
0.000000	879.568909	5.735842	1.000000
0.000000	-8899.349609	12941.785156	1.000000
0.000000	-860.295288	-3290.052734	1.000000
0.000000	929.704895	687.603455	1.000000
0.000000	401.428986	-278.625183	1.000000
0.000000	-5531.815918	-20492.974609	1.000000
0.000000	8.015844	-438.622345	1.000000
0.000000	22483.046875	-24710.826172	1.000000
0.000000	-377.733856	-261.132446	1.000000
0.000000	-3300464.250000	1376390.750000	1.000000
0.000000	-18029.806641	-1367.700806	1.000000
0.000000	-106.134453	681.568970	1.000000
0.000000	196.603607	-451.401459	1.000000
0.000000	6721.393066	2595.499023	1.000000
0.000000	-26027.255859	-23329.363281	1.000000
0.000000	-586712.625000	317533.281250	1.000000
0.000000	-108536.234375	248979.171875	1.000000
0.000000	37910.296875	-56191.003906	1.000000
0.000000	673.493164	-1807.979614	1.000000
0.000000	175.759720	267.406097	1.000000
0.000000	-245.982056	-314.592651	1.000000
0.000000	-418.507996	789.215698	1.000000
0.000000	4112436.000000	2116301.500000	1.000000
0.000000	278.794220	233.228867	1.000000
0.000000	-45319.652344	76066.375000	1.000000
0.000000	806.482849	1742.052490	1.000000
0.000000	4940.696777	12535.247070	1.000000
0.000000	608.135315	1495.638672	1.000000
0.000000	-44177.324219	2448.935303	1.000000
0.000000	245620.796875	-842228.687500	1.000000
0.000000	-327.722137	-189.278549	1.000000
0.000000	556.626648	-121.477272	1.000000
0.000000	-32937.722656	-140111.546875	1.000000
0.000000	-14374.620117	-13459.531250	1.000000
0.000000	-494.030518	-87.860329	1.000000
0.000000	-323738.281250	730136.875000	1.000000
0.000000	-31265.589844	-19614.433594	1.000000
0.000000	-524.989990	-1126.336304	1.000000
0.000000	177.963150	-463.515228	1.000000
0.000000	-3521.840332	-12808.062500	1.000000
0.000000	124.472260	-425.921295	1.000000
0.000000	3234.592285	2891.352051	1.000000
0.000000	81.504425	89.672890	1.000000
0.000000	799038.937500	-982912.687500	1.000000
0.000000	-490.461273	426.526428	1.000000
0.000000	-3174.017822	-2122.572510	1.000000
0.000000	-50.230190	3006.351807	1.000000
0.000000	-394.742493	377.407928	1.000000
0.000000	19796.056641	10635.960938	1.000000
0.000000	180.690643	567.352722	1.000000
0.000000	-3468.566406	-1947.397583	1.000000
0.000000	65134.714844	112763.507812	1.000000
0.000000	347.839081	286.759552	1.000000
0.000000	484892.843750	100911.484375	1.000000
0.000000	-320.414948	306.758362	1.000000
0.000000	78.849434	400.760498	1.000000
0.000000	338.235992	221.900208	1.000000
0.000000	-397.572327	-102.727814	1.000000
0.000000	-52380.644531	-2912.607666	1.000000
0.000000	11453.967773	1469.268921	1.000000
0.000000	-49.446587	-287.384674	1.000000
0.000000	65.816414	1662.400635	1.000000
0.000000	-7878.065918	-93243.921875	1.000000
0.000000	-630.129883	1025.185791	1.000000
0.000000	-113.000572	379.627441	1.000000
0.000000	429.050446	-107.036552	1.000000
0.000000	61.887112	445.375671	1.000000
0.000000	-42978.738281	-77655.195312	1.000000
0.000000	220.814438	-1154.970947	1.000000
0.000000	38.976471	413.021790	1.000000
0.000000	-133.318466	-98.835442	1.000000
0.000000	-468.585938	814.735229	1.000000
0.000000	465.084564	-8.382302	1.000000
0.000000	240.954803	1100.327759	1.000000
0.000000	-228.339111	251.266220	1.000000
0.000000	324.161346	575.974304	1.000000
0.000000	-11098.407227	547.426208	1.000000
0.000000	28171368.000000	16549397.000000	1.000000
0.000000	373.393829	-709.815186	1.000000
0.000000	-32735.953125	266710.000000	1.000000
0.000000	-328.883545	2.729194	1.000000
0.000000	1565.411377	2619.905273	1.000000
0.000000	4446.209473	10702.477539	1.000000
0.000000	-48425.335938	-126250.796875	1.000000
0.000000	-31.176004	-561.756714	1.000000
0.000000	1929694.125000	165290.921875	1.000000
0.000000	-180019.765625	-177937.812500	1.000000
0.000000	-70286.367188	13682.661133	1.000000
0.000000	323.017609	-196.520935	1.000000
0.000000	-131140.531250	15054.871094	1.000000
0.000000	-1158.078735	278.442566	1.000000
0.000000	-1387.401245	925.883423	1.000000
0.000000	-1211.630615	1262.485229	1.000000
0.000000	49282.644531	57646.218750	1.000000
0.000000	83800.648438	3624.618408	1.000000
0.000000	1149.327271	-373.479492	1.000000
0.000000	-439.731415	-318.031586	1.000000
0.000000	-1589278.625000	-1200867.375000	1.000000
0.000000	-362.614929	168.288864	1.000000
0.000000	2590553.750000	19451.128906	1.000000
0.000000	168.350952	-272.112091	1.000000
0.000000	-10504.035156	13271.708984	1.000000
0.000000	1826645.375000	135328.796875	1.000000
0.000000	-1554.057983	886.245850	1.000000
0.000000	360.092743	70.367500	1.000000
0.000000	426.093079	-80.630264	1.000000
0.000000	374.839539	906.040955	1.000000
0.000000	-10681.358398	7484.923340	1.000000
0.000000	-462.565186	178.979767	1.000000
0.000000	27337.513672	25990.558594	1.000000
0.000000	140.957306	356.793732	1.000000
0.000000	277.168549	589.579041	1.000000
0.000000	-134.249115	-9032.642578	1.000000
0.000000	-5692.366699	9775.185547	1.000000
0.000000	459209.656250	25515.531250	1.000000
0.000000	-1101.041748	1131.544434	1.000000
0.000000	2250.433594	-5206.101074	1.000000
0.000000	3488.853027	-2180.791748	1.000000
0.000000	190.297516	148.108383	1.000000
0.000000	301.487396	226.653381	1.000000
0.000000	927.188843	-821.270996	1.000000
0.000000	1218.037231	11640.346680	1.000000
0.000000	17952.496094	-23803.064453	1.000000
0.000000	409.731781	-23.256187	1.000000
0.000000	-8.261025	-298.608490	1.000000
0.000000	1072.476807	1224.661865	1.000000
0.000000	500.569275	-47.950695	1.000000
0.000000	121.147850	259.593170	1.000000
0.000000	-1350.917480	159.798798	1.000000
0.000000	75396.828125	-7399.052734	1.000000
0.000000	105.341942	488.140198	1.000000
0.000000	-121.561142	-720.712036	1.000000
0.000000	1173.047607	-9512.332031	1.000000
0.000000	320.236420	363.719666	1.000000
0.000000	304.203064	275.761749	1.000000
0.000000	-3822.495361	-4527.531738	1.000000
0.000000	599.412231	246.640732	1.000000
0.000000	-2098.453613	-3019.994385	1.000000
0.000000	42.422512	350.374084	1.000000
0.000000	22257.218750	39179.375000	1.000000
0.000000	435.959198	-23.616365	1.000000
0.000000	970.426086	-548.362854	1.000000
0.000000	1326.524170	743.299255	1.000000
0.000000	-323.289703	719.257080	1.000000
0.000000	195.306290	-381.196014	1.000000
0.000000	9627.272461	4771.066895	1.000000
0.000000	-92638.750000	-330267.406250	1.000000
0.000000	8069.978027	16952.468750	1.000000
0.000000	265.545593	-250.004288	1.000000
0.000000	3426.852783	-833.013916	1.000000
0.000000	-423294.250000	-82015.281250	1.000000
0.000000	-44105600.000000	-10494824.000000	1.000000
0.000000	6061.139648	-4509.574707	1.000000
0.000000	-320.113983	233.950348	1.000000
0.000000	1099.867432	-1654.480347	1.000000
0.000000	5787.458008	304.338135	1.000000
0.000000	-339.240051	-130.751999	1.000000
0.000000	-567.155579	1012.541870	1.000000
0.000000	-18766.814453	-12.687070	1.000000
0.000000	-711.795227	-159.310379	1.000000
0.000000	308.169891	-429.897186	1.000000
0.000000	14621.919922	-11006.448242	1.000000
