0.000000	31600.042969	455716.562500	1.000000
0.000000	214952.781250	175113.609375	1.000000
0.000000	1165.254883	-12636.184570	1.000000
0.000000	-663.338318	650.772522	1.000000
0.000000	16899.708984	27537.992188	1.000000
0.000000	-13832.700195	786.717346	1.000000
0.000000	-810.313782	-2392.415771	1.000000
0.000000	-595097.437500	1523932.125000	1.000000
0.000000	3500.923096	-2324.360352	1.000000
0.000000	9292453.000000	3386659.750000	1.000000
0.000000	78697400.000000	19959642.000000	1.000000
0.000000	-141.015320	-148.515076	1.000000
0.000000	-229.039673	-26.073822	1.000000
0.000000	97.686470	-104.568253	1.000000
0.000000	-73337376.000000	-31090268.000000	1.000000
0.000000	613.894226	-4586.724121	1.000000
0.000000	342.004883	-273.464905	1.000000
0.000000	-6098.338379	7686.240234	1.000000
0.000000	-987.662781	355.893463	1.000000
0.000000	-255.710464	156.484604	1.000000
0.000000	891.935852	7873.620117	1.000000
0.000000	10121.152344	84972.804688	1.000000
0.000000	-20.770033	685.853149	1.000000
0.000000	130.294708	185.603943	1.000000
0.000000	-207205.015625	-53238.496094	1.000000
0.000000	276.466095	-69.763443	1.000000
0.000000	10390.485352	35517.824219	1.000000
0.000000	-3792.356689	11607.193359	1.000000
0.000000	288.181458	-113.051430	1.000000
0.000000	-61610.000000	-273296.843750	1.000000
0.000000	5255.164062	-9013.884766	1.000000
0.000000	4746.417969	872.499146	1.000000
0.000000	-137.331177	408.898285	1.000000
0.000000	-436.189270	-301.321991	1.000000
0.000000	-132.451126	52.927921	1.000000
0.000000	4737.313477	2723.877686	1.000000
0.000000	138.028351	-16.656858	1.000000
0.000000	-5632.769043	-1418.344360	1.000000
0.000000	-246321.859375	-73603.437500	1.000000
0.000000	-46844.089844	-6077.131348	1.000000
0.000000	360.035675	1.731432	1.000000
0.000000	459.749207	126.010735	1.000000
0.000000	-0.603030	99.462555	1.000000
0.099335	-20.156624	-11.905789	1.000000
0.000000	30.565847	97.623589	1.000000
0.000000	-508.248016	-401.148346	1.000000
0.000000	-4194.706055	3433.574219	1.000000
0.000000	-748.321167	315.543549	1.000000
0.000000	-81.661057	-121.863792	1.000000
0.000000	-118.756989	-52.579319	1.000000
0.000000	6901.737793	6294.784180	1.000000
0.000000	-792.200745	1811.154175	1.000000
0.000000	106.736473	1463.499268	1.000000
0.000000	-3314.970947	-11764.899414	1.000000
0.000000	169.059265	-93.880249	1.000000
0.249508	-19.489101	-126.574356	1.000000
0.000000	-11.090768	122.681152	1.000000
0.000000	29405522.000000	-21550876.000000	1.000000
0.000000	-440.370911	1578.328247	1.000000
0.000000	591.387207	413.827606	1.000000
0.000000	1785.975952	26364.220703	1.000000
0.000000	3209.657715	-1518.024658	1.000000
0.249508	-15.784212	-129.779770	1.000000
0.000000	84.049896	-241.563354	1.000000
0.000000	5473.937012	-2788.048828	1.000000
0.000000	401006.875000	-1051564.750000	1.000000
0.000000	40330.054688	142641.437500	1.000000
0.000000	899154304.000000	-490293056.000000	1.000000
0.000000	5209.629883	-14762.105469	1.000000
0.000000	-11819835.000000	-661487.562500	1.000000
0.000000	10538.620117	-15240.110352	1.000000
0.000000	23.136379	-221.096313	1.000000
0.000000	-160.697784	-672.702454	1.000000
0.000000	-650.382324	927.198486	1.000000
0.000000	424515.812500	2527.378174	1.000000
0.000000	-9200.595703	10673.942383	1.000000
0.000000	-31.060015	574.795349	1.000000
0.000000	45.529568	-137.776077	1.000000
0.000000	3407.362793	-13138.889648	1.000000
0.000000	-935690816.000000	516809408.000000	1.000000
0.000000	1333545.500000	80103.953125	1.000000
0.000000	370550.562500	-121708.718750	1.000000
0.000000	282656.375000	227348.937500	1.000000
0.000000	25036.623047	-23207.371094	1.000000
0.000000	2203343.750000	933851.312500	1.000000
0.144496	-74.607040	89.193779	1.000000
0.000000	234.328827	1.658322	1.000000
0.000000	-3261.376221	-487.232666	1.000000
0.000000	-1653.249146	1568.315796	1.000000
0.000000	28.704077	143.879410	1.000000
0.000000	50.989246	100.215546	1.000000
0.000000	-1065.913208	1140.619507	1.000000
0.000000	783.547913	-105.144119	1.000000
0.000000	200.382034	-332.857758	1.000000
0.000000	-4355021.000000	2416277.250000	1.000000
0.000000	973.540405	535.519104	1.000000
0.000000	27.335503	-88032.046875	1.000000
0.000000	1711789.125000	-2028472.500000	1.000000
0.000000	783.472412	-1662.803223	1.000000
0.000000	-389.854126	-5214.917480	1.000000
0.000000	691415.187500	-227293.937500	1.000000
0.000000	12310197.000000	-6573529.500000	1.000000
0.000000	-21908.896484	-21356.515625	1.000000
0.000000	170528.921875	-24435.601562	1.000000
0.000000	92.206635	47.614365	1.000000
0.000000	139.313675	12.966848	1.000000
0.000000	772.981506	-1749.613525	1.000000
0.000000	-45.544632	-123.555153	1.000000
0.000000	49.389191	-121.503372	1.000000
0.000000	-837.465210	918.520081	1.000000
0.000000	-57.340019	-3151.052002	1.000000
0.000000	-53706.421875	119833.890625	1.000000
0.000000	37.259148	101.672836	1.000000
0.000000	-197.886765	-13.897842	1.000000
0.000000	-285.842499	-1120.388062	1.000000
0.000000	-64750.847656	15627.933594	1.000000
0.000000	2386.802002	632.007874	1.000000
0.000000	55657.597656	149483.046875	1.000000
0.000000	-13079.516602	6653.041992	1.000000
0.000000	-41654.925781	-29879.667969	1.000000
0.000000	-8588.368164	13720.083984	1.000000
0.000000	160.371094	271.828125	1.000000
0.000000	-190.414383	60.152885	1.000000
0.000000	1436.395752	3291.732178	1.000000
0.000000	472.995880	-371.960480	1.000000
0.000000	2029.323730	247.058960	1.000000
0.000000	534.240967	-374.360107	1.000000
0.000000	14026.496094	-14077.257812	1.000000
0.000000	-158.997971	-48.384979	1.000000
0.000000	-1103.721924	1677.600952	1.000000
0.000000	111.929779	139.442551	1.000000
0.000000	-13502.905273	-2946.250732	1.000000
0.000000	-28559.066406	-61381.750000	1.000000
0.000000	1607.211670	7912.624023	1.000000
0.000000	-2632.903809	1980.663574	1.000000
0.000000	-61.586933	-81.568260	1.000000
0.000000	178.752457	336.242188	1.000000
0.000000	-3931.055908	-16167.829102	1.000000
0.000000	599.526794	-75.612892	1.000000
0.000000	-8608.988281	12919.011719	1.000000
0.000000	-948.186523	-3012.501465	1.000000
0.000000	961.374207	397.883759	1.000000
0.000000	116.583084	-216.766357	1.000000
0.000000	-5819.330566	-20538.521484	1.000000
0.000000	-7.318407	-147.549332	1.000000
0.000000	22562.753906	-24426.158203	1.000000
0.000000	-181.168930	-45.850395	1.000000
0.000000	-3300464.250000	1376390.750000	1.000000
0.000000	-17927.326172	-1095.842896	1.000000
0.000000	16.465279	417.183594	1.000000
0.000000	99.447594	-176.544678	1.000000
0.000000	6627.452637	2871.626953	1.000000
0.000000	-26300.537109	-23420.457031	1.000000
0.000000	-586712.625000	317351.093750	1.000000
0.000000	-108536.234375	249252.453125	1.000000
0.000000	38206.351562	-56191.003906	1.000000
0.000000	484.900604	-1585.938599	1.000000
0.000000	35.734169	11.738800	1.000000
0.000000	-179.351959	-598.316895	1.000000
0.000000	-338.978882	508.817719	1.000000
0.000000	4112436.000000	2116301.500000	1.000000
0.000000	-4.225815	175.791397	1.000000
0.000000	-45205.785156	75793.093750	1.000000
0.000000	543.520813	1616.086914	1.000000
0.000000	4658.875488	12609.260742	1.000000
0.000000	636.957947	1786.000000	1.000000
0.000000	-43972.363281	2235.434326	1.000000
0.000000	245894.078125	-842228.687500	1.000000
0.000000	-64.037643	-65.069611	1.000000
0.132214	268.950897	-143.277008	1.000000
0.000000	-33051.589844	-139838.265625	1.000000
0.000000	-14277.833008	-13732.812500	1.000000
0.000000	-202.941299	-73.093178	1.000000
0.000000	-323373.906250	730136.875000	1.000000
0.000000	-31516.097656	-19762.460938	1.000000
0.000000	-261.485443	-1001.794067	1.000000
0.000000	99.218414	-182.916183	1.000000
0.000000	-3800.814941	-12722.662109	1.000000
0.000000	40.177567	-146.911911	1.000000
0.000000	3147.768555	3168.903320	1.000000
0.000000	-56.738956	342.649445	1.000000
0.000000	799403.312500	-982912.687500	1.000000
0.000000	-202.963043	377.954956	1.000000
0.000000	-3452.992432	-2040.018921	1.000000
0.000000	11.025572	2721.683838	1.000000
0.000000	-189.069885	170.809067	1.000000
0.000000	19944.083984	10385.453125	1.000000
0.000000	-106.619217	616.457947	1.000000
0.000000	-3191.015137	-1856.303833	1.000000
0.000000	65043.621094	112490.226562	1.000000
0.000000	131.022324	92.308533	1.000000
0.000000	484892.843750	100638.203125	1.000000
0.000000	-109.582741	105.467171	1.000000
0.000000	79.820412	109.171654	1.000000
0.000000	288.241180	-65.268066	1.000000
0.000000	-106.677223	-84.179916	1.000000
0.000000	-52494.511719	-3177.348877	1.000000
0.000000	11300.247070	1221.607788	1.000000
0.000000	-127.605011	-5.560172	1.000000
0.000000	-104.402016	1899.386719	1.000000
0.000000	-7863.832520	-92970.640625	1.000000
0.000000	-455.472565	1258.613525	1.000000
0.000000	76.252045	161.821335	1.000000
0.104361	149.238693	-21.613085	1.000000
0.000000	49.246712	153.271393	1.000000
0.000000	-42751.003906	-77837.382812	1.000000
0.000000	448.712982	-972.883423	1.000000
0.000000	-112.746452	164.115234	1.000000
0.000000	-2.872604	-359.489532	1.000000
0.000000	-441.898315	524.373901	1.000000
0.000000	261.369049	200.129913	1.000000
0.000000	171.655945	817.083130	1.000000
0.000000	-91.953613	-6.357097	1.000000
0.000000	89.366089	403.282379	1.000000
0.000000	-10808.045898	568.776306	1.000000
0.000000	28171368.000000	16549397.000000	1.000000
0.000000	176.830856	-494.535065	1.000000
0.000000	-32849.820312	266892.187500	1.000000
0.000000	-37.466503	10.135248	1.000000
0.000000	1322.731934	2780.742676	1.000000
0.000000	4730.877441	10634.157227	1.000000
0.000000	-48721.390625	-126250.796875	1.000000
0.000000	224.750580	-422.269379	1.000000
0.000000	1929694.125000	165108.734375	1.000000
0.000000	-180293.046875	-177937.812500	1.000000
0.000000	-70058.632812	13847.768555	1.000000
0.000000	149.877075	32.782219	1.000000
0.000000	-131049.437500	14775.896484	1.000000
0.000000	-898.147034	146.605713	1.000000
0.000000	-1204.502075	1152.752075	1.000000
0.000000	-1136.193604	980.718628	1.000000
0.000000	49214.324219	57372.937500	1.000000
0.000000	84028.382812	3799.689209	1.000000
0.000000	871.580872	-462.082397	1.000000
0.000000	-180.657684	-184.463211	1.000000
0.000000	-1589278.625000	-1200867.375000	1.000000
0.548747	-81.265266	91.615425	1.000000
0.000000	2590553.750000	19189.234375	1.000000
0.000000	68.756439	-0.016076	1.000000
0.000000	-10333.234375	13032.587891	1.000000
0.000000	1826645.375000	135510.984375	1.000000
0.000000	-1587.506470	596.596191	1.000000
0.000000	76.945824	5.438947	1.000000
0.000000	185.382767	76.425079	1.000000
0.000000	607.555603	1081.584106	1.000000
0.000000	-10482.090820	7271.422363	1.000000
0.000000	-176.829727	121.250748	1.000000
0.000000	27326.126953	25694.503906	1.000000
0.000000	-71.829315	157.526169	1.000000
0.000000	264.002655	298.375519	1.000000
0.000000	149.321106	-9100.962891	1.000000
0.000000	-5402.005371	9769.492188	1.000000
0.000000	459027.468750	25731.878906	1.000000
0.000000	-827.760437	1030.487305	1.000000
0.000000	2015.680664	-5379.748535	1.000000
0.000000	3483.159668	-1889.007080	1.000000
0.000000	30.860897	-95.914368	1.000000
0.000000	52.211483	75.586006	1.000000
0.000000	1052.717041	-558.308960	1.000000
0.000000	1184.588745	11930.708008	1.000000
0.000000	18237.164062	-23746.130859	1.000000
0.000000	119.014603	-2.065297	1.000000
0.099335	-23.515656	-9.543379	1.000000
0.000000	1314.444580	1062.401123	1.000000
0.000000	209.140457	-40.500401	1.000000
0.938943	72.774391	-26.877785	1.000000
0.000000	-1628.468750	70.900459	1.000000
0.000000	75123.546875	-7430.366211	1.000000
0.000000	27.726055	207.193054	1.000000
0.000000	-413.031006	-720.712036	1.000000
0.000000	1191.551025	-9802.693359	1.000000
0.000000	143.976746	131.537354	1.000000
0.000000	81.866661	87.248848	1.000000
0.000000	-3956.289307	-4786.579590	1.000000
0.000000	311.897552	199.136765	1.000000
0.000000	-1864.468140	-2846.346924	1.000000
0.462162	-78.285126	88.118347	1.000000
0.000000	22211.671875	38883.320312	1.000000
0.104361	145.691162	-24.283932	1.000000
0.000000	678.997253	-553.344543	1.000000
0.000000	1074.593018	596.695251	1.000000
0.000000	-311.191315	428.132874	1.000000
0.000000	11.429692	-155.023193	1.000000
0.000000	9479.245117	5021.574707	1.000000
0.000000	-92775.390625	-330085.218750	1.000000
0.000000	7779.616699	16941.082031	1.000000
0.938943	77.445969	-27.262407	1.000000
0.000000	3331.489014	-1108.676636	1.000000
0.000000	-423476.437500	-81787.546875	1.000000
0.000000	-44105600.000000	-10494824.000000	1.000000
0.000000	5930.192383	-4768.622559	1.000000
0.000000	-209.489532	-35.709152	1.000000
0.000000	844.377930	-1794.679321	1.000000
0.000000	6015.192383	485.458130	1.000000
0.000000	-68.627586	-22.364464	1.000000
0.000000	-276.082581	1026.775269	1.000000
0.000000	-18812.361328	275.116577	1.000000
0.000000	-420.366394	-151.215134	1.000000
0.132214	271.862030	-140.974411	1.000000
0.000000	14354.332031	-11120.315430	1.000000
