0.000000	31451.957031	455855.937500	1.000000
0.000000	215022.468750	175322.671875	1.000000
0.000000	1198.465332	-12858.313477	1.000000
0.000000	-440.392761	647.505920	1.000000
0.000000	16882.287109	27311.507812	1.000000
0.000000	-13614.926758	736.357239	1.000000
0.000000	-610.234436	-2490.413818	1.000000
0.000000	-595376.187500	1523932.125000	1.000000
0.000000	3615.254150	-2132.719727	1.000000
0.000000	9292453.000000	3386659.750000	1.000000
0.000000	78697400.000000	19959642.000000	1.000000
0.000000	-356.202698	-206.905579	1.000000
0.000000	-334.642395	170.350037	1.000000
0.000000	89.485939	-327.420380	1.000000
0.000000	-73337376.000000	-31090268.000000	1.000000
0.000000	807.984802	-4477.837402	1.000000
0.000000	394.270508	-490.285583	1.000000
0.000000	-6213.758301	7877.880859	1.000000
0.000000	-987.118347	132.910339	1.000000
0.000000	-332.203644	365.955414	1.000000
0.000000	939.846008	8091.393555	1.000000
0.000000	10321.503906	85077.335938	1.000000
0.000000	-63.914181	904.715454	1.000000
0.000000	293.538422	37.218552	1.000000
0.000000	-207065.640625	-53395.292969	1.000000
0.000000	498.731110	-52.307541	1.000000
0.000000	10386.129883	35291.339844	1.000000
0.000000	-4011.218994	11563.638672	1.000000
0.000000	483.088684	-221.393707	1.000000
0.000000	-61383.515625	-273296.843750	1.000000
0.000000	5122.322266	-8835.310547	1.000000
0.000000	4962.013672	927.486938	1.000000
0.000000	-342.990967	495.191010	1.000000
0.000000	-599.310364	-149.336685	1.000000
0.000000	-306.718109	-86.188370	1.000000
0.000000	4939.842773	2816.431396	1.000000
0.000000	-69.364525	-98.626549	1.000000
0.000000	-5804.810059	-1559.352661	1.000000
0.000000	-246252.171875	-73812.500000	1.000000
0.000000	-46669.871094	-6212.150879	1.000000
0.000000	531.956360	143.721359	1.000000
0.000000	588.562927	-55.989613	1.000000
0.000000	-2.605365	322.451538	1.000000
0.000000	-118.498146	-211.671829	1.000000
0.000000	58.281361	318.891815	1.000000
0.000000	-592.362976	-194.651688	1.000000
0.000000	-4011.776367	3306.176758	1.000000
0.000000	-874.901978	499.153778	1.000000
0.000000	-130.728134	-339.365967	1.000000
0.000000	-336.980103	-98.447853	1.000000
0.000000	7123.866699	6270.829102	1.000000
0.000000	-913.881653	1624.413452	1.000000
0.000000	-20.011791	1280.025146	1.000000
0.000000	-3444.546143	-11581.969727	1.000000
0.000000	376.781372	-13.123104	1.000000
0.000000	-14.529608	-347.859985	1.000000
0.000000	211.782242	114.957001	1.000000
0.000000	29405522.000000	-21550876.000000	1.000000
0.000000	-620.033997	1710.081177	1.000000
0.000000	444.599884	581.705750	1.000000
0.000000	1671.100464	26172.580078	1.000000
0.000000	3294.589355	-1724.364990	1.000000
0.000000	-132.562561	-321.079834	1.000000
0.000000	204.369720	-429.262054	1.000000
0.000000	5336.739746	-2963.356445	1.000000
0.000000	401146.250000	-1051564.750000	1.000000
0.000000	40138.414062	142502.062500	1.000000
0.000000	899154304.000000	-490293056.000000	1.000000
0.000000	5065.899414	-14931.968750	1.000000
0.000000	-11819835.000000	-661208.812500	1.000000
0.000000	10651.862305	-15048.469727	1.000000
0.000000	-42.740505	-434.117096	1.000000
0.000000	-329.025330	-818.882874	1.000000
0.000000	-427.488403	919.576416	1.000000
0.000000	424237.062500	2471.845947	1.000000
0.000000	-9418.369141	10621.676758	1.000000
0.000000	-247.527771	521.168640	1.000000
0.000000	25.998013	-359.904999	1.000000
0.000000	3429.140137	-13361.018555	1.000000
0.000000	-935690816.000000	516809408.000000	1.000000
0.000000	1333545.500000	80313.015625	1.000000
0.000000	370829.312500	-121743.562500	1.000000
0.000000	282377.625000	227418.625000	1.000000
0.000000	24836.271484	-23102.839844	1.000000
0.000000	2203343.750000	933572.562500	1.000000
0.000000	-189.852463	280.803955	1.000000
0.000000	18.188240	-49.464024	1.000000
0.000000	-3122.001221	-313.013916	1.000000
0.000000	-1679.381958	1789.900269	1.000000
0.000000	131.533691	341.781006	1.000000
0.000000	-6.301035	-115.302620	1.000000
0.000000	-1280.964478	1081.820679	1.000000
0.000000	971.921936	-224.572723	1.000000
0.000000	249.993546	-115.448654	1.000000
0.000000	-4355021.000000	2416277.250000	1.000000
0.000000	1166.341064	647.400208	1.000000
0.000000	-190.909500	-88066.890625	1.000000
0.000000	1711789.125000	-2028472.500000	1.000000
0.000000	825.121582	-1443.940918	1.000000
0.000000	-206.516113	-5341.226074	1.000000
0.000000	691415.187500	-227503.000000	1.000000
0.000000	12310197.000000	-6573529.500000	1.000000
0.000000	-21961.162109	-21574.289062	1.000000
0.000000	170737.984375	-24566.265625	1.000000
0.000000	-4.042740	245.107285	1.000000
0.000000	353.309540	-52.999443	1.000000
0.000000	557.113586	-1805.145752	1.000000
0.000000	-192.267334	-291.511993	1.000000
0.000000	130.544891	-329.204803	1.000000
0.000000	-901.436157	1132.072388	1.000000
0.000000	-273.542175	-3096.608643	1.000000
0.000000	-53932.906250	119833.890625	1.000000
0.000000	111.846756	307.302917	1.000000
0.000000	-413.658356	42.630924	1.000000
0.000000	-71.385269	-1059.411499	1.000000
0.000000	-64559.207031	15505.980469	1.000000
0.000000	2453.222900	844.881409	1.000000
0.000000	55831.816406	149622.421875	1.000000
0.000000	-13292.934570	6583.354492	1.000000
0.000000	-41829.144531	-29749.003906	1.000000
0.000000	-8405.438477	13846.392578	1.000000
0.000000	361.811523	367.376221	1.000000
0.000000	-354.670044	211.029037	1.000000
0.000000	1597.003662	3137.113037	1.000000
0.000000	688.319336	-430.078766	1.000000
0.000000	1886.137695	76.164543	1.000000
0.000000	577.795654	-593.035828	1.000000
0.000000	13978.585938	-14295.031250	1.000000
0.000000	-349.141418	-164.846695	1.000000
0.000000	-1188.109131	1471.260620	1.000000
0.000000	271.312714	295.422760	1.000000
0.000000	-13285.131836	-2995.249756	1.000000
0.000000	-28698.441406	-61555.968750	1.000000
0.000000	1729.164795	8099.909180	1.000000
0.000000	-2496.795410	1804.267090	1.000000
0.000000	142.462738	-171.535904	1.000000
0.000000	35.509918	171.939423	1.000000
0.000000	-3789.503174	-15993.610352	1.000000
0.000000	813.761414	-13.379694	1.000000
0.000000	-8831.117188	12936.433594	1.000000
0.000000	-880.948975	-3224.830566	1.000000
0.000000	937.146912	619.538269	1.000000
0.000000	334.492645	-264.075623	1.000000
0.000000	-5599.379395	-20503.677734	1.000000
0.000000	4.412425	-370.222687	1.000000
0.000000	22501.777344	-24643.931641	1.000000
0.000000	-331.534821	-210.543442	1.000000
0.000000	-3300464.250000	1376390.750000	1.000000
0.000000	-18005.724609	-1303.816528	1.000000
0.000000	-77.327995	619.440674	1.000000
0.000000	173.775848	-386.806427	1.000000
0.000000	6699.317871	2660.386719	1.000000
0.000000	-26091.474609	-23350.769531	1.000000
0.000000	-586712.625000	317490.468750	1.000000
0.000000	-108536.234375	249043.390625	1.000000
0.000000	37979.867188	-56191.003906	1.000000
0.000000	629.175537	-1755.801880	1.000000
0.000000	142.855972	207.326462	1.000000
0.000000	-230.324554	-381.278137	1.000000
0.000000	-399.819336	723.324585	1.000000
0.000000	4112436.000000	2116301.500000	1.000000
0.000000	211.648819	219.703629	1.000000
0.000000	-45292.894531	76002.156250	1.000000
0.000000	744.689026	1712.451660	1.000000
0.000000	4874.471191	12552.639648	1.000000
0.000000	614.908386	1563.871094	1.000000
0.000000	-44129.160156	2398.764404	1.000000
0.000000	245685.015625	-842228.687500	1.000000
0.000000	-265.761078	-160.095810	1.000000
0.000000	488.310638	-126.755669	1.000000
0.000000	-32964.480469	-140047.328125	1.000000
0.000000	-14351.875977	-13523.750000	1.000000
0.000000	-425.630859	-84.390175	1.000000
0.000000	-323652.656250	730136.875000	1.000000
0.000000	-31324.457031	-19649.218750	1.000000
0.000000	-463.061981	-1097.069946	1.000000
0.000000	159.462631	-397.582306	1.000000
0.000000	-3587.396973	-12787.994141	1.000000
0.000000	104.665207	-360.364655	1.000000
0.000000	3214.189453	2956.574219	1.000000
0.000000	49.083885	150.017654	1.000000
0.000000	799124.562500	-982912.687500	1.000000
0.000000	-422.897797	415.112549	1.000000
0.000000	-3239.574463	-2103.173096	1.000000
0.000000	-35.837414	2939.457275	1.000000
0.000000	-346.411194	328.867584	1.000000
0.000000	19830.841797	10577.093750	1.000000
0.000000	113.171265	578.892029	1.000000
0.000000	-3403.344238	-1925.991333	1.000000
0.000000	65113.308594	112699.289062	1.000000
0.000000	297.333710	240.483917	1.000000
0.000000	484892.843750	100847.265625	1.000000
0.000000	-270.871185	259.472290	1.000000
0.000000	79.716972	332.277222	1.000000
0.000000	326.487640	154.420349	1.000000
0.000000	-329.214478	-98.369217	1.000000
0.000000	-52407.402344	-2974.819580	1.000000
0.000000	11417.844727	1411.070679	1.000000
0.000000	-68.062080	-221.462708	1.000000
0.000000	25.815983	1718.090332	1.000000
0.000000	-7874.721191	-93179.703125	1.000000
0.000000	-589.073364	1080.039307	1.000000
0.000000	-67.742241	328.202271	1.000000
0.000000	363.577423	-86.895027	1.000000
0.000000	58.134747	376.976013	1.000000
0.000000	-42925.222656	-77698.007812	1.000000
0.000000	274.358124	-1112.158447	1.000000
0.000000	3.322056	354.530884	1.000000
0.000000	-102.663765	-160.090729	1.000000
0.000000	-462.314575	746.502808	1.000000
0.000000	417.213165	40.613365	1.000000
0.000000	224.670166	1033.767700	1.000000
0.000000	-196.292450	190.726669	1.000000
0.000000	268.973358	535.419495	1.000000
0.000000	-11030.174805	552.443298	1.000000
0.000000	28171368.000000	16549397.000000	1.000000
0.000000	327.194794	-659.226196	1.000000
0.000000	-32762.710938	266752.812500	1.000000
0.000000	-260.400269	4.469736	1.000000
0.000000	1508.383789	2657.700684	1.000000
0.000000	4513.104004	10686.422852	1.000000
0.000000	-48494.906250	-126250.796875	1.000000
0.000000	28.961697	-528.978394	1.000000
0.000000	1929694.125000	165248.109375	1.000000
0.000000	-180083.984375	-177937.812500	1.000000
0.000000	-70232.851562	13721.459961	1.000000
0.000000	281.835663	-141.792847	1.000000
0.000000	-131119.125000	14989.314453	1.000000
0.000000	-1097.037476	247.462036	1.000000
0.000000	-1344.421509	979.148193	1.000000
0.000000	-1193.903564	1196.259644	1.000000
0.000000	49266.589844	57582.000000	1.000000
0.000000	83854.164062	3665.758545	1.000000
0.000000	1084.105103	-394.300415	1.000000
0.000000	-378.857391	-286.632965	1.000000
0.000000	-1589278.625000	-1200867.375000	1.000000
0.000000	-296.514771	150.290054	1.000000
0.000000	2590553.750000	19389.585938	1.000000
0.000000	144.561584	-207.877670	1.000000
0.000000	-10463.898438	13215.517578	1.000000
0.000000	1826645.375000	135371.609375	1.000000
0.000000	-1561.918091	818.180664	1.000000
0.000000	293.323639	55.083229	1.000000
0.000000	369.107300	-42.604904	1.000000
0.000000	429.525818	947.264709	1.000000
0.000000	-10634.532227	7434.752441	1.000000
0.000000	-395.419800	165.412720	1.000000
0.000000	27334.837891	25920.988281	1.000000
0.000000	90.953651	309.967560	1.000000
0.000000	274.074677	521.179382	1.000000
0.000000	-67.614906	-9048.697266	1.000000
0.000000	-5624.134277	9773.847656	1.000000
0.000000	459166.843750	25566.371094	1.000000
0.000000	-1036.822998	1107.796875	1.000000
0.000000	2195.245605	-5246.906738	1.000000
0.000000	3487.515137	-2112.224854	1.000000
0.000000	152.836578	90.767227	1.000000
0.000000	242.912872	191.157471	1.000000
0.000000	956.706055	-759.477173	1.000000
0.000000	1210.177124	11708.579102	1.000000
0.000000	18019.390625	-23789.685547	1.000000
0.000000	341.415741	-18.275681	1.000000
0.000000	-12.098315	-230.208832	1.000000
0.000000	1129.337158	1186.531982	1.000000
0.000000	432.085999	-46.199940	1.000000
0.000000	110.162514	191.987869	1.000000
0.000000	-1416.139648	138.915161	1.000000
0.000000	75332.609375	-7406.411133	1.000000
0.000000	87.102730	422.123657	1.000000
0.000000	-190.065323	-720.712036	1.000000
0.000000	1177.395752	-9580.564453	1.000000
0.000000	278.803619	309.158813	1.000000
0.000000	251.943329	231.455704	1.000000
0.000000	-3853.935791	-4588.405762	1.000000
0.000000	531.848755	235.477707	1.000000
0.000000	-2043.586792	-2979.188721	1.000000
0.000000	13.553229	288.245789	1.000000
0.000000	22246.515625	39109.804688	1.000000
0.000000	367.475922	-23.841089	1.000000
0.000000	901.942810	-549.533508	1.000000
0.000000	1267.322510	708.848572	1.000000
0.000000	-320.446686	650.857422	1.000000
0.000000	152.096603	-328.056671	1.000000
0.000000	9592.487305	4829.934082	1.000000
0.000000	-92670.859375	-330224.593750	1.000000
0.000000	8001.745605	16949.792969	1.000000
0.000000	221.353394	-197.659317	1.000000
0.000000	3404.443115	-897.817993	1.000000
0.000000	-423337.062500	-81961.765625	1.000000
0.000000	-44105600.000000	-10494824.000000	1.000000
0.000000	6030.368164	-4570.448730	1.000000
0.000000	-294.108734	170.567780	1.000000
0.000000	1039.829590	-1687.425903	1.000000
0.000000	5840.973633	346.899780	1.000000
0.000000	-275.648438	-105.280952	1.000000
0.000000	-498.755920	1015.886597	1.000000
0.000000	-18777.517578	54.944748	1.000000
0.000000	-643.311951	-157.408066	1.000000
0.000000	300.351593	-361.832001	1.000000
0.000000	14559.039062	-11033.206055	1.000000
