0.000000	31515.375000	455796.250000	1.000000
0.000000	214992.625000	175233.140625	1.000000
0.000000	1184.242920	-12763.186523	1.000000
0.000000	-535.869446	648.904846	1.000000
0.000000	16889.748047	27408.500000	1.000000
0.000000	-13708.188477	757.924011	1.000000
0.000000	-695.918640	-2448.446045	1.000000
0.000000	-595256.812500	1523932.125000	1.000000
0.000000	3566.291748	-2214.790039	1.000000
0.000000	9292453.000000	3386659.750000	1.000000
0.000000	78697400.000000	19959642.000000	1.000000
0.000000	-264.048462	-181.899780	1.000000
0.000000	-289.410461	86.232391	1.000000
0.000000	92.997826	-231.994644	1.000000
0.000000	-73337376.000000	-31090268.000000	1.000000
0.000000	724.865295	-4524.468262	1.000000
0.000000	371.887695	-397.431885	1.000000
0.000000	-6164.329590	7795.810547	1.000000
0.000000	-987.351501	228.416168	1.000000
0.000000	-299.445465	276.249298	1.000000
0.000000	919.328430	7998.131836	1.000000
0.000000	10235.703125	85032.570312	1.000000
0.000000	-45.436703	810.987427	1.000000
0.000000	222.254517	101.739883	1.000000
0.000000	-207125.328125	-53328.144531	1.000000
0.000000	403.545868	-59.783051	1.000000
0.000000	10387.995117	35388.332031	1.000000
0.000000	-3917.490967	11582.291016	1.000000
0.000000	399.619446	-174.996002	1.000000
0.000000	-61480.507812	-273296.843750	1.000000
0.000000	5179.211914	-8911.785156	1.000000
0.000000	4869.684570	903.938354	1.000000
0.000000	-254.916931	458.236053	1.000000
0.000000	-529.480652	-214.415878	1.000000
0.000000	-232.099411	-26.612875	1.000000
0.000000	4853.109375	2776.795166	1.000000
0.000000	19.452034	-63.522255	1.000000
0.000000	-5731.133301	-1498.965698	1.000000
0.000000	-246282.015625	-73722.968750	1.000000
0.000000	-46744.480469	-6154.328613	1.000000
0.000000	458.322113	82.915573	1.000000
0.000000	533.421936	21.950108	1.000000
0.000000	-1.747886	226.965988	1.000000
0.000000	-76.527428	-127.729279	1.000000
0.000000	46.412350	224.124390	1.000000
0.000000	-556.340637	-283.095673	1.000000
0.000000	-4090.116211	3360.734863	1.000000
0.000000	-820.693604	420.522491	1.000000
0.000000	-109.715103	-246.220825	1.000000
0.000000	-243.539642	-78.804604	1.000000
0.000000	7028.739746	6281.087891	1.000000
0.000000	-861.771667	1704.385376	1.000000
0.000000	34.266762	1358.598145	1.000000
0.000000	-3389.055420	-11660.309570	1.000000
0.000000	286.800659	-44.986160	1.000000
0.000000	-16.890295	-252.383301	1.000000
0.000000	116.334709	118.264877	1.000000
0.000000	29405522.000000	-21550876.000000	1.000000
0.000000	-543.093079	1653.657837	1.000000
0.000000	507.493256	509.779449	1.000000
0.000000	1720.296021	26254.650391	1.000000
0.000000	3258.217285	-1635.999512	1.000000
0.000000	-82.317802	-239.878052	1.000000
0.000000	152.842621	-348.882111	1.000000
0.000000	5395.494629	-2888.280762	1.000000
0.000000	401086.562500	-1051564.750000	1.000000
0.000000	40220.484375	142561.750000	1.000000
0.000000	899154304.000000	-490293056.000000	1.000000
0.000000	5127.452148	-14859.224609	1.000000
0.000000	-11819835.000000	-661328.187500	1.000000
0.000000	10603.366211	-15130.540039	1.000000
0.000000	-14.528834	-342.895477	1.000000
0.000000	-256.922363	-756.280945	1.000000
0.000000	-522.913452	922.840576	1.000000
0.000000	424356.437500	2495.627686	1.000000
0.000000	-9325.107422	10644.059570	1.000000
0.000000	-154.819794	544.134338	1.000000
0.000000	34.362423	-264.778046	1.000000
0.000000	3419.813965	-13265.891602	1.000000
0.000000	-935690816.000000	516809408.000000	1.000000
0.000000	1333545.500000	80223.484375	1.000000
0.000000	370709.937500	-121728.640625	1.000000
0.000000	282497.000000	227388.781250	1.000000
0.000000	24922.072266	-23147.605469	1.000000
0.000000	2203343.750000	933691.937500	1.000000
0.000000	-139.549423	199.628204	1.000000
0.000000	111.391129	-28.639843	1.000000
0.000000	-3181.688721	-387.623291	1.000000
0.000000	-1668.190552	1695.006470	1.000000
0.000000	87.496681	257.029419	1.000000
0.000000	18.234783	-23.005901	1.000000
0.000000	-1188.868530	1107.001343	1.000000
0.000000	891.250549	-173.424500	1.000000
0.000000	228.747360	-208.564651	1.000000
0.000000	-4355021.000000	2416277.250000	1.000000
0.000000	1083.804443	599.487000	1.000000
0.000000	-97.443771	-88051.968750	1.000000
0.000000	1711789.125000	-2028472.500000	1.000000
0.000000	807.285278	-1537.668945	1.000000
0.000000	-285.030823	-5287.134277	1.000000
0.000000	691415.187500	-227413.468750	1.000000
0.000000	12310197.000000	-6573529.500000	1.000000
0.000000	-21938.779297	-21481.027344	1.000000
0.000000	170648.453125	-24510.308594	1.000000
0.000000	37.338932	162.708496	1.000000
0.000000	261.913055	-25.231337	1.000000
0.000000	649.559265	-1781.364014	1.000000
0.000000	-129.432251	-219.583908	1.000000
0.000000	95.789261	-240.256424	1.000000
0.000000	-874.040527	1040.675903	1.000000
0.000000	-180.956284	-3119.924072	1.000000
0.000000	-53835.914062	119833.890625	1.000000
0.000000	82.336281	220.931717	1.000000
0.000000	-321.270966	18.439123	1.000000
0.000000	-163.227905	-1085.524780	1.000000
0.000000	-64641.277344	15558.207031	1.000000
0.000000	2424.778076	753.718079	1.000000
0.000000	55757.207031	149562.734375	1.000000
0.000000	-13201.538086	6613.198242	1.000000
0.000000	-41754.535156	-29804.960938	1.000000
0.000000	-8483.778320	13792.300781	1.000000
0.000000	275.544434	326.457642	1.000000
0.000000	-284.315735	146.416153	1.000000
0.000000	1528.223145	3203.328857	1.000000
0.000000	596.106812	-405.189545	1.000000
0.000000	1947.457275	149.356171	1.000000
0.000000	559.143311	-499.416565	1.000000
0.000000	13999.103516	-14201.769531	1.000000
0.000000	-267.712280	-114.977013	1.000000
0.000000	-1151.970215	1559.626099	1.000000
0.000000	203.056793	228.624069	1.000000
0.000000	-13378.393555	-2974.265869	1.000000
0.000000	-28638.753906	-61481.359375	1.000000
0.000000	1676.938232	8019.704102	1.000000
0.000000	-2555.083984	1879.809082	1.000000
0.000000	55.076752	-133.007156	1.000000
0.000000	94.426926	240.601624	1.000000
0.000000	-3850.123291	-16068.219727	1.000000
0.000000	722.015198	-40.029778	1.000000
0.000000	-8735.990234	12928.972656	1.000000
0.000000	-909.743530	-3133.900391	1.000000
0.000000	947.522278	524.644470	1.000000
0.000000	241.172623	-243.808746	1.000000
0.000000	-5693.573730	-20518.599609	1.000000
0.000000	-0.611311	-274.862579	1.000000
0.000000	22527.890625	-24550.669922	1.000000
0.000000	-267.125946	-140.014267	1.000000
0.000000	-3300464.250000	1376390.750000	1.000000
0.000000	-17972.150391	-1214.751587	1.000000
0.000000	-37.162300	532.823853	1.000000
0.000000	141.950287	-296.750580	1.000000
0.000000	6668.541504	2750.850586	1.000000
0.000000	-26181.005859	-23380.613281	1.000000
0.000000	-586712.625000	317430.781250	1.000000
0.000000	-108536.234375	249132.921875	1.000000
0.000000	38076.859375	-56191.003906	1.000000
0.000000	567.389648	-1683.057739	1.000000
0.000000	96.982857	123.565788	1.000000
0.000000	-208.495483	-474.248413	1.000000
0.000000	-373.764343	631.461792	1.000000
0.000000	4112436.000000	2116301.500000	1.000000
0.000000	118.037369	200.847275	1.000000
0.000000	-45255.589844	75912.625000	1.000000
0.000000	658.538513	1671.183350	1.000000
0.000000	4782.142090	12576.887695	1.000000
0.000000	624.351135	1658.998047	1.000000
0.000000	-44062.011719	2328.818115	1.000000
0.000000	245774.546875	-842228.687500	1.000000
0.000000	-179.377411	-119.407303	1.000000
0.000000	393.067108	-134.126709	1.000000
0.000000	-33001.785156	-139957.796875	1.000000
0.000000	-14320.166992	-13613.281250	1.000000
0.000000	-330.270752	-79.552223	1.000000
0.000000	-323533.281250	730136.875000	1.000000
0.000000	-31406.527344	-19697.714844	1.000000
0.000000	-376.736603	-1056.267944	1.000000
0.000000	133.669937	-305.661224	1.000000
0.000000	-3678.793457	-12760.015625	1.000000
0.000000	77.050995	-268.968170	1.000000
0.000000	3185.744629	3047.504395	1.000000
0.000000	3.602831	230.346542	1.000000
0.000000	799243.937500	-982912.687500	1.000000
0.000000	-328.703461	399.199768	1.000000
0.000000	-3330.970947	-2076.127197	1.000000
0.000000	-15.768627	2846.195557	1.000000
0.000000	-279.029602	261.194550	1.000000
0.000000	19879.337891	10495.023438	1.000000
0.000000	19.046309	594.979675	1.000000
0.000000	-3312.414062	-1896.147583	1.000000
0.000000	65083.464844	112609.757812	1.000000
0.000000	226.921112	175.987610	1.000000
0.000000	484892.843750	100757.734375	1.000000
0.000000	-201.799225	193.520294	1.000000
0.000000	80.926460	236.794678	1.000000
0.000000	310.108551	60.342297	1.000000
0.000000	-233.912643	-92.292633	1.000000
0.000000	-52444.707031	-3061.552979	1.000000
0.000000	11367.483398	1329.932983	1.000000
0.000000	-92.955734	-128.262329	1.000000
0.000000	-29.948034	1795.730713	1.000000
0.000000	-7870.058105	-93090.171875	1.000000
0.000000	-531.833984	1156.513916	1.000000
0.000000	-4.651707	256.507324	1.000000
0.000000	272.297516	-58.814507	1.000000
0.000000	52.903347	281.615906	1.000000
0.000000	-42850.613281	-77757.695312	1.000000
0.000000	349.025787	-1052.470947	1.000000
0.000000	-46.385597	272.985168	1.000000
0.000000	-59.924362	-245.483490	1.000000
0.000000	-453.571289	651.375854	1.000000
0.000000	350.472748	108.925079	1.000000
0.000000	201.966766	940.972290	1.000000
0.000000	-151.614258	106.324821	1.000000
0.000000	192.056671	478.845428	1.000000
0.000000	-10935.047852	559.437927	1.000000
0.000000	28171368.000000	16549397.000000	1.000000
0.000000	262.785919	-588.697021	1.000000
0.000000	-32800.015625	266812.500000	1.000000
0.000000	-164.923584	6.895998	1.000000
0.000000	1428.878174	2710.393555	1.000000
0.000000	4606.365723	10664.040039	1.000000
0.000000	-48591.898438	-126250.796875	1.000000
0.000000	112.806763	-483.280121	1.000000
0.000000	1929694.125000	165188.421875	1.000000
0.000000	-180173.515625	-177937.812500	1.000000
0.000000	-70158.242188	13775.551758	1.000000
0.000000	224.421402	-65.481171	1.000000
0.000000	-131089.281250	14897.917969	1.000000
0.000000	-1011.919617	204.270203	1.000000
0.000000	-1284.500854	1053.453979	1.000000
0.000000	-1169.189209	1103.930542	1.000000
0.000000	49244.207031	57492.468750	1.000000
0.000000	83928.773438	3723.114502	1.000000
0.000000	993.135437	-423.328125	1.000000
0.000000	-293.989227	-242.866989	1.000000
0.000000	-1589278.625000	-1200867.375000	1.000000
0.000000	-204.360550	125.195190	1.000000
0.000000	2590553.750000	19303.785156	1.000000
0.000000	111.388092	-118.318848	1.000000
0.000000	-10407.941406	13137.177734	1.000000
0.000000	1826645.375000	135431.296875	1.000000
0.000000	-1572.876343	723.286865	1.000000
0.000000	201.224091	33.891819	1.000000
0.000000	291.451172	5.647634	1.000000
0.000000	505.767273	1004.737244	1.000000
0.000000	-10569.249023	7364.806152	1.000000
0.000000	-301.808350	146.498077	1.000000
0.000000	27331.107422	25823.996094	1.000000
0.000000	21.241079	244.684372	1.000000
0.000000	269.761322	425.766571	1.000000
0.000000	25.289383	-9071.080078	1.000000
0.000000	-5529.007324	9771.982422	1.000000
0.000000	459107.156250	25637.250000	1.000000
0.000000	-947.291687	1074.688965	1.000000
0.000000	2118.304688	-5303.796387	1.000000
0.000000	3485.649902	-2016.631592	1.000000
0.000000	100.602371	10.820568	1.000000
0.000000	161.250580	141.670471	1.000000
0.000000	997.857788	-673.326660	1.000000
0.000000	1199.218872	11803.706055	1.000000
0.000000	18112.652344	-23771.033203	1.000000
0.000000	246.172195	-11.333279	1.000000
0.000000	-17.447620	-134.848724	1.000000
0.000000	1208.609619	1133.372803	1.000000
0.000000	336.609314	-43.759106	1.000000
0.000000	94.847191	97.730568	1.000000
0.000000	-1507.069824	109.790916	1.000000
0.000000	75243.078125	-7416.669922	1.000000
0.000000	61.674339	330.085999	1.000000
0.000000	-285.562134	-720.712036	1.000000
0.000000	1183.457764	-9675.691406	1.000000
0.000000	221.057281	233.092224	1.000000
0.000000	179.111755	169.698959	1.000000
0.000000	-3897.768799	-4673.273926	1.000000
0.000000	437.654388	219.914658	1.000000
0.000000	-1966.879028	-2922.299072	1.000000
0.000000	-26.696297	201.628983	1.000000
0.000000	22231.593750	39012.812500	1.000000
0.000000	271.999237	-24.154390	1.000000
0.000000	806.466125	-551.165588	1.000000
0.000000	1184.785889	660.818787	1.000000
0.000000	-316.483063	555.497314	1.000000
0.000000	91.855370	-253.971100	1.000000
0.000000	9543.991211	4912.004395	1.000000
0.000000	-92715.625000	-330164.906250	1.000000
0.000000	7906.618652	16946.062500	1.000000
0.000000	159.742371	-124.682678	1.000000
0.000000	3373.200439	-988.165283	1.000000
0.000000	-423396.750000	-81887.156250	1.000000
0.000000	-44105600.000000	-10494824.000000	1.000000
0.000000	5987.467773	-4655.316895	1.000000
0.000000	-257.853241	82.209854	1.000000
0.000000	956.127197	-1733.357300	1.000000
0.000000	5915.583008	406.237549	1.000000
0.000000	-186.991531	-69.768639	1.000000
0.000000	-403.395813	1020.549683	1.000000
0.000000	-18792.439453	149.237106	1.000000
0.000000	-547.835266	-154.755936	1.000000
0.000000	289.451630	-266.938202	1.000000
0.000000	14471.373047	-11070.510742	1.000000
