0.000000	31457.269531	455850.937500	1.000000
0.000000	215019.968750	175315.171875	1.000000
0.000000	1197.273926	-12850.344727	1.000000
0.000000	-448.390808	647.623108	1.000000
0.000000	16882.912109	27319.632812	1.000000
0.000000	-13622.739258	738.163879	1.000000
0.000000	-617.412170	-2486.898193	1.000000
0.000000	-595366.187500	1523932.125000	1.000000
0.000000	3611.152588	-2139.594727	1.000000
0.000000	9292453.000000	3386659.750000	1.000000
0.000000	78697400.000000	19959642.000000	1.000000
0.000000	-348.482971	-204.810852	1.000000
0.000000	-330.853333	163.304138	1.000000
0.000000	89.780128	-319.427216	1.000000
0.000000	-73337376.000000	-31090268.000000	1.000000
0.000000	801.021912	-4481.743652	1.000000
0.000000	392.395508	-482.507263	1.000000
0.000000	-6209.617676	7871.005859	1.000000
0.000000	-987.137878	140.910828	1.000000
0.000000	-329.459503	358.440765	1.000000
0.000000	938.127258	8083.581055	1.000000
0.000000	10314.316406	85073.585938	1.000000
0.000000	-62.366329	896.863892	1.000000
0.000000	287.649750	42.633591	1.000000
0.000000	-207070.640625	-53389.667969	1.000000
0.000000	490.757477	-52.933762	1.000000
0.000000	10386.286133	35299.464844	1.000000
0.000000	-4003.367432	11565.201172	1.000000
0.000000	476.096497	-217.506989	1.000000
0.000000	-61391.640625	-273296.843750	1.000000
0.000000	5127.087891	-8841.716797	1.000000
0.000000	4954.279297	925.514282	1.000000
0.000000	-335.613037	492.095306	1.000000
0.000000	-593.460754	-154.788345	1.000000
0.000000	-300.468109	-81.198135	1.000000
0.000000	4932.577148	2813.111084	1.000000
0.000000	-61.924339	-95.685875	1.000000
0.000000	-5798.638184	-1554.294067	1.000000
0.000000	-246254.671875	-73805.000000	1.000000
0.000000	-46676.121094	-6207.307129	1.000000
0.000000	525.784485	138.628586	1.000000
0.000000	583.943787	-49.460682	1.000000
0.000000	-2.533535	314.453491	1.000000
0.000000	-114.893410	-204.530716	1.000000
0.000000	57.287098	310.952362	1.000000
0.000000	-589.345398	-202.061356	1.000000
0.000000	-4018.338867	3310.747070	1.000000
0.000000	-870.360962	492.566864	1.000000
0.000000	-128.967880	-331.563232	1.000000
0.000000	-329.152954	-96.802345	1.000000
0.000000	7115.897949	6271.688477	1.000000
0.000000	-909.516418	1631.112671	1.000000
0.000000	-15.464959	1286.607178	1.000000
0.000000	-3439.897705	-11588.532227	1.000000
0.000000	369.393677	-16.191036	1.000000
0.000000	-14.727362	-339.861938	1.000000
0.000000	203.786636	115.234100	1.000000
0.000000	29405522.000000	-21550876.000000	1.000000
0.000000	-613.588684	1705.354614	1.000000
0.000000	449.868439	575.680359	1.000000
0.000000	1675.221558	26179.455078	1.000000
0.000000	3291.542480	-1716.962646	1.000000
0.000000	-128.353577	-314.278076	1.000000
0.000000	200.053314	-422.528656	1.000000
0.000000	5341.661621	-2957.067383	1.000000
0.000000	401141.250000	-1051564.750000	1.000000
0.000000	40145.289062	142507.062500	1.000000
0.000000	899154304.000000	-490293056.000000	1.000000
0.000000	5071.055664	-14925.875000	1.000000
0.000000	-11819835.000000	-661218.812500	1.000000
0.000000	10647.799805	-15055.344727	1.000000
0.000000	-40.377224	-426.475494	1.000000
0.000000	-322.985291	-813.638733	1.000000
0.000000	-435.481567	919.849854	1.000000
0.000000	424247.062500	2473.838135	1.000000
0.000000	-9410.556641	10623.551758	1.000000
0.000000	-239.761658	523.092468	1.000000
0.000000	26.698696	-351.936249	1.000000
0.000000	3428.358887	-13353.049805	1.000000
0.000000	-935690816.000000	516809408.000000	1.000000
0.000000	1333545.500000	80305.515625	1.000000
0.000000	370819.312500	-121742.312500	1.000000
0.000000	282387.625000	227416.125000	1.000000
0.000000	24843.458984	-23106.589844	1.000000
0.000000	2203343.750000	933582.562500	1.000000
0.000000	-185.638596	274.002197	1.000000
0.000000	25.995552	-47.719639	1.000000
0.000000	-3127.001221	-319.263916	1.000000
0.000000	-1678.444458	1781.951050	1.000000
0.000000	127.844734	334.681396	1.000000
0.000000	-4.245677	-107.570686	1.000000
0.000000	-1273.249634	1083.930054	1.000000
0.000000	965.164124	-220.288055	1.000000
0.000000	248.213760	-123.248947	1.000000
0.000000	-4355021.000000	2416277.250000	1.000000
0.000000	1159.427002	643.386536	1.000000
0.000000	-183.079910	-88065.640625	1.000000
0.000000	1711789.125000	-2028472.500000	1.000000
0.000000	823.627441	-1451.792480	1.000000
0.000000	-213.093262	-5336.694824	1.000000
0.000000	691415.187500	-227495.500000	1.000000
0.000000	12310197.000000	-6573529.500000	1.000000
0.000000	-21959.287109	-21566.476562	1.000000
0.000000	170730.484375	-24561.578125	1.000000
0.000000	-0.599984	237.885605	1.000000
0.000000	345.653290	-50.673393	1.000000
0.000000	564.857727	-1803.153564	1.000000
0.000000	-187.003662	-285.486603	1.000000
0.000000	127.632446	-321.753632	1.000000
0.000000	-899.141235	1124.416138	1.000000
0.000000	-265.788269	-3098.561768	1.000000
0.000000	-53924.781250	119833.890625	1.000000
0.000000	109.018387	299.817566	1.000000
0.000000	-405.919098	40.604557	1.000000
0.000000	-79.079361	-1061.598999	1.000000
0.000000	-64566.082031	15510.355469	1.000000
0.000000	2450.840088	837.244690	1.000000
0.000000	55825.566406	149617.421875	1.000000
0.000000	-13285.278320	6585.854492	1.000000
0.000000	-41822.894531	-29753.691406	1.000000
0.000000	-8412.000977	13841.861328	1.000000
0.000000	354.584961	363.948486	1.000000
0.000000	-348.776489	205.616440	1.000000
0.000000	1591.241943	3142.659912	1.000000
0.000000	680.594727	-427.993805	1.000000
0.000000	1891.274414	82.296135	1.000000
0.000000	576.233154	-585.194031	1.000000
0.000000	13980.304688	-14287.218750	1.000000
0.000000	-342.320129	-160.669449	1.000000
0.000000	-1185.081787	1478.662964	1.000000
0.000000	265.594940	289.827057	1.000000
0.000000	-13292.944336	-2993.491943	1.000000
0.000000	-28693.441406	-61549.718750	1.000000
0.000000	1724.789795	8093.190430	1.000000
0.000000	-2501.678223	1810.595215	1.000000
0.000000	135.143402	-168.308365	1.000000
0.000000	40.801666	177.940399	1.000000
0.000000	-3794.581299	-15999.860352	1.000000
0.000000	806.075867	-15.612207	1.000000
0.000000	-8823.148438	12935.808594	1.000000
0.000000	-883.361084	-3217.213379	1.000000
0.000000	938.016052	611.589050	1.000000
0.000000	326.675262	-262.376404	1.000000
0.000000	-5607.270020	-20504.927734	1.000000
0.000000	3.991587	-362.234406	1.000000
0.000000	22503.964844	-24636.119141	1.000000
0.000000	-326.139313	-204.635239	1.000000
0.000000	-3300464.250000	1376390.750000	1.000000
0.000000	-18002.912109	-1296.355591	1.000000
0.000000	-73.963737	612.184814	1.000000
0.000000	171.109833	-379.262482	1.000000
0.000000	6696.739746	2667.964844	1.000000
0.000000	-26098.974609	-23353.269531	1.000000
0.000000	-586712.625000	317485.468750	1.000000
0.000000	-108536.234375	249050.890625	1.000000
0.000000	37987.992188	-56191.003906	1.000000
0.000000	623.999756	-1749.708130	1.000000
0.000000	139.013199	200.309860	1.000000
0.000000	-228.495941	-389.066223	1.000000
0.000000	-397.636719	715.629272	1.000000
0.000000	4112436.000000	2116301.500000	1.000000
0.000000	203.807022	218.124039	1.000000
0.000000	-45289.769531	75994.656250	1.000000
0.000000	737.472229	1708.994629	1.000000
0.000000	4866.736816	12554.670898	1.000000
0.000000	615.699402	1571.839844	1.000000
0.000000	-44123.535156	2392.905029	1.000000
0.000000	245692.515625	-842228.687500	1.000000
0.000000	-258.524750	-156.687607	1.000000
0.000000	480.332123	-127.372124	1.000000
0.000000	-32967.605469	-140039.828125	1.000000
0.000000	-14349.219727	-13531.250000	1.000000
0.000000	-417.642578	-83.984901	1.000000
0.000000	-323642.656250	730136.875000	1.000000
0.000000	-31331.332031	-19653.281250	1.000000
0.000000	-455.830536	-1093.651978	1.000000
0.000000	157.301987	-389.882111	1.000000
0.000000	-3595.053223	-12785.650391	1.000000
0.000000	102.351974	-352.708405	1.000000
0.000000	3211.806641	2964.191406	1.000000
0.000000	45.297874	157.065994	1.000000
0.000000	799134.562500	-982912.687500	1.000000
0.000000	-415.007172	413.779541	1.000000
0.000000	-3247.230713	-2100.907471	1.000000
0.000000	-34.156506	2931.644775	1.000000
0.000000	-340.766663	323.198639	1.000000
0.000000	19834.904297	10570.218750	1.000000
0.000000	105.286743	580.239685	1.000000
0.000000	-3395.727051	-1923.491333	1.000000
0.000000	65110.808594	112691.789062	1.000000
0.000000	291.435272	235.081085	1.000000
0.000000	484892.843750	100839.765625	1.000000
0.000000	-265.085052	253.948914	1.000000
0.000000	79.818291	324.279175	1.000000
0.000000	325.115570	146.539490	1.000000
0.000000	-321.231079	-97.860184	1.000000
0.000000	-52410.527344	-2982.085205	1.000000
0.000000	11413.625977	1404.273804	1.000000
0.000000	-70.236153	-213.764954	1.000000
0.000000	21.144657	1724.594238	1.000000
0.000000	-7874.330566	-93172.203125	1.000000
0.000000	-584.278442	1086.445557	1.000000
0.000000	-62.456772	322.196411	1.000000
0.000000	355.930939	-84.542732	1.000000
0.000000	57.696514	368.987732	1.000000
0.000000	-42918.972656	-77703.007812	1.000000
0.000000	280.613007	-1107.158447	1.000000
0.000000	-0.841979	347.699829	1.000000
0.000000	-99.083443	-167.244049	1.000000
0.000000	-461.582153	738.534058	1.000000
0.000000	411.622345	46.335411	1.000000
0.000000	222.768311	1025.994263	1.000000
0.000000	-192.549774	183.656357	1.000000
0.000000	262.528046	530.683167	1.000000
0.000000	-11022.206055	553.029236	1.000000
0.000000	28171368.000000	16549397.000000	1.000000
0.000000	321.799286	-653.317993	1.000000
0.000000	-32765.835938	266757.812500	1.000000
0.000000	-252.402222	4.672983	1.000000
0.000000	1501.723633	2662.114746	1.000000
0.000000	4520.916504	10684.547852	1.000000
0.000000	-48503.031250	-126250.796875	1.000000
0.000000	35.985012	-525.150269	1.000000
0.000000	1929694.125000	165243.109375	1.000000
0.000000	-180091.484375	-177937.812500	1.000000
0.000000	-70226.601562	13725.991211	1.000000
0.000000	277.026093	-135.401245	1.000000
0.000000	-131116.625000	14981.658203	1.000000
0.000000	-1089.908569	243.843872	1.000000
0.000000	-1339.401978	985.368896	1.000000
0.000000	-1191.833252	1188.525269	1.000000
0.000000	49264.714844	57574.500000	1.000000
0.000000	83860.414062	3670.563232	1.000000
0.000000	1076.487915	-396.732056	1.000000
0.000000	-371.748016	-282.965973	1.000000
0.000000	-1589278.625000	-1200867.375000	1.000000
0.000000	-288.795044	148.188004	1.000000
0.000000	2590553.750000	19382.398438	1.000000
0.000000	141.783264	-200.375229	1.000000
0.000000	-10459.210938	13208.955078	1.000000
0.000000	1826645.375000	135376.609375	1.000000
0.000000	-1562.836060	810.231445	1.000000
0.000000	285.525787	53.297951	1.000000
0.000000	362.452026	-38.163986	1.000000
0.000000	435.912537	952.079163	1.000000
0.000000	-10629.063477	7428.893066	1.000000
0.000000	-387.578003	163.828247	1.000000
0.000000	27334.525391	25912.863281	1.000000
0.000000	85.113808	304.498810	1.000000
0.000000	273.713348	513.191101	1.000000
0.000000	-59.832600	-9050.572266	1.000000
0.000000	-5616.165527	9773.691406	1.000000
0.000000	459161.843750	25572.308594	1.000000
0.000000	-1029.322998	1105.023438	1.000000
0.000000	2188.800293	-5251.672363	1.000000
0.000000	3487.358887	-2104.217041	1.000000
0.000000	148.461578	84.070450	1.000000
0.000000	236.072052	187.011963	1.000000
0.000000	960.153320	-752.260376	1.000000
0.000000	1209.259155	11716.547852	1.000000
0.000000	18027.203125	-23788.123047	1.000000
0.000000	333.437225	-17.694016	1.000000
0.000000	-12.546466	-222.220551	1.000000
0.000000	1135.977783	1182.078857	1.000000
0.000000	424.087952	-45.995472	1.000000
0.000000	108.879555	184.092361	1.000000
0.000000	-1423.756836	136.476196	1.000000
0.000000	75325.109375	-7407.270508	1.000000
0.000000	84.972603	414.413696	1.000000
0.000000	-198.065811	-720.712036	1.000000
0.000000	1177.903564	-9588.533203	1.000000
0.000000	273.964752	302.786743	1.000000
0.000000	245.842255	226.282364	1.000000
0.000000	-3857.607666	-4595.515137	1.000000
0.000000	523.958130	234.173996	1.000000
0.000000	-2037.161011	-2974.423096	1.000000
0.000000	10.181495	280.989929	1.000000
0.000000	22245.265625	39101.679688	1.000000
0.000000	359.477875	-23.867334	1.000000
0.000000	893.944763	-549.670227	1.000000
0.000000	1260.408447	704.825134	1.000000
0.000000	-320.114655	642.869141	1.000000
0.000000	147.050217	-321.850616	1.000000
0.000000	9588.424805	4836.809082	1.000000
0.000000	-92674.609375	-330219.593750	1.000000
0.000000	7993.776855	16949.480469	1.000000
0.000000	216.192261	-191.546036	1.000000
0.000000	3401.825928	-905.386353	1.000000
0.000000	-423342.062500	-81955.515625	1.000000
0.000000	-44105600.000000	-10494824.000000	1.000000
0.000000	6026.774414	-4577.558105	1.000000
0.000000	-291.071625	163.165436	1.000000
0.000000	1032.817871	-1691.273560	1.000000
0.000000	5847.223633	351.870483	1.000000
0.000000	-268.221680	-102.306099	1.000000
0.000000	-490.767639	1016.277222	1.000000
0.000000	-18778.767578	62.843307	1.000000
0.000000	-635.313904	-157.185898	1.000000
0.000000	299.438507	-353.882782	1.000000
0.000000	14551.695312	-11036.331055	1.000000
