0.000000	31655.824219	455664.062500	1.000000
0.000000	214926.531250	175034.859375	1.000000
0.000000	1152.745117	-12552.512695	1.000000
0.000000	-747.317810	652.002991	1.000000
0.000000	16906.271484	27623.304688	1.000000
0.000000	-13914.731445	805.687073	1.000000
0.000000	-885.679993	-2355.501709	1.000000
0.000000	-594992.437500	1523932.125000	1.000000
0.000000	3457.856689	-2396.547852	1.000000
0.000000	9292453.000000	3386659.750000	1.000000
0.000000	78697400.000000	19959642.000000	1.000000
0.000000	-59.947430	-126.519577	1.000000
0.000000	-189.280151	-100.065285	1.000000
0.000000	100.775459	-20.626774	1.000000
0.000000	-73337376.000000	-31090268.000000	1.000000
0.000000	540.783875	-4627.739746	1.000000
0.000000	322.317383	-191.812698	1.000000
0.000000	-6054.861816	7614.052734	1.000000
0.000000	-987.867859	439.872955	1.000000
0.000000	-226.871353	77.580803	1.000000
0.000000	873.888977	7791.588867	1.000000
0.000000	10045.683594	84933.429688	1.000000
0.000000	-4.520623	603.411743	1.000000
0.000000	68.463654	242.461853	1.000000
0.000000	-207257.515625	-53179.433594	1.000000
0.000000	192.723572	-76.338760	1.000000
0.000000	10392.125977	35603.136719	1.000000
0.000000	-3709.915283	11623.599609	1.000000
0.000000	214.763474	-72.240883	1.000000
0.000000	-61695.312500	-273296.843750	1.000000
0.000000	5305.203125	-9081.150391	1.000000
0.000000	4665.207031	851.786255	1.000000
0.000000	-59.822117	376.453888	1.000000
0.000000	-374.717102	-358.590057	1.000000
0.000000	-66.800491	105.326736	1.000000
0.000000	4661.024414	2689.014404	1.000000
0.000000	216.138885	14.200884	1.000000
0.000000	-5567.964355	-1365.229126	1.000000
0.000000	-246348.109375	-73524.687500	1.000000
0.000000	-46909.714844	-6026.271973	1.000000
0.000000	295.282257	-51.754005	1.000000
0.000000	411.196960	194.558472	1.000000
0.000000	2.484425	17.626369	1.000000
0.000000	13.246719	60.044487	1.000000
0.000000	20.012161	15.278519	1.000000
0.000000	-476.563446	-478.924225	1.000000
0.000000	-4263.612305	3481.562500	1.000000
0.000000	-700.640503	246.380936	1.000000
0.000000	-61.806198	-40.481800	1.000000
0.000000	-35.721073	-37.420666	1.000000
0.000000	6818.065918	6303.807617	1.000000
0.000000	-746.365784	1881.495972	1.000000
0.000000	154.474121	1532.610596	1.000000
0.000000	-3266.162354	-11833.805664	1.000000
0.000000	91.482430	-126.090332	1.000000
0.000000	-21.525597	-42.635670	1.000000
0.000000	-95.041290	125.590698	1.000000
0.000000	29405522.000000	-21550876.000000	1.000000
0.000000	-372.695129	1528.699341	1.000000
0.000000	646.655762	350.612274	1.000000
0.000000	1829.247437	26436.408203	1.000000
0.000000	3177.665527	-1440.300049	1.000000
0.000000	28.371788	-58.315090	1.000000
0.000000	38.727627	-170.837036	1.000000
0.000000	5525.616699	-2722.013672	1.000000
0.000000	400954.375000	-1051564.750000	1.000000
0.000000	40402.242188	142693.937500	1.000000
0.000000	899154304.000000	-490293056.000000	1.000000
0.000000	5263.770508	-14698.121094	1.000000
0.000000	-11819835.000000	-661592.562500	1.000000
0.000000	10495.963867	-15312.297852	1.000000
0.000000	47.950832	-140.833862	1.000000
0.000000	-97.303009	-617.638977	1.000000
0.000000	-734.361816	930.069580	1.000000
0.000000	424620.812500	2548.296143	1.000000
0.000000	-9118.564453	10693.629883	1.000000
0.000000	50.477757	594.995544	1.000000
0.000000	52.886745	-54.103443	1.000000
0.000000	3399.159668	-13055.217773	1.000000
0.000000	-935690816.000000	516809408.000000	1.000000
0.000000	1333545.500000	80025.203125	1.000000
0.000000	370445.562500	-121695.593750	1.000000
0.000000	282761.375000	227322.687500	1.000000
0.000000	25112.091797	-23246.746094	1.000000
0.000000	2203343.750000	933956.312500	1.000000
0.000000	-31.024025	23.035587	1.000000
0.000000	316.308807	19.976542	1.000000
0.000000	-3313.876221	-552.857666	1.000000
0.000000	-1643.405396	1484.848999	1.000000
0.000000	-10.027847	69.343605	1.000000
0.000000	72.569855	181.400848	1.000000
0.000000	-984.907349	1162.767944	1.000000
0.000000	712.590881	-60.167374	1.000000
0.000000	181.694290	-414.735199	1.000000
0.000000	-4355021.000000	2416277.250000	1.000000
0.000000	900.840210	493.398193	1.000000
0.000000	109.543518	-88018.921875	1.000000
0.000000	1711789.125000	-2028472.500000	1.000000
0.000000	767.783936	-1745.244629	1.000000
0.000000	-458.914185	-5167.339355	1.000000
0.000000	691415.187500	-227215.187500	1.000000
0.000000	12310197.000000	-6573529.500000	1.000000
0.000000	-21889.208984	-21274.484375	1.000000
0.000000	170450.171875	-24386.382812	1.000000
0.000000	128.110947	-25.800438	1.000000
0.000000	59.188934	34.984398	1.000000
0.000000	854.294983	-1728.695557	1.000000
0.000000	9.721584	-60.295361	1.000000
0.000000	18.818352	-43.266064	1.000000
0.000000	-813.368530	838.026917	1.000000
0.000000	24.096840	-3171.559814	1.000000
0.000000	-53621.109375	119833.890625	1.000000
0.000000	7.674818	22.092735	1.000000
0.000000	-116.624557	-35.177425	1.000000
0.000000	-366.643280	-1143.356812	1.000000
0.000000	-64823.035156	15673.871094	1.000000
0.000000	2361.782471	551.822327	1.000000
0.000000	55591.972656	149430.546875	1.000000
0.000000	-12999.125977	6679.291992	1.000000
0.000000	-41589.300781	-29928.886719	1.000000
0.000000	-8657.274414	13672.505859	1.000000
0.000000	84.484840	235.822540	1.000000
0.000000	-127.358826	4.139974	1.000000
0.000000	1375.897705	3349.974365	1.000000
0.000000	391.887482	-350.068390	1.000000
0.000000	2083.393311	311.449921	1.000000
0.000000	517.834717	-291.969971	1.000000
0.000000	14044.542969	-13995.226562	1.000000
0.000000	-87.367172	-4.515480	1.000000
0.000000	-1071.934814	1755.325562	1.000000
0.000000	51.893162	80.687668	1.000000
0.000000	-13584.936523	-2927.793701	1.000000
0.000000	-28506.566406	-61316.125000	1.000000
0.000000	1561.274170	7842.077148	1.000000
0.000000	-2684.173340	2047.108887	1.000000
0.000000	-138.450836	-47.679100	1.000000
0.000000	234.302994	399.252441	1.000000
0.000000	-3984.376221	-16233.454102	1.000000
0.000000	518.828552	-99.055885	1.000000
0.000000	-8525.316406	12912.449219	1.000000
0.000000	-973.513672	-2932.520996	1.000000
0.000000	970.500183	314.365692	1.000000
0.000000	34.498260	-198.950195	1.000000
0.000000	-5902.182129	-20551.646484	1.000000
0.000000	-11.737200	-63.662579	1.000000
0.000000	22585.722656	-24344.126953	1.000000
0.000000	-125.740112	15.371912	1.000000
0.000000	-3300464.250000	1376390.750000	1.000000
0.000000	-17897.794922	-1017.503052	1.000000
0.000000	51.737144	341.805603	1.000000
0.028075	71.900238	-97.964302	1.000000
0.000000	6600.382324	2951.197266	1.000000
0.000000	-26379.287109	-23446.707031	1.000000
0.000000	-586712.625000	317298.593750	1.000000
0.000000	-108536.234375	249331.203125	1.000000
0.000000	38291.664062	-56191.003906	1.000000
0.000000	430.554901	-1521.954224	1.000000
0.000000	-4.618514	-61.934914	1.000000
0.000000	-160.151520	-680.040527	1.000000
0.000000	-316.061401	428.016937	1.000000
0.000000	4112436.000000	2116301.500000	1.000000
0.000000	-86.569336	159.205704	1.000000
0.000000	-45172.972656	75714.343750	1.000000
0.000000	467.774414	1579.788086	1.000000
0.000000	4577.664551	12630.588867	1.000000
0.000000	645.263611	1869.671875	1.000000
0.000000	-43913.300781	2173.910889	1.000000
0.000000	245972.828125	-842228.687500	1.000000
0.000000	11.951513	-29.270660	1.000000
0.000000	186.549103	-148.506149	1.000000
0.000000	-33084.402344	-139759.515625	1.000000
0.000000	-14249.942383	-13811.562500	1.000000
0.000000	-119.040085	-68.837807	1.000000
0.000000	-323268.906250	730136.875000	1.000000
0.000000	-31588.285156	-19805.117188	1.000000
0.000000	-185.555252	-965.905396	1.000000
0.028075	76.064156	-101.429138	1.000000
0.000000	-3881.205566	-12698.052734	1.000000
0.000000	15.884341	-66.495651	1.000000
0.000000	3122.749023	3248.883789	1.000000
0.000000	-96.548622	416.571930	1.000000
0.000000	799508.312500	-982912.687500	1.000000
0.000000	-120.137108	363.958374	1.000000
0.000000	-3533.383057	-2016.229858	1.000000
0.000000	28.678312	2639.652588	1.000000
0.000000	-129.802307	111.263107	1.000000
0.000000	19986.740234	10313.265625	1.000000
0.000000	-189.416199	630.608337	1.000000
0.000000	-3111.034668	-1830.053833	1.000000
0.000000	65017.371094	112411.476562	1.000000
0.000000	69.885498	33.336494	1.000000
0.000000	484892.843750	100559.453125	1.000000
0.000000	-48.828350	47.457523	1.000000
0.000000	80.077171	27.411543	1.000000
0.000000	273.834442	-148.017090	1.000000
0.000000	-22.910484	-78.884804	1.000000
0.000000	-52527.324219	-3253.637939	1.000000
0.000000	11255.950195	1150.240601	1.000000
0.000000	-150.445358	75.278671	1.000000
0.000000	-153.447495	1967.677734	1.000000
0.000000	-7859.730957	-92891.890625	1.000000
0.000000	-405.177155	1325.879150	1.000000
0.000000	131.751312	98.759819	1.000000
0.000000	67.490318	0.814007	1.000000
0.732434	43.159683	70.170631	1.000000
0.000000	-42685.378906	-77889.882812	1.000000
0.000000	514.387390	-920.485962	1.000000
0.000000	-156.474884	92.389160	1.000000
0.000000	34.714550	-434.599396	1.000000
0.000000	-434.207886	440.702026	1.000000
0.000000	202.665451	260.217804	1.000000
0.000000	151.686462	735.462036	1.000000
0.000000	-54.788769	-77.866104	1.000000
0.000000	21.762400	352.689819	1.000000
0.000000	-10724.374023	574.928650	1.000000
0.000000	28171368.000000	16549397.000000	1.000000
0.000000	120.201889	-432.498932	1.000000
0.000000	-32882.632812	266944.687500	1.000000
0.000000	43.448853	15.024014	1.000000
0.000000	1252.800293	2827.090332	1.000000
0.000000	4812.908691	10614.469727	1.000000
0.000000	-48806.703125	-126250.796875	1.000000
0.000000	298.487030	-382.074066	1.000000
0.000000	1929694.125000	165056.234375	1.000000
0.000000	-180371.796875	-177937.812500	1.000000
0.000000	-69993.007812	13895.346680	1.000000
0.000000	99.376579	99.903870	1.000000
0.000000	-131023.187500	14695.505859	1.000000
0.000000	-823.190979	108.614998	1.000000
0.000000	-1151.796997	1218.171997	1.000000
0.000000	-1114.455322	899.610229	1.000000
0.000000	49194.636719	57294.187500	1.000000
0.000000	84094.007812	3850.138428	1.000000
0.000000	791.497864	-487.614624	1.000000
0.000000	-105.983612	-145.985428	1.000000
0.000000	-1589278.625000	-1200867.375000	1.000000
0.000000	-2.242009	61.983868	1.000000
0.000000	2590553.750000	19113.765625	1.000000
0.732434	40.950062	73.249237	1.000000
0.000000	-10284.015625	12963.681641	1.000000
0.000000	1826645.375000	135563.484375	1.000000
0.000000	-1597.145142	513.129395	1.000000
0.000000	-4.823874	-8.579008	1.000000
0.000000	115.504692	123.054718	1.000000
0.000000	674.616150	1132.238403	1.000000
0.000000	-10424.668945	7209.898926	1.000000
0.000000	-94.490868	104.626602	1.000000
0.000000	27322.845703	25609.191406	1.000000
0.000000	-133.147675	100.110527	1.000000
0.000000	260.208710	214.459991	1.000000
0.000000	231.044739	-9120.650391	1.000000
0.000000	-5318.333496	9767.851562	1.000000
0.000000	458974.968750	25794.222656	1.000000
0.000000	-749.010437	1001.366211	1.000000
0.000000	1948.209961	-5429.787598	1.000000
0.000000	3481.519043	-1804.925049	1.000000
0.000000	-15.085989	-166.230530	1.000000
0.000000	-19.608490	31.584770	1.000000
0.000000	1088.810791	-482.512665	1.000000
0.000000	1174.950073	12014.379883	1.000000
0.000000	18319.195312	-23729.724609	1.000000
0.000000	35.237991	4.040976	1.000000
0.000000	-23.074434	72.919357	1.000000
0.000000	1384.171143	1015.625000	1.000000
0.000000	125.161400	-38.353489	1.000000
0.000000	59.867931	-109.398682	1.000000
0.000000	-1708.449219	45.283195	1.000000
0.000000	75044.796875	-7439.389648	1.000000
0.000000	5.362926	126.213120	1.000000
0.000000	-497.010498	-720.712036	1.000000
0.000000	1196.883057	-9886.365234	1.000000
0.000000	93.185493	64.630615	1.000000
0.414277	18.931145	33.369862	1.000000
0.000000	-3994.843994	-4861.228027	1.000000
0.000000	229.037659	185.447800	1.000000
0.000000	-1796.997437	-2796.307861	1.000000
0.000000	-111.008240	14.244757	1.000000
0.000000	22198.546875	38798.007812	1.000000
0.000000	63.147324	-22.270817	1.000000
0.000000	595.017761	-554.780090	1.000000
0.000000	1001.995361	554.449158	1.000000
0.000000	-307.704987	344.204651	1.000000
0.000000	-41.555511	-89.841484	1.000000
0.000000	9436.588867	5093.762207	1.000000
0.000000	-92814.765625	-330032.718750	1.000000
0.000000	7695.944824	16937.800781	1.000000
0.414277	21.556974	36.077930	1.000000
0.000000	3304.008545	-1188.041870	1.000000
0.000000	-423528.937500	-81721.921875	1.000000
0.000000	-44105600.000000	-10494824.000000	1.000000
0.000000	5892.458008	-4843.270996	1.000000
0.000000	-177.599884	-113.420944	1.000000
0.000000	770.754883	-1835.079712	1.000000
0.000000	6080.817383	537.650513	1.000000
0.000000	9.351709	8.867327	1.000000
0.000000	-192.186127	1030.876831	1.000000
0.000000	-18825.486328	358.070679	1.000000
0.000000	-336.386902	-148.882370	1.000000
0.000000	260.925537	-58.777847	1.000000
0.000000	14277.222656	-11153.127930	1.000000
