0.000000	31397.171875	455907.500000	1.000000
0.000000	215048.250000	175400.015625	1.000000
0.000000	1210.751709	-12940.491211	1.000000
0.000000	-357.912903	646.297424	1.000000
0.000000	16875.841797	27227.718750	1.000000
0.000000	-13534.360352	717.726257	1.000000
0.000000	-536.214050	-2526.668701	1.000000
0.000000	-595479.312500	1523932.125000	1.000000
0.000000	3657.551514	-2061.821289	1.000000
0.000000	9292453.000000	3386659.750000	1.000000
0.000000	78697400.000000	19959642.000000	1.000000
0.000000	-435.812378	-228.507446	1.000000
0.000000	-373.717102	243.010864	1.000000
0.000000	86.452110	-409.849884	1.000000
0.000000	-73337376.000000	-31090268.000000	1.000000
0.000000	879.789612	-4437.554199	1.000000
0.000000	413.606445	-570.462769	1.000000
0.000000	-6256.458496	7948.779297	1.000000
0.000000	-986.916931	50.406342	1.000000
0.000000	-360.502594	443.450226	1.000000
0.000000	957.570618	8171.959961	1.000000
0.000000	10395.625000	85116.007812	1.000000
0.000000	-79.876396	985.684692	1.000000
0.000000	354.265350	-18.621367	1.000000
0.000000	-207014.078125	-53453.300781	1.000000
0.000000	581.001404	-45.849640	1.000000
0.000000	10384.518555	35207.550781	1.000000
0.000000	-4092.188232	11547.525391	1.000000
0.000000	555.195618	-261.475494	1.000000
0.000000	-61299.726562	-273296.843750	1.000000
0.000000	5073.176758	-8769.246094	1.000000
0.000000	5041.774414	947.829956	1.000000
0.000000	-419.075867	527.115417	1.000000
0.000000	-659.634460	-93.116440	1.000000
0.000000	-371.171234	-137.650162	1.000000
0.000000	5014.769531	2850.672119	1.000000
0.000000	-146.088470	-128.951859	1.000000
0.000000	-5868.457520	-1611.519409	1.000000
0.000000	-246226.390625	-73889.843750	1.000000
0.000000	-46605.417969	-6262.102051	1.000000
0.000000	595.603821	196.240585	1.000000
0.000000	636.197815	-123.324753	1.000000
0.000000	-3.346120	404.931396	1.000000
0.000000	-155.662613	-285.324585	1.000000
0.000000	68.537476	400.767426	1.000000
0.000000	-623.481750	-118.239487	1.000000
0.000000	-3944.100586	3259.045410	1.000000
0.000000	-921.731201	567.122131	1.000000
0.000000	-148.880753	-419.831665	1.000000
0.000000	-417.697571	-115.417152	1.000000
0.000000	7206.044434	6261.966797	1.000000
0.000000	-958.898132	1555.327759	1.000000
0.000000	-66.903152	1212.147949	1.000000
0.000000	-3492.483154	-11514.293945	1.000000
0.000000	452.966980	18.515249	1.000000
0.000000	-12.490271	-430.339844	1.000000
0.000000	294.225250	112.099411	1.000000
0.000000	29405522.000000	-21550876.000000	1.000000
0.000000	-686.501282	1758.823853	1.000000
0.000000	390.267914	643.842590	1.000000
0.000000	1628.601685	26101.681641	1.000000
0.000000	3326.010254	-1800.701660	1.000000
0.000000	-175.967712	-391.222961	1.000000
0.000000	248.882660	-498.700226	1.000000
0.000000	5285.982910	-3028.212402	1.000000
0.000000	401197.812500	-1051564.750000	1.000000
0.000000	40067.515625	142450.500000	1.000000
0.000000	899154304.000000	-490293056.000000	1.000000
0.000000	5012.725586	-14994.810547	1.000000
0.000000	-11819835.000000	-661105.687500	1.000000
0.000000	10693.756836	-14977.571289	1.000000
0.000000	-67.111847	-512.921692	1.000000
0.000000	-391.313232	-872.963074	1.000000
0.000000	-345.058899	916.756592	1.000000
0.000000	424133.937500	2451.301514	1.000000
0.000000	-9498.935547	10602.340820	1.000000
0.000000	-327.593292	501.329163	1.000000
0.000000	18.772213	-442.082733	1.000000
0.000000	3437.196777	-13443.196289	1.000000
0.000000	-935690816.000000	516809408.000000	1.000000
0.000000	1333545.500000	80390.359375	1.000000
0.000000	370932.437500	-121756.453125	1.000000
0.000000	282274.500000	227444.406250	1.000000
0.000000	24762.150391	-23064.167969	1.000000
0.000000	2203343.750000	933469.437500	1.000000
0.000000	-233.307968	350.947083	1.000000
0.000000	-62.326473	-67.452995	1.000000
0.000000	-3070.438721	-248.563705	1.000000
0.000000	-1689.049927	1871.876587	1.000000
0.000000	169.576141	414.995728	1.000000
0.000000	-27.496923	-195.038177	1.000000
0.000000	-1360.523804	1060.067749	1.000000
0.000000	1041.611816	-268.751099	1.000000
0.000000	268.330627	-35.010403	1.000000
0.000000	-4355021.000000	2416277.250000	1.000000
0.000000	1237.642334	688.791199	1.000000
0.000000	-271.647278	-88079.781250	1.000000
0.000000	1711789.125000	-2028472.500000	1.000000
0.000000	840.529907	-1362.971680	1.000000
0.000000	-138.689270	-5387.954590	1.000000
0.000000	691415.187500	-227580.343750	1.000000
0.000000	12310197.000000	-6573529.500000	1.000000
0.000000	-21980.498047	-21654.855469	1.000000
0.000000	170815.328125	-24614.605469	1.000000
0.000000	-39.546215	319.580841	1.000000
0.000000	432.264618	-76.990242	1.000000
0.000000	477.252136	-1825.690186	1.000000
0.000000	-246.548950	-353.648834	1.000000
0.000000	160.581055	-406.045013	1.000000
0.000000	-925.102539	1211.027466	1.000000
0.000000	-353.504333	-3076.467041	1.000000
0.000000	-54016.695312	119833.890625	1.000000
0.000000	141.008698	384.495605	1.000000
0.000000	-493.469452	63.527836	1.000000
0.000000	7.954669	-1036.852905	1.000000
0.000000	-64488.308594	15460.863281	1.000000
0.000000	2477.795654	923.635071	1.000000
0.000000	55896.269531	149673.984375	1.000000
0.000000	-13371.889648	6557.573242	1.000000
0.000000	-41893.597656	-29700.664062	1.000000
0.000000	-8337.762695	13893.121094	1.000000
0.000000	436.335449	402.724731	1.000000
0.000000	-415.447327	266.841553	1.000000
0.000000	1656.421387	3079.910889	1.000000
0.000000	767.979370	-451.579926	1.000000
0.000000	1833.165283	12.932580	1.000000
0.000000	593.908936	-673.904358	1.000000
0.000000	13960.861328	-14375.597656	1.000000
0.000000	-419.485962	-207.924545	1.000000
0.000000	-1219.328613	1394.923950	1.000000
0.000000	330.277252	353.128448	1.000000
0.000000	-13204.565430	-3013.377197	1.000000
0.000000	-28750.003906	-61620.421875	1.000000
0.000000	1774.281982	8169.196289	1.000000
0.000000	-2446.441406	1739.008301	1.000000
0.000000	217.943390	-204.819901	1.000000
0.000000	-19.058290	110.058006	1.000000
0.000000	-3737.135010	-15929.157227	1.000000
0.000000	893.018616	9.642663	1.000000
0.000000	-8913.294922	12942.878906	1.000000
0.000000	-856.074097	-3303.382812	1.000000
0.000000	928.183899	701.514587	1.000000
0.000000	415.109406	-281.598816	1.000000
0.000000	-5518.007324	-20490.787109	1.000000
0.000000	8.752310	-452.601837	1.000000
0.000000	22479.218750	-24724.498047	1.000000
0.000000	-387.175995	-271.471802	1.000000
0.000000	-3300464.250000	1376390.750000	1.000000
0.000000	-18034.728516	-1380.757446	1.000000
0.000000	-112.021904	694.266724	1.000000
0.000000	201.269135	-464.603363	1.000000
0.000000	6725.904785	2582.237305	1.000000
0.000000	-26014.130859	-23324.988281	1.000000
0.000000	-586712.625000	317542.031250	1.000000
0.000000	-108536.234375	248966.046875	1.000000
0.000000	37896.078125	-56191.003906	1.000000
0.000000	682.550781	-1818.643677	1.000000
0.000000	182.484573	279.685150	1.000000
0.000000	-249.182129	-300.963501	1.000000
0.000000	-422.327576	802.682495	1.000000
0.000000	4112436.000000	2116301.500000	1.000000
0.000000	292.517365	235.993149	1.000000
0.000000	-45325.121094	76079.500000	1.000000
0.000000	819.112244	1748.102295	1.000000
0.000000	4954.231934	12531.692383	1.000000
0.000000	606.751038	1481.693359	1.000000
0.000000	-44187.167969	2459.189209	1.000000
0.000000	245607.671875	-842228.687500	1.000000
0.000000	-340.385712	-195.242905	1.000000
0.000000	570.589050	-120.398476	1.000000
0.000000	-32932.253906	-140124.671875	1.000000
0.000000	-14379.268555	-13446.406250	1.000000
0.000000	-508.010010	-88.569557	1.000000
0.000000	-323755.781250	730136.875000	1.000000
0.000000	-31253.558594	-19607.324219	1.000000
0.000000	-537.653564	-1132.317749	1.000000
0.000000	181.744278	-476.990570	1.000000
0.000000	-3508.441895	-12812.164062	1.000000
0.000000	128.520691	-439.319733	1.000000
0.000000	3238.762207	2878.021973	1.000000
0.000000	88.131012	77.340431	1.000000
0.000000	799021.437500	-982912.687500	1.000000
0.000000	-504.269867	428.859192	1.000000
0.000000	-3160.619385	-2126.537354	1.000000
0.000000	-53.171780	3020.023682	1.000000
0.000000	-404.620422	387.328583	1.000000
0.000000	19788.947266	10647.992188	1.000000
0.000000	194.490692	564.994324	1.000000
0.000000	-3481.896484	-1951.772583	1.000000
0.000000	65139.089844	112776.632812	1.000000
0.000000	358.161346	296.218781	1.000000
0.000000	484892.843750	100924.609375	1.000000
0.000000	-330.540680	316.422668	1.000000
0.000000	78.672127	414.757080	1.000000
0.000000	340.637115	235.691711	1.000000
0.000000	-411.543274	-103.618622	1.000000
0.000000	-52375.175781	-2899.892822	1.000000
0.000000	11461.350586	1481.163452	1.000000
0.000000	-45.641960	-300.860016	1.000000
0.000000	73.991768	1651.018799	1.000000
0.000000	-7878.749512	-93257.046875	1.000000
0.000000	-638.520996	1013.974854	1.000000
0.000000	-122.250450	390.137695	1.000000
0.000000	442.431793	-111.153069	1.000000
0.000000	62.654018	459.355164	1.000000
0.000000	-42989.675781	-77646.445312	1.000000
0.000000	209.872665	-1163.720947	1.000000
0.000000	46.263153	424.976135	1.000000
0.000000	-139.581894	-86.314995	1.000000
0.000000	-469.867676	828.680542	1.000000
0.000000	474.868500	-18.396086	1.000000
0.000000	244.283051	1113.931274	1.000000
0.000000	-234.888794	263.639252	1.000000
0.000000	335.440643	584.262878	1.000000
0.000000	-11112.352539	546.400818	1.000000
0.000000	28171368.000000	16549397.000000	1.000000
0.000000	382.835968	-720.154541	1.000000
0.000000	-32730.484375	266701.250000	1.000000
0.000000	-342.880127	2.373445	1.000000
0.000000	1577.066650	2612.180664	1.000000
0.000000	4432.537598	10705.758789	1.000000
0.000000	-48411.117188	-126250.796875	1.000000
0.000000	-43.466808	-568.455933	1.000000
0.000000	1929694.125000	165299.671875	1.000000
0.000000	-180006.640625	-177937.812500	1.000000
0.000000	-70297.304688	13674.731445	1.000000
0.000000	331.434357	-207.706238	1.000000
0.000000	-131144.906250	15068.269531	1.000000
0.000000	-1170.554321	284.774353	1.000000
0.000000	-1396.185425	914.997192	1.000000
0.000000	-1215.253662	1276.020386	1.000000
0.000000	49285.925781	57659.343750	1.000000
0.000000	83789.710938	3616.210205	1.000000
0.000000	1162.657349	-369.224121	1.000000
0.000000	-452.172821	-324.448822	1.000000
0.000000	-1589278.625000	-1200867.375000	1.000000
0.000000	-376.124451	171.967453	1.000000
0.000000	2590553.750000	19463.707031	1.000000
0.000000	173.213013	-285.237091	1.000000
0.000000	-10512.238281	13283.193359	1.000000
0.000000	1826645.375000	135320.046875	1.000000
0.000000	-1552.451538	900.156982	1.000000
0.000000	373.738983	73.490669	1.000000
0.000000	437.739807	-88.401871	1.000000
0.000000	363.662781	897.615662	1.000000
0.000000	-10690.928711	7495.177246	1.000000
0.000000	-476.288330	181.752594	1.000000
0.000000	27338.060547	26004.777344	1.000000
0.000000	151.177032	366.364044	1.000000
0.000000	277.800873	603.558533	1.000000
0.000000	-147.869720	-9029.361328	1.000000
0.000000	-5706.312012	9775.458984	1.000000
0.000000	459218.406250	25505.140625	1.000000
0.000000	-1114.166748	1136.397949	1.000000
0.000000	2261.712891	-5197.761230	1.000000
0.000000	3489.126465	-2194.805420	1.000000
0.000000	197.953766	159.827744	1.000000
0.000000	313.458832	233.908020	1.000000
0.000000	921.156128	-833.900391	1.000000
0.000000	1219.643677	11626.401367	1.000000
0.000000	17938.824219	-23805.798828	1.000000
0.000000	423.694183	-24.274101	1.000000
0.000000	-7.476851	-312.587982	1.000000
0.000000	1060.855713	1232.454834	1.000000
0.000000	514.565857	-48.308514	1.000000
0.000000	123.393028	273.410309	1.000000
0.000000	-1337.587402	164.066986	1.000000
0.000000	75409.953125	-7397.548828	1.000000
0.000000	109.069664	501.632629	1.000000
0.000000	-107.560287	-720.712036	1.000000
0.000000	1172.158936	-9498.386719	1.000000
0.000000	328.704437	374.870789	1.000000
0.000000	314.884216	284.819366	1.000000
0.000000	-3816.069580	-4515.090332	1.000000
0.000000	613.220825	248.922226	1.000000
0.000000	-2109.664551	-3028.334229	1.000000
0.000000	48.322781	363.071838	1.000000
0.000000	22259.406250	39193.593750	1.000000
0.000000	449.955780	-23.570436	1.000000
0.000000	984.422668	-548.123596	1.000000
0.000000	1338.623779	750.340271	1.000000
0.000000	-323.870758	733.236572	1.000000
0.000000	204.137466	-392.056610	1.000000
0.000000	9634.381836	4759.035645	1.000000
0.000000	-92632.187500	-330276.156250	1.000000
0.000000	8083.923340	16953.015625	1.000000
0.000000	274.577576	-260.702515	1.000000
0.000000	3431.432861	-819.769287	1.000000
0.000000	-423285.500000	-82026.218750	1.000000
0.000000	-44105600.000000	-10494824.000000	1.000000
0.000000	6067.428711	-4497.133301	1.000000
0.000000	-325.428925	246.904449	1.000000
0.000000	1112.137939	-1647.746948	1.000000
0.000000	5776.520508	295.639404	1.000000
0.000000	-352.236877	-135.955856	1.000000
0.000000	-581.135071	1011.858276	1.000000
0.000000	-18764.626953	-26.509613	1.000000
0.000000	-725.791809	-159.699173	1.000000
0.000000	309.767792	-443.808319	1.000000
0.000000	14634.771484	-11000.979492	1.000000
