0.000000	31664.125000	455656.250000	1.000000
0.000000	214922.625000	175023.140625	1.000000
0.000000	1150.883545	-12540.061523	1.000000
0.000000	-759.814758	652.186096	1.000000
0.000000	16907.248047	27636.000000	1.000000
0.000000	-13926.938477	808.509949	1.000000
0.000000	-896.895203	-2350.008545	1.000000
0.000000	-594976.812500	1523932.125000	1.000000
0.000000	3451.447998	-2407.290039	1.000000
0.000000	9292453.000000	3386659.750000	1.000000
0.000000	78697400.000000	19959642.000000	1.000000
0.000000	-47.883450	-123.244659	1.000000
0.000000	-183.363556	-111.076408	1.000000
0.000000	101.235130	-8.135221	1.000000
0.000000	-73337376.000000	-31090268.000000	1.000000
0.000000	529.904358	-4633.843262	1.000000
0.000000	319.387695	-179.662888	1.000000
0.000000	-6048.392090	7603.310547	1.000000
0.000000	-987.898376	452.369904	1.000000
0.000000	-222.579819	65.839165	1.000000
0.000000	871.203430	7779.381836	1.000000
0.000000	10034.453125	84927.570312	1.000000
0.000000	-2.102463	591.143677	1.000000
0.000000	59.262112	250.922852	1.000000
0.000000	-207265.328125	-53170.644531	1.000000
0.000000	180.260956	-77.317230	1.000000
0.000000	10392.370117	35615.832031	1.000000
0.000000	-3697.647217	11626.041016	1.000000
0.000000	203.838181	-66.167885	1.000000
0.000000	-61708.007812	-273296.843750	1.000000
0.000000	5312.649414	-9091.160156	1.000000
0.000000	4653.122070	848.703979	1.000000
0.000000	-48.295055	371.616852	1.000000
0.000000	-365.569458	-367.112091	1.000000
0.000000	-57.031052	113.123978	1.000000
0.000000	4649.671875	2683.826416	1.000000
0.000000	227.762268	18.795210	1.000000
0.000000	-5558.320801	-1357.325073	1.000000
0.000000	-246352.015625	-73512.968750	1.000000
0.000000	-46919.480469	-6018.703613	1.000000
0.000000	285.646332	-59.713371	1.000000
0.000000	403.971924	204.758972	1.000000
0.186764	2.667747	5.337425	1.000000
0.000000	18.878166	71.204384	1.000000
0.708952	18.159769	3.285960	1.000000
0.000000	-471.848480	-490.498016	1.000000
0.000000	-4273.866211	3488.703613	1.000000
0.000000	-693.545166	236.088882	1.000000
0.000000	-59.054848	-28.288122	1.000000
0.603877	-23.304478	-34.615036	1.000000
0.000000	6805.614746	6305.150391	1.000000
0.000000	-739.545105	1891.963501	1.000000
0.000000	161.577087	1542.895020	1.000000
0.000000	-3258.899170	-11844.059570	1.000000
0.000000	79.937248	-130.884644	1.000000
0.603877	-22.018490	-30.374083	1.000000
0.000000	-107.534424	126.023666	1.000000
0.000000	29405522.000000	-21550876.000000	1.000000
0.000000	-362.624329	1521.314087	1.000000
0.000000	654.880249	341.205231	1.000000
0.000000	1835.686646	26447.150391	1.000000
0.000000	3172.904785	-1428.733887	1.000000
0.000000	34.949017	-47.685436	1.000000
0.000000	31.983242	-160.312286	1.000000
0.000000	5533.307129	-2712.187012	1.000000
0.000000	400946.562500	-1051564.750000	1.000000
0.000000	40412.984375	142701.750000	1.000000
0.000000	899154304.000000	-490293056.000000	1.000000
0.000000	5271.827148	-14688.599609	1.000000
0.000000	-11819835.000000	-661608.187500	1.000000
0.000000	10489.616211	-15323.040039	1.000000
0.000000	51.643459	-128.890045	1.000000
0.000000	-87.869263	-609.445007	1.000000
0.000000	-746.858765	930.496826	1.000000
0.000000	424636.437500	2551.408936	1.000000
0.000000	-9106.357422	10696.559570	1.000000
0.000000	62.611355	598.001526	1.000000
0.000000	53.981564	-41.651318	1.000000
0.000000	3397.938965	-13042.766602	1.000000
0.000000	-935690816.000000	516809408.000000	1.000000
0.000000	1333545.500000	80013.484375	1.000000
0.000000	370429.937500	-121693.640625	1.000000
0.000000	282777.000000	227318.781250	1.000000
0.000000	25123.322266	-23252.605469	1.000000
0.000000	2203343.750000	933971.937500	1.000000
0.000000	-24.440334	12.409749	1.000000
0.000000	328.508209	22.702620	1.000000
0.000000	-3321.688721	-562.623291	1.000000
0.000000	-1641.940552	1472.428345	1.000000
0.000000	-15.791616	58.251877	1.000000
0.000000	75.781830	193.481995	1.000000
0.000000	-972.852905	1166.063843	1.000000
0.000000	702.031799	-53.473534	1.000000
0.000000	178.913376	-426.919342	1.000000
0.000000	-4355021.000000	2416277.250000	1.000000
0.000000	890.021729	487.134460	1.000000
0.000000	121.777252	-88016.968750	1.000000
0.000000	1711789.125000	-2028472.500000	1.000000
0.000000	765.449341	-1757.512695	1.000000
0.000000	-469.190979	-5160.259277	1.000000
0.000000	691415.187500	-227203.468750	1.000000
0.000000	12310197.000000	-6573529.500000	1.000000
0.000000	-21886.279297	-21262.277344	1.000000
0.000000	170438.453125	-24379.058594	1.000000
0.000000	133.489670	-37.083622	1.000000
0.000000	47.228905	38.618851	1.000000
0.000000	866.395203	-1725.582764	1.000000
0.254413	16.915527	-51.990387	1.000000
0.000000	14.268939	-31.623590	1.000000
0.000000	-809.782715	826.048767	1.000000
0.000000	36.215492	-3174.611572	1.000000
0.000000	-53608.414062	119833.890625	1.000000
0.186764	3.184852	10.189276	1.000000
0.000000	-104.531967	-38.343624	1.000000
0.000000	-378.667206	-1146.774780	1.000000
0.000000	-64833.777344	15680.707031	1.000000
0.000000	2358.059326	539.889954	1.000000
0.000000	55582.207031	149422.734375	1.000000
0.000000	-12987.163086	6683.198242	1.000000
0.000000	-41579.535156	-29936.210938	1.000000
0.000000	-8667.528320	13665.425781	1.000000
0.000000	73.191429	230.462891	1.000000
0.000000	-118.153961	-4.316786	1.000000
0.000000	1366.895020	3358.641357	1.000000
0.000000	379.817780	-346.810638	1.000000
0.000000	2091.449951	321.032440	1.000000
0.000000	515.393311	-279.709534	1.000000
0.000000	14047.228516	-13983.019531	1.000000
0.000000	-76.707001	2.012861	1.000000
0.000000	-1067.204590	1766.891724	1.000000
0.000000	42.959141	71.944382	1.000000
0.000000	-13597.143555	-2925.047119	1.000000
0.000000	-28498.753906	-61306.359375	1.000000
0.000000	1554.438232	7831.579102	1.000000
0.000000	-2691.802734	2056.996582	1.000000
0.000000	-149.887299	-42.636070	1.000000
0.000000	242.569443	408.628967	1.000000
0.000000	-3992.310791	-16243.219727	1.000000
0.000000	506.823151	-102.544426	1.000000
0.000000	-8512.865234	12911.472656	1.000000
0.000000	-977.282593	-2920.619141	1.000000
0.000000	971.858215	301.937408	1.000000
0.000000	22.282646	-196.298981	1.000000
0.000000	-5914.511230	-20553.599609	1.000000
0.000000	-12.394758	-51.179935	1.000000
0.000000	22589.140625	-24331.919922	1.000000
0.000000	-117.313446	24.603956	1.000000
0.000000	-3300464.250000	1376390.750000	1.000000
0.000000	-17893.400391	-1005.845337	1.000000
0.000000	56.994751	330.468323	1.000000
0.025589	67.963989	-86.347534	1.000000
0.000000	6596.354004	2963.038086	1.000000
0.000000	-26391.005859	-23450.613281	1.000000
0.000000	-586712.625000	317290.781250	1.000000
0.000000	-108536.234375	249342.921875	1.000000
0.000000	38304.359375	-56191.003906	1.000000
0.000000	422.467743	-1512.432739	1.000000
0.897555	-10.623982	-72.913490	1.000000
0.000000	-157.294312	-692.201782	1.000000
0.000000	-312.651062	415.993011	1.000000
0.000000	4112436.000000	2116301.500000	1.000000
0.000000	-98.822144	156.737595	1.000000
0.000000	-45168.089844	75702.625000	1.000000
0.000000	456.505798	1574.386475	1.000000
0.000000	4565.579590	12633.762695	1.000000
0.000000	646.499573	1882.123047	1.000000
0.000000	-43904.511719	2164.755615	1.000000
0.000000	245984.546875	-842228.687500	1.000000
0.000000	23.259621	-23.943436	1.000000
0.000000	174.086487	-149.471268	1.000000
0.000000	-33089.285156	-139747.796875	1.000000
0.000000	-14245.791992	-13823.281250	1.000000
0.000000	-106.556488	-68.204567	1.000000
0.000000	-323253.281250	730136.875000	1.000000
0.000000	-31599.027344	-19811.464844	1.000000
0.000000	-174.256119	-960.564819	1.000000
0.025589	72.455940	-89.225792	1.000000
0.000000	-3893.168457	-12694.390625	1.000000
0.254413	13.299388	-53.420921	1.000000
0.000000	3119.025879	3260.785645	1.000000
0.000000	-102.465218	427.581146	1.000000
0.000000	799523.937500	-982912.687500	1.000000
0.000000	-107.811821	361.875549	1.000000
0.000000	-3545.345947	-2012.689819	1.000000
0.000000	31.305208	2627.445557	1.000000
0.000000	-120.984238	102.403473	1.000000
0.000000	19993.087891	10302.523438	1.000000
0.000000	-201.737671	632.714050	1.000000
0.000000	-3099.132812	-1826.147583	1.000000
0.000000	65013.464844	112399.757812	1.000000
0.000000	60.667625	24.893215	1.000000
0.000000	484892.843750	100547.734375	1.000000
0.000000	-39.787518	38.825817	1.000000
0.000000	80.235481	14.912667	1.000000
0.000000	271.690582	-160.330933	1.000000
0.897555	-10.435186	-78.074348	1.000000
0.000000	-52532.207031	-3264.990479	1.000000
0.000000	11249.358398	1139.620483	1.000000
0.000000	-153.844254	87.308319	1.000000
0.000000	-160.745010	1977.840088	1.000000
0.000000	-7859.120605	-92880.171875	1.000000
0.000000	-397.692719	1335.888916	1.000000
0.000000	140.010132	89.375664	1.000000
0.000000	55.542690	4.489519	1.000000
0.000000	42.382126	57.837452	1.000000
0.000000	-42675.613281	-77897.695312	1.000000
0.000000	524.153015	-912.688721	1.000000
0.000000	-162.982758	81.715637	1.000000
0.000000	40.307850	-445.776459	1.000000
0.000000	-433.063477	428.250854	1.000000
0.000000	193.929794	269.159454	1.000000
0.000000	148.714813	723.316040	1.000000
0.219949	-48.612823	-86.230499	1.000000
0.000000	11.693507	345.281677	1.000000
0.000000	-10711.922852	575.844177	1.000000
0.000000	28171368.000000	16549397.000000	1.000000
0.000000	111.773315	-423.267365	1.000000
0.000000	-32887.515625	266952.500000	1.000000
0.000000	55.944847	15.341587	1.000000
0.000000	1242.393799	2833.987305	1.000000
0.000000	4825.115723	10611.540039	1.000000
0.000000	-48819.398438	-126250.796875	1.000000
0.000000	309.458099	-376.092621	1.000000
0.000000	1929694.125000	165048.421875	1.000000
0.000000	-180383.515625	-177937.812500	1.000000
0.000000	-69983.242188	13902.426758	1.000000
0.000000	91.861626	109.892654	1.000000
0.000000	-131019.281250	14683.542969	1.000000
0.000000	-812.036804	102.961617	1.000000
0.000000	-1143.953979	1227.907104	1.000000
0.000000	-1111.220459	887.540527	1.000000
0.000000	49191.707031	57282.468750	1.000000
0.000000	84103.773438	3857.645752	1.000000
0.000000	779.580750	-491.414062	1.000000
0.000000	-94.871399	-140.259567	1.000000
0.000000	-1589278.625000	-1200867.375000	1.000000
0.000000	9.818294	58.697506	1.000000
0.000000	2590553.750000	19102.535156	1.000000
0.000000	36.700741	84.821526	1.000000
0.000000	-10276.691406	12953.427734	1.000000
0.000000	1826645.375000	135571.296875	1.000000
0.000000	-1598.579468	500.708740	1.000000
0.000000	-17.008682	-11.368505	1.000000
0.000000	105.107735	129.993652	1.000000
0.000000	684.595398	1139.776245	1.000000
0.000000	-10416.124023	7200.743652	1.000000
0.000000	-82.238060	102.152771	1.000000
0.000000	27322.357422	25596.496094	1.000000
0.000000	-142.272430	91.567513	1.000000
0.000000	259.644135	201.974487	1.000000
0.000000	243.205994	-9123.580078	1.000000
0.000000	-5305.882324	9767.607422	1.000000
0.000000	458967.156250	25803.500000	1.000000
0.000000	-737.291687	997.032715	1.000000
0.000000	1938.169678	-5437.233887	1.000000
0.000000	3481.274902	-1792.412842	1.000000
0.000000	-21.923357	-176.694244	1.000000
0.000000	-30.298702	25.106461	1.000000
0.000000	1094.181885	-471.228790	1.000000
0.000000	1173.515747	12026.831055	1.000000
0.000000	18331.402344	-23727.283203	1.000000
0.708952	22.731272	4.940886	1.000000
0.000000	-23.774431	85.399139	1.000000
0.000000	1394.547119	1008.651733	1.000000
0.000000	112.666359	-38.034008	1.000000
0.000000	57.864262	-121.737320	1.000000
0.000000	-1720.351074	41.471359	1.000000
0.000000	75033.078125	-7440.732422	1.000000
0.000000	2.035079	114.164398	1.000000
0.000000	-509.507446	-720.712036	1.000000
0.000000	1197.676514	-9898.816406	1.000000
0.000000	85.626671	54.675148	1.000000
0.000000	10.145472	26.545841	1.000000
0.000000	-4000.581299	-4872.336426	1.000000
0.000000	216.704742	183.410751	1.000000
0.000000	-1786.957153	-2788.861572	1.000000
0.000000	-116.276337	2.909152	1.000000
0.000000	22196.593750	38785.312500	1.000000
0.000000	50.647514	-22.311825	1.000000
0.000000	582.520813	-554.993713	1.000000
0.000000	991.192139	548.162537	1.000000
0.000000	-307.186188	331.715332	1.000000
0.219949	-49.767296	-82.825180	1.000000
0.000000	9430.241211	5104.504395	1.000000
0.000000	-92820.625000	-330024.906250	1.000000
0.000000	7683.493652	16937.312500	1.000000
0.000000	12.743830	44.368271	1.000000
0.000000	3299.919189	-1199.852173	1.000000
0.000000	-423536.750000	-81712.156250	1.000000
0.000000	-44105600.000000	-10494824.000000	1.000000
0.000000	5886.842773	-4854.379395	1.000000
0.000000	-172.854401	-124.985199	1.000000
0.000000	759.799072	-1841.091675	1.000000
0.000000	6090.583008	545.417236	1.000000
0.000000	21.293688	13.113087	1.000000
0.000000	-179.700623	1031.487183	1.000000
0.000000	-18827.439453	370.415039	1.000000
0.000000	-323.889954	-148.535233	1.000000
0.000000	259.498840	-46.359100	1.000000
0.000000	14265.748047	-11158.010742	1.000000
