0.000000	31395.843750	455908.750000	1.000000
0.000000	215048.875000	175401.890625	1.000000
0.000000	1211.049561	-12942.483398	1.000000
0.000000	-355.913391	646.268127	1.000000
0.000000	16875.685547	27225.687500	1.000000
0.000000	-13532.407227	717.274597	1.000000
0.000000	-534.419617	-2527.547607	1.000000
0.000000	-595481.812500	1523932.125000	1.000000
0.000000	3658.576904	-2060.102539	1.000000
0.000000	9292453.000000	3386659.750000	1.000000
0.000000	78697400.000000	19959642.000000	1.000000
0.000000	-437.742310	-229.031128	1.000000
0.000000	-374.664368	244.772339	1.000000
0.000000	86.378563	-411.848175	1.000000
0.000000	-73337376.000000	-31090268.000000	1.000000
0.000000	881.530334	-4436.577637	1.000000
0.000000	414.075195	-572.406128	1.000000
0.000000	-6257.493652	7950.498047	1.000000
0.000000	-986.912048	48.406372	1.000000
0.000000	-361.188629	445.328888	1.000000
0.000000	958.000305	8173.913086	1.000000
0.000000	10397.421875	85116.945312	1.000000
0.000000	-80.263359	987.647583	1.000000
0.000000	355.737518	-19.975050	1.000000
0.000000	-207012.828125	-53454.707031	1.000000
0.000000	582.996033	-45.693085	1.000000
0.000000	10384.479492	35205.519531	1.000000
0.000000	-4094.151123	11547.134766	1.000000
0.000000	556.943665	-262.447174	1.000000
0.000000	-61297.695312	-273296.843750	1.000000
0.000000	5071.985352	-8767.644531	1.000000
0.000000	5043.708008	948.323120	1.000000
0.000000	-420.920349	527.889343	1.000000
0.000000	-661.096863	-91.753525	1.000000
0.000000	-372.733734	-138.897720	1.000000
0.000000	5016.585938	2851.502197	1.000000
0.000000	-147.948212	-129.686722	1.000000
0.000000	-5870.000488	-1612.784058	1.000000
0.000000	-246225.765625	-73891.718750	1.000000
0.000000	-46603.855469	-6263.312988	1.000000
0.000000	597.146790	197.513779	1.000000
0.000000	637.352600	-124.957138	1.000000
0.000000	-3.364078	406.930908	1.000000
0.000000	-156.563492	-287.110474	1.000000
0.000000	68.786194	402.752289	1.000000
0.000000	-624.236145	-116.387070	1.000000
0.000000	-3942.459961	3257.902832	1.000000
0.000000	-922.866455	568.770081	1.000000
0.000000	-149.320816	-421.782349	1.000000
0.000000	-419.654358	-115.828529	1.000000
0.000000	7208.036621	6261.751953	1.000000
0.000000	-959.989441	1553.652954	1.000000
0.000000	-68.039932	1210.502441	1.000000
0.000000	-3493.645264	-11512.653320	1.000000
0.000000	454.813904	19.282232	1.000000
0.000000	-12.440832	-432.339355	1.000000
0.000000	296.223541	112.030136	1.000000
0.000000	29405522.000000	-21550876.000000	1.000000
0.000000	-688.112610	1760.005493	1.000000
0.000000	388.950775	645.348938	1.000000
0.000000	1627.571411	26099.962891	1.000000
0.000000	3326.771973	-1802.552246	1.000000
0.000000	-177.019958	-392.923401	1.000000
0.000000	249.961761	-500.383575	1.000000
0.000000	5284.752441	-3029.784668	1.000000
0.000000	401199.062500	-1051564.750000	1.000000
0.000000	40065.796875	142449.250000	1.000000
0.000000	899154304.000000	-490293056.000000	1.000000
0.000000	5011.436523	-14996.333984	1.000000
0.000000	-11819835.000000	-661103.187500	1.000000
0.000000	10694.772461	-14975.852539	1.000000
0.000000	-67.702667	-514.833313	1.000000
0.000000	-392.823242	-874.274109	1.000000
0.000000	-343.060608	916.688232	1.000000
0.000000	424131.437500	2450.803467	1.000000
0.000000	-9500.888672	10601.872070	1.000000
0.000000	-329.534210	500.848206	1.000000
0.000000	18.597042	-444.074921	1.000000
0.000000	3437.392090	-13445.188477	1.000000
0.000000	-935690816.000000	516809408.000000	1.000000
0.000000	1333545.500000	80392.234375	1.000000
0.000000	370934.937500	-121756.765625	1.000000
0.000000	282272.000000	227445.031250	1.000000
0.000000	24760.353516	-23063.230469	1.000000
0.000000	2203343.750000	933466.937500	1.000000
0.000000	-234.361435	352.647522	1.000000
0.000000	-64.278374	-67.889091	1.000000
0.000000	-3069.188721	-247.001816	1.000000
0.000000	-1689.284302	1873.863892	1.000000
0.000000	170.498383	416.770630	1.000000
0.000000	-28.010763	-196.971161	1.000000
0.000000	-1362.452515	1059.540405	1.000000
0.000000	1043.301270	-269.821655	1.000000
0.000000	268.774963	-33.060482	1.000000
0.000000	-4355021.000000	2416277.250000	1.000000
0.000000	1239.370850	689.794617	1.000000
0.000000	-273.604065	-88080.093750	1.000000
0.000000	1711789.125000	-2028472.500000	1.000000
0.000000	840.903442	-1361.008789	1.000000
0.000000	-137.044983	-5389.087402	1.000000
0.000000	691415.187500	-227582.218750	1.000000
0.000000	12310197.000000	-6573529.500000	1.000000
0.000000	-21980.966797	-21656.808594	1.000000
0.000000	170817.203125	-24615.777344	1.000000
0.000000	-40.406963	321.386261	1.000000
0.000000	434.178680	-77.571907	1.000000
0.000000	475.316101	-1826.188232	1.000000
0.000000	-247.864868	-355.155182	1.000000
0.000000	161.309204	-407.907806	1.000000
0.000000	-925.676270	1212.941528	1.000000
0.000000	-355.442810	-3075.978760	1.000000
0.000000	-54018.726562	119833.890625	1.000000
0.000000	141.715485	386.366943	1.000000
0.000000	-495.404266	64.034431	1.000000
0.000000	9.878078	-1036.306030	1.000000
0.000000	-64486.589844	15459.769531	1.000000
0.000000	2478.391357	925.544250	1.000000
0.000000	55897.832031	149675.234375	1.000000
0.000000	-13373.803711	6556.948242	1.000000
0.000000	-41895.160156	-29699.492188	1.000000
0.000000	-8336.122070	13894.253906	1.000000
0.000000	438.142090	403.581665	1.000000
0.000000	-416.920715	268.194092	1.000000
0.000000	1657.861816	3078.524170	1.000000
0.000000	769.910522	-452.101166	1.000000
0.000000	1831.881104	11.399720	1.000000
0.000000	594.299561	-675.864807	1.000000
0.000000	13960.431641	-14377.550781	1.000000
0.000000	-421.191284	-208.968857	1.000000
0.000000	-1220.085449	1393.073364	1.000000
0.000000	331.706696	354.527374	1.000000
0.000000	-13202.612305	-3013.816650	1.000000
0.000000	-28751.253906	-61621.984375	1.000000
0.000000	1775.375732	8170.875977	1.000000
0.000000	-2445.220703	1737.426270	1.000000
0.000000	219.773224	-205.626785	1.000000
0.000000	-20.381151	108.558067	1.000000
0.000000	-3735.865479	-15927.594727	1.000000
0.000000	894.940002	10.200791	1.000000
0.000000	-8915.287109	12943.035156	1.000000
0.000000	-855.471069	-3305.287109	1.000000
0.000000	927.966614	703.501892	1.000000
0.000000	417.063751	-282.023621	1.000000
0.000000	-5516.034668	-20490.474609	1.000000
0.000000	8.857519	-454.598907	1.000000
0.000000	22478.671875	-24726.451172	1.000000
0.000000	-388.524872	-272.948853	1.000000
0.000000	-3300464.250000	1376390.750000	1.000000
0.000000	-18035.431641	-1382.622681	1.000000
0.000000	-112.862968	696.080688	1.000000
0.000000	201.935638	-466.489349	1.000000
0.000000	6726.549316	2580.342773	1.000000
0.000000	-26012.255859	-23324.363281	1.000000
0.000000	-586712.625000	317543.281250	1.000000
0.000000	-108536.234375	248964.171875	1.000000
0.000000	37894.046875	-56191.003906	1.000000
0.000000	683.844727	-1820.167114	1.000000
0.000000	183.445267	281.439301	1.000000
0.000000	-249.639282	-299.016479	1.000000
0.000000	-422.873230	804.606323	1.000000
0.000000	4112436.000000	2116301.500000	1.000000
0.000000	294.477814	236.388046	1.000000
0.000000	-45325.902344	76081.375000	1.000000
0.000000	820.916443	1748.966553	1.000000
0.000000	4956.165527	12531.184570	1.000000
0.000000	606.553284	1479.701172	1.000000
0.000000	-44188.574219	2460.654053	1.000000
0.000000	245605.796875	-842228.687500	1.000000
0.000000	-342.194794	-196.094955	1.000000
0.000000	572.583679	-120.244362	1.000000
0.000000	-32931.472656	-140126.546875	1.000000
0.000000	-14379.932617	-13444.531250	1.000000
0.000000	-510.007080	-88.670876	1.000000
0.000000	-323758.281250	730136.875000	1.000000
0.000000	-31251.839844	-19606.308594	1.000000
0.000000	-539.462646	-1133.172241	1.000000
0.000000	182.284439	-478.915619	1.000000
0.000000	-3506.527832	-12812.750000	1.000000
0.000000	129.099304	-441.233795	1.000000
0.000000	3239.357910	2876.117676	1.000000
0.000000	89.077667	75.578651	1.000000
0.000000	799018.937500	-982912.687500	1.000000
0.000000	-506.242523	429.192444	1.000000
0.000000	-3158.705322	-2127.103760	1.000000
0.000000	-53.592007	3021.976807	1.000000
0.000000	-406.031555	388.745819	1.000000
0.000000	19787.931641	10649.710938	1.000000
0.000000	196.462128	564.657410	1.000000
0.000000	-3483.800781	-1952.397583	1.000000
0.000000	65139.714844	112778.507812	1.000000
0.000000	359.635956	297.570099	1.000000
0.000000	484892.843750	100926.484375	1.000000
0.000000	-331.987213	317.803284	1.000000
0.000000	78.646797	416.756592	1.000000
0.000000	340.980133	237.661926	1.000000
0.000000	-413.539124	-103.745880	1.000000
0.000000	-52374.394531	-2898.076416	1.000000
0.000000	11462.405273	1482.862671	1.000000
0.000000	-45.098442	-302.785065	1.000000
0.000000	75.159676	1649.392822	1.000000
0.000000	-7878.847168	-93258.921875	1.000000
0.000000	-639.719727	1012.373291	1.000000
0.000000	-123.571861	391.639160	1.000000
0.000000	444.343414	-111.741142	1.000000
0.000000	62.763577	461.352234	1.000000
0.000000	-42991.238281	-77645.195312	1.000000
0.000000	208.309555	-1164.970947	1.000000
0.000000	47.304108	426.683899	1.000000
0.000000	-140.476669	-84.526360	1.000000
0.000000	-470.050781	830.672729	1.000000
0.000000	476.266205	-19.826597	1.000000
0.000000	244.758514	1115.874634	1.000000
0.000000	-235.824463	265.406830	1.000000
0.000000	337.051971	585.446960	1.000000
0.000000	-11114.344727	546.254333	1.000000
0.000000	28171368.000000	16549397.000000	1.000000
0.000000	384.184845	-721.631592	1.000000
0.000000	-32729.703125	266700.000000	1.000000
0.000000	-344.879639	2.322624	1.000000
0.000000	1578.731689	2611.077148	1.000000
0.000000	4430.584473	10706.227539	1.000000
0.000000	-48409.085938	-126250.796875	1.000000
0.000000	-45.222637	-569.412964	1.000000
0.000000	1929694.125000	165300.921875	1.000000
0.000000	-180004.765625	-177937.812500	1.000000
0.000000	-70298.867188	13673.598633	1.000000
0.000000	332.636749	-209.304138	1.000000
0.000000	-131145.531250	15070.183594	1.000000
0.000000	-1172.336548	285.678894	1.000000
0.000000	-1397.440308	913.442017	1.000000
0.000000	-1215.771240	1277.953979	1.000000
0.000000	49286.394531	57661.218750	1.000000
0.000000	83788.148438	3615.009033	1.000000
0.000000	1164.561646	-368.616211	1.000000
0.000000	-453.950165	-325.365570	1.000000
0.000000	-1589278.625000	-1200867.375000	1.000000
0.000000	-378.054382	172.492966	1.000000
0.000000	2590553.750000	19465.503906	1.000000
0.000000	173.907593	-287.112091	1.000000
0.000000	-10513.410156	13284.833984	1.000000
0.000000	1826645.375000	135318.796875	1.000000
0.000000	-1552.222046	902.144287	1.000000
0.000000	375.688446	73.936836	1.000000
0.000000	439.403625	-89.512100	1.000000
0.000000	362.066101	896.412048	1.000000
0.000000	-10692.295898	7496.642090	1.000000
0.000000	-478.248779	182.148712	1.000000
0.000000	27338.138672	26006.808594	1.000000
0.000000	152.636993	367.731232	1.000000
0.000000	277.891205	605.555603	1.000000
0.000000	-149.815521	-9028.892578	1.000000
0.000000	-5708.304199	9775.498047	1.000000
0.000000	459219.656250	25503.656250	1.000000
0.000000	-1116.041748	1137.091309	1.000000
0.000000	2263.324219	-5196.569824	1.000000
0.000000	3489.165527	-2196.807373	1.000000
0.000000	199.047516	161.501938	1.000000
0.000000	315.169037	234.944397	1.000000
0.000000	920.294312	-835.704590	1.000000
0.000000	1219.873169	11624.409180	1.000000
0.000000	17936.871094	-23806.189453	1.000000
0.000000	425.688812	-24.419518	1.000000
0.000000	-7.364832	-314.585052	1.000000
0.000000	1059.195557	1233.568115	1.000000
0.000000	516.565369	-48.359631	1.000000
0.000000	123.713768	275.384186	1.000000
0.000000	-1335.683105	164.676727	1.000000
0.000000	75411.828125	-7397.333984	1.000000
0.000000	109.602196	503.560120	1.000000
0.000000	-105.560165	-720.712036	1.000000
0.000000	1172.031982	-9496.394531	1.000000
0.000000	329.914154	376.463806	1.000000
0.000000	316.410095	286.113312	1.000000
0.000000	-3815.151611	-4513.312988	1.000000
0.000000	615.193481	249.248154	1.000000
0.000000	-2111.266113	-3029.525635	1.000000
0.000000	49.165676	364.885803	1.000000
0.000000	22259.718750	39195.625000	1.000000
0.000000	451.955292	-23.563875	1.000000
0.000000	986.422180	-548.089417	1.000000
0.000000	1340.352295	751.346130	1.000000
0.000000	-323.953766	735.233643	1.000000
0.000000	205.399063	-393.608124	1.000000
0.000000	9635.397461	4757.316895	1.000000
0.000000	-92631.250000	-330277.406250	1.000000
0.000000	8085.915527	16953.093750	1.000000
0.000000	275.867859	-262.230835	1.000000
0.000000	3432.087158	-817.877197	1.000000
0.000000	-423284.250000	-82027.781250	1.000000
0.000000	-44105600.000000	-10494824.000000	1.000000
0.000000	6068.327148	-4495.355957	1.000000
0.000000	-326.188202	248.755035	1.000000
0.000000	1113.890869	-1646.785034	1.000000
0.000000	5774.958008	294.396729	1.000000
0.000000	-354.093567	-136.699265	1.000000
0.000000	-583.132141	1011.760620	1.000000
0.000000	-18764.314453	-28.484253	1.000000
0.000000	-727.791321	-159.754715	1.000000
0.000000	309.996063	-445.795624	1.000000
0.000000	14636.607422	-11000.198242	1.000000
