0.000000	31459.261719	455849.062500	1.000000
0.000000	215019.031250	175312.359375	1.000000
0.000000	1196.827148	-12847.356445	1.000000
0.000000	-451.390076	647.667053	1.000000
0.000000	16883.146484	27322.679688	1.000000
0.000000	-13625.668945	738.841370	1.000000
0.000000	-620.103821	-2485.579834	1.000000
0.000000	-595362.437500	1523932.125000	1.000000
0.000000	3609.614502	-2142.172852	1.000000
0.000000	9292453.000000	3386659.750000	1.000000
0.000000	78697400.000000	19959642.000000	1.000000
0.000000	-345.588074	-204.025330	1.000000
0.000000	-329.432434	160.661926	1.000000
0.000000	89.890450	-316.429779	1.000000
0.000000	-73337376.000000	-31090268.000000	1.000000
0.000000	798.410828	-4483.208496	1.000000
0.000000	391.692383	-479.590393	1.000000
0.000000	-6208.064941	7868.427734	1.000000
0.000000	-987.145203	143.911011	1.000000
0.000000	-328.430450	355.622772	1.000000
0.000000	937.482727	8080.651367	1.000000
0.000000	10311.621094	85072.179688	1.000000
0.000000	-61.785885	893.919556	1.000000
0.000000	285.441498	44.664230	1.000000
0.000000	-207072.515625	-53387.558594	1.000000
0.000000	487.767365	-53.168594	1.000000
0.000000	10386.344727	35302.511719	1.000000
0.000000	-4000.423096	11565.787109	1.000000
0.000000	473.474426	-216.049469	1.000000
0.000000	-61394.687500	-273296.843750	1.000000
0.000000	5128.875000	-8844.119141	1.000000
0.000000	4951.378906	924.774536	1.000000
0.000000	-332.846313	490.934418	1.000000
0.000000	-591.267151	-156.832718	1.000000
0.000000	-298.124359	-79.326797	1.000000
0.000000	4929.852539	2811.865967	1.000000
0.000000	-59.134270	-94.583122	1.000000
0.000000	-5796.323730	-1552.397095	1.000000
0.000000	-246255.609375	-73802.187500	1.000000
0.000000	-46678.464844	-6205.490723	1.000000
0.000000	523.470032	136.718796	1.000000
0.000000	582.211609	-47.012333	1.000000
0.000000	-2.506598	311.454224	1.000000
0.000000	-113.541634	-201.852798	1.000000
0.000000	56.914249	307.975067	1.000000
0.000000	-588.213806	-204.839981	1.000000
0.000000	-4020.799805	3312.460938	1.000000
0.000000	-868.658081	490.096771	1.000000
0.000000	-128.307785	-328.637207	1.000000
0.000000	-326.217773	-96.185280	1.000000
0.000000	7112.909668	6272.010742	1.000000
0.000000	-907.879456	1633.624878	1.000000
0.000000	-13.759847	1289.075439	1.000000
0.000000	-3438.154541	-11590.993164	1.000000
0.000000	366.623291	-17.341511	1.000000
0.000000	-14.801519	-336.862671	1.000000
0.000000	200.788284	115.338013	1.000000
0.000000	29405522.000000	-21550876.000000	1.000000
0.000000	-611.171692	1703.582153	1.000000
0.000000	451.844147	573.420837	1.000000
0.000000	1676.766968	26182.033203	1.000000
0.000000	3290.399902	-1714.186768	1.000000
0.000000	-126.775200	-311.727417	1.000000
0.000000	198.434662	-420.003632	1.000000
0.000000	5343.507324	-2954.708984	1.000000
0.000000	401139.375000	-1051564.750000	1.000000
0.000000	40147.867188	142508.937500	1.000000
0.000000	899154304.000000	-490293056.000000	1.000000
0.000000	5072.989258	-14923.589844	1.000000
0.000000	-11819835.000000	-661222.562500	1.000000
0.000000	10646.276367	-15057.922852	1.000000
0.000000	-39.490993	-423.609894	1.000000
0.000000	-320.720276	-811.672180	1.000000
0.000000	-438.479004	919.952393	1.000000
0.000000	424250.812500	2474.585205	1.000000
0.000000	-9407.626953	10624.254883	1.000000
0.000000	-236.849365	523.813904	1.000000
0.000000	26.961452	-348.947968	1.000000
0.000000	3428.065918	-13350.061523	1.000000
0.000000	-935690816.000000	516809408.000000	1.000000
0.000000	1333545.500000	80302.703125	1.000000
0.000000	370815.562500	-121741.843750	1.000000
0.000000	282391.375000	227415.187500	1.000000
0.000000	24846.154297	-23107.996094	1.000000
0.000000	2203343.750000	933586.312500	1.000000
0.000000	-184.058395	271.451538	1.000000
0.000000	28.923294	-47.065495	1.000000
0.000000	-3128.876221	-321.607666	1.000000
0.000000	-1678.092896	1778.970093	1.000000
0.000000	126.461372	332.019043	1.000000
0.000000	-3.474917	-104.671211	1.000000
0.000000	-1270.356567	1084.721069	1.000000
0.000000	962.629944	-218.681305	1.000000
0.000000	247.546341	-126.174057	1.000000
0.000000	-4355021.000000	2416277.250000	1.000000
0.000000	1156.834229	641.881409	1.000000
0.000000	-180.143814	-88065.171875	1.000000
0.000000	1711789.125000	-2028472.500000	1.000000
0.000000	823.067139	-1454.736816	1.000000
0.000000	-215.559692	-5334.995605	1.000000
0.000000	691415.187500	-227492.687500	1.000000
0.000000	12310197.000000	-6573529.500000	1.000000
0.000000	-21958.583984	-21563.546875	1.000000
0.000000	170727.671875	-24559.820312	1.000000
0.000000	0.691045	235.177475	1.000000
0.000000	342.782196	-49.801125	1.000000
0.000000	567.761780	-1802.406494	1.000000
0.000000	-185.029785	-283.227081	1.000000
0.000000	126.540680	-318.959442	1.000000
0.000000	-898.280640	1121.545044	1.000000
0.000000	-262.880554	-3099.294189	1.000000
0.000000	-53921.734375	119833.890625	1.000000
0.000000	107.957748	297.010559	1.000000
0.000000	-403.016876	39.844669	1.000000
0.000000	-81.964645	-1062.419312	1.000000
0.000000	-64568.660156	15511.996094	1.000000
0.000000	2449.946533	834.380920	1.000000
0.000000	55823.222656	149615.546875	1.000000
0.000000	-13282.407227	6586.791992	1.000000
0.000000	-41820.550781	-29755.449219	1.000000
0.000000	-8414.461914	13840.162109	1.000000
0.000000	351.875000	362.663086	1.000000
0.000000	-346.566406	203.586716	1.000000
0.000000	1589.081299	3144.739990	1.000000
0.000000	677.697998	-427.211945	1.000000
0.000000	1893.200684	84.595482	1.000000
0.000000	575.647217	-582.253357	1.000000
0.000000	13980.949219	-14284.289062	1.000000
0.000000	-339.762146	-159.102982	1.000000
0.000000	-1183.946533	1481.438843	1.000000
0.000000	263.450775	287.728668	1.000000
0.000000	-13295.874023	-2992.832764	1.000000
0.000000	-28691.566406	-61547.375000	1.000000
0.000000	1723.149170	8090.670898	1.000000
0.000000	-2503.509277	1812.968262	1.000000
0.000000	132.398651	-167.098038	1.000000
0.000000	42.786072	180.190765	1.000000
0.000000	-3796.485596	-16002.204102	1.000000
0.000000	803.193787	-16.449369	1.000000
0.000000	-8820.160156	12935.574219	1.000000
0.000000	-884.265625	-3214.356934	1.000000
0.000000	938.341980	608.608093	1.000000
0.000000	323.743744	-261.739197	1.000000
0.000000	-5610.229004	-20505.396484	1.000000
0.000000	3.833773	-359.238800	1.000000
0.000000	22504.785156	-24633.189453	1.000000
0.000000	-324.115997	-202.419662	1.000000
0.000000	-3300464.250000	1376390.750000	1.000000
0.000000	-18001.857422	-1293.557739	1.000000
0.000000	-72.702141	609.463867	1.000000
0.000000	170.110077	-376.433502	1.000000
0.000000	6695.772949	2670.806641	1.000000
0.000000	-26101.787109	-23354.207031	1.000000
0.000000	-586712.625000	317483.593750	1.000000
0.000000	-108536.234375	249053.703125	1.000000
0.000000	37991.039062	-56191.003906	1.000000
0.000000	622.058838	-1747.422974	1.000000
0.000000	137.572159	197.678635	1.000000
0.000000	-227.810211	-391.986755	1.000000
0.000000	-396.818237	712.743530	1.000000
0.000000	4112436.000000	2116301.500000	1.000000
0.000000	200.866348	217.531693	1.000000
0.000000	-45288.597656	75991.843750	1.000000
0.000000	734.765930	1707.698242	1.000000
0.000000	4863.836426	12555.432617	1.000000
0.000000	615.996033	1574.828125	1.000000
0.000000	-44121.425781	2390.707764	1.000000
0.000000	245695.328125	-842228.687500	1.000000
0.000000	-255.811127	-155.409531	1.000000
0.000000	477.340179	-127.603294	1.000000
0.000000	-32968.777344	-140037.015625	1.000000
0.000000	-14348.223633	-13534.062500	1.000000
0.000000	-414.646973	-83.832924	1.000000
0.000000	-323638.906250	730136.875000	1.000000
0.000000	-31333.910156	-19654.804688	1.000000
0.000000	-453.118744	-1092.370239	1.000000
0.000000	156.491745	-386.994537	1.000000
0.000000	-3597.924316	-12784.771484	1.000000
0.000000	101.484512	-349.837311	1.000000
0.000000	3210.913086	2967.047852	1.000000
0.000000	43.878120	159.709122	1.000000
0.000000	799138.312500	-982912.687500	1.000000
0.000000	-412.048187	413.279663	1.000000
0.000000	-3250.101807	-2100.057861	1.000000
0.000000	-33.526165	2928.715088	1.000000
0.000000	-338.649963	321.072784	1.000000
0.000000	19836.427734	10567.640625	1.000000
0.000000	102.330048	580.745056	1.000000
0.000000	-3392.870605	-1922.553833	1.000000
0.000000	65109.871094	112688.976562	1.000000
0.000000	289.223358	233.055023	1.000000
0.000000	484892.843750	100836.953125	1.000000
0.000000	-262.915253	251.877075	1.000000
0.000000	79.856285	321.279907	1.000000
0.000000	324.601044	143.584167	1.000000
0.000000	-318.237305	-97.669296	1.000000
0.000000	-52411.699219	-2984.809814	1.000000
0.000000	11412.043945	1401.724976	1.000000
0.000000	-71.051430	-210.878296	1.000000
0.000000	19.392910	1727.033203	1.000000
0.000000	-7874.184082	-93169.390625	1.000000
0.000000	-582.480347	1088.847900	1.000000
0.000000	-60.474884	319.944214	1.000000
0.000000	353.063507	-83.660622	1.000000
0.000000	57.532177	365.992126	1.000000
0.000000	-42916.628906	-77704.882812	1.000000
0.000000	282.958588	-1105.283447	1.000000
0.000000	-2.403491	345.138184	1.000000
0.000000	-97.740822	-169.926544	1.000000
0.000000	-461.307495	735.545776	1.000000
0.000000	409.525787	48.481178	1.000000
0.000000	222.055115	1023.079224	1.000000
0.000000	-191.146271	181.004990	1.000000
0.000000	260.111053	528.907043	1.000000
0.000000	-11019.217773	553.248962	1.000000
0.000000	28171368.000000	16549397.000000	1.000000
0.000000	319.775970	-651.102417	1.000000
0.000000	-32767.007812	266759.687500	1.000000
0.000000	-249.402954	4.749201	1.000000
0.000000	1499.226074	2663.770020	1.000000
0.000000	4523.846191	10683.844727	1.000000
0.000000	-48506.078125	-126250.796875	1.000000
0.000000	38.618755	-523.714722	1.000000
0.000000	1929694.125000	165241.234375	1.000000
0.000000	-180094.296875	-177937.812500	1.000000
0.000000	-70224.257812	13727.690430	1.000000
0.000000	275.222504	-133.004395	1.000000
0.000000	-131115.687500	14978.787109	1.000000
0.000000	-1087.235229	242.487061	1.000000
0.000000	-1337.519653	987.701660	1.000000
0.000000	-1191.056885	1185.624878	1.000000
0.000000	49264.011719	57571.687500	1.000000
0.000000	83862.757812	3672.364990	1.000000
0.000000	1073.631470	-397.643921	1.000000
0.000000	-369.082001	-281.590851	1.000000
0.000000	-1589278.625000	-1200867.375000	1.000000
0.000000	-285.900146	147.399734	1.000000
0.000000	2590553.750000	19379.703125	1.000000
0.000000	140.741394	-197.561813	1.000000
0.000000	-10457.453125	13206.494141	1.000000
0.000000	1826645.375000	135378.484375	1.000000
0.000000	-1563.180298	807.250488	1.000000
0.000000	282.601593	52.628471	1.000000
0.000000	359.956299	-36.498642	1.000000
0.000000	438.307556	953.884583	1.000000
0.000000	-10627.012695	7426.695801	1.000000
0.000000	-384.637329	163.234070	1.000000
0.000000	27334.408203	25909.816406	1.000000
0.000000	82.923866	302.448029	1.000000
0.000000	273.577850	510.194366	1.000000
0.000000	-56.914127	-9051.275391	1.000000
0.000000	-5613.177246	9773.632812	1.000000
0.000000	459159.968750	25574.535156	1.000000
0.000000	-1026.510498	1103.983398	1.000000
0.000000	2186.383301	-5253.459473	1.000000
0.000000	3487.300293	-2101.214111	1.000000
0.000000	146.820953	81.559158	1.000000
0.000000	233.506744	185.457397	1.000000
0.000000	961.446045	-749.554077	1.000000
0.000000	1208.914917	11719.536133	1.000000
0.000000	18030.132812	-23787.537109	1.000000
0.000000	330.445282	-17.475891	1.000000
0.000000	-12.714522	-219.224945	1.000000
0.000000	1138.468018	1180.408936	1.000000
0.000000	421.088684	-45.918797	1.000000
0.000000	108.398445	181.131546	1.000000
0.000000	-1426.613281	135.561584	1.000000
0.000000	75322.296875	-7407.592773	1.000000
0.000000	84.173805	411.522461	1.000000
0.000000	-201.065994	-720.712036	1.000000
0.000000	1178.093994	-9591.521484	1.000000
0.000000	272.150177	300.397217	1.000000
0.000000	243.554352	224.342361	1.000000
0.000000	-3858.984619	-4598.181152	1.000000
0.000000	520.999146	233.685104	1.000000
0.000000	-2034.751343	-2972.635986	1.000000
0.000000	8.917094	278.268982	1.000000
0.000000	22244.796875	39098.632812	1.000000
0.000000	356.478607	-23.877176	1.000000
0.000000	890.945496	-549.721497	1.000000
0.000000	1257.815674	703.316345	1.000000
0.000000	-319.990143	639.873535	1.000000
0.000000	145.157822	-319.523346	1.000000
0.000000	9586.901367	4839.387207	1.000000
0.000000	-92676.015625	-330217.718750	1.000000
0.000000	7990.788574	16949.363281	1.000000
0.000000	214.256836	-189.253555	1.000000
0.000000	3400.844482	-908.224487	1.000000
0.000000	-423343.937500	-81953.171875	1.000000
0.000000	-44105600.000000	-10494824.000000	1.000000
0.000000	6025.426758	-4580.224121	1.000000
0.000000	-289.932709	160.389557	1.000000
0.000000	1030.188477	-1692.716431	1.000000
0.000000	5849.567383	353.734497	1.000000
0.000000	-265.436646	-101.190529	1.000000
0.000000	-487.772034	1016.423706	1.000000
0.000000	-18779.236328	65.805405	1.000000
0.000000	-632.314636	-157.102585	1.000000
0.000000	299.096100	-350.901825	1.000000
0.000000	14548.941406	-11037.502930	1.000000
