0.000000	31391.195312	455913.125000	1.000000
0.000000	215051.062500	175408.453125	1.000000
0.000000	1212.092041	-12949.456055	1.000000
0.000000	-348.915100	646.165588	1.000000
0.000000	16875.138672	27218.578125	1.000000
0.000000	-13525.571289	715.693787	1.000000
0.000000	-528.139099	-2530.623779	1.000000
0.000000	-595490.562500	1523932.125000	1.000000
0.000000	3662.165771	-2054.086914	1.000000
0.000000	9292453.000000	3386659.750000	1.000000
0.000000	78697400.000000	19959642.000000	1.000000
0.000000	-444.497070	-230.864014	1.000000
0.000000	-377.979797	250.937500	1.000000
0.000000	86.121147	-418.842194	1.000000
0.000000	-73337376.000000	-31090268.000000	1.000000
0.000000	887.622864	-4433.159668	1.000000
0.000000	415.715820	-579.207886	1.000000
0.000000	-6261.116699	7956.513672	1.000000
0.000000	-986.894958	41.406479	1.000000
0.000000	-363.589752	451.904205	1.000000
0.000000	959.504211	8180.749023	1.000000
0.000000	10403.710938	85120.226562	1.000000
0.000000	-81.617729	994.517700	1.000000
0.000000	360.890106	-24.712942	1.000000
0.000000	-207008.453125	-53459.628906	1.000000
0.000000	589.977234	-45.145142	1.000000
0.000000	10384.342773	35198.410156	1.000000
0.000000	-4100.996094	11545.767578	1.000000
0.000000	563.061829	-265.848053	1.000000
0.000000	-61290.585938	-273296.843750	1.000000
0.000000	5067.815430	-8762.039062	1.000000
0.000000	5050.475586	950.049194	1.000000
0.000000	-427.376038	530.598083	1.000000
0.000000	-666.215271	-86.983322	1.000000
0.000000	-378.202484	-143.264175	1.000000
0.000000	5022.943359	2854.407471	1.000000
0.000000	-154.457306	-132.258743	1.000000
0.000000	-5875.400879	-1617.210327	1.000000
0.000000	-246223.578125	-73898.281250	1.000000
0.000000	-46598.386719	-6267.551270	1.000000
0.000000	602.547180	201.969955	1.000000
0.000000	641.394348	-130.669983	1.000000
0.000000	-3.426929	413.929199	1.000000
0.000000	-159.716568	-293.361084	1.000000
0.000000	69.656708	409.699310	1.000000
0.000000	-626.876526	-109.903610	1.000000
0.000000	-3936.717773	3253.903809	1.000000
0.000000	-926.839844	574.537903	1.000000
0.000000	-150.861038	-428.609741	1.000000
0.000000	-426.503113	-117.268349	1.000000
0.000000	7215.009277	6261.000000	1.000000
0.000000	-963.809021	1547.791138	1.000000
0.000000	-72.018661	1204.743164	1.000000
0.000000	-3497.712646	-11506.911133	1.000000
0.000000	461.278137	21.966673	1.000000
0.000000	-12.267797	-439.337646	1.000000
0.000000	303.217560	111.787674	1.000000
0.000000	29405522.000000	-21550876.000000	1.000000
0.000000	-693.752258	1764.141235	1.000000
0.000000	384.340790	650.621155	1.000000
0.000000	1623.965454	26093.947266	1.000000
0.000000	3329.437988	-1809.029297	1.000000
0.000000	-180.702820	-398.874939	1.000000
0.000000	253.738617	-506.275299	1.000000
0.000000	5280.445801	-3035.287598	1.000000
0.000000	401203.437500	-1051564.750000	1.000000
0.000000	40059.781250	142444.875000	1.000000
0.000000	899154304.000000	-490293056.000000	1.000000
0.000000	5006.924805	-15001.666016	1.000000
0.000000	-11819835.000000	-661094.437500	1.000000
0.000000	10698.327148	-14969.836914	1.000000
0.000000	-69.770538	-521.523987	1.000000
0.000000	-398.108276	-878.862732	1.000000
0.000000	-336.066589	916.448975	1.000000
0.000000	424122.687500	2449.060303	1.000000
0.000000	-9507.724609	10600.231445	1.000000
0.000000	-336.327423	499.164856	1.000000
0.000000	17.983944	-451.047577	1.000000
0.000000	3438.075684	-13452.161133	1.000000
0.000000	-935690816.000000	516809408.000000	1.000000
0.000000	1333545.500000	80398.796875	1.000000
0.000000	370943.687500	-121757.859375	1.000000
0.000000	282263.250000	227447.218750	1.000000
0.000000	24754.064453	-23059.949219	1.000000
0.000000	2203343.750000	933458.187500	1.000000
0.000000	-238.048569	358.599060	1.000000
0.000000	-71.110039	-69.415428	1.000000
0.000000	-3064.813721	-241.535202	1.000000
0.000000	-1690.104614	1880.819458	1.000000
0.000000	173.726227	422.982788	1.000000
0.000000	-29.809202	-203.736603	1.000000
0.000000	-1369.203003	1057.694702	1.000000
0.000000	1049.214355	-273.568604	1.000000
0.000000	270.330139	-26.235760	1.000000
0.000000	-4355021.000000	2416277.250000	1.000000
0.000000	1245.420654	693.306580	1.000000
0.000000	-280.452820	-88081.187500	1.000000
0.000000	1711789.125000	-2028472.500000	1.000000
0.000000	842.210815	-1354.138672	1.000000
0.000000	-131.289978	-5393.052246	1.000000
0.000000	691415.187500	-227588.781250	1.000000
0.000000	12310197.000000	-6573529.500000	1.000000
0.000000	-21982.607422	-21663.644531	1.000000
0.000000	170823.765625	-24619.878906	1.000000
0.000000	-43.419582	327.705231	1.000000
0.000000	440.877899	-79.607735	1.000000
0.000000	468.539978	-1827.931396	1.000000
0.000000	-252.470581	-360.427399	1.000000
0.000000	163.857727	-414.427582	1.000000
0.000000	-927.684326	1219.640747	1.000000
0.000000	-362.227478	-3074.269775	1.000000
0.000000	-54025.835938	119833.890625	1.000000
0.000000	144.189240	392.916626	1.000000
0.000000	-502.176117	65.807503	1.000000
0.000000	16.609995	-1034.391968	1.000000
0.000000	-64480.574219	15455.941406	1.000000
0.000000	2480.476318	932.226379	1.000000
0.000000	55903.300781	149679.609375	1.000000
0.000000	-13380.502930	6554.760742	1.000000
0.000000	-41900.628906	-29695.390625	1.000000
0.000000	-8330.379883	13898.218750	1.000000
0.000000	444.465332	406.580933	1.000000
0.000000	-422.077576	272.927979	1.000000
0.000000	1662.903320	3073.670654	1.000000
0.000000	776.669556	-453.925507	1.000000
0.000000	1827.386475	6.034711	1.000000
0.000000	595.666748	-682.726379	1.000000
0.000000	13958.927734	-14384.386719	1.000000
0.000000	-427.159912	-212.623947	1.000000
0.000000	-1222.734375	1386.596313	1.000000
0.000000	336.709747	359.423615	1.000000
0.000000	-13195.776367	-3015.354736	1.000000
0.000000	-28755.628906	-61627.453125	1.000000
0.000000	1779.203857	8176.754883	1.000000
0.000000	-2440.948242	1731.889160	1.000000
0.000000	226.177643	-208.450882	1.000000
0.000000	-25.011164	103.308281	1.000000
0.000000	-3731.422119	-15922.125977	1.000000
0.000000	901.664856	12.154241	1.000000
0.000000	-8922.259766	12943.582031	1.000000
0.000000	-853.360474	-3311.952148	1.000000
0.000000	927.206116	710.457458	1.000000
0.000000	423.903961	-283.510437	1.000000
0.000000	-5509.130371	-20489.380859	1.000000
0.000000	9.225752	-461.588654	1.000000
0.000000	22476.757812	-24733.287109	1.000000
0.000000	-393.245941	-278.118530	1.000000
0.000000	-3300464.250000	1376390.750000	1.000000
0.000000	-18037.892578	-1389.151001	1.000000
0.000000	-115.806694	702.429565	1.000000
0.000000	204.268402	-473.090302	1.000000
0.000000	6728.805176	2573.711914	1.000000
0.000000	-26005.693359	-23322.175781	1.000000
0.000000	-586712.625000	317547.656250	1.000000
0.000000	-108536.234375	248957.609375	1.000000
0.000000	37886.937500	-56191.003906	1.000000
0.000000	688.373535	-1825.499146	1.000000
0.000000	186.807693	287.578827	1.000000
0.000000	-251.239319	-292.201904	1.000000
0.000000	-424.783020	811.339722	1.000000
0.000000	4112436.000000	2116301.500000	1.000000
0.000000	301.339386	237.770187	1.000000
0.000000	-45328.636719	76087.937500	1.000000
0.000000	827.231140	1751.991455	1.000000
0.000000	4962.933105	12529.407227	1.000000
0.000000	605.861145	1472.728516	1.000000
0.000000	-44193.496094	2465.781006	1.000000
0.000000	245599.234375	-842228.687500	1.000000
0.000000	-348.526581	-199.077133	1.000000
0.000000	579.564880	-119.704964	1.000000
0.000000	-32928.738281	-140133.109375	1.000000
0.000000	-14382.256836	-13437.968750	1.000000
0.000000	-516.996826	-89.025490	1.000000
0.000000	-323767.031250	730136.875000	1.000000
0.000000	-31245.824219	-19602.753906	1.000000
0.000000	-545.794434	-1136.162964	1.000000
0.000000	184.175003	-485.653290	1.000000
0.000000	-3499.828613	-12814.800781	1.000000
0.000000	131.124451	-447.933014	1.000000
0.000000	3241.442871	2869.452637	1.000000
0.000000	92.390961	69.412422	1.000000
0.000000	799010.187500	-982912.687500	1.000000
0.000000	-513.146790	430.358826	1.000000
0.000000	-3152.006104	-2129.086182	1.000000
0.000000	-55.062801	3028.812744	1.000000
0.000000	-410.970520	393.706146	1.000000
0.000000	19784.376953	10655.726562	1.000000
0.000000	203.362152	563.478210	1.000000
0.000000	-3490.465820	-1954.585083	1.000000
0.000000	65141.902344	112785.070312	1.000000
0.000000	364.797089	302.299713	1.000000
0.000000	484892.843750	100933.046875	1.000000
0.000000	-337.050079	322.635437	1.000000
0.000000	78.558144	423.754883	1.000000
0.000000	342.180695	244.557678	1.000000
0.000000	-420.524597	-104.191284	1.000000
0.000000	-52371.660156	-2891.718994	1.000000
0.000000	11466.096680	1488.809937	1.000000
0.000000	-43.196129	-309.522736	1.000000
0.000000	79.247353	1643.701904	1.000000
0.000000	-7879.188965	-93265.484375	1.000000
0.000000	-643.915283	1006.767822	1.000000
0.000000	-128.196793	396.894287	1.000000
0.000000	451.034088	-113.799400	1.000000
0.000000	63.147030	468.341980	1.000000
0.000000	-42996.707031	-77640.820312	1.000000
0.000000	202.838669	-1169.345947	1.000000
0.000000	50.947449	432.661072	1.000000
0.000000	-143.608383	-78.266136	1.000000
0.000000	-470.691650	837.645386	1.000000
0.000000	481.158173	-24.833387	1.000000
0.000000	246.422638	1122.676392	1.000000
0.000000	-239.099304	271.593353	1.000000
0.000000	342.691620	589.591248	1.000000
0.000000	-11121.317383	545.741638	1.000000
0.000000	28171368.000000	16549397.000000	1.000000
0.000000	388.905914	-726.801270	1.000000
0.000000	-32726.968750	266695.625000	1.000000
0.000000	-351.877930	2.144749	1.000000
0.000000	1584.559326	2607.214844	1.000000
0.000000	4423.748535	10707.868164	1.000000
0.000000	-48401.976562	-126250.796875	1.000000
0.000000	-51.368038	-572.762573	1.000000
0.000000	1929694.125000	165305.296875	1.000000
0.000000	-179998.203125	-177937.812500	1.000000
0.000000	-70304.335938	13669.633789	1.000000
0.000000	336.845123	-214.896790	1.000000
0.000000	-131147.718750	15076.882812	1.000000
0.000000	-1178.574341	288.844788	1.000000
0.000000	-1401.832397	907.998901	1.000000
0.000000	-1217.582764	1284.721558	1.000000
0.000000	49288.035156	57667.781250	1.000000
0.000000	83782.679688	3610.804932	1.000000
0.000000	1171.226685	-366.488525	1.000000
0.000000	-460.170868	-328.574188	1.000000
0.000000	-1589278.625000	-1200867.375000	1.000000
0.000000	-384.809143	174.332260	1.000000
0.000000	2590553.750000	19471.792969	1.000000
0.000000	176.338623	-293.674591	1.000000
0.000000	-10517.511719	13290.576172	1.000000
0.000000	1826645.375000	135314.421875	1.000000
0.000000	-1551.418823	909.099854	1.000000
0.000000	382.511566	75.498421	1.000000
0.000000	445.226990	-93.397903	1.000000
0.000000	356.477722	892.199402	1.000000
0.000000	-10697.081055	7501.769043	1.000000
0.000000	-485.110352	183.535126	1.000000
0.000000	27338.412109	26013.917969	1.000000
0.000000	157.746857	372.516388	1.000000
0.000000	278.207367	612.545349	1.000000
0.000000	-156.625824	-9027.251953	1.000000
0.000000	-5715.276855	9775.634766	1.000000
0.000000	459224.031250	25498.460938	1.000000
0.000000	-1122.604248	1139.518066	1.000000
0.000000	2268.963867	-5192.399902	1.000000
0.000000	3489.302246	-2203.814209	1.000000
0.000000	202.875641	167.361618	1.000000
0.000000	321.154755	238.571716	1.000000
0.000000	917.277954	-842.019287	1.000000
0.000000	1220.676392	11617.436523	1.000000
0.000000	17930.035156	-23807.556641	1.000000
0.000000	432.670013	-24.928474	1.000000
0.000000	-6.972767	-321.574799	1.000000
0.000000	1053.385010	1237.464600	1.000000
0.000000	523.563660	-48.538540	1.000000
0.000000	124.836357	282.292755	1.000000
0.000000	-1329.018066	166.810822	1.000000
0.000000	75418.390625	-7396.582031	1.000000
0.000000	111.466057	510.306335	1.000000
0.000000	-98.559738	-720.712036	1.000000
0.000000	1171.587646	-9489.421875	1.000000
0.000000	334.148163	382.039368	1.000000
0.000000	321.750671	290.642120	1.000000
0.000000	-3811.938721	-4507.092285	1.000000
0.000000	622.097778	250.388901	1.000000
0.000000	-2116.871582	-3033.695557	1.000000
0.000000	52.115810	371.234680	1.000000
0.000000	22260.812500	39202.734375	1.000000
0.000000	458.953583	-23.540911	1.000000
0.000000	993.420471	-547.969788	1.000000
0.000000	1346.402100	754.866638	1.000000
0.000000	-324.244293	742.223389	1.000000
0.000000	209.814651	-399.038422	1.000000
0.000000	9638.952148	4751.301270	1.000000
0.000000	-92627.968750	-330281.781250	1.000000
0.000000	8092.888184	16953.367188	1.000000
0.000000	280.383850	-267.579956	1.000000
0.000000	3434.377197	-811.254883	1.000000
0.000000	-423279.875000	-82033.250000	1.000000
0.000000	-44105600.000000	-10494824.000000	1.000000
0.000000	6071.471680	-4489.135254	1.000000
0.000000	-328.845673	255.232086	1.000000
0.000000	1120.026123	-1643.418335	1.000000
0.000000	5769.489258	290.047363	1.000000
0.000000	-360.591980	-139.301193	1.000000
0.000000	-590.121887	1011.418823	1.000000
0.000000	-18763.220703	-35.395493	1.000000
0.000000	-734.789612	-159.949112	1.000000
0.000000	310.795013	-452.751190	1.000000
0.000000	14643.033203	-10997.463867	1.000000
