0.000000	31459.925781	455848.437500	1.000000
0.000000	215018.718750	175311.421875	1.000000
0.000000	1196.678223	-12846.360352	1.000000
0.000000	-452.389832	647.681702	1.000000
0.000000	16883.224609	27323.695312	1.000000
0.000000	-13626.645508	739.067200	1.000000
0.000000	-621.001038	-2485.140381	1.000000
0.000000	-595361.187500	1523932.125000	1.000000
0.000000	3609.101807	-2143.032227	1.000000
0.000000	9292453.000000	3386659.750000	1.000000
0.000000	78697400.000000	19959642.000000	1.000000
0.000000	-344.623108	-203.763489	1.000000
0.000000	-328.958801	159.781189	1.000000
0.000000	89.927223	-315.430634	1.000000
0.000000	-73337376.000000	-31090268.000000	1.000000
0.000000	797.540466	-4483.696777	1.000000
0.000000	391.458008	-478.618103	1.000000
0.000000	-6207.547363	7867.568359	1.000000
0.000000	-987.147644	144.911072	1.000000
0.000000	-328.087433	354.683441	1.000000
0.000000	937.267883	8079.674805	1.000000
0.000000	10310.722656	85071.710938	1.000000
0.000000	-61.592403	892.938110	1.000000
0.000000	284.705414	45.341110	1.000000
0.000000	-207073.140625	-53386.855469	1.000000
0.000000	486.770660	-53.246872	1.000000
0.000000	10386.364258	35303.527344	1.000000
0.000000	-3999.441650	11565.982422	1.000000
0.000000	472.600403	-215.563629	1.000000
0.000000	-61395.703125	-273296.843750	1.000000
0.000000	5129.470703	-8844.919922	1.000000
0.000000	4950.412109	924.527954	1.000000
0.000000	-331.924072	490.547455	1.000000
0.000000	-590.535950	-157.514175	1.000000
0.000000	-297.343109	-78.703018	1.000000
0.000000	4928.944336	2811.450928	1.000000
0.000000	-58.204247	-94.215538	1.000000
0.000000	-5795.552246	-1551.764771	1.000000
0.000000	-246255.921875	-73801.250000	1.000000
0.000000	-46679.246094	-6204.885254	1.000000
0.000000	522.698547	136.082199	1.000000
0.000000	581.634216	-46.196217	1.000000
0.000000	-2.497619	310.454468	1.000000
0.000000	-113.091042	-200.960159	1.000000
0.000000	56.789967	306.982635	1.000000
0.000000	-587.836609	-205.766190	1.000000
0.000000	-4021.620117	3313.032227	1.000000
0.000000	-868.090454	489.273407	1.000000
0.000000	-128.087753	-327.661865	1.000000
0.000000	-325.239380	-95.979591	1.000000
0.000000	7111.913574	6272.118164	1.000000
0.000000	-907.333801	1634.462280	1.000000
0.000000	-13.191476	1289.898193	1.000000
0.000000	-3437.573486	-11591.813477	1.000000
0.000000	365.699829	-17.725002	1.000000
0.000000	-14.826239	-335.862915	1.000000
0.000000	199.788834	115.372650	1.000000
0.000000	29405522.000000	-21550876.000000	1.000000
0.000000	-610.366028	1702.991333	1.000000
0.000000	452.502716	572.667664	1.000000
0.000000	1677.282104	26182.892578	1.000000
0.000000	3290.019043	-1713.261475	1.000000
0.000000	-126.249077	-310.877197	1.000000
0.000000	197.895111	-419.161957	1.000000
0.000000	5344.122559	-2953.922852	1.000000
0.000000	401138.750000	-1051564.750000	1.000000
0.000000	40148.726562	142509.562500	1.000000
0.000000	899154304.000000	-490293056.000000	1.000000
0.000000	5073.633789	-14922.828125	1.000000
0.000000	-11819835.000000	-661223.812500	1.000000
0.000000	10645.768555	-15058.782227	1.000000
0.000000	-39.195583	-422.654694	1.000000
0.000000	-319.965271	-811.016663	1.000000
0.000000	-439.478149	919.986572	1.000000
0.000000	424252.062500	2474.834229	1.000000
0.000000	-9406.650391	10624.489258	1.000000
0.000000	-235.878601	524.054382	1.000000
0.000000	27.049038	-347.951874	1.000000
0.000000	3427.968262	-13349.065430	1.000000
0.000000	-935690816.000000	516809408.000000	1.000000
0.000000	1333545.500000	80301.765625	1.000000
0.000000	370814.312500	-121741.687500	1.000000
0.000000	282392.625000	227414.875000	1.000000
0.000000	24847.052734	-23108.464844	1.000000
0.000000	2203343.750000	933587.562500	1.000000
0.000000	-183.531662	270.601318	1.000000
0.000000	29.899208	-46.847446	1.000000
0.000000	-3129.501221	-322.388916	1.000000
0.000000	-1677.975708	1777.976440	1.000000
0.000000	126.000252	331.131592	1.000000
0.000000	-3.217997	-103.704720	1.000000
0.000000	-1269.392212	1084.984741	1.000000
0.000000	961.785217	-218.145721	1.000000
0.000000	247.323868	-127.149094	1.000000
0.000000	-4355021.000000	2416277.250000	1.000000
0.000000	1155.969971	641.379700	1.000000
0.000000	-179.165115	-88065.015625	1.000000
0.000000	1711789.125000	-2028472.500000	1.000000
0.000000	822.880371	-1455.718262	1.000000
0.000000	-216.381836	-5334.429199	1.000000
0.000000	691415.187500	-227491.750000	1.000000
0.000000	12310197.000000	-6573529.500000	1.000000
0.000000	-21958.349609	-21562.570312	1.000000
0.000000	170726.734375	-24559.234375	1.000000
0.000000	1.121389	234.274765	1.000000
0.000000	341.825165	-49.510368	1.000000
0.000000	568.729797	-1802.157471	1.000000
0.000000	-184.371826	-282.473907	1.000000
0.000000	126.176758	-318.028046	1.000000
0.000000	-897.993774	1120.588013	1.000000
0.000000	-261.911316	-3099.538330	1.000000
0.000000	-53920.718750	119833.890625	1.000000
0.000000	107.604202	296.074890	1.000000
0.000000	-402.049469	39.591373	1.000000
0.000000	-82.926407	-1062.692749	1.000000
0.000000	-64569.519531	15512.542969	1.000000
0.000000	2449.648682	833.426331	1.000000
0.000000	55822.441406	149614.921875	1.000000
0.000000	-13281.450195	6587.104492	1.000000
0.000000	-41819.769531	-29756.035156	1.000000
0.000000	-8415.282227	13839.595703	1.000000
0.000000	350.971680	362.234619	1.000000
0.000000	-345.829712	202.910141	1.000000
0.000000	1588.361084	3145.433350	1.000000
0.000000	676.732422	-426.951324	1.000000
0.000000	1893.842773	85.361931	1.000000
0.000000	575.451904	-581.273132	1.000000
0.000000	13981.164062	-14283.312500	1.000000
0.000000	-338.909485	-158.580826	1.000000
0.000000	-1183.568115	1482.364136	1.000000
0.000000	262.736053	287.029205	1.000000
0.000000	-13296.850586	-2992.613037	1.000000
0.000000	-28690.941406	-61546.593750	1.000000
0.000000	1722.602295	8089.831055	1.000000
0.000000	-2504.119629	1813.759277	1.000000
0.000000	131.483734	-166.694595	1.000000
0.000000	43.447540	180.940887	1.000000
0.000000	-3797.120361	-16002.985352	1.000000
0.000000	802.233093	-16.728415	1.000000
0.000000	-8819.164062	12935.496094	1.000000
0.000000	-884.567139	-3213.404785	1.000000
0.000000	938.450623	607.614441	1.000000
0.000000	322.766571	-261.526794	1.000000
0.000000	-5611.215332	-20505.552734	1.000000
0.000000	3.781168	-358.240265	1.000000
0.000000	22505.058594	-24632.212891	1.000000
0.000000	-323.441559	-201.681137	1.000000
0.000000	-3300464.250000	1376390.750000	1.000000
0.000000	-18001.505859	-1292.625122	1.000000
0.000000	-72.281609	608.556885	1.000000
0.000000	169.776825	-375.490509	1.000000
0.000000	6695.450684	2671.753906	1.000000
0.000000	-26102.724609	-23354.519531	1.000000
0.000000	-586712.625000	317482.968750	1.000000
0.000000	-108536.234375	249054.640625	1.000000
0.000000	37992.054688	-56191.003906	1.000000
0.000000	621.411865	-1746.661255	1.000000
0.000000	137.091812	196.801559	1.000000
0.000000	-227.581635	-392.960266	1.000000
0.000000	-396.545410	711.781616	1.000000
0.000000	4112436.000000	2116301.500000	1.000000
0.000000	199.886124	217.334244	1.000000
0.000000	-45288.207031	75990.906250	1.000000
0.000000	733.863831	1707.266113	1.000000
0.000000	4862.869629	12555.686523	1.000000
0.000000	616.094910	1575.824219	1.000000
0.000000	-44120.722656	2389.975342	1.000000
0.000000	245696.265625	-842228.687500	1.000000
0.000000	-254.906586	-154.983505	1.000000
0.000000	476.342865	-127.680351	1.000000
0.000000	-32969.167969	-140036.078125	1.000000
0.000000	-14347.891602	-13535.000000	1.000000
0.000000	-413.648438	-83.782265	1.000000
0.000000	-323637.656250	730136.875000	1.000000
0.000000	-31334.769531	-19655.312500	1.000000
0.000000	-452.214813	-1091.942993	1.000000
0.000000	156.221664	-386.032013	1.000000
0.000000	-3598.881348	-12784.478516	1.000000
0.000000	101.195358	-348.880280	1.000000
0.000000	3210.615234	2968.000000	1.000000
0.000000	43.404869	160.590164	1.000000
0.000000	799139.562500	-982912.687500	1.000000
0.000000	-411.061859	413.113037	1.000000
0.000000	-3251.058838	-2099.774658	1.000000
0.000000	-33.316051	2927.738525	1.000000
0.000000	-337.944397	320.364166	1.000000
0.000000	19836.935547	10566.781250	1.000000
0.000000	101.344482	580.913513	1.000000
0.000000	-3391.918457	-1922.241333	1.000000
0.000000	65109.558594	112688.039062	1.000000
0.000000	288.486053	232.379669	1.000000
0.000000	484892.843750	100836.015625	1.000000
0.000000	-262.191986	251.186462	1.000000
0.000000	79.868950	320.280151	1.000000
0.000000	324.429535	142.599060	1.000000
0.000000	-317.239380	-97.605667	1.000000
0.000000	-52412.089844	-2985.718018	1.000000
0.000000	11411.516602	1400.875366	1.000000
0.000000	-71.323189	-209.916077	1.000000
0.000000	18.808994	1727.846191	1.000000
0.000000	-7874.135254	-93168.453125	1.000000
0.000000	-581.880981	1089.648682	1.000000
0.000000	-59.814255	319.193481	1.000000
0.000000	352.107697	-83.366585	1.000000
0.000000	57.477398	364.993591	1.000000
0.000000	-42915.847656	-77705.507812	1.000000
0.000000	283.740448	-1104.658447	1.000000
0.000000	-2.923997	344.284302	1.000000
0.000000	-97.293282	-170.820709	1.000000
0.000000	-461.215942	734.549683	1.000000
0.000000	408.826935	49.196434	1.000000
0.000000	221.817383	1022.107544	1.000000
0.000000	-190.678436	180.121201	1.000000
0.000000	259.305389	528.315002	1.000000
0.000000	-11018.221680	553.322205	1.000000
0.000000	28171368.000000	16549397.000000	1.000000
0.000000	319.101532	-650.363892	1.000000
0.000000	-32767.398438	266760.312500	1.000000
0.000000	-248.403198	4.774607	1.000000
0.000000	1498.393555	2664.321777	1.000000
0.000000	4524.822754	10683.610352	1.000000
0.000000	-48507.093750	-126250.796875	1.000000
0.000000	39.496670	-523.236206	1.000000
0.000000	1929694.125000	165240.609375	1.000000
0.000000	-180095.234375	-177937.812500	1.000000
0.000000	-70223.476562	13728.256836	1.000000
0.000000	274.621307	-132.205444	1.000000
0.000000	-131115.375000	14977.830078	1.000000
0.000000	-1086.344116	242.034790	1.000000
0.000000	-1336.892212	988.479248	1.000000
0.000000	-1190.798096	1184.658081	1.000000
0.000000	49263.777344	57570.750000	1.000000
0.000000	83863.539062	3672.965576	1.000000
0.000000	1072.679321	-397.947876	1.000000
0.000000	-368.193329	-281.132477	1.000000
0.000000	-1589278.625000	-1200867.375000	1.000000
0.000000	-284.935181	147.136978	1.000000
0.000000	2590553.750000	19378.804688	1.000000
0.000000	140.394104	-196.624008	1.000000
0.000000	-10456.867188	13205.673828	1.000000
0.000000	1826645.375000	135379.109375	1.000000
0.000000	-1563.295044	806.256836	1.000000
0.000000	281.626862	52.405312	1.000000
0.000000	359.124390	-35.943527	1.000000
0.000000	439.105896	954.486389	1.000000
0.000000	-10626.329102	7425.963379	1.000000
0.000000	-383.657104	163.036011	1.000000
0.000000	27334.369141	25908.800781	1.000000
0.000000	82.193886	301.764435	1.000000
0.000000	273.532684	509.195221	1.000000
0.000000	-55.941303	-9051.509766	1.000000
0.000000	-5612.181152	9773.613281	1.000000
0.000000	459159.343750	25575.277344	1.000000
0.000000	-1025.572998	1103.636719	1.000000
0.000000	2185.577637	-5254.055176	1.000000
0.000000	3487.280762	-2100.213135	1.000000
0.000000	146.274078	80.722061	1.000000
0.000000	232.651642	184.939209	1.000000
0.000000	961.876953	-748.651978	1.000000
0.000000	1208.800171	11720.532227	1.000000
0.000000	18031.109375	-23787.341797	1.000000
0.000000	329.447968	-17.403183	1.000000
0.000000	-12.770541	-218.226410	1.000000
0.000000	1139.298096	1179.852295	1.000000
0.000000	420.088928	-45.893238	1.000000
0.000000	108.238075	180.144608	1.000000
0.000000	-1427.565430	135.256714	1.000000
0.000000	75321.359375	-7407.700195	1.000000
0.000000	83.907539	410.558716	1.000000
0.000000	-202.066055	-720.712036	1.000000
0.000000	1178.157471	-9592.517578	1.000000
0.000000	271.545319	299.600708	1.000000
0.000000	242.791718	223.695694	1.000000
0.000000	-3859.443604	-4599.069824	1.000000
0.000000	520.012817	233.522141	1.000000
0.000000	-2033.948120	-2972.040283	1.000000
0.000000	8.495627	277.362000	1.000000
0.000000	22244.640625	39097.617188	1.000000
0.000000	355.478851	-23.880457	1.000000
0.000000	889.945740	-549.738586	1.000000
0.000000	1256.951416	702.813416	1.000000
0.000000	-319.948639	638.875000	1.000000
0.000000	144.527023	-318.747589	1.000000
0.000000	9586.393555	4840.246582	1.000000
0.000000	-92676.484375	-330217.093750	1.000000
0.000000	7989.792480	16949.324219	1.000000
0.000000	213.611694	-188.489395	1.000000
0.000000	3400.517334	-909.170532	1.000000
0.000000	-423344.562500	-81952.390625	1.000000
0.000000	-44105600.000000	-10494824.000000	1.000000
0.000000	6024.977539	-4581.112793	1.000000
0.000000	-289.553070	159.464264	1.000000
0.000000	1029.312012	-1693.197388	1.000000
0.000000	5850.348633	354.355835	1.000000
0.000000	-264.508301	-100.818672	1.000000
0.000000	-486.773499	1016.472534	1.000000
0.000000	-18779.392578	66.792801	1.000000
0.000000	-631.314880	-157.074814	1.000000
0.000000	298.981964	-349.908173	1.000000
0.000000	14548.023438	-11037.893555	1.000000
