0.000000	31630.921875	455687.500000	1.000000
0.000000	214938.250000	175070.015625	1.000000
0.000000	1158.329834	-12589.866211	1.000000
0.000000	-709.826965	651.453674	1.000000
0.000000	16903.341797	27585.218750	1.000000
0.000000	-13878.110352	797.218445	1.000000
0.000000	-852.034363	-2371.981201	1.000000
0.000000	-595039.312500	1523932.125000	1.000000
0.000000	3477.082764	-2364.321289	1.000000
0.000000	9292453.000000	3386659.750000	1.000000
0.000000	78697400.000000	19959642.000000	1.000000
0.000000	-96.139366	-136.339478	1.000000
0.000000	-207.029938	-67.031914	1.000000
0.000000	99.396446	-58.100887	1.000000
0.000000	-73337376.000000	-31090268.000000	1.000000
0.000000	573.422424	-4609.429199	1.000000
0.000000	331.106445	-228.262131	1.000000
0.000000	-6074.270996	7646.279297	1.000000
0.000000	-987.776306	402.382111	1.000000
0.000000	-239.745956	112.805717	1.000000
0.000000	881.945618	7828.209961	1.000000
0.000000	10079.375000	84951.007812	1.000000
0.000000	-11.774919	640.215942	1.000000
0.000000	96.066803	217.078857	1.000000
0.000000	-207234.078125	-53205.800781	1.000000
0.000000	230.111420	-73.403351	1.000000
0.000000	10391.393555	35565.050781	1.000000
0.000000	-3746.719482	11616.275391	1.000000
0.000000	247.539352	-90.459877	1.000000
0.000000	-61657.226562	-273296.843750	1.000000
0.000000	5282.864258	-9051.121094	1.000000
0.000000	4701.461914	861.033081	1.000000
0.000000	-94.452515	390.904510	1.000000
0.000000	-402.160034	-333.023956	1.000000
0.000000	-96.108810	81.935013	1.000000
0.000000	4695.082031	2704.578369	1.000000
0.000000	181.268738	0.417906	1.000000
0.000000	-5596.895020	-1388.941284	1.000000
0.000000	-246336.390625	-73559.843750	1.000000
0.000000	-46880.417969	-6048.977051	1.000000
0.000000	324.190033	-27.876156	1.000000
0.000000	432.872070	163.956970	1.000000
0.000000	-0.185478	52.965969	1.000000
0.000000	-1.295305	28.258900	1.000000
0.000000	24.674198	52.488338	1.000000
0.000000	-490.708344	-444.202850	1.000000
0.000000	-4232.850586	3460.139160	1.000000
0.000000	-721.926514	277.257111	1.000000
0.000000	-71.367264	-76.453995	1.000000
0.459905	-72.650772	-43.516281	1.000000
0.000000	6855.419434	6299.779297	1.000000
0.000000	-766.827820	1850.093384	1.000000
0.000000	133.165222	1501.757324	1.000000
0.000000	-3287.951904	-11803.043945	1.000000
0.000000	126.117973	-111.710831	1.000000
0.000000	-20.598625	-80.124886	1.000000
0.000000	-57.562382	124.291794	1.000000
0.000000	29405522.000000	-21550876.000000	1.000000
0.000000	-402.907532	1550.855103	1.000000
0.000000	621.982300	378.833405	1.000000
0.000000	1809.929810	26404.181641	1.000000
0.000000	3191.947754	-1474.998535	1.000000
0.000000	8.640743	-90.204056	1.000000
0.000000	58.960781	-202.411285	1.000000
0.000000	5502.545410	-2751.493652	1.000000
0.000000	400977.812500	-1051564.750000	1.000000
0.000000	40370.015625	142670.500000	1.000000
0.000000	899154304.000000	-490293056.000000	1.000000
0.000000	5239.600586	-14726.685547	1.000000
0.000000	-11819835.000000	-661545.687500	1.000000
0.000000	10515.006836	-15280.071289	1.000000
0.000000	36.872952	-176.665314	1.000000
0.000000	-125.604248	-642.220886	1.000000
0.000000	-696.870972	928.787842	1.000000
0.000000	424573.937500	2538.957764	1.000000
0.000000	-9155.185547	10684.840820	1.000000
0.000000	14.076962	585.977600	1.000000
0.000000	49.602291	-91.457718	1.000000
0.000000	3402.821777	-13092.571289	1.000000
0.000000	-935690816.000000	516809408.000000	1.000000
0.000000	1333545.500000	80060.359375	1.000000
0.000000	370492.437500	-121701.453125	1.000000
0.000000	282714.500000	227334.406250	1.000000
0.000000	25078.400391	-23229.167969	1.000000
0.000000	2203343.750000	933909.437500	1.000000
0.000000	-50.773739	54.913105	1.000000
0.000000	279.710602	11.798676	1.000000
0.000000	-3290.438721	-523.560791	1.000000
0.000000	-1647.799927	1522.110962	1.000000
0.000000	7.263382	102.617302	1.000000
0.000000	62.934246	145.157410	1.000000
0.000000	-1021.070679	1152.880249	1.000000
0.000000	744.268127	-80.246582	1.000000
0.000000	190.037033	-378.182770	1.000000
0.000000	-4355021.000000	2416277.250000	1.000000
0.000000	933.295654	512.189636	1.000000
0.000000	72.842316	-88024.781250	1.000000
0.000000	1711789.125000	-2028472.500000	1.000000
0.000000	774.787720	-1708.440430	1.000000
0.000000	-428.083801	-5188.579590	1.000000
0.000000	691415.187500	-227250.343750	1.000000
0.000000	12310197.000000	-6573529.500000	1.000000
0.000000	-21897.998047	-21311.105469	1.000000
0.000000	170485.328125	-24408.355469	1.000000
0.000000	111.974777	8.049620	1.000000
0.000000	95.066544	24.080000	1.000000
0.000000	817.994324	-1738.033936	1.000000
0.000000	-14.950259	-88.534035	1.000000
0.000000	32.466812	-78.193436	1.000000
0.000000	-824.125977	873.961365	1.000000
0.000000	-12.259092	-3162.404541	1.000000
0.000000	-53659.195312	119833.890625	1.000000
0.000000	20.931368	57.171738	1.000000
0.000000	-152.902328	-25.677876	1.000000
0.000000	-330.571503	-1133.102905	1.000000
0.000000	-64790.808594	15653.363281	1.000000
0.000000	2372.951904	587.619446	1.000000
0.000000	55621.269531	149453.984375	1.000000
0.000000	-13035.014648	6667.573242	1.000000
0.000000	-41618.597656	-29906.914062	1.000000
0.000000	-8626.512695	13693.746094	1.000000
0.000000	118.365074	251.901489	1.000000
0.000000	-156.172287	28.692347	1.000000
0.000000	1402.905762	3323.973389	1.000000
0.000000	428.096588	-359.841644	1.000000
0.000000	2059.223389	282.702362	1.000000
0.000000	525.158936	-328.751282	1.000000
0.000000	14036.486328	-14031.847656	1.000000
0.000000	-119.347687	-24.100613	1.000000
0.000000	-1086.125488	1720.627075	1.000000
0.000000	78.695221	106.917526	1.000000
0.000000	-13548.315430	-2936.033447	1.000000
0.000000	-28530.003906	-61345.421875	1.000000
0.000000	1581.781982	7873.571289	1.000000
0.000000	-2661.285156	2017.445801	1.000000
0.000000	-104.137466	-62.808189	1.000000
0.000000	209.503647	371.122864	1.000000
0.000000	-3960.572510	-16204.157227	1.000000
0.000000	554.854553	-88.590263	1.000000
0.000000	-8562.669922	12915.378906	1.000000
0.000000	-962.206909	-2968.226562	1.000000
0.000000	966.426086	351.650543	1.000000
0.000000	71.144547	-206.903839	1.000000
0.000000	-5865.194824	-20545.787109	1.000000
0.000000	-9.764524	-101.113342	1.000000
0.000000	22575.468750	-24380.748047	1.000000
0.000000	-149.821732	-11.506474	1.000000
0.000000	-3300464.250000	1376390.750000	1.000000
0.000000	-17910.978516	-1052.476196	1.000000
0.000000	36.023575	375.008911	1.000000
0.033495	83.996597	-132.830872	1.000000
0.000000	6612.467285	2915.674805	1.000000
0.000000	-26344.130859	-23434.988281	1.000000
0.000000	-586712.625000	317322.031250	1.000000
0.000000	-108536.234375	249296.046875	1.000000
0.000000	38253.578125	-56191.003906	1.000000
0.000000	454.816376	-1550.518677	1.000000
0.000000	13.395977	-29.044594	1.000000
0.000000	-168.723145	-643.556763	1.000000
0.000000	-326.292419	464.088715	1.000000
0.000000	4112436.000000	2116301.500000	1.000000
0.000000	-49.809807	166.610031	1.000000
0.000000	-45187.621094	75749.500000	1.000000
0.000000	501.580261	1595.992920	1.000000
0.000000	4613.919434	12621.067383	1.000000
0.000000	641.555725	1832.318359	1.000000
0.000000	-43939.667969	2201.376709	1.000000
0.000000	245937.671875	-842228.687500	1.000000
0.000000	-21.972517	-45.252335	1.000000
0.000000	223.936951	-145.610794	1.000000
0.000000	-33069.753906	-139794.671875	1.000000
0.000000	-14262.393555	-13776.406250	1.000000
0.000000	-156.495224	-70.737526	1.000000
0.000000	-323315.781250	730136.875000	1.000000
0.000000	-31556.058594	-19786.074219	1.000000
0.000000	-219.452652	-981.927124	1.000000
0.033495	86.601219	-138.022446	1.000000
0.000000	-3845.316895	-12709.039062	1.000000
0.000000	26.729050	-102.395767	1.000000
0.000000	3133.918457	3213.178223	1.000000
0.000000	-78.747520	383.603729	1.000000
0.000000	799461.437500	-982912.687500	1.000000
0.000000	-157.112976	370.206848	1.000000
0.000000	-3497.494385	-2026.849976	1.000000
0.000000	20.797625	2676.273682	1.000000
0.000000	-156.261047	137.844131	1.000000
0.000000	19967.697266	10345.492188	1.000000
0.000000	-152.451782	624.291199	1.000000
0.000000	-3146.740234	-1841.772583	1.000000
0.000000	65029.089844	112446.632812	1.000000
0.000000	96.731186	60.897827	1.000000
0.000000	484892.843750	100594.609375	1.000000
0.000000	-75.950844	73.353676	1.000000
0.000000	80.409325	62.675907	1.000000
0.000000	280.266022	-111.075562	1.000000
0.000000	-60.335178	-81.270897	1.000000
0.000000	-52512.675781	-3219.580322	1.000000
0.000000	11275.725586	1182.100952	1.000000
0.000000	-140.248672	39.189728	1.000000
0.000000	-131.554947	1937.190674	1.000000
0.000000	-7861.562012	-92927.046875	1.000000
0.000000	-427.630463	1295.849854	1.000000
0.000000	106.974854	126.912285	1.000000
0.000000	103.333214	-10.212452	1.000000
0.000000	46.699486	106.839508	1.000000
0.000000	-42714.675781	-77866.445312	1.000000
0.000000	485.069489	-943.877686	1.000000
0.000000	-136.951263	124.409729	1.000000
0.000000	17.934650	-401.068207	1.000000
0.000000	-437.641113	478.055542	1.000000
0.000000	228.872421	233.392853	1.000000
0.000000	160.601410	771.900024	1.000000
0.459905	-70.795975	-46.950737	1.000000
0.000000	51.909805	375.724091	1.000000
0.000000	-10761.727539	572.182068	1.000000
0.000000	28171368.000000	16549397.000000	1.000000
0.000000	145.483658	-460.193634	1.000000
0.000000	-32867.984375	266921.250000	1.000000
0.000000	5.960869	14.071293	1.000000
0.000000	1284.019775	2806.399414	1.000000
0.000000	4776.287598	10623.258789	1.000000
0.000000	-48768.617188	-126250.796875	1.000000
0.000000	265.573822	-400.018402	1.000000
0.000000	1929694.125000	165079.671875	1.000000
0.000000	-180336.640625	-177937.812500	1.000000
0.000000	-70022.304688	13874.106445	1.000000
0.000000	121.921440	69.937515	1.000000
0.000000	-131034.906250	14731.394531	1.000000
0.000000	-856.653503	125.575142	1.000000
0.000000	-1175.326050	1188.966675	1.000000
0.000000	-1124.159912	935.819336	1.000000
0.000000	49203.425781	57329.343750	1.000000
0.000000	84064.710938	3827.616455	1.000000
0.000000	827.249207	-476.216309	1.000000
0.000000	-139.320251	-163.163010	1.000000
0.000000	-1589278.625000	-1200867.375000	1.000000
0.000000	-38.422722	71.842949	1.000000
0.000000	2590553.750000	19147.457031	1.000000
0.000000	52.490906	38.860859	1.000000
0.000000	-10305.988281	12994.443359	1.000000
0.000000	1826645.375000	135540.046875	1.000000
0.000000	-1592.842163	550.391357	1.000000
0.000000	31.730299	-0.210578	1.000000
0.000000	146.698990	102.237915	1.000000
0.000000	644.678406	1109.624878	1.000000
0.000000	-10450.303711	7237.364746	1.000000
0.000000	-131.249283	112.048096	1.000000
0.000000	27324.310547	25647.277344	1.000000
0.000000	-105.773407	125.739571	1.000000
0.000000	261.902435	251.916504	1.000000
0.000000	194.560974	-9111.861328	1.000000
0.000000	-5355.687012	9768.583984	1.000000
0.000000	458998.406250	25766.390625	1.000000
0.000000	-784.166687	1014.366699	1.000000
0.000000	1978.330811	-5407.448730	1.000000
0.000000	3482.251465	-1842.461670	1.000000
0.000000	5.425933	-134.839386	1.000000
0.000000	12.442993	51.484985	1.000000
0.000000	1072.697510	-516.361328	1.000000
0.000000	1179.253052	11977.026367	1.000000
0.000000	18282.574219	-23737.048828	1.000000
0.000000	72.639481	1.314960	1.000000
0.000000	-20.974443	35.477829	1.000000
0.000000	1353.043213	1036.517334	1.000000
0.000000	162.651810	-39.311932	1.000000
0.000000	65.879837	-72.382767	1.000000
0.000000	-1672.743652	56.718704	1.000000
0.000000	75079.953125	-7435.361328	1.000000
0.000000	15.346466	162.364716	1.000000
0.000000	-459.519653	-720.712036	1.000000
0.000000	1194.502686	-9849.011719	1.000000
0.000000	115.861961	94.499695	1.000000
0.000000	46.398830	57.178005	1.000000
0.000000	-3977.632080	-4827.902832	1.000000
0.000000	266.033295	191.558945	1.000000
0.000000	-1827.118286	-2818.646729	1.000000
0.000000	-95.203949	48.250912	1.000000
0.000000	22204.406250	38836.093750	1.000000
0.000000	100.649544	-22.147793	1.000000
0.000000	632.508606	-554.139221	1.000000
0.000000	1034.405029	573.309021	1.000000
0.000000	-309.261383	381.672607	1.000000
0.000000	-17.901428	-118.938087	1.000000
0.000000	9455.631836	5061.535645	1.000000
0.000000	-92797.187500	-330056.156250	1.000000
0.000000	7733.298340	16939.265625	1.000000
0.000000	46.884338	7.870893	1.000000
0.000000	3316.276611	-1152.610962	1.000000
0.000000	-423505.500000	-81751.218750	1.000000
0.000000	-44105600.000000	-10494824.000000	1.000000
0.000000	5909.303711	-4809.945801	1.000000
0.000000	-191.836334	-78.728180	1.000000
0.000000	803.622314	-1817.043823	1.000000
0.000000	6051.520508	514.350342	1.000000
0.000000	-25.459829	-5.075387	1.000000
0.000000	-229.642639	1029.045776	1.000000
0.000000	-18819.626953	321.037598	1.000000
0.000000	-373.877747	-149.923782	1.000000
0.000000	265.205627	-96.034088	1.000000
0.000000	14311.646484	-11138.479492	1.000000
