0.000000	31578.460938	455736.875000	1.000000
0.000000	214962.937500	175144.078125	1.000000
0.000000	1170.094971	-12668.557617	1.000000
0.000000	-630.846252	650.296448	1.000000
0.000000	16897.169922	27504.984375	1.000000
0.000000	-13800.961914	779.377869	1.000000
0.000000	-781.154236	-2406.697998	1.000000
0.000000	-595138.062500	1523932.125000	1.000000
0.000000	3517.585693	-2296.430664	1.000000
0.000000	9292453.000000	3386659.750000	1.000000
0.000000	78697400.000000	19959642.000000	1.000000
0.000000	-172.376709	-157.024902	1.000000
0.000000	-244.422821	2.552933	1.000000
0.000000	96.491325	-137.046829	1.000000
0.000000	-73337376.000000	-31090268.000000	1.000000
0.000000	642.180969	-4570.854980	1.000000
0.000000	349.622070	-305.064331	1.000000
0.000000	-6115.159668	7714.169922	1.000000
0.000000	-987.583435	323.401398	1.000000
0.000000	-266.858795	187.012863	1.000000
0.000000	898.918274	7905.358398	1.000000
0.000000	10150.351562	84988.039062	1.000000
0.000000	-27.056940	717.750122	1.000000
0.000000	154.217438	163.605347	1.000000
0.000000	-207184.703125	-53261.347656	1.000000
0.000000	308.858978	-67.219421	1.000000
0.000000	10389.850586	35484.816406	1.000000
0.000000	-3824.253662	11600.845703	1.000000
0.000000	316.587219	-128.841217	1.000000
0.000000	-61576.992188	-273296.843750	1.000000
0.000000	5235.803711	-8987.859375	1.000000
0.000000	4777.838867	880.513062	1.000000
0.000000	-167.304016	421.474579	1.000000
0.000000	-459.973145	-279.164703	1.000000
0.000000	-157.851669	32.652615	1.000000
0.000000	4766.830078	2737.366455	1.000000
0.000000	107.804237	-28.602106	1.000000
0.000000	-5657.842285	-1438.894897	1.000000
0.000000	-246311.703125	-73633.906250	1.000000
0.000000	-46818.699219	-6096.809082	1.000000
0.000000	385.089081	22.424971	1.000000
0.000000	478.534302	99.484474	1.000000
0.000000	-0.894882	131.960190	1.000000
0.000000	-33.726307	-42.914066	1.000000
0.000000	34.605480	129.872375	1.000000
0.000000	-520.506897	-371.056488	1.000000
0.000000	-4168.045898	3415.007324	1.000000
0.000000	-766.769043	342.302887	1.000000
0.000000	-88.812088	-153.563354	1.000000
0.000000	-150.563263	-59.264194	1.000000
0.000000	6934.110840	6291.292969	1.000000
0.000000	-809.934509	1783.938599	1.000000
0.000000	88.263802	1436.759766	1.000000
0.000000	-3333.855225	-11738.239258	1.000000
0.000000	199.071777	-81.418015	1.000000
0.000000	-19.238623	-157.406494	1.000000
0.000000	21.389740	121.555435	1.000000
0.000000	29405522.000000	-21550876.000000	1.000000
0.000000	-466.554993	1597.529907	1.000000
0.000000	570.003540	438.285919	1.000000
0.000000	1769.234009	26336.291016	1.000000
0.000000	3222.035645	-1548.096680	1.000000
0.000000	-32.331524	-159.078186	1.000000
0.000000	101.585297	-268.923004	1.000000
0.000000	5453.941895	-2813.598145	1.000000
0.000000	401027.187500	-1051564.750000	1.000000
0.000000	40302.125000	142621.125000	1.000000
0.000000	899154304.000000	-490293056.000000	1.000000
0.000000	5188.682617	-14786.861328	1.000000
0.000000	-11819835.000000	-661446.937500	1.000000
0.000000	10555.124023	-15212.180664	1.000000
0.000000	13.535549	-252.150238	1.000000
0.000000	-185.225525	-694.006775	1.000000
0.000000	-617.890259	926.087646	1.000000
0.000000	424475.187500	2519.284912	1.000000
0.000000	-9232.333984	10666.325195	1.000000
0.000000	-62.607368	566.979797	1.000000
0.000000	42.683041	-170.149124	1.000000
0.000000	3410.536621	-13171.262695	1.000000
0.000000	-935690816.000000	516809408.000000	1.000000
0.000000	1333545.500000	80134.421875	1.000000
0.000000	370591.187500	-121713.796875	1.000000
0.000000	282615.750000	227359.093750	1.000000
0.000000	25007.423828	-23192.136719	1.000000
0.000000	2203343.750000	933810.687500	1.000000
0.000000	-89.509758	118.884682	1.000000
0.000000	202.610382	-5.429076	1.000000
0.000000	-3241.063721	-461.842041	1.000000
0.000000	-1657.057739	1600.609497	1.000000
0.000000	43.690224	172.721573	1.000000
0.000000	42.640591	68.804565	1.000000
0.000000	-1097.254761	1132.050171	1.000000
0.000000	811.001526	-122.545624	1.000000
0.000000	207.612411	-301.178986	1.000000
0.000000	-4355021.000000	2416277.250000	1.000000
0.000000	1001.668457	551.824646	1.000000
0.000000	-4.470964	-88037.125000	1.000000
0.000000	1711789.125000	-2028472.500000	1.000000
0.000000	789.542358	-1630.906250	1.000000
0.000000	-363.134460	-5233.325684	1.000000
0.000000	691415.187500	-227324.406250	1.000000
0.000000	12310197.000000	-6573529.500000	1.000000
0.000000	-21916.513672	-21388.253906	1.000000
0.000000	170559.390625	-24454.644531	1.000000
0.000000	78.221954	76.951050	1.000000
0.232927	170.451843	3.118921	1.000000
0.000000	741.520935	-1757.706787	1.000000
0.000000	-66.926155	-148.032394	1.000000
0.000000	61.216660	-151.773758	1.000000
0.000000	-846.788330	949.663269	1.000000
0.000000	-88.849655	-3143.117432	1.000000
0.000000	-53739.429688	119833.890625	1.000000
0.000000	48.749397	132.072159	1.000000
0.000000	-229.367294	-5.627461	1.000000
0.000000	-254.580750	-1111.501343	1.000000
0.000000	-64722.917969	15610.160156	1.000000
0.000000	2396.482178	663.032043	1.000000
0.000000	55682.988281	149503.359375	1.000000
0.000000	-13110.620117	6642.885742	1.000000
0.000000	-41680.316406	-29860.625000	1.000000
0.000000	-8561.708008	13738.492188	1.000000
0.000000	189.729004	285.753296	1.000000
0.000000	-214.347031	82.141563	1.000000
0.000000	1459.802734	3269.197998	1.000000
0.000000	504.377106	-380.430634	1.000000
0.000000	2008.455811	222.154327	1.000000
0.000000	540.588623	-406.237244	1.000000
0.000000	14019.513672	-14108.996094	1.000000
0.000000	-186.709457	-65.357719	1.000000
0.000000	-1116.020508	1647.528931	1.000000
0.000000	135.158234	162.175095	1.000000
0.000000	-13471.166992	-2953.391846	1.000000
0.000000	-28579.378906	-61407.140625	1.000000
0.000000	1624.985107	7939.918945	1.000000
0.000000	-2613.067383	1954.955566	1.000000
0.000000	-31.849644	-94.680138	1.000000
0.000000	157.259689	311.863220	1.000000
0.000000	-3910.426025	-16142.438477	1.000000
0.000000	630.749329	-66.542686	1.000000
0.000000	-8641.361328	12921.550781	1.000000
0.000000	-938.387329	-3043.446289	1.000000
0.000000	957.843323	430.197296	1.000000
0.000000	148.341202	-223.659515	1.000000
0.000000	-5787.274902	-20533.443359	1.000000
0.000000	-5.608755	-180.001724	1.000000
0.000000	22553.867188	-24457.896484	1.000000
0.000000	-203.078262	-69.854347	1.000000
0.000000	-3300464.250000	1376390.750000	1.000000
0.000000	-17938.751953	-1126.152954	1.000000
0.000000	2.795502	446.660522	1.000000
0.000000	110.283241	-207.182037	1.000000
0.000000	6637.926270	2840.840820	1.000000
0.000000	-26270.068359	-23410.300781	1.000000
0.000000	-586712.625000	317371.406250	1.000000
0.000000	-108536.234375	249221.984375	1.000000
0.000000	38173.343750	-56191.003906	1.000000
0.000000	505.927216	-1610.694458	1.000000
0.000000	51.347916	40.243649	1.000000
0.000000	-186.780701	-566.697632	1.000000
0.000000	-347.845764	540.079956	1.000000
0.000000	4112436.000000	2116301.500000	1.000000
0.000000	27.633932	182.208481	1.000000
0.000000	-45218.480469	75823.562500	1.000000
0.000000	572.839050	1630.131104	1.000000
0.000000	4690.296387	12601.008789	1.000000
0.000000	633.744446	1753.626953	1.000000
0.000000	-43995.214844	2259.238037	1.000000
0.000000	245863.609375	-842228.687500	1.000000
0.000000	-93.440186	-78.920395	1.000000
0.000000	298.322235	-141.461609	1.000000
0.000000	-33038.894531	-139868.734375	1.000000
0.000000	-14288.624023	-13702.343750	1.000000
0.000000	-235.403610	-74.739601	1.000000
0.000000	-323414.531250	730136.875000	1.000000
0.000000	-31488.167969	-19745.957031	1.000000
0.000000	-290.863190	-1015.679565	1.000000
0.000000	108.000992	-214.208145	1.000000
0.000000	-3769.711426	-12732.183594	1.000000
0.000000	49.577553	-178.025345	1.000000
0.000000	3157.448730	3137.958496	1.000000
0.000000	-41.358288	314.025482	1.000000
0.000000	799362.687500	-982912.687500	1.000000
0.000000	-235.008789	383.370300	1.000000
0.000000	-3421.888916	-2049.222900	1.000000
0.000000	4.195642	2753.422119	1.000000
0.000000	-212.000793	193.849075	1.000000
0.000000	19927.580078	10413.382812	1.000000
0.000000	-74.588348	610.983093	1.000000
0.000000	-3221.959961	-1866.460083	1.000000
0.000000	65053.777344	112520.695312	1.000000
0.000000	154.984726	114.262497	1.000000
0.000000	484892.843750	100668.671875	1.000000
0.000000	-133.088898	127.912086	1.000000
0.000000	79.408806	141.670761	1.000000
0.000000	293.815216	-33.249691	1.000000
0.000000	-139.109787	-86.247864	1.000000
0.000000	-52481.816406	-3147.832275	1.000000
0.000000	11317.385742	1249.220093	1.000000
0.000000	-118.772842	-36.837048	1.000000
0.000000	-85.423515	1872.964600	1.000000
0.000000	-7865.419434	-93001.109375	1.000000
0.000000	-474.932098	1232.588135	1.000000
0.218658	54.969765	186.250458	1.000000
0.000000	181.495529	-30.881002	1.000000
0.218658	50.837498	185.693344	1.000000
0.000000	-42776.394531	-77817.070312	1.000000
0.000000	423.302521	-993.156250	1.000000
0.000000	-95.830940	191.866394	1.000000
0.000000	-17.415281	-330.429169	1.000000
0.000000	-444.873779	556.746948	1.000000
0.000000	284.081757	176.881622	1.000000
0.000000	179.382233	848.662720	1.000000
0.000000	-107.163193	22.365278	1.000000
0.000000	115.545212	422.543549	1.000000
0.000000	-10840.418945	566.395935	1.000000
0.000000	28171368.000000	16549397.000000	1.000000
0.000000	198.740189	-518.537109	1.000000
0.000000	-32837.125000	266871.875000	1.000000
0.000000	-69.955635	9.309557	1.000000
0.000000	1349.788818	2762.810547	1.000000
0.000000	4699.139160	10641.774414	1.000000
0.000000	-48688.382812	-126250.796875	1.000000
0.000000	196.215881	-437.821136	1.000000
0.000000	1929694.125000	165129.046875	1.000000
0.000000	-180262.578125	-177937.812500	1.000000
0.000000	-70084.023438	13829.360352	1.000000
0.232927	169.372101	7.209985	1.000000
0.000000	-131059.593750	14807.000000	1.000000
0.000000	-927.147888	161.304504	1.000000
0.000000	-1224.893921	1127.440796	1.000000
0.000000	-1144.604248	1012.099854	1.000000
0.000000	49221.941406	57403.406250	1.000000
0.000000	84002.992188	3780.170166	1.000000
0.000000	902.565369	-452.203857	1.000000
0.000000	-209.549438	-199.350449	1.000000
0.000000	-1589278.625000	-1200867.375000	1.000000
0.000000	-112.691223	100.218842	1.000000
0.000000	2590553.750000	19218.433594	1.000000
0.000000	78.381042	-29.239023	1.000000
0.000000	-10352.277344	13059.248047	1.000000
0.000000	1826645.375000	135490.671875	1.000000
0.000000	-1583.777222	628.889893	1.000000
0.000000	108.624596	12.691640	1.000000
0.000000	212.419815	58.383850	1.000000
0.000000	581.609558	1061.985718	1.000000
0.000000	-10504.307617	7295.226074	1.000000
0.000000	-208.687027	127.682709	1.000000
0.000000	27327.396484	25727.511719	1.000000
0.000000	-48.104950	179.742966	1.000000
0.000000	265.470551	330.847748	1.000000
0.000000	117.703461	-9093.345703	1.000000
0.000000	-5434.378418	9770.126953	1.000000
0.000000	459047.781250	25707.757812	1.000000
0.000000	-858.229187	1041.754395	1.000000
0.000000	2041.785400	-5360.388184	1.000000
0.000000	3483.794434	-1921.538818	1.000000
0.000000	48.636894	-68.708710	1.000000
0.000000	80.007271	92.432091	1.000000
0.000000	1038.752197	-587.627197	1.000000
0.000000	1188.317993	11898.334961	1.000000
0.000000	18205.425781	-23752.478516	1.000000
0.000000	151.427322	-4.427818	1.000000
0.000000	-22.767597	-39.999493	1.000000
0.000000	1287.467041	1080.491943	1.000000
0.000000	241.632523	-41.331051	1.000000
0.000000	79.612053	3.957768	1.000000
0.000000	-1597.523926	80.813713	1.000000
0.000000	75154.015625	-7426.875000	1.000000
0.000000	36.379082	238.524689	1.000000
0.000000	-380.538940	-720.712036	1.000000
0.000000	1189.488037	-9770.320312	1.000000
0.000000	163.624725	157.423889	1.000000
0.000000	106.657234	108.265541	1.000000
0.000000	-3941.372314	-4757.697754	1.000000
0.000000	343.953217	204.433090	1.000000
0.000000	-1890.572876	-2865.707275	1.000000
0.000000	-66.733833	115.467766	1.000000
0.000000	22216.750000	38916.328125	1.000000
0.000000	176.998322	-24.466051	1.000000
0.000000	711.489319	-552.789124	1.000000
0.000000	1102.681396	613.040466	1.000000
0.000000	-312.540192	460.605103	1.000000
0.000000	31.929537	-180.245209	1.000000
0.000000	9495.749023	4993.645020	1.000000
0.000000	-92760.156250	-330105.531250	1.000000
0.000000	7811.989746	16942.351562	1.000000
0.000000	98.453918	-52.101955	1.000000
0.000000	3342.121338	-1077.969849	1.000000
0.000000	-423456.125000	-81812.937500	1.000000
0.000000	-44105600.000000	-10494824.000000	1.000000
0.000000	5944.791992	-4739.740723	1.000000
0.000000	-221.787567	-5.678925	1.000000
0.000000	872.863037	-1779.048218	1.000000
0.000000	5989.801758	465.264648	1.000000
0.000000	-98.798790	-34.448315	1.000000
0.000000	-308.534973	1025.188354	1.000000
0.000000	-18807.283203	243.025253	1.000000
0.000000	-452.858459	-152.117691	1.000000
0.000000	278.608734	-172.566864	1.000000
0.000000	14384.166016	-11107.620117	1.000000
