0.000000	31445.316406	455862.187500	1.000000
0.000000	215025.593750	175332.046875	1.000000
0.000000	1199.954590	-12868.274414	1.000000
0.000000	-430.395203	647.359436	1.000000
0.000000	16881.505859	27301.351562	1.000000
0.000000	-13605.161133	734.098938	1.000000
0.000000	-601.262268	-2494.808350	1.000000
0.000000	-595388.687500	1523932.125000	1.000000
0.000000	3620.381104	-2124.125977	1.000000
0.000000	9292453.000000	3386659.750000	1.000000
0.000000	78697400.000000	19959642.000000	1.000000
0.000000	-365.852356	-209.523987	1.000000
0.000000	-339.378723	179.157410	1.000000
0.000000	89.118202	-337.411835	1.000000
0.000000	-73337376.000000	-31090268.000000	1.000000
0.000000	816.688416	-4472.954590	1.000000
0.000000	396.614258	-500.008484	1.000000
0.000000	-6218.934082	7886.474609	1.000000
0.000000	-987.093933	122.909729	1.000000
0.000000	-335.633820	375.348724	1.000000
0.000000	941.994446	8101.159180	1.000000
0.000000	10330.488281	85082.023438	1.000000
0.000000	-65.848991	914.529907	1.000000
0.000000	300.899261	30.449841	1.000000
0.000000	-207059.390625	-53402.324219	1.000000
0.000000	508.698151	-51.524765	1.000000
0.000000	10385.934570	35281.183594	1.000000
0.000000	-4021.033447	11561.685547	1.000000
0.000000	491.828918	-226.252106	1.000000
0.000000	-61373.359375	-273296.843750	1.000000
0.000000	5116.365234	-8827.302734	1.000000
0.000000	4971.681641	929.952759	1.000000
0.000000	-352.213379	499.060638	1.000000
0.000000	-606.622375	-142.522110	1.000000
0.000000	-314.530609	-92.426163	1.000000
0.000000	4948.924805	2820.581787	1.000000
0.000000	-78.664757	-102.302391	1.000000
0.000000	-5812.524902	-1565.675903	1.000000
0.000000	-246249.046875	-73821.875000	1.000000
0.000000	-46662.058594	-6218.205566	1.000000
0.000000	539.671204	150.087326	1.000000
0.000000	594.336853	-64.150787	1.000000
0.000000	-2.695154	332.449097	1.000000
0.000000	-123.004066	-220.598221	1.000000
0.000000	59.524189	328.816132	1.000000
0.000000	-596.134949	-185.389603	1.000000
0.000000	-4003.573242	3300.463867	1.000000
0.000000	-880.578247	507.387421	1.000000
0.000000	-132.928452	-349.119385	1.000000
0.000000	-346.764038	-100.504738	1.000000
0.000000	7133.827637	6269.754883	1.000000
0.000000	-919.338196	1616.039429	1.000000
0.000000	-25.695309	1271.797607	1.000000
0.000000	-3450.356689	-11573.766602	1.000000
0.000000	386.015991	-9.288189	1.000000
0.000000	-14.282415	-357.857544	1.000000
0.000000	221.776749	114.610626	1.000000
0.000000	29405522.000000	-21550876.000000	1.000000
0.000000	-628.090637	1715.989380	1.000000
0.000000	438.014191	589.237488	1.000000
0.000000	1665.949097	26163.986328	1.000000
0.000000	3298.397949	-1733.617920	1.000000
0.000000	-137.823792	-329.582031	1.000000
0.000000	209.765228	-437.678802	1.000000
0.000000	5330.587402	-2971.217773	1.000000
0.000000	401152.500000	-1051564.750000	1.000000
0.000000	40129.820312	142495.812500	1.000000
0.000000	899154304.000000	-490293056.000000	1.000000
0.000000	5059.454102	-14939.585938	1.000000
0.000000	-11819835.000000	-661196.312500	1.000000
0.000000	10656.940430	-15039.875977	1.000000
0.000000	-45.694607	-443.669098	1.000000
0.000000	-336.575378	-825.438049	1.000000
0.000000	-417.496948	919.234619	1.000000
0.000000	424224.562500	2469.355713	1.000000
0.000000	-9428.134766	10619.333008	1.000000
0.000000	-257.235016	518.763855	1.000000
0.000000	25.122158	-369.865936	1.000000
0.000000	3430.116699	-13370.979492	1.000000
0.000000	-935690816.000000	516809408.000000	1.000000
0.000000	1333545.500000	80322.390625	1.000000
0.000000	370841.812500	-121745.125000	1.000000
0.000000	282365.125000	227421.750000	1.000000
0.000000	24827.287109	-23098.152344	1.000000
0.000000	2203343.750000	933560.062500	1.000000
0.000000	-195.119797	289.306152	1.000000
0.000000	8.428951	-51.644505	1.000000
0.000000	-3115.751221	-305.201416	1.000000
0.000000	-1680.553833	1799.836792	1.000000
0.000000	136.144897	350.655518	1.000000
0.000000	-8.870234	-124.967537	1.000000
0.000000	-1290.608032	1079.183960	1.000000
0.000000	980.369202	-229.928558	1.000000
0.000000	252.218277	-105.698288	1.000000
0.000000	-4355021.000000	2416277.250000	1.000000
0.000000	1174.983643	652.417297	1.000000
0.000000	-200.696487	-88068.453125	1.000000
0.000000	1711789.125000	-2028472.500000	1.000000
0.000000	826.989258	-1434.126465	1.000000
0.000000	-198.294678	-5346.890137	1.000000
0.000000	691415.187500	-227512.375000	1.000000
0.000000	12310197.000000	-6573529.500000	1.000000
0.000000	-21963.505859	-21584.054688	1.000000
0.000000	170747.359375	-24572.125000	1.000000
0.000000	-8.346188	254.134384	1.000000
0.000000	362.879852	-55.907005	1.000000
0.000000	547.433411	-1807.635986	1.000000
0.000000	-198.846924	-299.043732	1.000000
0.000000	134.185638	-338.518768	1.000000
0.000000	-904.304810	1141.642700	1.000000
0.000000	-283.234558	-3094.167236	1.000000
0.000000	-53943.062500	119833.890625	1.000000
0.000000	115.382217	316.659607	1.000000
0.000000	-423.332428	45.163883	1.000000
0.000000	-61.767834	-1056.677124	1.000000
0.000000	-64550.613281	15500.511719	1.000000
0.000000	2456.201416	854.427307	1.000000
0.000000	55839.628906	149628.671875	1.000000
0.000000	-13302.504883	6580.229492	1.000000
0.000000	-41836.957031	-29743.144531	1.000000
0.000000	-8397.235352	13852.056641	1.000000
0.000000	370.844727	371.660889	1.000000
0.000000	-362.036987	217.794785	1.000000
0.000000	1604.205811	3130.179443	1.000000
0.000000	697.975098	-432.684967	1.000000
0.000000	1879.716797	68.500053	1.000000
0.000000	579.748779	-602.838074	1.000000
0.000000	13976.437500	-14304.796875	1.000000
0.000000	-357.668030	-170.068253	1.000000
0.000000	-1191.893311	1462.007690	1.000000
0.000000	278.459930	302.417389	1.000000
0.000000	-13275.366211	-2997.447021	1.000000
0.000000	-28704.691406	-61563.781250	1.000000
0.000000	1734.633545	8108.307617	1.000000
0.000000	-2490.691895	1796.356934	1.000000
0.000000	151.611908	-175.570328	1.000000
0.000000	28.895412	164.438202	1.000000
0.000000	-3783.155518	-15985.797852	1.000000
0.000000	823.368347	-10.589052	1.000000
0.000000	-8841.078125	12937.214844	1.000000
0.000000	-877.933838	-3234.352051	1.000000
0.000000	936.060486	629.474792	1.000000
0.000000	344.264374	-266.199646	1.000000
0.000000	-5589.516113	-20502.115234	1.000000
0.000000	4.938471	-380.208038	1.000000
0.000000	22499.042969	-24653.697266	1.000000
0.000000	-338.279205	-217.928696	1.000000
0.000000	-3300464.250000	1376390.750000	1.000000
0.000000	-18009.240234	-1313.142700	1.000000
0.000000	-81.533318	628.510498	1.000000
0.000000	177.108368	-396.236359	1.000000
0.000000	6702.540527	2650.914062	1.000000
0.000000	-26082.099609	-23347.644531	1.000000
0.000000	-586712.625000	317496.718750	1.000000
0.000000	-108536.234375	249034.015625	1.000000
0.000000	37969.710938	-56191.003906	1.000000
0.000000	635.645264	-1763.419067	1.000000
0.000000	147.659439	216.097214	1.000000
0.000000	-232.610321	-371.543030	1.000000
0.000000	-402.547607	732.943726	1.000000
0.000000	4112436.000000	2116301.500000	1.000000
0.000000	221.451065	221.678116	1.000000
0.000000	-45296.800781	76011.531250	1.000000
0.000000	753.710022	1716.772949	1.000000
0.000000	4884.139160	12550.100586	1.000000
0.000000	613.919617	1553.910156	1.000000
0.000000	-44136.191406	2406.088623	1.000000
0.000000	245675.640625	-842228.687500	1.000000
0.000000	-274.806488	-164.356064	1.000000
0.000000	498.283783	-125.985100	1.000000
0.000000	-32960.574219	-140056.703125	1.000000
0.000000	-14355.196289	-13514.375000	1.000000
0.000000	-435.616211	-84.896767	1.000000
0.000000	-323665.156250	730136.875000	1.000000
0.000000	-31315.863281	-19644.140625	1.000000
0.000000	-472.101288	-1101.342407	1.000000
0.000000	162.163437	-407.207550	1.000000
0.000000	-3577.826660	-12790.923828	1.000000
0.000000	107.556747	-369.934967	1.000000
0.000000	3217.167969	2947.052734	1.000000
0.000000	53.816399	141.207230	1.000000
0.000000	799112.062500	-982912.687500	1.000000
0.000000	-432.761078	416.778809	1.000000
0.000000	-3230.004150	-2106.005127	1.000000
0.000000	-37.938549	2949.222900	1.000000
0.000000	-353.466858	335.953766	1.000000
0.000000	19825.763672	10585.687500	1.000000
0.000000	123.026917	577.207458	1.000000
0.000000	-3412.865723	-1929.116333	1.000000
0.000000	65116.433594	112708.664062	1.000000
0.000000	304.706757	247.237457	1.000000
0.000000	484892.843750	100856.640625	1.000000
0.000000	-278.103851	266.375366	1.000000
0.000000	79.590324	342.274780	1.000000
0.000000	328.202728	164.271423	1.000000
0.000000	-339.193726	-99.005508	1.000000
0.000000	-52403.496094	-2965.737549	1.000000
0.000000	11423.118164	1419.566772	1.000000
0.000000	-65.344490	-231.084900	1.000000
0.000000	31.655140	1709.960449	1.000000
0.000000	-7875.209473	-93189.078125	1.000000
0.000000	-595.067017	1072.031494	1.000000
0.000000	-74.349297	335.709595	1.000000
0.000000	373.135529	-89.835396	1.000000
0.000000	58.682537	386.961365	1.000000
0.000000	-42933.035156	-77691.757812	1.000000
0.000000	266.539520	-1118.408447	1.000000
0.000000	8.527105	363.069702	1.000000
0.000000	-107.139168	-151.149078	1.000000
0.000000	-463.230103	756.463745	1.000000
0.000000	424.201691	33.460808	1.000000
0.000000	227.047485	1043.484497	1.000000
0.000000	-200.970795	199.564560	1.000000
0.000000	277.029999	541.339905	1.000000
0.000000	-11040.135742	551.710876	1.000000
0.000000	28171368.000000	16549397.000000	1.000000
0.000000	333.939178	-666.611450	1.000000
0.000000	-32758.804688	266746.562500	1.000000
0.000000	-270.397827	4.215677	1.000000
0.000000	1516.708984	2652.183105	1.000000
0.000000	4503.338379	10688.766602	1.000000
0.000000	-48484.750000	-126250.796875	1.000000
0.000000	20.182552	-533.763550	1.000000
0.000000	1929694.125000	165254.359375	1.000000
0.000000	-180074.609375	-177937.812500	1.000000
0.000000	-70240.664062	13715.795898	1.000000
0.000000	287.847626	-149.782349	1.000000
0.000000	-131122.250000	14998.884766	1.000000
0.000000	-1105.948608	251.984741	1.000000
0.000000	-1350.695923	971.372314	1.000000
0.000000	-1196.491455	1205.927612	1.000000
0.000000	49268.933594	57591.375000	1.000000
0.000000	83846.351562	3659.752686	1.000000
0.000000	1093.626587	-391.260864	1.000000
0.000000	-387.744110	-291.216705	1.000000
0.000000	-1589278.625000	-1200867.375000	1.000000
0.000000	-306.164429	152.917618	1.000000
0.000000	2590553.750000	19398.570312	1.000000
0.000000	148.034485	-217.255722	1.000000
0.000000	-10469.757812	13223.720703	1.000000
0.000000	1826645.375000	135365.359375	1.000000
0.000000	-1560.770630	828.117188	1.000000
0.000000	303.070953	57.314827	1.000000
0.000000	377.426392	-48.156052	1.000000
0.000000	421.542419	941.246643	1.000000
0.000000	-10641.368164	7442.076660	1.000000
0.000000	-405.222046	167.393311	1.000000
0.000000	27335.228516	25931.144531	1.000000
0.000000	98.253456	316.803497	1.000000
0.000000	274.526337	531.164734	1.000000
0.000000	-77.342384	-9046.353516	1.000000
0.000000	-5634.095215	9774.042969	1.000000
0.000000	459173.093750	25558.949219	1.000000
0.000000	-1046.197998	1111.263672	1.000000
0.000000	2203.302246	-5240.949707	1.000000
0.000000	3487.710449	-2122.234619	1.000000
0.000000	158.305328	99.138199	1.000000
0.000000	251.463898	196.339355	1.000000
0.000000	952.396973	-768.498169	1.000000
0.000000	1211.324585	11698.618164	1.000000
0.000000	18009.625000	-23791.638672	1.000000
0.000000	351.388885	-19.002762	1.000000
0.000000	-11.538127	-240.194183	1.000000
0.000000	1121.036377	1192.098389	1.000000
0.000000	442.083557	-46.455524	1.000000
0.000000	111.766212	201.857254	1.000000
0.000000	-1406.618164	141.963867	1.000000
0.000000	75341.984375	-7405.336914	1.000000
0.000000	89.765388	431.761108	1.000000
0.000000	-180.064713	-720.712036	1.000000
0.000000	1176.760986	-9570.603516	1.000000
0.000000	284.852203	317.123901	1.000000
0.000000	259.571106	237.922379	1.000000
0.000000	-3849.345947	-4579.519043	1.000000
0.000000	541.712036	237.107346	1.000000
0.000000	-2051.607910	-2985.145752	1.000000
0.000000	17.767818	297.315613	1.000000
0.000000	22248.078125	39119.960938	1.000000
0.000000	377.473480	-23.808283	1.000000
0.000000	911.940369	-549.362610	1.000000
0.000000	1275.965088	713.877869	1.000000
0.000000	-320.861725	660.842773	1.000000
0.000000	158.404587	-335.814240	1.000000
0.000000	9597.565430	4821.340332	1.000000
0.000000	-92666.171875	-330230.843750	1.000000
0.000000	8011.706543	16950.183594	1.000000
0.000000	227.804810	-205.300919	1.000000
0.000000	3407.714600	-888.357544	1.000000
0.000000	-423330.812500	-81969.578125	1.000000
0.000000	-44105600.000000	-10494824.000000	1.000000
0.000000	6034.860352	-4561.562012	1.000000
0.000000	-297.905121	179.820709	1.000000
0.000000	1048.594238	-1682.616333	1.000000
0.000000	5833.161133	340.686401	1.000000
0.000000	-284.931885	-108.999519	1.000000
0.000000	-508.741272	1015.398315	1.000000
0.000000	-18775.955078	45.071548	1.000000
0.000000	-653.309509	-157.685776	1.000000
0.000000	301.492950	-371.768524	1.000000
0.000000	14568.218750	-11029.299805	1.000000
