0.000000	31364.300781	455938.437500	1.000000
0.000000	215063.718750	175446.421875	1.000000
0.000000	1218.123535	-12989.797852	1.000000
0.000000	-308.424988	645.572327	1.000000
0.000000	16871.974609	27177.445312	1.000000
0.000000	-13486.020508	706.547668	1.000000
0.000000	-491.788055	-2548.421631	1.000000
0.000000	-595541.187500	1523932.125000	1.000000
0.000000	3682.929932	-2019.282227	1.000000
0.000000	9292453.000000	3386659.750000	1.000000
0.000000	78697400.000000	19959642.000000	1.000000
0.000000	-483.578186	-241.468567	1.000000
0.000000	-397.161926	286.607361	1.000000
0.000000	84.631813	-459.307587	1.000000
0.000000	-73337376.000000	-31090268.000000	1.000000
0.000000	922.872498	-4413.384277	1.000000
0.000000	425.208008	-618.560913	1.000000
0.000000	-6282.078613	7991.318359	1.000000
0.000000	-986.796082	0.906874	1.000000
0.537445	-378.499084	489.544556	1.000000
0.000000	968.205383	8220.299805	1.000000
0.000000	10440.097656	85139.210938	1.000000
0.000000	-89.453728	1034.266235	1.000000
0.000000	390.701508	-52.126167	1.000000
0.000000	-206983.140625	-53488.105469	1.000000
0.000000	630.368469	-41.974899	1.000000
0.000000	10383.551758	35157.277344	1.000000
0.000000	-4140.546875	11537.857422	1.000000
0.000000	598.459778	-285.524567	1.000000
0.000000	-61249.453125	-273296.843750	1.000000
0.000000	5043.689453	-8729.607422	1.000000
0.000000	5089.630859	960.035767	1.000000
0.000000	-464.726807	546.270081	1.000000
0.000000	-695.828918	-59.383774	1.000000
0.000000	-409.843109	-168.527237	1.000000
0.000000	5059.725586	2871.216553	1.000000
0.000000	-192.117065	-147.139725	1.000000
0.000000	-5906.645996	-1642.819458	1.000000
0.000000	-246210.921875	-73936.250000	1.000000
0.000000	-46566.746094	-6292.072754	1.000000
0.000000	633.792297	227.752121	1.000000
0.000000	664.778748	-163.719604	1.000000
0.000000	-3.790573	454.419312	1.000000
0.000000	-177.959366	-329.525330	1.000000
0.000000	74.693253	449.892792	1.000000
0.000000	-642.153015	-72.392166	1.000000
0.000000	-3903.495117	3230.766602	1.000000
0.000000	-949.828735	607.908875	1.000000
0.000000	-159.772324	-468.111084	1.000000
0.000000	-466.128052	-125.598732	1.000000
0.000000	7255.351074	6256.649414	1.000000
0.000000	-985.908020	1513.876343	1.000000
0.000000	-95.038452	1171.421631	1.000000
0.000000	-3521.245361	-11473.688477	1.000000
0.000000	498.678345	37.498627	1.000000
0.000000	-11.266668	-479.827759	1.000000
0.000000	343.682953	110.384857	1.000000
0.000000	29405522.000000	-21550876.000000	1.000000
0.000000	-726.381653	1788.069458	1.000000
0.000000	357.668732	681.124695	1.000000
0.000000	1603.102417	26059.142578	1.000000
0.000000	3344.862793	-1846.503662	1.000000
0.000000	-202.010803	-433.308838	1.000000
0.000000	275.590424	-540.383667	1.000000
0.000000	5255.528809	-3067.125977	1.000000
0.000000	401228.750000	-1051564.750000	1.000000
0.000000	40024.976562	142419.562500	1.000000
0.000000	899154304.000000	-490293056.000000	1.000000
0.000000	4980.821289	-15032.515625	1.000000
0.000000	-11819835.000000	-661043.812500	1.000000
0.000000	10718.893555	-14935.032227	1.000000
0.000000	-81.734650	-560.234314	1.000000
0.000000	-428.685974	-905.411194	1.000000
0.000000	-295.601196	915.064697	1.000000
0.000000	424072.062500	2438.974854	1.000000
0.000000	-9547.275391	10590.739258	1.000000
0.537445	-374.615631	489.828278	1.000000
0.000000	14.437074	-491.389374	1.000000
0.000000	3442.030762	-13492.502930	1.000000
0.000000	-935690816.000000	516809408.000000	1.000000
0.000000	1333545.500000	80436.765625	1.000000
0.000000	370994.312500	-121764.187500	1.000000
0.000000	282212.625000	227459.875000	1.000000
0.000000	24717.677734	-23040.964844	1.000000
0.000000	2203343.750000	933407.562500	1.000000
0.000000	-259.381256	393.032959	1.000000
0.000000	-110.636101	-78.246376	1.000000
0.000000	-3039.501221	-209.906937	1.000000
0.000000	-1694.850708	1921.062378	1.000000
0.000000	192.401611	458.924561	1.000000
0.000000	-40.213238	-242.879517	1.000000
0.000000	-1408.259399	1047.015991	1.000000
0.000000	1083.425781	-295.247375	1.000000
0.000000	279.327942	13.250558	1.000000
0.000000	-4355021.000000	2416277.250000	1.000000
0.000000	1280.423096	713.625793	1.000000
0.000000	-320.077759	-88087.515625	1.000000
0.000000	1711789.125000	-2028472.500000	1.000000
0.000000	849.774902	-1314.390137	1.000000
0.000000	-97.987595	-5415.991699	1.000000
0.000000	691415.187500	-227626.750000	1.000000
0.000000	12310197.000000	-6573529.500000	1.000000
0.000000	-21992.099609	-21703.195312	1.000000
0.000000	170861.734375	-24643.609375	1.000000
0.000000	-60.849735	364.264984	1.000000
0.000000	479.637665	-91.386452	1.000000
0.000000	429.335266	-1838.016846	1.000000
0.000000	-279.117920	-390.930939	1.000000
0.000000	178.602753	-452.149139	1.000000
0.000000	-939.302368	1258.400513	1.000000
0.000000	-401.481628	-3064.382080	1.000000
0.000000	-54066.968750	119833.890625	1.000000
0.000000	158.501678	430.811218	1.000000
0.000000	-541.337585	76.065987	1.000000
0.000000	55.558247	-1023.314697	1.000000
0.000000	-64445.769531	15433.792969	1.000000
0.000000	2492.539307	970.887268	1.000000
0.000000	55934.941406	149704.921875	1.000000
0.000000	-13419.262695	6542.104492	1.000000
0.000000	-41932.269531	-29671.660156	1.000000
0.000000	-8297.157227	13921.158203	1.000000
0.000000	481.049805	423.933838	1.000000
0.000000	-451.913696	300.316895	1.000000
0.000000	1692.072021	3045.589600	1.000000
0.000000	815.775391	-464.480621	1.000000
0.000000	1801.381836	-25.005936	1.000000
0.000000	603.576904	-722.425476	1.000000
0.000000	13950.226562	-14423.937500	1.000000
0.000000	-461.692688	-233.771255	1.000000
0.000000	-1238.060303	1349.121948	1.000000
0.000000	365.655975	387.751862	1.000000
0.000000	-13156.225586	-3024.253662	1.000000
0.000000	-28780.941406	-61659.093750	1.000000
0.000000	1801.352295	8210.768555	1.000000
0.000000	-2416.229004	1699.853027	1.000000
0.000000	263.231781	-224.790298	1.000000
0.000000	-51.800236	72.934517	1.000000
0.000000	-3705.714111	-15890.485352	1.000000
0.000000	940.572937	23.455830	1.000000
0.000000	-8962.601562	12946.746094	1.000000
0.000000	-841.149170	-3350.514160	1.000000
0.000000	922.806091	750.700378	1.000000
0.000000	463.479462	-292.112732	1.000000
0.000000	-5469.184082	-20483.052734	1.000000
0.000000	11.356241	-502.029327	1.000000
0.000000	22465.683594	-24772.837891	1.000000
0.000000	-420.560699	-308.028809	1.000000
0.000000	-3300464.250000	1376390.750000	1.000000
0.000000	-18052.130859	-1426.921997	1.000000
0.000000	-132.838257	739.162354	1.000000
0.000000	217.765106	-511.281525	1.000000
0.000000	6741.856934	2535.347656	1.000000
0.000000	-25967.724609	-23309.519531	1.000000
0.000000	-586712.625000	317572.968750	1.000000
0.000000	-108536.234375	248919.640625	1.000000
0.000000	37845.804688	-56191.003906	1.000000
0.000000	714.575928	-1856.348755	1.000000
0.000000	206.261734	323.100372	1.000000
0.000000	-260.502686	-252.774719	1.000000
0.000000	-435.832520	850.297241	1.000000
0.000000	4112436.000000	2116301.500000	1.000000
0.000000	341.038483	245.766861	1.000000
0.000000	-45344.457031	76125.906250	1.000000
0.000000	863.766174	1769.492676	1.000000
0.000000	5002.088379	12519.124023	1.000000
0.000000	601.856628	1432.386719	1.000000
0.000000	-44221.972656	2495.444092	1.000000
0.000000	245561.265625	-842228.687500	1.000000
0.000000	-385.160492	-216.331161	1.000000
0.000000	619.956116	-116.584160	1.000000
0.000000	-32912.917969	-140171.078125	1.000000
0.000000	-14395.704102	-13400.000000	1.000000
0.000000	-557.437500	-91.077187	1.000000
0.000000	-323817.656250	730136.875000	1.000000
0.000000	-31211.019531	-19582.187500	1.000000
0.000000	-582.428345	-1153.466431	1.000000
0.000000	195.113266	-524.643555	1.000000
0.000000	-3461.068848	-12826.666016	1.000000
0.000000	142.841370	-486.692780	1.000000
0.000000	3253.505859	2830.890625	1.000000
0.000000	111.560730	33.736382	1.000000
0.000000	798959.562500	-982912.687500	1.000000
0.000000	-553.093079	437.107178	1.000000
0.000000	-3113.246338	-2140.555908	1.000000
0.000000	-63.572399	3068.363525	1.000000
0.000000	-439.545959	422.405182	1.000000
0.000000	19763.810547	10690.531250	1.000000
0.000000	243.283722	556.655701	1.000000
0.000000	-3529.027832	-1967.241333	1.000000
0.000000	65154.558594	112823.039062	1.000000
0.000000	394.657928	329.663910	1.000000
0.000000	484892.843750	100971.015625	1.000000
0.000000	-366.342377	350.592896	1.000000
0.000000	78.045219	464.244995	1.000000
0.000000	349.126801	284.454529	1.000000
0.000000	-460.940552	-106.768265	1.000000
0.000000	-52355.839844	-2854.936768	1.000000
0.000000	11487.454102	1523.219116	1.000000
0.000000	-32.189888	-348.504974	1.000000
0.000000	102.897484	1610.775879	1.000000
0.000000	-7881.166504	-93303.453125	1.000000
0.000000	-668.189575	974.336182	1.000000
0.000000	-154.955368	427.298950	1.000000
0.000000	489.744415	-125.707893	1.000000
0.000000	65.365585	508.782654	1.000000
0.000000	-43028.347656	-77615.507812	1.000000
0.000000	171.185684	-1194.658447	1.000000
0.000000	72.026779	467.243286	1.000000
0.000000	-161.727585	-42.046272	1.000000
0.000000	-474.399536	877.987183	1.000000
0.000000	509.461700	-53.801247	1.000000
0.000000	256.050720	1162.029419	1.000000
0.000000	-258.047943	307.386810	1.000000
0.000000	375.321014	613.568909	1.000000
0.000000	-11161.659180	542.775330	1.000000
0.000000	28171368.000000	16549397.000000	1.000000
0.000000	416.220673	-756.711548	1.000000
0.000000	-32711.148438	266670.312500	1.000000
0.000000	-392.368042	1.115701	1.000000
0.000000	1618.276367	2584.868652	1.000000
0.000000	4384.197754	10717.360352	1.000000
0.000000	-48360.843750	-126250.796875	1.000000
0.000000	-86.925568	-592.142456	1.000000
0.000000	1929694.125000	165330.609375	1.000000
0.000000	-179960.234375	-177937.812500	1.000000
0.000000	-70335.976562	13646.694336	1.000000
0.000000	361.193573	-247.254272	1.000000
0.000000	-131160.375000	15115.642578	1.000000
0.000000	-1214.664429	307.161743	1.000000
0.000000	-1427.243774	876.506592	1.000000
0.000000	-1228.063721	1323.876831	1.000000
0.000000	49297.527344	57705.750000	1.000000
0.000000	83751.039062	3586.481201	1.000000
0.000000	1209.788696	-354.178345	1.000000
0.000000	-496.162079	-347.138336	1.000000
0.000000	-1589278.625000	-1200867.375000	1.000000
0.000000	-423.890259	184.973892	1.000000
0.000000	2590553.750000	19508.179688	1.000000
0.000000	190.403870	-331.643341	1.000000
0.000000	-10541.242188	13323.798828	1.000000
0.000000	1826645.375000	135289.109375	1.000000
0.000000	-1546.771606	949.342773	1.000000
0.000000	421.988190	84.533302	1.000000
0.000000	478.919312	-115.880051	1.000000
0.000000	324.144958	867.826233	1.000000
0.000000	-10724.766602	7531.432129	1.000000
0.000000	-524.809448	191.556519	1.000000
0.000000	27339.994141	26055.050781	1.000000
0.000000	187.311066	400.201935	1.000000
0.000000	280.036591	652.986023	1.000000
0.000000	-196.028290	-9017.759766	1.000000
0.000000	-5755.618652	9776.425781	1.000000
0.000000	459249.343750	25468.402344	1.000000
0.000000	-1160.572998	1153.558594	1.000000
0.000000	2301.593262	-5168.273926	1.000000
0.000000	3490.093262	-2244.353760	1.000000
0.000000	225.024078	201.264053	1.000000
0.000000	355.786407	259.558350	1.000000
0.000000	899.826172	-878.554321	1.000000
0.000000	1225.323608	11577.094727	1.000000
0.000000	17890.484375	-23815.466797	1.000000
0.000000	473.061249	-27.873154	1.000000
0.000000	-4.704391	-362.015472	1.000000
0.000000	1019.766846	1260.008545	1.000000
0.000000	564.053772	-49.573658	1.000000
0.000000	131.328171	322.263763	1.000000
0.000000	-1290.456055	179.158081	1.000000
0.000000	75456.359375	-7392.231445	1.000000
0.000000	122.249825	549.361633	1.000000
0.000000	-58.057720	-720.712036	1.000000
0.000000	1169.016846	-9449.080078	1.000000
0.000000	358.644928	414.297974	1.000000
0.000000	352.649719	316.844513	1.000000
0.000000	-3793.349854	-4471.101074	1.000000
0.000000	662.044067	256.988953	1.000000
0.000000	-2149.303223	-3057.821533	1.000000
0.000000	69.184448	407.967468	1.000000
0.000000	22267.140625	39243.867188	1.000000
0.000000	499.443695	-23.408045	1.000000
0.000000	1033.922729	-547.277649	1.000000
0.000000	1381.404541	775.235291	1.000000
0.000000	-325.925201	782.664062	1.000000
0.000000	235.361984	-430.456573	1.000000
0.000000	9659.518555	4716.496582	1.000000
0.000000	-92608.984375	-330307.093750	1.000000
0.000000	8133.229980	16954.949219	1.000000
0.000000	306.512085	-298.528442	1.000000
0.000000	3447.626709	-772.940063	1.000000
0.000000	-423254.562500	-82064.890625	1.000000
0.000000	-44105600.000000	-10494824.000000	1.000000
0.000000	6089.665039	-4453.144043	1.000000
0.000000	-344.221039	292.706451	1.000000
0.000000	1155.522949	-1623.939575	1.000000
0.000000	5737.848633	264.883179	1.000000
0.000000	-398.189941	-154.355209	1.000000
0.000000	-630.562561	1009.441284	1.000000
0.000000	-18756.892578	-75.382828	1.000000
0.000000	-775.279724	-161.073837	1.000000
0.000000	315.417511	-492.994110	1.000000
0.000000	14680.210938	-10981.643555	1.000000
