0.000000	31532.972656	455779.687500	1.000000
0.000000	214984.343750	175208.296875	1.000000
0.000000	1180.296387	-12736.790039	1.000000
0.000000	-562.362976	649.293030	1.000000
0.000000	16891.818359	27435.414062	1.000000
0.000000	-13734.067383	763.908508	1.000000
0.000000	-719.694885	-2436.800537	1.000000
0.000000	-595223.687500	1523932.125000	1.000000
0.000000	3552.705322	-2237.563477	1.000000
0.000000	9292453.000000	3386659.750000	1.000000
0.000000	78697400.000000	19959642.000000	1.000000
0.000000	-238.476868	-174.960999	1.000000
0.000000	-276.859192	62.888905	1.000000
0.000000	93.972328	-205.509201	1.000000
0.000000	-73337376.000000	-31090268.000000	1.000000
0.000000	701.800720	-4537.407715	1.000000
0.000000	365.676758	-371.666199	1.000000
0.000000	-6150.613770	7773.037109	1.000000
0.000000	-987.416199	254.917786	1.000000
0.000000	-290.355499	251.357040	1.000000
0.000000	913.635071	7972.252930	1.000000
0.000000	10211.894531	85020.148438	1.000000
0.000000	-40.309444	784.979126	1.000000
0.000000	202.748291	119.677200	1.000000
0.000000	-207141.890625	-53309.511719	1.000000
0.000000	377.133209	-61.857407	1.000000
0.000000	10388.512695	35415.246094	1.000000
0.000000	-3891.482666	11587.466797	1.000000
0.000000	376.457825	-162.121246	1.000000
0.000000	-61507.421875	-273296.843750	1.000000
0.000000	5194.998047	-8933.005859	1.000000
0.000000	4844.064453	897.403931	1.000000
0.000000	-230.477539	447.981537	1.000000
0.000000	-510.102234	-232.474503	1.000000
0.000000	-211.388199	-10.080882	1.000000
0.000000	4829.041992	2765.796631	1.000000
0.000000	44.097649	-53.781273	1.000000
0.000000	-5710.688965	-1482.209106	1.000000
0.000000	-246290.296875	-73698.125000	1.000000
0.000000	-46765.183594	-6138.283691	1.000000
0.000000	437.893951	66.041718	1.000000
0.000000	518.121033	43.577190	1.000000
0.000000	-1.509946	200.464371	1.000000
0.000000	-64.586739	-104.070297	1.000000
0.000000	43.118855	197.833038	1.000000
0.000000	-546.344910	-307.632111	1.000000
0.000000	-4111.854492	3375.874023	1.000000
0.000000	-805.651489	398.703339	1.000000
0.000000	-103.884262	-220.374268	1.000000
0.000000	-217.604126	-73.353859	1.000000
0.000000	7002.343262	6283.934570	1.000000
0.000000	-847.311829	1726.576538	1.000000
0.000000	49.329094	1380.401123	1.000000
0.000000	-3373.657471	-11682.047852	1.000000
0.000000	262.328918	-55.149696	1.000000
0.000000	-17.545355	-225.889771	1.000000
0.000000	89.849266	119.182770	1.000000
0.000000	29405522.000000	-21550876.000000	1.000000
0.000000	-521.742981	1638.001099	1.000000
0.000000	524.933350	489.836517	1.000000
0.000000	1733.947144	26277.423828	1.000000
0.000000	3248.124512	-1611.479248	1.000000
0.000000	-68.375542	-217.339142	1.000000
0.000000	138.544525	-326.577728	1.000000
0.000000	5411.798340	-2867.448242	1.000000
0.000000	401070.000000	-1051564.750000	1.000000
0.000000	40243.257812	142578.312500	1.000000
0.000000	899154304.000000	-490293056.000000	1.000000
0.000000	5144.532227	-14839.039062	1.000000
0.000000	-11819835.000000	-661361.312500	1.000000
0.000000	10589.909180	-15153.313477	1.000000
0.000000	-6.700424	-317.582672	1.000000
0.000000	-236.922455	-738.909729	1.000000
0.000000	-549.406982	923.746338	1.000000
0.000000	424389.562500	2502.226807	1.000000
0.000000	-9299.228516	10650.270508	1.000000
0.000000	-129.094543	550.507019	1.000000
0.000000	36.683437	-238.381546	1.000000
0.000000	3417.226074	-13239.495117	1.000000
0.000000	-935690816.000000	516809408.000000	1.000000
0.000000	1333545.500000	80198.640625	1.000000
0.000000	370676.812500	-121724.500000	1.000000
0.000000	282530.125000	227380.500000	1.000000
0.000000	24945.880859	-23160.027344	1.000000
0.000000	2203343.750000	933725.062500	1.000000
0.000000	-125.590996	177.105469	1.000000
0.000000	137.253860	-22.860558	1.000000
0.000000	-3198.251221	-408.326416	1.000000
0.000000	-1665.085083	1668.674683	1.000000
0.000000	75.276985	233.511978	1.000000
0.000000	25.043159	2.604467	1.000000
0.000000	-1163.313110	1113.988647	1.000000
0.000000	868.865295	-159.231537	1.000000
0.000000	222.851822	-234.403122	1.000000
0.000000	-4355021.000000	2416277.250000	1.000000
0.000000	1060.901611	586.191711	1.000000
0.000000	-71.508255	-88047.828125	1.000000
0.000000	1711789.125000	-2028472.500000	1.000000
0.000000	802.335938	-1563.677246	1.000000
0.000000	-306.817627	-5272.124512	1.000000
0.000000	691415.187500	-227388.625000	1.000000
0.000000	12310197.000000	-6573529.500000	1.000000
0.000000	-21932.568359	-21455.148438	1.000000
0.000000	170623.609375	-24494.781250	1.000000
0.000000	48.743847	138.786682	1.000000
0.000000	236.557938	-17.525286	1.000000
0.000000	675.211731	-1774.764893	1.000000
0.000000	-111.996346	-199.624802	1.000000
0.000000	86.145325	-215.574417	1.000000
0.000000	-866.438599	1015.303528	1.000000
0.000000	-155.263382	-3126.393799	1.000000
0.000000	-53809.000000	119833.890625	1.000000
0.000000	72.967308	196.144577	1.000000
0.000000	-295.634674	11.725772	1.000000
0.000000	-188.710541	-1092.770874	1.000000
0.000000	-64664.050781	15572.699219	1.000000
0.000000	2416.885010	728.421448	1.000000
0.000000	55736.503906	149546.171875	1.000000
0.000000	-13176.176758	6621.479492	1.000000
0.000000	-41733.832031	-29820.488281	1.000000
0.000000	-8505.516602	13777.291016	1.000000
0.000000	251.606445	315.103271	1.000000
0.000000	-264.793335	128.486923	1.000000
0.000000	1509.137451	3221.702881	1.000000
0.000000	570.519043	-398.283112	1.000000
0.000000	1964.472656	169.663025	1.000000
0.000000	553.967529	-473.424438	1.000000
0.000000	14004.796875	-14175.890625	1.000000
0.000000	-245.116745	-101.135841	1.000000
0.000000	-1141.942139	1584.146362	1.000000
0.000000	184.116669	210.088303	1.000000
0.000000	-13404.272461	-2968.443115	1.000000
0.000000	-28622.191406	-61460.656250	1.000000
0.000000	1662.446045	7997.448242	1.000000
0.000000	-2571.258301	1900.770996	1.000000
0.000000	30.829382	-122.315941	1.000000
0.000000	111.955841	260.479858	1.000000
0.000000	-3866.944580	-16088.922852	1.000000
0.000000	696.556824	-47.425484	1.000000
0.000000	-8709.593750	12926.902344	1.000000
0.000000	-917.733643	-3108.668457	1.000000
0.000000	950.401306	498.304291	1.000000
0.000000	215.277542	-238.188171	1.000000
0.000000	-5719.711426	-20522.740234	1.000000
0.000000	-2.005335	-248.401382	1.000000
0.000000	22535.136719	-24524.791016	1.000000
0.000000	-249.256393	-120.443336	1.000000
0.000000	-3300464.250000	1376390.750000	1.000000
0.000000	-17962.833984	-1190.037231	1.000000
0.000000	-26.016176	508.788818	1.000000
0.000000	133.119110	-271.761261	1.000000
0.000000	6660.001465	2775.953125	1.000000
0.000000	-26205.849609	-23388.894531	1.000000
0.000000	-586712.625000	317414.218750	1.000000
0.000000	-108536.234375	249157.765625	1.000000
0.000000	38103.773438	-56191.003906	1.000000
0.000000	550.244873	-1662.872192	1.000000
0.000000	84.253670	100.323296	1.000000
0.000000	-202.438202	-500.046448	1.000000
0.000000	-366.534424	605.971069	1.000000
0.000000	4112436.000000	2116301.500000	1.000000
0.000000	92.061417	195.614883	1.000000
0.000000	-45245.238281	75887.781250	1.000000
0.000000	634.632874	1659.731934	1.000000
0.000000	4756.521973	12583.616211	1.000000
0.000000	626.971375	1685.394531	1.000000
0.000000	-44043.378906	2309.408936	1.000000
0.000000	245799.390625	-842228.687500	1.000000
0.000000	-155.407074	-108.113586	1.000000
0.000000	366.638275	-136.172760	1.000000
0.000000	-33012.136719	-139932.953125	1.000000
0.000000	-14311.368164	-13638.125000	1.000000
0.000000	-303.809570	-78.209755	1.000000
0.000000	-323500.156250	730136.875000	1.000000
0.000000	-31429.300781	-19711.171875	1.000000
0.000000	-352.782440	-1044.945923	1.000000
0.000000	126.511963	-280.154327	1.000000
0.000000	-3704.154785	-12752.251953	1.000000
0.000000	69.388412	-243.602890	1.000000
0.000000	3177.851562	3072.736328	1.000000
0.000000	-8.938996	253.694168	1.000000
0.000000	799277.062500	-982912.687500	1.000000
0.000000	-302.565765	394.784180	1.000000
0.000000	-3356.332275	-2068.622314	1.000000
0.000000	-10.199608	2820.316650	1.000000
0.000000	-260.332092	242.410324	1.000000
0.000000	19892.794922	10472.250000	1.000000
0.000000	-7.072888	599.443787	1.000000
0.000000	-3287.182129	-1887.866333	1.000000
0.000000	65075.183594	112584.914062	1.000000
0.000000	207.382538	158.090729	1.000000
0.000000	484892.843750	100732.890625	1.000000
0.000000	-182.632660	175.219055	1.000000
0.000000	81.262077	210.293060	1.000000
0.000000	305.563568	34.234928	1.000000
0.000000	-207.467636	-90.606461	1.000000
0.000000	-52455.058594	-3085.620361	1.000000
0.000000	11353.508789	1307.418335	1.000000
0.000000	-100.157349	-102.759514	1.000000
0.000000	-45.422676	1817.274902	1.000000
0.000000	-7868.764160	-93065.328125	1.000000
0.000000	-515.950806	1177.734619	1.000000
0.000000	12.855026	236.612915	1.000000
0.000000	246.968552	-51.022530	1.000000
0.000000	51.451702	255.154724	1.000000
0.000000	-42829.910156	-77774.257812	1.000000
0.000000	369.745087	-1035.908447	1.000000
0.000000	-60.178246	250.357300	1.000000
0.000000	-48.066566	-269.178864	1.000000
0.000000	-451.145142	624.979370	1.000000
0.000000	331.953156	127.881378	1.000000
0.000000	195.666870	915.222778	1.000000
0.000000	-139.216644	82.904411	1.000000
0.000000	170.714661	463.140167	1.000000
0.000000	-10908.651367	561.378845	1.000000
0.000000	28171368.000000	16549397.000000	1.000000
0.000000	244.918320	-569.126099	1.000000
0.000000	-32810.367188	266829.062500	1.000000
0.000000	-138.430054	7.569254	1.000000
0.000000	1406.816406	2725.015137	1.000000
0.000000	4632.244629	10657.829102	1.000000
0.000000	-48618.812500	-126250.796875	1.000000
0.000000	136.073517	-470.599457	1.000000
0.000000	1929694.125000	165171.859375	1.000000
0.000000	-180198.359375	-177937.812500	1.000000
0.000000	-70137.539062	13790.561523	1.000000
0.000000	208.489700	-44.306824	1.000000
0.000000	-131081.000000	14872.556641	1.000000
0.000000	-988.272766	192.285034	1.000000
0.000000	-1267.873657	1074.092407	1.000000
0.000000	-1162.331299	1078.310425	1.000000
0.000000	49237.996094	57467.625000	1.000000
0.000000	83949.476562	3739.030029	1.000000
0.000000	967.871155	-431.382935	1.000000
0.000000	-270.439423	-230.728165	1.000000
0.000000	-1589278.625000	-1200867.375000	1.000000
0.000000	-178.788956	118.228104	1.000000
0.000000	2590553.750000	19279.976562	1.000000
0.000000	102.180862	-93.471054	1.000000
0.000000	-10392.414062	13115.439453	1.000000
0.000000	1826645.375000	135447.859375	1.000000
0.000000	-1575.917114	696.955078	1.000000
0.000000	175.393707	27.978085	1.000000
0.000000	269.405579	20.358490	1.000000
0.000000	526.923279	1020.685120	1.000000
0.000000	-10551.133789	7345.396973	1.000000
0.000000	-275.832397	141.249512	1.000000
0.000000	27330.072266	25797.082031	1.000000
0.000000	1.897305	226.569138	1.000000
0.000000	268.564423	399.289215	1.000000
0.000000	51.069221	-9077.291016	1.000000
0.000000	-5502.610840	9771.464844	1.000000
0.000000	459090.593750	25656.917969	1.000000
0.000000	-922.447937	1065.501953	1.000000
0.000000	2096.954590	-5319.582520	1.000000
0.000000	3485.132324	-1990.105713	1.000000
0.000000	86.106140	-11.363697	1.000000
0.000000	138.590363	127.938454	1.000000
0.000000	1009.276855	-649.421021	1.000000
0.000000	1196.178101	11830.102539	1.000000
0.000000	18138.531250	-23765.857422	1.000000
0.000000	219.743362	-9.407019	1.000000
0.000000	-18.931614	-108.390533	1.000000
0.000000	1230.606689	1118.621826	1.000000
0.000000	310.115784	-43.081806	1.000000
0.000000	90.597389	71.572655	1.000000
0.000000	-1532.301758	101.707802	1.000000
0.000000	75218.234375	-7419.516602	1.000000
0.000000	54.618294	304.546753	1.000000
0.000000	-312.055664	-720.712036	1.000000
0.000000	1185.139893	-9702.087891	1.000000
0.000000	205.036621	211.984741	1.000000
0.000000	158.901947	152.562271	1.000000
0.000000	-3909.931885	-4696.823730	1.000000
0.000000	411.516693	215.596115	1.000000
0.000000	-1945.593628	-2906.512939	1.000000
0.000000	-37.864662	177.593948	1.000000
0.000000	22227.453125	38985.898438	1.000000
0.000000	245.502502	-24.241327	1.000000
0.000000	779.972595	-551.618469	1.000000
0.000000	1161.883057	647.491150	1.000000
0.000000	-315.383209	529.036133	1.000000
0.000000	75.139214	-233.405457	1.000000
0.000000	9530.534180	4934.777832	1.000000
0.000000	-92728.046875	-330148.343750	1.000000
0.000000	7880.222168	16945.027344	1.000000
0.000000	142.646118	-104.436478	1.000000
0.000000	3364.531006	-1013.235474	1.000000
0.000000	-423413.312500	-81866.453125	1.000000
0.000000	-44105600.000000	-10494824.000000	1.000000
0.000000	5975.563477	-4678.866699	1.000000
0.000000	-247.792816	57.693630	1.000000
0.000000	932.900879	-1746.102661	1.000000
0.000000	5936.286133	422.703003	1.000000
0.000000	-162.390396	-59.915272	1.000000
0.000000	-376.934631	1021.843628	1.000000
0.000000	-18796.580078	175.399063	1.000000
0.000000	-521.341736	-154.020004	1.000000
0.000000	286.427032	-240.611145	1.000000
0.000000	14447.046875	-11080.862305	1.000000
