0.000000	31472.210938	455836.875000	1.000000
0.000000	215012.937500	175294.078125	1.000000
0.000000	1193.923096	-12827.932617	1.000000
0.000000	-470.885315	647.952698	1.000000
0.000000	16884.669922	27342.484375	1.000000
0.000000	-13644.711914	743.245056	1.000000
0.000000	-637.599548	-2477.010498	1.000000
0.000000	-595338.062500	1523932.125000	1.000000
0.000000	3599.616943	-2158.930664	1.000000
0.000000	9292453.000000	3386659.750000	1.000000
0.000000	78697400.000000	19959642.000000	1.000000
0.000000	-326.771240	-198.919434	1.000000
0.000000	-320.196594	143.487549	1.000000
0.000000	90.607536	-296.946442	1.000000
0.000000	-73337376.000000	-31090268.000000	1.000000
0.000000	781.438782	-4492.729980	1.000000
0.000000	387.122070	-460.630737	1.000000
0.000000	-6197.972168	7851.669922	1.000000
0.000000	-987.192810	163.412201	1.000000
0.000000	-321.741608	337.305817	1.000000
0.000000	933.293274	8061.608398	1.000000
0.000000	10294.101562	85063.039062	1.000000
0.000000	-58.012997	874.781372	1.000000
0.000000	270.099976	57.742691	1.000000
0.000000	-207084.703125	-53373.847656	1.000000
0.000000	468.331635	-54.695007	1.000000
0.000000	10386.725586	35322.316406	1.000000
0.000000	-3981.284912	11569.595703	1.000000
0.000000	456.430969	-206.575592	1.000000
0.000000	-61414.492188	-273296.843750	1.000000
0.000000	5140.491211	-8859.734375	1.000000
0.000000	4932.526367	919.966187	1.000000
0.000000	-314.862610	483.388641	1.000000
0.000000	-577.008728	-170.121140	1.000000
0.000000	-282.889984	-67.163101	1.000000
0.000000	4912.142578	2803.772705	1.000000
0.000000	-40.998817	-87.415230	1.000000
0.000000	-5781.279785	-1540.066772	1.000000
0.000000	-246261.703125	-73783.906250	1.000000
0.000000	-46693.699219	-6193.684082	1.000000
0.000000	508.428925	124.304276	1.000000
0.000000	570.952454	-31.098063	1.000000
0.000000	-2.331511	291.958984	1.000000
0.000000	-104.755089	-184.446335	1.000000
0.000000	54.490734	288.622650	1.000000
0.000000	-580.858459	-222.901047	1.000000
0.000000	-4036.795898	3323.601074	1.000000
0.000000	-857.589355	474.041168	1.000000
0.000000	-124.017166	-309.618042	1.000000
0.000000	-307.139099	-92.174355	1.000000
0.000000	7093.485840	6274.105469	1.000000
0.000000	-897.239197	1649.954224	1.000000
0.000000	-2.676705	1305.119141	1.000000
0.000000	-3426.823975	-11606.989258	1.000000
0.489792	348.552277	-24.840387	1.000000
0.000000	-15.283545	-317.367432	1.000000
0.000000	181.298996	116.013443	1.000000
0.000000	29405522.000000	-21550876.000000	1.000000
0.000000	-595.461243	1692.061157	1.000000
0.000000	464.686249	558.733948	1.000000
0.000000	1686.812134	26198.791016	1.000000
0.000000	3282.973145	-1696.143555	1.000000
0.000000	-116.515800	-295.148132	1.000000
0.000000	187.913422	-403.590973	1.000000
0.000000	5355.504395	-2939.379395	1.000000
0.000000	401127.187500	-1051564.750000	1.000000
0.000000	40164.625000	142521.125000	1.000000
0.000000	899154304.000000	-490293056.000000	1.000000
0.000000	5085.557617	-14908.736328	1.000000
0.000000	-11819835.000000	-661246.937500	1.000000
0.000000	10636.374023	-15074.680664	1.000000
0.000000	-33.730495	-404.983490	1.000000
0.000000	-305.997681	-798.889587	1.000000
0.000000	-457.962341	920.618896	1.000000
0.000000	424275.187500	2479.441162	1.000000
0.000000	-9388.583984	10628.825195	1.000000
0.000000	-217.919464	528.503235	1.000000
0.000000	28.669369	-329.524139	1.000000
0.000000	3426.161621	-13330.637695	1.000000
0.000000	-935690816.000000	516809408.000000	1.000000
0.000000	1333545.500000	80284.421875	1.000000
0.000000	370791.187500	-121738.796875	1.000000
0.000000	282415.750000	227409.093750	1.000000
0.000000	24863.673828	-23117.136719	1.000000
0.000000	2203343.750000	933610.687500	1.000000
0.000000	-173.787094	254.872650	1.000000
0.000000	47.954239	-42.813557	1.000000
0.000000	-3141.063721	-336.842041	1.000000
0.000000	-1675.807739	1759.593872	1.000000
0.000000	117.469521	314.713745	1.000000
0.000000	1.534997	-85.824623	1.000000
0.000000	-1251.551636	1089.862671	1.000000
0.000000	946.157776	-208.237427	1.000000
0.000000	243.208115	-145.187271	1.000000
0.000000	-4355021.000000	2416277.250000	1.000000
0.000000	1139.981201	632.098083	1.000000
0.000000	-161.059189	-88062.125000	1.000000
0.000000	1711789.125000	-2028472.500000	1.000000
0.000000	819.425171	-1473.875000	1.000000
0.000000	-231.591492	-5323.950684	1.000000
0.000000	691415.187500	-227474.406250	1.000000
0.000000	12310197.000000	-6573529.500000	1.000000
0.000000	-21954.013672	-21544.503906	1.000000
0.000000	170709.390625	-24548.394531	1.000000
0.000000	9.082752	217.574631	1.000000
0.000000	324.120087	-44.131378	1.000000
0.000000	586.638123	-1797.550537	1.000000
0.000000	-172.199585	-268.540192	1.000000
0.000000	119.444199	-300.797211	1.000000
0.000000	-892.686768	1102.882935	1.000000
0.000000	-243.976608	-3104.054932	1.000000
0.000000	-53901.929688	119833.890625	1.000000
0.000000	101.063599	278.765015	1.000000
0.000000	-384.152435	34.905399	1.000000
0.000000	-100.718994	-1067.751343	1.000000
0.000000	-64585.417969	15522.660156	1.000000
0.000000	2444.138428	815.766418	1.000000
0.000000	55807.988281	149603.359375	1.000000
0.000000	-13263.745117	6592.885742	1.000000
0.000000	-41805.316406	-29766.875000	1.000000
0.000000	-8430.458008	13829.117188	1.000000
0.000000	334.260254	354.307983	1.000000
0.000000	-332.200867	190.393509	1.000000
0.000000	1575.037109	3158.260498	1.000000
0.000000	658.869263	-422.129852	1.000000
0.000000	1905.721436	99.541237	1.000000
0.000000	571.838623	-563.138977	1.000000
0.000000	13985.138672	-14265.246094	1.000000
0.000000	-323.135254	-148.920944	1.000000
0.000000	-1176.567383	1499.482056	1.000000
0.000000	249.513702	274.089142	1.000000
0.000000	-13314.916992	-2988.548096	1.000000
0.000000	-28679.378906	-61532.140625	1.000000
0.000000	1712.485107	8074.293945	1.000000
0.000000	-2515.411133	1828.393066	1.000000
0.000000	114.555527	-159.230911	1.000000
0.000000	55.684708	194.818146	1.000000
0.000000	-3808.863525	-16017.438477	1.000000
0.000000	784.460266	-21.890749	1.000000
0.000000	-8800.736328	12934.050781	1.000000
0.000000	-890.145142	-3195.790039	1.000000
0.000000	940.460510	589.231873	1.000000
0.000000	304.688873	-257.597351	1.000000
0.000000	-5629.462402	-20508.443359	1.000000
0.000000	2.807982	-339.767365	1.000000
0.000000	22510.117188	-24614.146484	1.000000
0.000000	-310.964447	-188.018417	1.000000
0.000000	-3300464.250000	1376390.750000	1.000000
0.000000	-17995.001953	-1275.371704	1.000000
0.000000	-64.501762	591.777710	1.000000
0.000000	163.611664	-358.045135	1.000000
0.000000	6689.488770	2689.278320	1.000000
0.000000	-26120.068359	-23360.300781	1.000000
0.000000	-586712.625000	317471.406250	1.000000
0.000000	-108536.234375	249071.984375	1.000000
0.000000	38010.843750	-56191.003906	1.000000
0.000000	609.442871	-1732.569458	1.000000
0.000000	128.205399	180.575668	1.000000
0.000000	-223.352966	-410.970215	1.000000
0.000000	-391.498108	693.986206	1.000000
0.000000	4112436.000000	2116301.500000	1.000000
0.000000	181.751968	213.681442	1.000000
0.000000	-45280.980469	75973.562500	1.000000
0.000000	717.174988	1699.271729	1.000000
0.000000	4844.983887	12560.383789	1.000000
0.000000	617.924133	1594.251953	1.000000
0.000000	-44107.714844	2376.425537	1.000000
0.000000	245713.609375	-842228.687500	1.000000
0.000000	-238.172577	-147.102036	1.000000
0.000000	457.892548	-129.108093	1.000000
0.000000	-32976.394531	-140018.734375	1.000000
0.000000	-14341.749023	-13552.343750	1.000000
0.000000	-395.175537	-82.845070	1.000000
0.000000	-323614.531250	730136.875000	1.000000
0.000000	-31350.667969	-19664.707031	1.000000
0.000000	-435.492096	-1084.038940	1.000000
0.000000	151.225174	-368.225311	1.000000
0.000000	-3616.586426	-12779.058594	1.000000
0.000000	95.846008	-331.175201	1.000000
0.000000	3205.104980	2985.614746	1.000000
0.000000	34.649719	176.889450	1.000000
0.000000	799162.687500	-982912.687500	1.000000
0.000000	-392.814789	410.030457	1.000000
0.000000	-3268.763916	-2094.535400	1.000000
0.000000	-29.428486	2909.672119	1.000000
0.000000	-324.891418	307.254730	1.000000
0.000000	19846.330078	10550.882812	1.000000
0.000000	83.111526	584.029968	1.000000
0.000000	-3374.303711	-1916.460083	1.000000
0.000000	65103.777344	112670.695312	1.000000
0.000000	274.845917	219.885620	1.000000
0.000000	484892.843750	100818.671875	1.000000
0.000000	-248.811554	238.410126	1.000000
0.000000	80.103249	301.784668	1.000000
0.000000	321.256622	124.374565	1.000000
0.000000	-298.777771	-96.428528	1.000000
0.000000	-52419.316406	-3002.519775	1.000000
0.000000	11401.760742	1385.157593	1.000000
0.000000	-76.350731	-192.115021	1.000000
0.000000	8.006553	1742.886475	1.000000
0.000000	-7873.231934	-93151.109375	1.000000
0.000000	-570.792725	1104.463135	1.000000
0.000000	-47.592613	305.304932	1.000000
0.000000	334.425201	-77.926903	1.000000
0.000000	56.463985	346.520691	1.000000
0.000000	-42901.394531	-77717.070312	1.000000
0.000000	298.204865	-1093.095947	1.000000
0.000000	-12.553273	328.487488	1.000000
0.000000	-89.013786	-187.362762	1.000000
0.000000	-459.522217	716.121948	1.000000
0.000000	395.898163	62.428665	1.000000
0.000000	217.419342	1004.131470	1.000000
0.000000	-182.023499	163.771103	1.000000
0.000000	244.404999	517.362244	1.000000
0.000000	-10999.793945	554.677185	1.000000
0.000000	28171368.000000	16549397.000000	1.000000
0.000000	306.624420	-636.701172	1.000000
0.000000	-32774.625000	266771.875000	1.000000
0.000000	-229.907715	5.244616	1.000000
0.000000	1482.991943	2674.529297	1.000000
0.000000	4542.889160	10679.274414	1.000000
0.000000	-48525.882812	-126250.796875	1.000000
0.000000	55.738087	-514.383667	1.000000
0.000000	1929694.125000	165229.046875	1.000000
0.000000	-180112.578125	-177937.812500	1.000000
0.000000	-70209.023438	13738.735352	1.000000
0.000000	263.499176	-117.422852	1.000000
0.000000	-131109.593750	14960.125000	1.000000
0.000000	-1069.858521	233.667786	1.000000
0.000000	-1325.284546	1002.864624	1.000000
0.000000	-1186.010498	1166.772339	1.000000
0.000000	49259.441406	57553.406250	1.000000
0.000000	83877.992188	3684.076416	1.000000
0.000000	1055.064575	-403.571045	1.000000
0.000000	-351.752899	-272.652557	1.000000
0.000000	-1589278.625000	-1200867.375000	1.000000
0.000000	-267.083313	142.275986	1.000000
0.000000	2590553.750000	19362.183594	1.000000
0.000000	133.969238	-179.274612	1.000000
0.000000	-10446.027344	13190.498047	1.000000
0.000000	1826645.375000	135390.671875	1.000000
0.000000	-1565.417847	787.874268	1.000000
0.000000	264.581635	48.397205	1.000000
0.489792	343.797729	-25.653093	1.000000
0.000000	453.875183	965.619812	1.000000
0.000000	-10613.682617	7412.413574	1.000000
0.000000	-365.522949	159.371918	1.000000
0.000000	27333.646484	25890.011719	1.000000
0.000000	68.689247	289.117950	1.000000
0.000000	272.697113	490.711029	1.000000
0.000000	-37.944057	-9055.845703	1.000000
0.000000	-5593.753418	9773.251953	1.000000
0.000000	459147.781250	25589.007812	1.000000
0.000000	-1008.229187	1097.223145	1.000000
0.000000	2170.672852	-5265.075684	1.000000
0.000000	3486.919434	-2081.695068	1.000000
0.000000	136.156891	65.235764	1.000000
0.000000	216.832245	175.352722	1.000000
0.000000	969.848755	-731.963135	1.000000
0.000000	1206.677368	11738.959961	1.000000
0.000000	18049.175781	-23783.728516	1.000000
0.000000	310.997650	-16.058083	1.000000
0.000000	-13.806890	-199.753510	1.000000
0.000000	1154.654541	1169.554443	1.000000
0.000000	401.593445	-45.420406	1.000000
0.000000	105.271233	161.886246	1.000000
0.000000	-1445.180176	129.616608	1.000000
0.000000	75304.015625	-7409.687500	1.000000
0.000000	78.981621	392.729431	1.000000
0.000000	-220.567184	-720.712036	1.000000
0.000000	1179.331787	-9610.945312	1.000000
0.000000	260.355438	284.865295	1.000000
0.000000	228.682983	211.732346	1.000000
0.000000	-3867.934814	-4615.510254	1.000000
0.000000	501.765717	230.507309	1.000000
0.000000	-2019.088501	-2961.019775	1.000000
0.000000	0.698522	260.582825	1.000000
0.000000	22241.750000	39078.828125	1.000000
0.000000	336.983368	-23.941149	1.000000
0.000000	871.450256	-550.054749	1.000000
0.000000	1240.962646	693.509216	1.000000
0.000000	-319.180817	620.402100	1.000000
0.000000	132.857254	-304.396088	1.000000
0.000000	9576.999023	4856.145020	1.000000
0.000000	-92685.156250	-330205.531250	1.000000
0.000000	7971.364746	16948.601562	1.000000
0.000000	201.676575	-174.352432	1.000000
0.000000	3394.465088	-926.672363	1.000000
0.000000	-423356.125000	-81937.937500	1.000000
0.000000	-44105600.000000	-10494824.000000	1.000000
0.000000	6016.666992	-4597.553223	1.000000
0.000000	-282.529755	142.346344	1.000000
0.000000	1013.097412	-1702.095093	1.000000
0.000000	5864.801758	365.850586	1.000000
0.000000	-247.333939	-93.939323	1.000000
0.000000	-468.300598	1017.375854	1.000000
0.000000	-18782.283203	85.059631	1.000000
0.000000	-612.819397	-156.561050	1.000000
0.000000	296.870453	-331.525604	1.000000
0.000000	14531.041016	-11045.120117	1.000000
