0.000000	31558.539062	455755.625000	1.000000
0.000000	214972.312500	175172.203125	1.000000
0.000000	1174.562744	-12698.440430	1.000000
0.000000	-600.853577	649.856995	1.000000
0.000000	16894.826172	27474.515625	1.000000
0.000000	-13771.665039	772.602966	1.000000
0.000000	-754.237732	-2419.881592	1.000000
0.000000	-595175.562500	1523932.125000	1.000000
0.000000	3532.966553	-2270.649414	1.000000
0.000000	9292453.000000	3386659.750000	1.000000
0.000000	78697400.000000	19959642.000000	1.000000
0.000000	-201.325684	-164.880127	1.000000
0.000000	-258.624329	28.977581	1.000000
0.000000	95.388115	-167.030350	1.000000
0.000000	-73337376.000000	-31090268.000000	1.000000
0.000000	668.291809	-4556.206543	1.000000
0.000000	356.653320	-334.233032	1.000000
0.000000	-6130.687012	7739.951172	1.000000
0.000000	-987.510193	293.408722	1.000000
0.000000	-277.149323	215.192795	1.000000
0.000000	905.363586	7934.655273	1.000000
0.000000	10177.304688	85002.101562	1.000000
0.000000	-32.860409	747.193481	1.000000
0.000000	176.299957	143.298950	1.000000
0.000000	-207165.953125	-53282.441406	1.000000
0.000000	338.760101	-64.871094	1.000000
0.000000	10389.264648	35454.347656	1.000000
0.000000	-3853.697021	11594.986328	1.000000
0.000000	342.807922	-143.416412	1.000000
0.000000	-61546.523438	-273296.843750	1.000000
0.000000	5217.932617	-8963.835938	1.000000
0.000000	4806.842773	887.910522	1.000000
0.000000	-194.971252	433.083466	1.000000
0.000000	-481.927490	-258.711823	1.000000
0.000000	-181.298325	13.937011	1.000000
0.000000	4794.076172	2749.817627	1.000000
0.000000	79.903542	-39.629280	1.000000
0.000000	-5680.986816	-1457.864624	1.000000
0.000000	-246302.328125	-73662.031250	1.000000
0.000000	-46795.261719	-6114.973145	1.000000
0.000000	408.215302	41.526875	1.000000
0.000000	495.874390	74.998695	1.000000
0.000000	-1.164261	161.962021	1.000000
0.000000	-47.241779	-69.697815	1.000000
0.000000	38.333965	159.636169	1.000000
0.000000	-531.822815	-343.279388	1.000000
0.000000	-4143.436523	3397.868652	1.000000
0.000000	-783.797852	367.003815	1.000000
0.000000	-95.413040	-182.823608	1.000000
0.000000	-179.924225	-65.434853	1.000000
0.000000	6963.993652	6288.070312	1.000000
0.000000	-826.304138	1758.816528	1.000000
0.000000	71.212105	1412.077148	1.000000
0.000000	-3351.286865	-11713.629883	1.000000
0.000000	226.775635	-69.914413	1.000000
0.000000	-18.497046	-187.399170	1.000000
0.000000	51.371376	120.516312	1.000000
0.000000	29405522.000000	-21550876.000000	1.000000
0.000000	-490.724915	1615.254517	1.000000
0.000000	550.264771	460.862823	1.000000
0.000000	1753.779907	26310.509766	1.000000
0.000000	3233.461426	-1575.855469	1.000000
0.000000	-48.117504	-184.593933	1.000000
0.000000	117.771820	-294.173248	1.000000
0.000000	5435.484863	-2837.182129	1.000000
0.000000	401045.937500	-1051564.750000	1.000000
0.000000	40276.343750	142602.375000	1.000000
0.000000	899154304.000000	-490293056.000000	1.000000
0.000000	5169.346680	-14809.712891	1.000000
0.000000	-11819835.000000	-661409.437500	1.000000
0.000000	10570.358398	-15186.399414	1.000000
0.000000	4.673137	-280.807465	1.000000
0.000000	-207.866516	-713.672302	1.000000
0.000000	-587.897583	925.062256	1.000000
0.000000	424437.687500	2511.814209	1.000000
0.000000	-9261.630859	10659.293945	1.000000
0.000000	-91.725822	559.765442	1.000000
0.000000	40.055477	-200.031937	1.000000
0.000000	3413.466309	-13201.145508	1.000000
0.000000	-935690816.000000	516809408.000000	1.000000
0.000000	1333545.500000	80162.546875	1.000000
0.000000	370628.687500	-121718.484375	1.000000
0.000000	282578.250000	227368.468750	1.000000
0.000000	24980.470703	-23178.074219	1.000000
0.000000	2203343.750000	933773.187500	1.000000
0.000000	-105.311760	144.383759	1.000000
0.000000	174.828018	-14.464372	1.000000
0.000000	-3222.313721	-438.404541	1.000000
0.000000	-1660.573364	1630.419067	1.000000
0.000000	57.523842	199.345108	1.000000
0.000000	34.934139	39.811726	1.000000
0.000000	-1126.185425	1124.140015	1.000000
0.000000	836.343323	-138.611572	1.000000
0.000000	214.286606	-271.937042	1.000000
0.000000	-4355021.000000	2416277.250000	1.000000
0.000000	1027.627686	566.875916	1.000000
0.000000	-33.830708	-88041.812500	1.000000
0.000000	1711789.125000	-2028472.500000	1.000000
0.000000	795.145386	-1601.462891	1.000000
0.000000	-338.470154	-5250.317871	1.000000
0.000000	691415.187500	-227352.531250	1.000000
0.000000	12310197.000000	-6573529.500000	1.000000
0.000000	-21923.544922	-21417.550781	1.000000
0.000000	170587.515625	-24472.222656	1.000000
0.000000	65.313019	104.032349	1.000000
0.000000	199.723984	-6.329702	1.000000
0.000000	712.480408	-1765.177490	1.000000
0.000000	-86.664925	-170.627609	1.000000
0.000000	72.134323	-179.715652	1.000000
0.000000	-855.394287	978.410828	1.000000
0.000000	-117.935959	-3135.793213	1.000000
0.000000	-53769.898438	119833.890625	1.000000
0.000000	59.355782	160.133072	1.000000
0.000000	-258.389496	1.972450	1.000000
0.000000	-225.732483	-1103.298218	1.000000
0.000000	-64697.136719	15593.753906	1.000000
0.000000	2405.417725	691.669739	1.000000
0.000000	55706.425781	149522.109375	1.000000
0.000000	-13139.331055	6633.510742	1.000000
0.000000	-41703.753906	-29843.046875	1.000000
0.000000	-8537.098633	13755.484375	1.000000
0.000000	216.828613	298.607300	1.000000
0.000000	-236.438705	102.438805	1.000000
0.000000	1481.409180	3248.397217	1.000000
0.000000	533.344360	-388.249237	1.000000
0.000000	1989.193115	199.165436	1.000000
0.000000	546.447998	-435.662292	1.000000
0.000000	14013.068359	-14138.292969	1.000000
0.000000	-212.289291	-81.026970	1.000000
0.000000	-1127.373047	1619.770142	1.000000
0.000000	156.599884	183.158981	1.000000
0.000000	-13441.870117	-2959.983643	1.000000
0.000000	-28598.128906	-61430.578125	1.000000
0.000000	1641.391357	7965.114258	1.000000
0.000000	-2594.756836	1931.225098	1.000000
0.000000	-4.398943	-106.783409	1.000000
0.000000	137.420212	289.359558	1.000000
0.000000	-3891.383057	-16119.000977	1.000000
0.000000	659.570129	-58.170189	1.000000
0.000000	-8671.244141	12923.894531	1.000000
0.000000	-929.341919	-3072.010742	1.000000
0.000000	954.584045	460.025177	1.000000
0.000000	177.656387	-230.022430	1.000000
0.000000	-5757.685059	-20528.755859	1.000000
0.000000	-4.030615	-209.957779	1.000000
0.000000	22545.664062	-24487.193359	1.000000
0.000000	-223.302261	-92.010109	1.000000
0.000000	-3300464.250000	1376390.750000	1.000000
0.000000	-17949.298828	-1154.131470	1.000000
0.000000	-9.822748	473.869995	1.000000
0.000000	120.285378	-235.462677	1.000000
0.000000	6647.594238	2812.422852	1.000000
0.000000	-26241.943359	-23400.925781	1.000000
0.000000	-586712.625000	317390.156250	1.000000
0.000000	-108536.234375	249193.859375	1.000000
0.000000	38142.875000	-56191.003906	1.000000
0.000000	525.336426	-1633.546021	1.000000
0.000000	65.760323	66.555901	1.000000
0.000000	-193.638000	-537.510620	1.000000
0.000000	-356.030579	568.937378	1.000000
0.000000	4112436.000000	2116301.500000	1.000000
0.000000	57.042957	188.131943	1.000000
0.000000	-45230.199219	75851.687500	1.000000
0.000000	599.902039	1643.094971	1.000000
0.000000	4719.300293	12593.391602	1.000000
0.000000	630.778137	1723.744141	1.000000
0.000000	-44016.308594	2281.210693	1.000000
0.000000	245835.484375	-842228.687500	1.000000
0.000000	-120.580994	-91.705734	1.000000
0.000000	328.241669	-139.145325	1.000000
0.000000	-33027.175781	-139896.859375	1.000000
0.000000	-14298.584961	-13674.218750	1.000000
0.000000	-265.365967	-76.259377	1.000000
0.000000	-323452.031250	730136.875000	1.000000
0.000000	-31462.386719	-19730.722656	1.000000
0.000000	-317.981110	-1028.496948	1.000000
0.000000	116.107986	-243.093033	1.000000
0.000000	-3741.000488	-12740.972656	1.000000
0.000000	58.254463	-206.745438	1.000000
0.000000	3166.384277	3109.394043	1.000000
0.000000	-27.160357	287.603363	1.000000
0.000000	799325.187500	-982912.687500	1.000000
0.000000	-264.592133	388.369080	1.000000
0.000000	-3393.177979	-2057.718994	1.000000
0.000000	-2.108812	2782.718994	1.000000
0.000000	-233.167786	215.116776	1.000000
0.000000	19912.345703	10439.164062	1.000000
0.000000	-45.019920	605.929382	1.000000
0.000000	-3250.524414	-1875.835083	1.000000
0.000000	65063.152344	112548.820312	1.000000
0.000000	177.103867	134.526215	1.000000
0.000000	484892.843750	100696.796875	1.000000
0.000000	-154.786896	148.630463	1.000000
0.000000	79.028862	171.672592	1.000000
0.000000	298.960480	-3.694376	1.000000
0.000000	-169.047531	-88.156738	1.000000
0.000000	-52470.097656	-3120.586182	1.000000
0.000000	11333.206055	1274.708374	1.000000
0.000000	-110.620071	-65.708199	1.000000
0.000000	-67.904900	1848.574951	1.000000
0.000000	-7866.884277	-93029.234375	1.000000
0.000000	-492.894745	1208.564697	1.000000
0.000000	38.289253	207.709717	1.000000
0.000000	210.169846	-39.702110	1.000000
0.000000	49.342709	216.711121	1.000000
0.000000	-42799.832031	-77798.320312	1.000000
0.000000	399.846710	-1011.869629	1.000000
0.000000	-80.216621	217.482849	1.000000
0.000000	-30.839201	-303.604218	1.000000
0.000000	-447.620361	586.629761	1.000000
0.000000	305.047333	155.421661	1.000000
0.000000	186.514191	877.813110	1.000000
0.000000	-121.202805	48.878532	1.000000
0.000000	139.708344	440.323090	1.000000
0.000000	-10870.301758	564.198669	1.000000
0.000000	28171368.000000	16549397.000000	1.000000
0.000000	218.964188	-540.692871	1.000000
0.000000	-32825.406250	266853.125000	1.000000
0.000000	-99.943733	8.547380	1.000000
0.000000	1374.764404	2746.257812	1.000000
0.000000	4669.842285	10648.805664	1.000000
0.000000	-48657.914062	-126250.796875	1.000000
0.000000	169.876160	-452.176605	1.000000
0.000000	1929694.125000	165147.796875	1.000000
0.000000	-180234.453125	-177937.812500	1.000000
0.000000	-70107.460938	13812.368164	1.000000
0.000000	185.343643	-13.543482	1.000000
0.000000	-131068.968750	14835.710938	1.000000
0.000000	-953.917908	174.872620	1.000000
0.000000	-1243.717163	1104.076538	1.000000
0.000000	-1152.367920	1041.088745	1.000000
0.000000	49228.972656	57431.531250	1.000000
0.000000	83979.554688	3762.152588	1.000000
0.000000	931.166443	-443.085205	1.000000
0.000000	-236.218750	-213.092514	1.000000
0.000000	-1589278.625000	-1200867.375000	1.000000
0.000000	-141.637772	108.106110	1.000000
0.000000	2590553.750000	19245.386719	1.000000
0.000000	88.804321	-57.370888	1.000000
0.000000	-10369.855469	13083.857422	1.000000
0.000000	1826645.375000	135471.921875	1.000000
0.000000	-1580.334839	658.699463	1.000000
0.000000	137.866547	19.386433	1.000000
0.000000	237.377090	41.730408	1.000000
0.000000	557.659363	1043.894897	1.000000
0.000000	-10524.815430	7317.198730	1.000000
0.000000	-238.093765	133.624237	1.000000
0.000000	27328.568359	25757.980469	1.000000
0.000000	-26.205839	200.250778	1.000000
0.000000	266.825531	360.822113	1.000000
0.000000	88.521027	-9086.314453	1.000000
0.000000	-5464.261230	9770.712891	1.000000
0.000000	459066.531250	25685.492188	1.000000
0.000000	-886.354187	1052.154785	1.000000
0.000000	2065.936523	-5342.517090	1.000000
0.000000	3484.380371	-1951.568115	1.000000
0.000000	65.045578	-43.593933	1.000000
0.000000	105.664925	107.982323	1.000000
0.000000	1025.861572	-614.690186	1.000000
0.000000	1191.760376	11868.452148	1.000000
0.000000	18176.128906	-23758.337891	1.000000
0.000000	181.346756	-6.608490	1.000000
0.000000	-21.087605	-69.952805	1.000000
0.000000	1262.564697	1097.191162	1.000000
0.000000	271.625183	-42.097805	1.000000
0.000000	84.423149	33.569649	1.000000
0.000000	-1568.959473	89.964409	1.000000
0.000000	75182.140625	-7423.652344	1.000000
0.000000	44.367058	267.442566	1.000000
0.000000	-350.546265	-720.712036	1.000000
0.000000	1187.583740	-9740.437500	1.000000
0.000000	181.761322	181.319153	1.000000
0.000000	129.540527	127.665565	1.000000
0.000000	-3927.602783	-4731.037598	1.000000
0.000000	373.543060	209.322006	1.000000
0.000000	-1914.669556	-2883.578369	1.000000
0.000000	-54.090401	142.675125	1.000000
0.000000	22221.437500	38946.796875	1.000000
0.000000	207.000153	-24.367632	1.000000
0.000000	741.481995	-552.276428	1.000000
0.000000	1128.609131	628.128357	1.000000
0.000000	-313.785309	490.579468	1.000000
0.000000	50.853481	-203.527069	1.000000
0.000000	9510.983398	4967.863770	1.000000
0.000000	-92746.093750	-330124.281250	1.000000
0.000000	7841.872559	16943.523438	1.000000
0.000000	117.808167	-75.022186	1.000000
0.000000	3351.935791	-1049.625122	1.000000
0.000000	-423437.375000	-81836.375000	1.000000
0.000000	-44105600.000000	-10494824.000000	1.000000
0.000000	5958.268555	-4713.080566	1.000000
0.000000	-233.176727	22.075726	1.000000
0.000000	899.156982	-1764.619507	1.000000
0.000000	5966.364258	446.624512	1.000000
0.000000	-126.649132	-45.601727	1.000000
0.000000	-338.491028	1023.723511	1.000000
0.000000	-18802.595703	213.407944	1.000000
0.000000	-482.851135	-152.950821	1.000000
0.000000	282.032806	-202.367279	1.000000
0.000000	14411.705078	-11095.901367	1.000000
