0.000000	31480.179688	455829.375000	1.000000
0.000000	215009.187500	175282.828125	1.000000
0.000000	1192.135986	-12815.979492	1.000000
0.000000	-482.882385	648.128479	1.000000
0.000000	16885.607422	27354.671875	1.000000
0.000000	-13656.430664	745.955017	1.000000
0.000000	-648.366150	-2471.737061	1.000000
0.000000	-595323.062500	1523932.125000	1.000000
0.000000	3593.464600	-2169.243164	1.000000
0.000000	9292453.000000	3386659.750000	1.000000
0.000000	78697400.000000	19959642.000000	1.000000
0.000000	-315.191650	-195.777344	1.000000
0.000000	-314.513000	132.918701	1.000000
0.000000	91.048820	-284.956696	1.000000
0.000000	-73337376.000000	-31090268.000000	1.000000
0.000000	770.994446	-4498.589355	1.000000
0.000000	384.309570	-448.963257	1.000000
0.000000	-6191.761230	7841.357422	1.000000
0.000000	-987.222107	175.412933	1.000000
0.000000	-317.625397	326.033844	1.000000
0.000000	930.715149	8049.889648	1.000000
0.000000	10283.320312	85057.414062	1.000000
0.000000	-55.691219	863.004028	1.000000
0.000000	261.266968	65.865250	1.000000
0.000000	-207092.203125	-53365.410156	1.000000
0.000000	456.371185	-55.634338	1.000000
0.000000	10386.959961	35334.503906	1.000000
0.000000	-3969.507568	11571.939453	1.000000
0.000000	445.942688	-200.745514	1.000000
0.000000	-61426.679688	-273296.843750	1.000000
0.000000	5147.639648	-8869.343750	1.000000
0.000000	4920.924805	917.007202	1.000000
0.000000	-303.795715	478.745087	1.000000
0.000000	-568.234314	-178.298630	1.000000
0.000000	-273.514984	-59.677219	1.000000
0.000000	4901.244141	2798.792236	1.000000
0.000000	-29.838541	-83.004219	1.000000
0.000000	-5772.021973	-1532.478882	1.000000
0.000000	-246265.453125	-73772.656250	1.000000
0.000000	-46703.074219	-6186.418457	1.000000
0.000000	499.178436	116.663284	1.000000
0.000000	564.023743	-21.304667	1.000000
0.000000	-2.223764	279.961914	1.000000
0.000000	-99.347984	-173.734665	1.000000
0.000000	52.999340	276.713470	1.000000
0.000000	-576.332092	-234.015549	1.000000
0.000000	-4046.639648	3330.456543	1.000000
0.000000	-850.777832	464.160797	1.000000
0.000000	-121.376785	-297.913940	1.000000
0.000000	-295.398376	-89.706093	1.000000
0.000000	7081.532715	6275.394531	1.000000
0.000000	-890.691345	1660.003052	1.000000
0.000000	4.143635	1314.992188	1.000000
0.000000	-3419.851318	-11616.833008	1.000000
0.069800	335.760834	-26.136374	1.000000
0.000000	-15.580175	-305.370361	1.000000
0.000000	169.305588	116.429092	1.000000
0.000000	29405522.000000	-21550876.000000	1.000000
0.000000	-585.793274	1684.971313	1.000000
0.000000	472.589081	549.695862	1.000000
0.000000	1692.993774	26209.103516	1.000000
0.000000	3278.402832	-1685.040039	1.000000
0.000000	-110.202324	-284.945496	1.000000
0.000000	181.438812	-393.490875	1.000000
0.000000	5362.887207	-2929.945801	1.000000
0.000000	401119.687500	-1051564.750000	1.000000
0.000000	40174.937500	142528.625000	1.000000
0.000000	899154304.000000	-490293056.000000	1.000000
0.000000	5093.291992	-14899.595703	1.000000
0.000000	-11819835.000000	-661261.937500	1.000000
0.000000	10630.280273	-15084.993164	1.000000
0.000000	-30.185574	-393.521088	1.000000
0.000000	-296.937622	-791.023376	1.000000
0.000000	-469.952087	921.029053	1.000000
0.000000	424290.187500	2482.429443	1.000000
0.000000	-9376.865234	10631.637695	1.000000
0.000000	-206.270294	531.388977	1.000000
0.000000	29.720394	-317.571014	1.000000
0.000000	3424.989746	-13318.684570	1.000000
0.000000	-935690816.000000	516809408.000000	1.000000
0.000000	1333545.500000	80273.171875	1.000000
0.000000	370776.187500	-121736.921875	1.000000
0.000000	282430.750000	227405.343750	1.000000
0.000000	24874.455078	-23122.761719	1.000000
0.000000	2203343.750000	933625.687500	1.000000
0.000000	-167.466293	244.673676	1.000000
0.000000	59.665665	-40.196980	1.000000
0.000000	-3148.563721	-346.217041	1.000000
0.000000	-1674.401489	1747.670044	1.000000
0.000000	111.936073	304.064331	1.000000
0.000000	4.618031	-74.226723	1.000000
0.000000	-1239.979370	1093.026733	1.000000
0.000000	936.021057	-201.810425	1.000000
0.000000	240.538437	-156.887711	1.000000
0.000000	-4355021.000000	2416277.250000	1.000000
0.000000	1129.610107	626.077576	1.000000
0.000000	-149.314804	-88060.250000	1.000000
0.000000	1711789.125000	-2028472.500000	1.000000
0.000000	817.183960	-1485.652344	1.000000
0.000000	-241.457214	-5317.153809	1.000000
0.000000	691415.187500	-227463.156250	1.000000
0.000000	12310197.000000	-6573529.500000	1.000000
0.000000	-21951.201172	-21532.785156	1.000000
0.000000	170698.140625	-24541.363281	1.000000
0.000000	14.246784	206.742111	1.000000
0.000000	312.635712	-40.642303	1.000000
0.000000	598.254333	-1794.562256	1.000000
0.000000	-164.304077	-259.502106	1.000000
0.000000	115.077133	-289.620453	1.000000
0.000000	-889.244385	1091.398560	1.000000
0.000000	-232.342087	-3106.984619	1.000000
0.000000	-53889.742188	119833.890625	1.000000
0.000000	96.821045	267.536987	1.000000
0.000000	-372.543549	31.865828	1.000000
0.000000	-112.260132	-1071.032593	1.000000
0.000000	-64595.730469	15529.222656	1.000000
0.000000	2440.564209	804.311340	1.000000
0.000000	55798.613281	149595.859375	1.000000
0.000000	-13252.260742	6596.635742	1.000000
0.000000	-41795.941406	-29773.906250	1.000000
0.000000	-8440.301758	13822.320312	1.000000
0.000000	323.420410	349.166382	1.000000
0.000000	-323.360535	182.274612	1.000000
0.000000	1566.394531	3166.580811	1.000000
0.000000	647.282349	-419.002411	1.000000
0.000000	1913.426514	108.738625	1.000000
0.000000	569.494873	-551.376282	1.000000
0.000000	13987.716797	-14253.527344	1.000000
0.000000	-312.903320	-142.655075	1.000000
0.000000	-1172.026367	1510.585571	1.000000
0.000000	240.937042	265.695587	1.000000
0.000000	-13326.635742	-2985.911377	1.000000
0.000000	-28671.878906	-61522.765625	1.000000
0.000000	1705.922607	8064.215820	1.000000
0.000000	-2522.735352	1837.885254	1.000000
0.000000	103.574692	-154.389603	1.000000
0.000000	63.622330	203.819611	1.000000
0.000000	-3816.480713	-16026.813477	1.000000
0.000000	772.931946	-25.239290	1.000000
0.000000	-8788.783203	12933.113281	1.000000
0.000000	-893.763306	-3184.364258	1.000000
0.000000	941.764221	577.308044	1.000000
0.000000	292.962799	-255.049896	1.000000
0.000000	-5641.298340	-20510.318359	1.000000
0.000000	2.176726	-327.784943	1.000000
0.000000	22513.398438	-24602.427734	1.000000
0.000000	-302.871185	-179.156113	1.000000
0.000000	-3300464.250000	1376390.750000	1.000000
0.000000	-17990.783203	-1264.180298	1.000000
0.000000	-59.454552	580.893921	1.000000
0.000000	159.612640	-346.729218	1.000000
0.000000	6685.621582	2700.645508	1.000000
0.000000	-26131.318359	-23364.050781	1.000000
0.000000	-586712.625000	317463.906250	1.000000
0.000000	-108536.234375	249083.234375	1.000000
0.000000	38023.031250	-56191.003906	1.000000
0.000000	601.679199	-1723.428833	1.000000
0.000000	122.441231	170.050766	1.000000
0.000000	-220.610046	-422.652344	1.000000
0.000000	-388.224182	682.443237	1.000000
0.000000	4112436.000000	2116301.500000	1.000000
0.000000	169.989273	211.312057	1.000000
0.000000	-45276.292969	75962.312500	1.000000
0.000000	706.349792	1694.086182	1.000000
0.000000	4833.382324	12563.430664	1.000000
0.000000	619.110657	1606.205078	1.000000
0.000000	-44099.277344	2367.636475	1.000000
0.000000	245724.859375	-842228.687500	1.000000
0.000000	-227.318085	-141.989731	1.000000
0.000000	445.924774	-130.034607	1.000000
0.000000	-32981.082031	-140007.484375	1.000000
0.000000	-14337.764648	-13563.593750	1.000000
0.000000	-383.193115	-82.237160	1.000000
0.000000	-323599.531250	730136.875000	1.000000
0.000000	-31360.980469	-19670.800781	1.000000
0.000000	-424.644928	-1078.911987	1.000000
0.000000	147.984207	-356.675018	1.000000
0.000000	-3628.070801	-12775.542969	1.000000
0.000000	92.376160	-319.690826	1.000000
0.000000	3201.530762	2997.040527	1.000000
0.000000	28.970457	187.461960	1.000000
0.000000	799177.687500	-982912.687500	1.000000
0.000000	-380.978851	408.030945	1.000000
0.000000	-3280.248291	-2091.136963	1.000000
0.000000	-26.906666	2897.953369	1.000000
0.000000	-316.424622	298.751312	1.000000
0.000000	19852.423828	10540.570312	1.000000
0.000000	71.284744	586.051453	1.000000
0.000000	-3362.877930	-1912.710083	1.000000
0.000000	65100.027344	112659.445312	1.000000
0.000000	265.998260	211.781372	1.000000
0.000000	484892.843750	100807.421875	1.000000
0.000000	-240.132355	230.122772	1.000000
0.000000	80.255226	289.787598	1.000000
0.000000	319.198517	112.553276	1.000000
0.000000	-286.802673	-95.664978	1.000000
0.000000	-52424.003906	-3013.418213	1.000000
0.000000	11395.432617	1374.962280	1.000000
0.000000	-79.611839	-180.568390	1.000000
0.000000	0.999539	1752.642334	1.000000
0.000000	-7872.645996	-93139.859375	1.000000
0.000000	-563.600342	1114.072510	1.000000
0.000000	-39.665062	296.296143	1.000000
0.000000	322.955475	-74.398460	1.000000
0.000000	55.806637	334.538269	1.000000
0.000000	-42892.019531	-77724.570312	1.000000
0.000000	307.587189	-1085.595947	1.000000
0.000000	-18.799332	318.240906	1.000000
0.000000	-83.643303	-198.092743	1.000000
0.000000	-458.423584	704.168823	1.000000
0.000000	387.511932	71.012482	1.000000
0.000000	214.566559	992.471313	1.000000
0.000000	-176.409485	153.165634	1.000000
0.000000	234.740692	510.255951	1.000000
0.000000	-10987.840820	555.556091	1.000000
0.000000	28171368.000000	16549397.000000	1.000000
0.000000	298.531158	-627.838867	1.000000
0.000000	-32779.312500	266779.375000	1.000000
0.000000	-217.910645	5.549486	1.000000
0.000000	1473.001709	2681.150391	1.000000
0.000000	4554.607910	10676.461914	1.000000
0.000000	-48538.070312	-126250.796875	1.000000
0.000000	66.273254	-508.641449	1.000000
0.000000	1929694.125000	165221.546875	1.000000
0.000000	-180123.828125	-177937.812500	1.000000
0.000000	-70199.648438	13745.532227	1.000000
0.000000	256.284821	-107.833618	1.000000
0.000000	-131105.843750	14948.640625	1.000000
0.000000	-1059.165161	228.240540	1.000000
0.000000	-1317.755249	1012.195679	1.000000
0.000000	-1182.905029	1155.170776	1.000000
0.000000	49256.628906	57542.156250	1.000000
0.000000	83887.367188	3691.283447	1.000000
0.000000	1043.638794	-407.218506	1.000000
0.000000	-341.088837	-267.152069	1.000000
0.000000	-1589278.625000	-1200867.375000	1.000000
0.000000	-255.503738	139.122910	1.000000
0.000000	2590553.750000	19351.402344	1.000000
0.000000	129.801758	-168.020950	1.000000
0.000000	-10438.996094	13180.654297	1.000000
0.000000	1826645.375000	135398.171875	1.000000
0.000000	-1566.794800	775.950439	1.000000
0.000000	252.884857	45.719288	1.000000
0.069800	335.525391	-22.297516	1.000000
0.000000	463.455261	972.841492	1.000000
0.000000	-10605.479492	7403.624512	1.000000
0.000000	-353.760254	156.995209	1.000000
0.000000	27333.177734	25877.824219	1.000000
0.000000	59.929482	280.914825	1.000000
0.000000	272.155121	478.721283	1.000000
0.000000	-26.270168	-9058.658203	1.000000
0.000000	-5581.800293	9773.017578	1.000000
0.000000	459140.281250	25597.914062	1.000000
0.000000	-996.979187	1093.062988	1.000000
0.000000	2161.004883	-5272.224121	1.000000
0.000000	3486.685059	-2069.683350	1.000000
0.000000	129.594391	55.189796	1.000000
0.000000	206.571014	169.134460	1.000000
0.000000	975.019653	-721.137939	1.000000
0.000000	1205.300415	11750.913086	1.000000
0.000000	18060.894531	-23781.384766	1.000000
0.000000	299.029877	-15.185799	1.000000
0.000000	-14.479115	-187.771088	1.000000
0.000000	1164.615479	1162.874756	1.000000
0.000000	389.596375	-45.113705	1.000000
0.000000	103.346794	150.042984	1.000000
0.000000	-1456.605957	125.957146	1.000000
0.000000	75292.765625	-7410.976562	1.000000
0.000000	75.786430	381.164490	1.000000
0.000000	-232.567917	-720.712036	1.000000
0.000000	1180.093506	-9622.898438	1.000000
0.000000	253.098602	275.307190	1.000000
0.000000	219.531372	203.972336	1.000000
0.000000	-3873.442627	-4626.174316	1.000000
0.000000	489.929779	228.551743	1.000000
0.000000	-2009.449829	-2953.871338	1.000000
0.000000	-4.359038	249.699051	1.000000
0.000000	22239.875000	39066.640625	1.000000
0.000000	324.986298	-23.980516	1.000000
0.000000	859.453186	-550.259827	1.000000
0.000000	1230.591553	687.474060	1.000000
0.000000	-318.682770	608.419678	1.000000
0.000000	125.287682	-295.087006	1.000000
0.000000	9570.905273	4866.457520	1.000000
0.000000	-92690.781250	-330198.031250	1.000000
0.000000	7959.411621	16948.132812	1.000000
0.000000	193.934875	-165.182510	1.000000
0.000000	3390.539307	-938.024902	1.000000
0.000000	-423363.625000	-81928.562500	1.000000
0.000000	-44105600.000000	-10494824.000000	1.000000
0.000000	6011.276367	-4608.217285	1.000000
0.000000	-277.974091	131.242828	1.000000
0.000000	1002.579834	-1707.866577	1.000000
0.000000	5874.176758	373.306641	1.000000
0.000000	-236.193802	-89.477043	1.000000
0.000000	-456.318176	1017.961792	1.000000
0.000000	-18784.158203	96.908386	1.000000
0.000000	-600.822327	-156.227798	1.000000
0.000000	295.500824	-319.601776	1.000000
0.000000	14520.025391	-11049.807617	1.000000
