0.000000	31437.679688	455869.375000	1.000000
0.000000	215029.187500	175342.828125	1.000000
0.000000	1201.667236	-12879.729492	1.000000
0.000000	-418.898010	647.190979	1.000000
0.000000	16880.607422	27289.671875	1.000000
0.000000	-13593.930664	731.501892	1.000000
0.000000	-590.944275	-2499.862061	1.000000
0.000000	-595403.062500	1523932.125000	1.000000
0.000000	3626.277100	-2114.243164	1.000000
0.000000	9292453.000000	3386659.750000	1.000000
0.000000	78697400.000000	19959642.000000	1.000000
0.000000	-376.949463	-212.535156	1.000000
0.000000	-344.825500	189.285889	1.000000
0.000000	88.695305	-348.902008	1.000000
0.000000	-73337376.000000	-31090268.000000	1.000000
0.000000	826.697571	-4467.339355	1.000000
0.000000	399.309570	-511.189819	1.000000
0.000000	-6224.886230	7896.357422	1.000000
0.000000	-987.065857	111.409027	1.000000
0.000000	-339.578522	386.151031	1.000000
0.000000	944.465149	8112.389648	1.000000
0.000000	10340.820312	85087.414062	1.000000
0.000000	-68.074028	925.816528	1.000000
0.000000	309.364227	22.666161	1.000000
0.000000	-207052.203125	-53410.410156	1.000000
0.000000	520.165222	-50.624573	1.000000
0.000000	10385.709961	35269.503906	1.000000
0.000000	-4032.320068	11559.439453	1.000000
0.000000	501.880188	-231.839264	1.000000
0.000000	-61361.679688	-273296.843750	1.000000
0.000000	5109.514648	-8818.093750	1.000000
0.000000	4982.799805	932.788452	1.000000
0.000000	-362.819153	503.510712	1.000000
0.000000	-615.031189	-134.685349	1.000000
0.000000	-323.514984	-99.599625	1.000000
0.000000	4959.369141	2825.354736	1.000000
0.000000	-89.360023	-106.529610	1.000000
0.000000	-5821.396973	-1572.947632	1.000000
0.000000	-246245.453125	-73832.656250	1.000000
0.000000	-46653.074219	-6225.168457	1.000000
0.000000	548.543274	157.408188	1.000000
0.000000	600.976868	-73.537003	1.000000
0.000000	-2.798410	343.946289	1.000000
0.000000	-128.185806	-230.863571	1.000000
0.000000	60.953442	340.229095	1.000000
0.000000	-600.472717	-174.738205	1.000000
0.000000	-3994.139648	3293.894043	1.000000
0.000000	-887.105957	516.859680	1.000000
0.000000	-135.458817	-360.335815	1.000000
0.000000	-358.015564	-102.870155	1.000000
0.000000	7145.282715	6268.519531	1.000000
0.000000	-925.613220	1606.409302	1.000000
0.000000	-32.231369	1262.335938	1.000000
0.000000	-3457.038818	-11564.333008	1.000000
0.000000	396.635803	-4.877959	1.000000
0.000000	-13.998144	-369.354736	1.000000
0.000000	233.270432	114.212296	1.000000
0.000000	29405522.000000	-21550876.000000	1.000000
0.000000	-637.355774	1722.783813	1.000000
0.000000	430.440643	597.898987	1.000000
0.000000	1660.025024	26154.103516	1.000000
0.000000	3302.777832	-1744.258789	1.000000
0.000000	-143.874207	-339.359558	1.000000
0.000000	215.970062	-447.358063	1.000000
0.000000	5323.512207	-2980.258301	1.000000
0.000000	401159.687500	-1051564.750000	1.000000
0.000000	40119.937500	142488.625000	1.000000
0.000000	899154304.000000	-490293056.000000	1.000000
0.000000	5052.041992	-14948.345703	1.000000
0.000000	-11819835.000000	-661181.937500	1.000000
0.000000	10662.780273	-15029.993164	1.000000
0.000000	-49.091824	-454.653900	1.000000
0.000000	-345.257935	-832.976501	1.000000
0.000000	-406.006775	918.841553	1.000000
0.000000	424210.187500	2466.491943	1.000000
0.000000	-9439.365234	10616.637695	1.000000
0.000000	-268.395294	515.998352	1.000000
0.000000	24.114925	-381.321014	1.000000
0.000000	3431.239746	-13382.434570	1.000000
0.000000	-935690816.000000	516809408.000000	1.000000
0.000000	1333545.500000	80333.171875	1.000000
0.000000	370856.187500	-121746.921875	1.000000
0.000000	282350.750000	227425.343750	1.000000
0.000000	24816.955078	-23092.761719	1.000000
0.000000	2203343.750000	933545.687500	1.000000
0.000000	-201.177231	299.083679	1.000000
0.000000	-2.794277	-54.152058	1.000000
0.000000	-3108.563721	-296.217041	1.000000
0.000000	-1681.901489	1811.263794	1.000000
0.000000	141.447784	360.861206	1.000000
0.000000	-11.824812	-136.082184	1.000000
0.000000	-1301.698120	1076.151733	1.000000
0.000000	990.083557	-236.087769	1.000000
0.000000	254.776718	-94.485367	1.000000
0.000000	-4355021.000000	2416277.250000	1.000000
0.000000	1184.922607	658.186951	1.000000
0.000000	-211.951523	-88070.250000	1.000000
0.000000	1711789.125000	-2028472.500000	1.000000
0.000000	829.137085	-1422.839844	1.000000
0.000000	-188.840027	-5353.403809	1.000000
0.000000	691415.187500	-227523.156250	1.000000
0.000000	12310197.000000	-6573529.500000	1.000000
0.000000	-21966.201172	-21595.285156	1.000000
0.000000	170758.140625	-24578.863281	1.000000
0.000000	-13.295052	264.515533	1.000000
0.000000	373.885712	-59.250702	1.000000
0.000000	536.301208	-1810.499756	1.000000
0.000000	-206.413452	-307.705231	1.000000
0.000000	138.372498	-349.229828	1.000000
0.000000	-907.603760	1152.648560	1.000000
0.000000	-294.380798	-3091.359619	1.000000
0.000000	-53954.742188	119833.890625	1.000000
0.000000	119.447998	327.419800	1.000000
0.000000	-434.457611	48.076786	1.000000
0.000000	-50.708454	-1053.532593	1.000000
0.000000	-64540.730469	15494.222656	1.000000
0.000000	2459.626709	865.405090	1.000000
0.000000	55848.613281	149635.859375	1.000000
0.000000	-13313.510742	6576.635742	1.000000
0.000000	-41845.941406	-29736.406250	1.000000
0.000000	-8387.801758	13858.570312	1.000000
0.000000	381.232910	376.588257	1.000000
0.000000	-370.508972	225.575394	1.000000
0.000000	1612.488281	3122.205811	1.000000
0.000000	709.079224	-435.682098	1.000000
0.000000	1872.332764	59.685890	1.000000
0.000000	581.994873	-614.110657	1.000000
0.000000	13973.966797	-14316.027344	1.000000
0.000000	-367.473633	-176.073044	1.000000
0.000000	-1196.245117	1451.366821	1.000000
0.000000	286.679230	310.461212	1.000000
0.000000	-13264.135742	-2999.973877	1.000000
0.000000	-28711.878906	-61572.765625	1.000000
0.000000	1740.922607	8117.965820	1.000000
0.000000	-2483.672852	1787.260254	1.000000
0.000000	162.133453	-180.209915	1.000000
0.000000	21.288963	155.811798	1.000000
0.000000	-3775.855713	-15976.813477	1.000000
0.000000	834.416321	-7.379836	1.000000
0.000000	-8852.533203	12938.113281	1.000000
0.000000	-874.466431	-3245.301758	1.000000
0.000000	934.811096	640.901794	1.000000
0.000000	355.501862	-268.642273	1.000000
0.000000	-5578.173340	-20500.318359	1.000000
0.000000	5.543425	-391.691193	1.000000
0.000000	22495.898438	-24664.927734	1.000000
0.000000	-346.035248	-226.421738	1.000000
0.000000	-3300464.250000	1376390.750000	1.000000
0.000000	-18013.283203	-1323.867798	1.000000
0.000000	-86.369438	638.940796	1.000000
0.000000	180.940765	-407.080780	1.000000
0.000000	6706.246582	2640.020508	1.000000
0.000000	-26071.318359	-23344.050781	1.000000
0.000000	-586712.625000	317503.906250	1.000000
0.000000	-108536.234375	249023.234375	1.000000
0.000000	37958.031250	-56191.003906	1.000000
0.000000	643.085449	-1772.178833	1.000000
0.000000	153.183426	226.183578	1.000000
0.000000	-235.238953	-360.347656	1.000000
0.000000	-405.685120	744.005737	1.000000
0.000000	4112436.000000	2116301.500000	1.000000
0.000000	232.723648	223.948776	1.000000
0.000000	-45301.292969	76022.312500	1.000000
0.000000	764.084167	1721.742432	1.000000
0.000000	4895.257324	12547.180664	1.000000
0.000000	612.782532	1542.455078	1.000000
0.000000	-44144.277344	2414.511475	1.000000
0.000000	245664.859375	-842228.687500	1.000000
0.000000	-285.208710	-169.255356	1.000000
0.000000	509.752899	-125.098946	1.000000
0.000000	-32956.082031	-140067.484375	1.000000
0.000000	-14359.014648	-13503.593750	1.000000
0.000000	-447.099365	-85.479347	1.000000
0.000000	-323679.531250	730136.875000	1.000000
0.000000	-31305.980469	-19638.300781	1.000000
0.000000	-482.496490	-1106.255737	1.000000
0.000000	165.269363	-418.276581	1.000000
0.000000	-3566.820801	-12794.292969	1.000000
0.000000	110.882019	-380.940826	1.000000
0.000000	3220.593262	2936.103027	1.000000
0.000000	59.258789	131.075241	1.000000
0.000000	799097.687500	-982912.687500	1.000000
0.000000	-444.103851	418.695007	1.000000
0.000000	-3218.998291	-2109.261963	1.000000
0.000000	-40.354855	2960.453369	1.000000
0.000000	-361.580872	344.102875	1.000000
0.000000	19819.923828	10595.570312	1.000000
0.000000	134.361908	575.270203	1.000000
0.000000	-3423.815430	-1932.710083	1.000000
0.000000	65120.027344	112719.445312	1.000000
0.000000	313.185760	255.004028	1.000000
0.000000	484892.843750	100867.421875	1.000000
0.000000	-286.421417	274.313904	1.000000
0.000000	79.444679	353.771973	1.000000
0.000000	330.175079	175.600159	1.000000
0.000000	-350.669861	-99.737244	1.000000
0.000000	-52399.003906	-2955.293213	1.000000
0.000000	11429.182617	1429.337280	1.000000
0.000000	-62.219261	-242.150421	1.000000
0.000000	38.370586	1700.611084	1.000000
0.000000	-7875.770996	-93199.859375	1.000000
0.000000	-601.959717	1062.822510	1.000000
0.000000	-81.947411	344.343018	1.000000
0.000000	384.127350	-93.216820	1.000000
0.000000	59.312496	398.444519	1.000000
0.000000	-42942.019531	-77684.570312	1.000000
0.000000	257.548126	-1125.595947	1.000000
0.000000	14.512814	372.889343	1.000000
0.000000	-112.285881	-140.866180	1.000000
0.000000	-464.282959	767.918823	1.000000
0.000000	432.238495	25.235367	1.000000
0.000000	229.781403	1054.658813	1.000000
0.000000	-206.350891	209.728134	1.000000
0.000000	286.295135	548.148376	1.000000
0.000000	-11051.590820	550.868591	1.000000
0.000000	28171368.000000	16549397.000000	1.000000
0.000000	341.695221	-675.104492	1.000000
0.000000	-32754.312500	266739.375000	1.000000
0.000000	-281.895020	3.923495	1.000000
0.000000	1526.282959	2645.837891	1.000000
0.000000	4492.107910	10691.461914	1.000000
0.000000	-48473.070312	-126250.796875	1.000000
0.000000	10.086408	-539.266479	1.000000
0.000000	1929694.125000	165261.546875	1.000000
0.000000	-180063.828125	-177937.812500	1.000000
0.000000	-70249.648438	13709.282227	1.000000
0.000000	294.761383	-158.970276	1.000000
0.000000	-131125.843750	15009.890625	1.000000
0.000000	-1116.196411	257.185852	1.000000
0.000000	-1357.911499	962.430054	1.000000
0.000000	-1199.467529	1217.045776	1.000000
0.000000	49271.628906	57602.156250	1.000000
0.000000	83837.367188	3652.845947	1.000000
0.000000	1104.576294	-387.765381	1.000000
0.000000	-397.963837	-296.488007	1.000000
0.000000	-1589278.625000	-1200867.375000	1.000000
0.000000	-317.261536	155.939316	1.000000
0.000000	2590553.750000	19408.902344	1.000000
0.000000	152.028320	-228.040482	1.000000
0.000000	-10476.496094	13233.154297	1.000000
0.000000	1826645.375000	135358.171875	1.000000
0.000000	-1559.451050	839.544189	1.000000
0.000000	314.280365	59.881165	1.000000
0.000000	386.993347	-54.539871	1.000000
0.000000	412.361511	934.325867	1.000000
0.000000	-10649.229492	7450.499512	1.000000
0.000000	-416.494629	169.670990	1.000000
0.000000	27335.677734	25942.824219	1.000000
0.000000	106.648232	324.664825	1.000000
0.000000	275.045746	542.647888	1.000000
0.000000	-88.528984	-9043.658203	1.000000
0.000000	-5645.550293	9774.267578	1.000000
0.000000	459180.281250	25550.414062	1.000000
0.000000	-1056.979248	1115.250488	1.000000
0.000000	2212.567383	-5234.099121	1.000000
0.000000	3487.935059	-2133.745850	1.000000
0.000000	164.594391	108.764816	1.000000
0.000000	261.297577	202.298523	1.000000
0.000000	947.441528	-778.872314	1.000000
0.000000	1212.644165	11687.163086	1.000000
0.000000	17998.394531	-23793.884766	1.000000
0.000000	362.858002	-19.838905	1.000000
0.000000	-10.893910	-251.677338	1.000000
0.000000	1111.490479	1198.499756	1.000000
0.000000	453.580750	-46.749447	1.000000
0.000000	113.610466	213.207047	1.000000
0.000000	-1395.668457	145.469879	1.000000
0.000000	75352.765625	-7404.101562	1.000000
0.000000	92.827446	442.844177	1.000000
0.000000	-168.564011	-720.712036	1.000000
0.000000	1176.031006	-9559.148438	1.000000
0.000000	291.808075	326.283752	1.000000
0.000000	268.344910	245.359055	1.000000
0.000000	-3844.067627	-4569.299316	1.000000
0.000000	553.054810	238.981430	1.000000
0.000000	-2060.816895	-2991.996338	1.000000
0.000000	22.614468	307.745911	1.000000
0.000000	22249.875000	39131.640625	1.000000
0.000000	388.970673	-23.770555	1.000000
0.000000	923.437561	-549.166077	1.000000
0.000000	1285.904053	719.661560	1.000000
0.000000	-321.339020	672.325928	1.000000
0.000000	165.658768	-344.735443	1.000000
0.000000	9603.405273	4811.457520	1.000000
0.000000	-92660.781250	-330238.031250	1.000000
0.000000	8023.161621	16950.632812	1.000000
0.000000	235.223938	-214.088760	1.000000
0.000000	3411.476807	-877.478027	1.000000
0.000000	-423323.625000	-81978.562500	1.000000
0.000000	-44105600.000000	-10494824.000000	1.000000
0.000000	6040.026367	-4551.342285	1.000000
0.000000	-302.270966	190.461578	1.000000
0.000000	1058.673584	-1677.085327	1.000000
0.000000	5824.176758	333.541016	1.000000
0.000000	-295.607849	-113.275871	1.000000
0.000000	-520.224426	1014.836792	1.000000
0.000000	-18774.158203	33.717369	1.000000
0.000000	-664.806702	-158.005142	1.000000
0.000000	302.805511	-383.195526	1.000000
0.000000	14578.775391	-11024.807617	1.000000
