0.000000	31525.003906	455787.187500	1.000000
0.000000	214988.093750	175219.546875	1.000000
0.000000	1182.083496	-12748.743164	1.000000
0.000000	-550.365906	649.117249	1.000000
0.000000	16890.880859	27423.226562	1.000000
0.000000	-13722.348633	761.198547	1.000000
0.000000	-708.928284	-2442.073975	1.000000
0.000000	-595238.687500	1523932.125000	1.000000
0.000000	3558.857666	-2227.250977	1.000000
0.000000	9292453.000000	3386659.750000	1.000000
0.000000	78697400.000000	19959642.000000	1.000000
0.000000	-250.056458	-178.103088	1.000000
0.000000	-282.542786	73.459488	1.000000
0.000000	93.531044	-217.502609	1.000000
0.000000	-73337376.000000	-31090268.000000	1.000000
0.000000	712.245056	-4531.548340	1.000000
0.000000	368.489258	-383.333679	1.000000
0.000000	-6156.824707	7783.349609	1.000000
0.000000	-987.386902	242.917053	1.000000
0.000000	-294.471710	262.628998	1.000000
0.000000	916.213196	7983.971680	1.000000
0.000000	10222.675781	85025.773438	1.000000
0.000000	-42.631222	796.756470	1.000000
0.000000	211.581299	111.554642	1.000000
0.000000	-207134.390625	-53317.949219	1.000000
0.000000	389.093658	-60.918076	1.000000
0.000000	10388.278320	35403.058594	1.000000
0.000000	-3903.260010	11585.123047	1.000000
0.000000	386.946106	-167.951324	1.000000
0.000000	-61495.234375	-273296.843750	1.000000
0.000000	5187.849609	-8923.396484	1.000000
0.000000	4855.666016	900.362915	1.000000
0.000000	-241.544434	452.625092	1.000000
0.000000	-518.878235	-224.297012	1.000000
0.000000	-220.766861	-17.566969	1.000000
0.000000	4839.940430	2770.777100	1.000000
0.000000	32.937370	-58.192284	1.000000
0.000000	-5719.946777	-1489.796997	1.000000
0.000000	-246286.546875	-73709.375000	1.000000
0.000000	-46755.808594	-6145.549316	1.000000
0.000000	447.144440	73.682709	1.000000
0.000000	525.049744	33.783794	1.000000
0.000000	-1.617692	212.465103	1.000000
0.000000	-69.993843	-114.783798	1.000000
0.000000	44.610249	209.738556	1.000000
0.000000	-550.871277	-296.521271	1.000000
0.000000	-4102.010742	3369.018555	1.000000
0.000000	-812.463013	408.583710	1.000000
0.000000	-106.524643	-232.078369	1.000000
0.000000	-229.348511	-75.822121	1.000000
0.000000	7014.296387	6282.645508	1.000000
0.000000	-853.859680	1716.527710	1.000000
0.000000	42.508415	1370.528076	1.000000
0.000000	-3380.630127	-11672.204102	1.000000
0.000000	273.410461	-50.547340	1.000000
0.000000	-17.248724	-237.886841	1.000000
0.000000	101.842674	118.767120	1.000000
0.000000	29405522.000000	-21550876.000000	1.000000
0.000000	-531.410950	1645.090942	1.000000
0.000000	517.037842	498.867279	1.000000
0.000000	1727.765503	26267.111328	1.000000
0.000000	3252.694824	-1622.582764	1.000000
0.000000	-74.689018	-227.545441	1.000000
0.000000	145.019135	-336.677826	1.000000
0.000000	5404.415527	-2876.881836	1.000000
0.000000	401077.500000	-1051564.750000	1.000000
0.000000	40232.945312	142570.812500	1.000000
0.000000	899154304.000000	-490293056.000000	1.000000
0.000000	5136.797852	-14848.179688	1.000000
0.000000	-11819835.000000	-661346.312500	1.000000
0.000000	10596.002930	-15143.000977	1.000000
0.000000	-10.245387	-329.045074	1.000000
0.000000	-245.978851	-746.775940	1.000000
0.000000	-537.409912	923.336182	1.000000
0.000000	424374.562500	2499.238525	1.000000
0.000000	-9310.947266	10647.458008	1.000000
0.000000	-140.743713	547.621277	1.000000
0.000000	35.632412	-250.334671	1.000000
0.000000	3418.397949	-13251.448242	1.000000
0.000000	-935690816.000000	516809408.000000	1.000000
0.000000	1333545.500000	80209.890625	1.000000
0.000000	370691.812500	-121726.375000	1.000000
0.000000	282515.125000	227384.250000	1.000000
0.000000	24935.099609	-23154.402344	1.000000
0.000000	2203343.750000	933710.062500	1.000000
0.000000	-131.911789	187.304443	1.000000
0.000000	125.542435	-25.477592	1.000000
0.000000	-3190.751221	-398.951416	1.000000
0.000000	-1666.491333	1680.598511	1.000000
0.000000	80.810432	244.161392	1.000000
0.000000	21.960121	-8.992739	1.000000
0.000000	-1174.885376	1110.824585	1.000000
0.000000	879.002014	-165.658539	1.000000
0.000000	225.521500	-222.702682	1.000000
0.000000	-4355021.000000	2416277.250000	1.000000
0.000000	1071.272705	592.212219	1.000000
0.000000	-83.252640	-88049.703125	1.000000
0.000000	1711789.125000	-2028472.500000	1.000000
0.000000	804.577148	-1551.899902	1.000000
0.000000	-296.951904	-5278.921387	1.000000
0.000000	691415.187500	-227399.875000	1.000000
0.000000	12310197.000000	-6573529.500000	1.000000
0.000000	-21935.380859	-21466.867188	1.000000
0.000000	170634.859375	-24501.812500	1.000000
0.000000	43.579357	149.619202	1.000000
0.000000	248.038651	-21.014818	1.000000
0.000000	663.595520	-1777.753174	1.000000
0.000000	-119.891853	-208.662888	1.000000
0.000000	90.512390	-226.751175	1.000000
0.000000	-869.880981	1026.798950	1.000000
0.000000	-166.897903	-3123.464111	1.000000
0.000000	-53821.187500	119833.890625	1.000000
0.000000	77.209862	207.368942	1.000000
0.000000	-307.243561	14.765780	1.000000
0.000000	-177.171234	-1089.489624	1.000000
0.000000	-64653.738281	15566.136719	1.000000
0.000000	2420.459229	739.876526	1.000000
0.000000	55745.878906	149553.671875	1.000000
0.000000	-13187.661133	6617.729492	1.000000
0.000000	-41743.207031	-29813.457031	1.000000
0.000000	-8495.672852	13784.087891	1.000000
0.000000	262.446289	320.244873	1.000000
0.000000	-273.633667	136.605820	1.000000
0.000000	1517.780029	3213.382568	1.000000
0.000000	582.105957	-401.410553	1.000000
0.000000	1956.767578	160.467468	1.000000
0.000000	556.311279	-485.194458	1.000000
0.000000	14002.218750	-14187.609375	1.000000
0.000000	-255.348679	-107.403542	1.000000
0.000000	-1146.483154	1573.042847	1.000000
0.000000	192.693329	218.481857	1.000000
0.000000	-13392.553711	-2971.079834	1.000000
0.000000	-28629.691406	-61470.031250	1.000000
0.000000	1669.008545	8007.526367	1.000000
0.000000	-2563.934082	1891.278809	1.000000
0.000000	41.809349	-127.157249	1.000000
0.000000	104.018219	251.478394	1.000000
0.000000	-3859.327393	-16079.547852	1.000000
0.000000	708.085144	-44.076485	1.000000
0.000000	-8721.546875	12927.839844	1.000000
0.000000	-914.115479	-3120.094238	1.000000
0.000000	949.097595	510.235443	1.000000
0.000000	227.003616	-240.733337	1.000000
0.000000	-5707.875488	-20520.865234	1.000000
0.000000	-1.374079	-260.383820	1.000000
0.000000	22531.855469	-24536.509766	1.000000
0.000000	-257.346588	-129.305649	1.000000
0.000000	-3300464.250000	1376390.750000	1.000000
0.000000	-17967.052734	-1201.228638	1.000000
0.000000	-31.063478	519.672607	1.000000
0.000000	137.118134	-283.077179	1.000000
0.000000	6663.868652	2764.585938	1.000000
0.000000	-26194.599609	-23385.144531	1.000000
0.000000	-586712.625000	317421.718750	1.000000
0.000000	-108536.234375	249146.515625	1.000000
0.000000	38091.585938	-56191.003906	1.000000
0.000000	558.008545	-1672.012817	1.000000
0.000000	90.017830	110.848198	1.000000
0.000000	-205.181122	-488.364319	1.000000
0.000000	-369.808350	617.514038	1.000000
0.000000	4112436.000000	2116301.500000	1.000000
0.000000	103.824112	197.984268	1.000000
0.000000	-45249.925781	75899.031250	1.000000
0.000000	645.458069	1664.917480	1.000000
0.000000	4768.123535	12580.569336	1.000000
0.000000	625.784851	1673.441406	1.000000
0.000000	-44051.816406	2318.197998	1.000000
0.000000	245788.140625	-842228.687500	1.000000
0.000000	-166.261566	-113.227722	1.000000
0.000000	378.606049	-135.246246	1.000000
0.000000	-33007.449219	-139944.203125	1.000000
0.000000	-14315.352539	-13626.875000	1.000000
0.000000	-315.791992	-78.817665	1.000000
0.000000	-323515.156250	730136.875000	1.000000
0.000000	-31418.988281	-19705.078125	1.000000
0.000000	-363.629608	-1050.072876	1.000000
0.000000	129.753769	-291.704620	1.000000
0.000000	-3692.670410	-12755.767578	1.000000
0.000000	72.858261	-255.090927	1.000000
0.000000	3181.425781	3061.310547	1.000000
0.000000	-3.259663	243.121658	1.000000
0.000000	799262.062500	-982912.687500	1.000000
0.000000	-314.401703	396.783691	1.000000
0.000000	-3344.847900	-2072.020752	1.000000
0.000000	-12.721428	2832.035400	1.000000
0.000000	-268.798889	250.917404	1.000000
0.000000	19886.701172	10482.562500	1.000000
0.000000	4.754693	597.422302	1.000000
0.000000	-3298.607910	-1891.616333	1.000000
0.000000	65078.933594	112596.164062	1.000000
0.000000	216.230194	166.194977	1.000000
0.000000	484892.843750	100744.140625	1.000000
0.000000	-191.311859	183.506409	1.000000
0.000000	81.110100	222.293793	1.000000
0.000000	307.621674	46.057133	1.000000
0.000000	-219.442734	-91.370010	1.000000
0.000000	-52450.371094	-3074.721924	1.000000
0.000000	11359.836914	1317.613647	1.000000
0.000000	-96.896240	-114.307976	1.000000
0.000000	-38.415230	1807.519043	1.000000
0.000000	-7869.350098	-93076.578125	1.000000
0.000000	-523.143188	1168.125244	1.000000
0.000000	4.927475	245.621704	1.000000
0.000000	258.438263	-54.550972	1.000000
0.000000	52.109051	267.137146	1.000000
0.000000	-42839.285156	-77766.757812	1.000000
0.000000	360.362762	-1043.408447	1.000000
0.000000	-53.932518	260.603882	1.000000
0.000000	-53.436134	-258.448883	1.000000
0.000000	-452.243774	636.932495	1.000000
0.000000	340.339386	119.297394	1.000000
0.000000	198.519653	926.882935	1.000000
0.000000	-144.830658	93.509880	1.000000
0.000000	180.378967	470.251984	1.000000
0.000000	-10920.604492	560.499939	1.000000
0.000000	28171368.000000	16549397.000000	1.000000
0.000000	253.007919	-577.988403	1.000000
0.000000	-32805.679688	266821.562500	1.000000
0.000000	-150.427124	7.264383	1.000000
0.000000	1416.806641	2718.394043	1.000000
0.000000	4620.525879	10660.641602	1.000000
0.000000	-48606.625000	-126250.796875	1.000000
0.000000	125.537628	-476.341644	1.000000
0.000000	1929694.125000	165179.359375	1.000000
0.000000	-180187.109375	-177937.812500	1.000000
0.000000	-70146.914062	13783.764648	1.000000
0.000000	215.704056	-53.895142	1.000000
0.000000	-131084.750000	14884.041016	1.000000
0.000000	-998.980774	197.712280	1.000000
0.000000	-1275.402954	1064.746704	1.000000
0.000000	-1165.436768	1089.911987	1.000000
0.000000	49240.808594	57478.875000	1.000000
0.000000	83940.101562	3731.822998	1.000000
0.000000	979.311584	-427.735474	1.000000
0.000000	-281.103485	-236.224991	1.000000
0.000000	-1589278.625000	-1200867.375000	1.000000
0.000000	-190.368546	121.383011	1.000000
0.000000	2590553.750000	19290.757812	1.000000
0.000000	106.350174	-104.722885	1.000000
0.000000	-10399.445312	13125.283203	1.000000
0.000000	1826645.375000	135440.359375	1.000000
0.000000	-1574.540161	708.878906	1.000000
0.000000	187.090485	30.656002	1.000000
0.000000	279.388489	13.697034	1.000000
0.000000	517.343201	1013.463440	1.000000
0.000000	-10559.336914	7354.186035	1.000000
0.000000	-287.595093	143.626221	1.000000
0.000000	27330.541016	25809.269531	1.000000
0.000000	10.656775	234.772263	1.000000
0.000000	269.106415	411.278961	1.000000
0.000000	39.395332	-9074.478516	1.000000
0.000000	-5514.563965	9771.699219	1.000000
0.000000	459098.093750	25648.011719	1.000000
0.000000	-933.697937	1069.662109	1.000000
0.000000	2106.622559	-5312.434082	1.000000
0.000000	3485.366699	-2002.117432	1.000000
0.000000	92.670471	-1.317997	1.000000
0.000000	148.851593	134.156738	1.000000
0.000000	1004.105957	-660.246216	1.000000
0.000000	1197.555054	11818.149414	1.000000
0.000000	18126.812500	-23768.201172	1.000000
0.000000	231.711136	-10.279287	1.000000
0.000000	-18.259617	-120.371124	1.000000
0.000000	1220.645752	1125.301514	1.000000
0.000000	322.112854	-43.388508	1.000000
0.000000	92.521828	83.417747	1.000000
0.000000	-1520.875977	105.368080	1.000000
0.000000	75229.484375	-7418.227539	1.000000
0.000000	57.813484	316.111694	1.000000
0.000000	-300.058594	-720.712036	1.000000
0.000000	1184.378174	-9690.134766	1.000000
0.000000	212.291260	221.542847	1.000000
0.000000	168.053558	160.322281	1.000000
0.000000	-3904.424072	-4686.159668	1.000000
0.000000	423.352631	217.551682	1.000000
0.000000	-1955.232300	-2913.661377	1.000000
0.000000	-32.807289	188.477737	1.000000
0.000000	22229.328125	38998.085938	1.000000
0.000000	257.502777	-24.201960	1.000000
0.000000	791.969666	-551.413391	1.000000
0.000000	1172.254150	653.526306	1.000000
0.000000	-315.881256	541.018555	1.000000
0.000000	82.708794	-242.718201	1.000000
0.000000	9536.627930	4924.465332	1.000000
0.000000	-92722.421875	-330155.843750	1.000000
0.000000	7892.175293	16945.496094	1.000000
0.000000	150.387817	-113.604568	1.000000
0.000000	3368.456787	-1001.882935	1.000000
0.000000	-423405.812500	-81875.828125	1.000000
0.000000	-44105600.000000	-10494824.000000	1.000000
0.000000	5980.954102	-4668.202637	1.000000
0.000000	-252.348480	68.795319	1.000000
0.000000	943.418457	-1740.331177	1.000000
0.000000	5926.911133	415.246948	1.000000
0.000000	-173.530533	-64.376717	1.000000
0.000000	-388.917053	1021.257690	1.000000
0.000000	-18794.705078	163.552139	1.000000
0.000000	-533.338806	-154.353256	1.000000
0.000000	287.796661	-252.531311	1.000000
0.000000	14458.062500	-11076.174805	1.000000
