0.000000	31503.753906	455807.187500	1.000000
0.000000	214998.093750	175249.546875	1.000000
0.000000	1186.849121	-12780.618164	1.000000
0.000000	-518.373718	648.648499	1.000000
0.000000	16888.380859	27390.726562	1.000000
0.000000	-13691.098633	753.971985	1.000000
0.000000	-680.217346	-2456.136475	1.000000
0.000000	-595278.687500	1523932.125000	1.000000
0.000000	3575.263916	-2199.750977	1.000000
0.000000	9292453.000000	3386659.750000	1.000000
0.000000	78697400.000000	19959642.000000	1.000000
0.000000	-280.935364	-186.481995	1.000000
0.000000	-297.699036	101.647964	1.000000
0.000000	92.354286	-249.485031	1.000000
0.000000	-73337376.000000	-31090268.000000	1.000000
0.000000	740.096619	-4515.923340	1.000000
0.000000	375.989258	-414.446960	1.000000
0.000000	-6173.387207	7810.849609	1.000000
0.000000	-987.308777	210.915100	1.000000
0.000000	-305.448273	292.687592	1.000000
0.000000	923.088196	8015.221680	1.000000
0.000000	10251.425781	85040.773438	1.000000
0.000000	-48.822628	828.162720	1.000000
0.000000	235.135986	89.894485	1.000000
0.000000	-207114.390625	-53340.449219	1.000000
0.000000	420.988190	-58.413193	1.000000
0.000000	10387.653320	35370.558594	1.000000
0.000000	-3934.666260	11578.873047	1.000000
0.000000	414.914856	-183.498199	1.000000
0.000000	-61462.734375	-273296.843750	1.000000
0.000000	5168.787109	-8897.771484	1.000000
0.000000	4886.603516	908.253540	1.000000
0.000000	-271.056152	465.007904	1.000000
0.000000	-542.276672	-202.490372	1.000000
0.000000	-245.776627	-37.530346	1.000000
0.000000	4869.002930	2784.058350	1.000000
0.000000	3.176891	-69.954979	1.000000
0.000000	-5744.634277	-1510.031372	1.000000
0.000000	-246276.546875	-73739.375000	1.000000
0.000000	-46730.808594	-6164.924316	1.000000
0.000000	471.812408	94.058685	1.000000
0.000000	543.526306	7.667881	1.000000
0.000000	-1.905015	244.467056	1.000000
0.281584	-84.300095	-143.307388	1.000000
0.000000	48.587299	241.486603	1.000000
0.000000	-562.941589	-266.892365	1.000000
0.000000	-4075.760742	3350.737305	1.000000
0.000000	-830.627075	434.931366	1.000000
0.000000	-113.565659	-263.289307	1.000000
0.000000	-260.665405	-82.404152	1.000000
0.000000	7046.171387	6279.208008	1.000000
0.000000	-871.320618	1689.730835	1.000000
0.000000	24.320456	1344.199951	1.000000
0.000000	-3399.223877	-11645.954102	1.000000
0.000000	302.961243	-38.274391	1.000000
0.000000	-16.457708	-269.879028	1.000000
0.000000	133.825089	117.658722	1.000000
0.000000	29405522.000000	-21550876.000000	1.000000
0.000000	-557.192200	1663.997192	1.000000
0.000000	495.968292	522.958191	1.000000
0.000000	1711.281128	26239.611328	1.000000
0.000000	3264.882324	-1652.192139	1.000000
0.000000	-91.524956	-254.762238	1.000000
0.000000	162.284760	-363.611420	1.000000
0.000000	5384.728027	-2902.038086	1.000000
0.000000	401097.500000	-1051564.750000	1.000000
0.000000	40205.445312	142550.812500	1.000000
0.000000	899154304.000000	-490293056.000000	1.000000
0.000000	5116.172852	-14872.554688	1.000000
0.000000	-11819835.000000	-661306.312500	1.000000
0.000000	10612.252930	-15115.500977	1.000000
0.000000	-19.698513	-359.611481	1.000000
0.000000	-270.134949	-767.752502	1.000000
0.000000	-505.421753	922.242432	1.000000
0.000000	424334.562500	2491.269775	1.000000
0.000000	-9342.197266	10639.958008	1.000000
0.000000	-171.808167	539.925964	1.000000
0.000000	32.829678	-282.209686	1.000000
0.000000	3421.522949	-13283.323242	1.000000
0.000000	-935690816.000000	516809408.000000	1.000000
0.000000	1333545.500000	80239.890625	1.000000
0.000000	370731.812500	-121731.375000	1.000000
0.000000	282475.125000	227394.250000	1.000000
0.000000	24906.349609	-23139.402344	1.000000
0.000000	2203343.750000	933670.062500	1.000000
0.000000	-148.767258	214.501709	1.000000
0.000000	94.311966	-32.456272	1.000000
0.000000	-3170.751221	-373.951416	1.000000
0.000000	-1670.241333	1712.395386	1.000000
0.000000	95.566292	272.559814	1.000000
0.000000	13.738686	-39.918171	1.000000
0.000000	-1205.744751	1102.387085	1.000000
0.000000	906.033264	-182.797211	1.000000
0.000000	232.640640	-191.501511	1.000000
0.000000	-4355021.000000	2416277.250000	1.000000
0.000000	1098.928955	608.266907	1.000000
0.000000	-114.570999	-88054.703125	1.000000
0.000000	1711789.125000	-2028472.500000	1.000000
0.000000	810.553711	-1520.493652	1.000000
0.000000	-270.643311	-5297.046387	1.000000
0.000000	691415.187500	-227429.875000	1.000000
0.000000	12310197.000000	-6573529.500000	1.000000
0.000000	-21942.880859	-21498.117188	1.000000
0.000000	170664.859375	-24520.562500	1.000000
0.000000	29.807579	178.505920	1.000000
0.000000	278.661102	-30.320238	1.000000
0.000000	632.618958	-1785.721924	1.000000
0.000000	-140.946533	-232.764450	1.000000
0.000000	102.157898	-256.555878	1.000000
0.000000	-879.060669	1057.423950	1.000000
0.000000	-197.923294	-3115.651611	1.000000
0.000000	-53853.687500	119833.890625	1.000000
1.016007	84.286774	234.297791	1.000000
0.000000	-338.200592	22.872469	1.000000
0.000000	-146.399750	-1080.739624	1.000000
0.000000	-64626.238281	15548.636719	1.000000
0.000000	2429.990479	770.423401	1.000000
0.000000	55770.878906	149573.671875	1.000000
0.000000	-13218.286133	6607.729492	1.000000
0.000000	-41768.207031	-29794.707031	1.000000
0.000000	-8469.422852	13802.212891	1.000000
0.000000	291.352539	333.955811	1.000000
0.000000	-297.207886	158.256210	1.000000
0.000000	1540.826904	3191.195068	1.000000
0.000000	613.004395	-409.750397	1.000000
0.000000	1936.220703	135.945984	1.000000
0.000000	562.561279	-516.578308	1.000000
0.000000	13995.343750	-14218.859375	1.000000
0.000000	-282.633850	-124.117409	1.000000
0.000000	-1158.592529	1543.433472	1.000000
0.000000	215.564423	240.864670	1.000000
0.000000	-13361.303711	-2978.111084	1.000000
0.000000	-28649.691406	-61495.031250	1.000000
0.000000	1686.508545	8034.401367	1.000000
0.000000	-2544.402832	1865.966309	1.000000
0.000000	71.089722	-140.067398	1.000000
1.016007	87.087845	230.478790	1.000000
0.000000	-3839.014893	-16054.547852	1.000000
0.000000	738.827332	-35.145821	1.000000
0.000000	-8753.421875	12930.339844	1.000000
0.000000	-904.467041	-3150.562988	1.000000
0.000000	945.621033	542.033386	1.000000
0.000000	258.273163	-247.520447	1.000000
0.000000	-5676.312988	-20515.865234	1.000000
0.000000	0.309262	-292.336945	1.000000
0.000000	22523.105469	-24567.759766	1.000000
0.000000	-278.928619	-152.938461	1.000000
0.000000	-3300464.250000	1376390.750000	1.000000
0.000000	-17978.302734	-1231.072388	1.000000
0.000000	-44.522949	548.696045	1.000000
0.000000	147.782196	-313.252960	1.000000
0.000000	6674.181152	2734.273438	1.000000
0.000000	-26164.599609	-23375.144531	1.000000
0.000000	-586712.625000	317441.718750	1.000000
0.000000	-108536.234375	249116.515625	1.000000
0.000000	38059.085938	-56191.003906	1.000000
0.000000	578.711670	-1696.387817	1.000000
0.000000	105.388924	138.914597	1.000000
0.000000	-212.495575	-457.211975	1.000000
0.000000	-378.538818	648.295288	1.000000
0.000000	4112436.000000	2116301.500000	1.000000
0.000000	135.191299	204.302628	1.000000
0.000000	-45262.425781	75929.031250	1.000000
0.000000	674.325256	1678.745605	1.000000
0.000000	4799.061035	12572.444336	1.000000
0.000000	622.620789	1641.566406	1.000000
0.000000	-44074.316406	2341.635498	1.000000
0.000000	245758.140625	-842228.687500	1.000000
0.000000	-195.206879	-126.865417	1.000000
0.000000	410.520111	-132.775543	1.000000
0.000000	-32994.949219	-139974.203125	1.000000
0.000000	-14325.977539	-13596.875000	1.000000
0.000000	-347.745117	-80.438759	1.000000
0.000000	-323555.156250	730136.875000	1.000000
0.000000	-31391.488281	-19688.828125	1.000000
0.000000	-392.555389	-1063.744751	1.000000
0.000000	138.396347	-322.505402	1.000000
0.000000	-3662.045410	-12765.142578	1.000000
0.000000	82.111191	-285.716217	1.000000
0.000000	3190.957031	3030.841797	1.000000
0.000000	11.885148	214.928299	1.000000
0.000000	799222.062500	-982912.687500	1.000000
0.000000	-345.964203	402.115723	1.000000
0.000000	-3314.222900	-2081.083252	1.000000
0.000000	-19.446281	2863.285400	1.000000
0.000000	-291.377014	273.595367	1.000000
0.000000	19870.451172	10510.062500	1.000000
0.000000	36.295033	592.031677	1.000000
0.000000	-3329.076660	-1901.616333	1.000000
0.000000	65088.933594	112626.164062	1.000000
0.000000	239.823944	187.806305	1.000000
0.000000	484892.843750	100774.140625	1.000000
0.000000	-214.456390	205.606018	1.000000
0.000000	80.704826	254.295746	1.000000
0.000000	313.109955	77.581963	1.000000
0.000000	-251.376328	-93.406143	1.000000
0.000000	-52437.871094	-3045.659424	1.000000
0.000000	11376.711914	1344.801147	1.000000
0.281584	-88.312370	-145.144989	1.000000
0.000000	-19.729509	1781.503418	1.000000
0.000000	-7870.912598	-93106.578125	1.000000
0.000000	-542.322876	1142.500244	1.000000
0.000000	-16.212721	269.645142	1.000000
0.000000	289.024200	-63.960152	1.000000
0.000000	53.861980	299.090271	1.000000
0.000000	-42864.285156	-77746.757812	1.000000
0.000000	335.343231	-1063.408447	1.000000
0.000000	-37.277245	287.928101	1.000000
0.000000	-67.755623	-229.835602	1.000000
0.000000	-455.173462	668.807495	1.000000
0.000000	362.702667	96.406769	1.000000
0.000000	206.127075	957.976685	1.000000
0.000000	-159.801361	121.791130	1.000000
0.000000	206.150452	489.216827	1.000000
0.000000	-10952.479492	558.156189	1.000000
0.000000	28171368.000000	16549397.000000	1.000000
0.000000	274.588593	-601.621216	1.000000
0.000000	-32793.179688	266801.562500	1.000000
0.000000	-182.419312	6.451395	1.000000
0.000000	1443.447266	2700.737793	1.000000
0.000000	4589.275879	10668.141602	1.000000
0.000000	-48574.125000	-126250.796875	1.000000
0.000000	97.441925	-491.654144	1.000000
0.000000	1929694.125000	165199.359375	1.000000
0.000000	-180157.109375	-177937.812500	1.000000
0.000000	-70171.914062	13765.639648	1.000000
0.000000	234.942337	-79.465469	1.000000
0.000000	-131094.750000	14914.666016	1.000000
0.000000	-1027.530640	212.184937	1.000000
0.000000	-1295.481079	1039.824829	1.000000
0.000000	-1173.718018	1120.849487	1.000000
0.000000	49248.308594	57508.875000	1.000000
0.000000	83915.101562	3712.604248	1.000000
0.000000	1009.819397	-418.008911	1.000000
0.000000	-309.540985	-250.883194	1.000000
0.000000	-1589278.625000	-1200867.375000	1.000000
0.000000	-221.247452	129.795059	1.000000
0.000000	2590553.750000	19319.507812	1.000000
0.000000	117.468338	-134.728867	1.000000
0.000000	-10418.195312	13151.533203	1.000000
0.000000	1826645.375000	135420.359375	1.000000
0.000000	-1570.868286	740.675781	1.000000
0.000000	218.281891	37.797115	1.000000
0.000000	306.009583	-4.067109	1.000000
0.000000	491.796326	994.205627	1.000000
0.000000	-10581.211914	7377.623535	1.000000
0.000000	-318.962280	149.964111	1.000000
0.000000	27331.791016	25841.769531	1.000000
0.000000	34.015175	256.647247	1.000000
0.000000	270.551727	443.251617	1.000000
0.000000	8.264961	-9066.978516	1.000000
0.000000	-5546.438965	9772.324219	1.000000
0.000000	459118.093750	25624.261719	1.000000
0.000000	-963.697937	1080.755859	1.000000
0.000000	2132.403809	-5293.371582	1.000000
0.000000	3485.991699	-2034.148682	1.000000
0.000000	110.175354	25.470436	1.000000
0.000000	176.214874	150.738770	1.000000
0.000000	990.316895	-689.113403	1.000000
0.000000	1201.226929	11786.274414	1.000000
0.000000	18095.562500	-23774.451172	1.000000
0.000000	263.625214	-12.605337	1.000000
0.000000	-16.467625	-152.323090	1.000000
0.000000	1194.083252	1143.114014	1.000000
0.000000	354.105042	-44.206379	1.000000
0.000000	97.653664	115.004662	1.000000
0.000000	-1490.407227	115.128822	1.000000
0.000000	75259.484375	-7414.790039	1.000000
0.000000	66.333992	346.951538	1.000000
0.000000	-268.066406	-720.712036	1.000000
0.000000	1182.346924	-9658.259766	1.000000
0.000000	231.636963	247.031128	1.000000
0.000000	192.457855	181.015640	1.000000
0.000000	-3889.736572	-4657.722168	1.000000
0.000000	454.915131	222.766525	1.000000
0.000000	-1980.935425	-2932.723877	1.000000
0.000000	-19.320961	217.501175	1.000000
0.000000	22234.328125	39030.585938	1.000000
0.000000	289.494965	-24.096979	1.000000
0.000000	823.961853	-550.866516	1.000000
0.000000	1199.910400	669.620056	1.000000
0.000000	-317.209381	572.971680	1.000000
0.000000	102.894341	-267.547638	1.000000
0.000000	9552.877930	4896.965332	1.000000
0.000000	-92707.421875	-330175.843750	1.000000
0.000000	7924.050293	16946.746094	1.000000
0.000000	171.032349	-138.054825	1.000000
0.000000	3378.925537	-971.609497	1.000000
0.000000	-423385.812500	-81900.828125	1.000000
0.000000	-44105600.000000	-10494824.000000	1.000000
0.000000	5995.329102	-4639.765137	1.000000
0.000000	-264.496918	98.399811	1.000000
0.000000	971.465332	-1724.940552	1.000000
0.000000	5901.911133	395.364136	1.000000
0.000000	-203.237564	-76.276131	1.000000
0.000000	-420.870178	1019.695190	1.000000
0.000000	-18789.705078	131.960342	1.000000
0.000000	-565.330994	-155.241928	1.000000
0.000000	291.449005	-284.327118	1.000000
0.000000	14487.437500	-11063.674805	1.000000
