0.000000	31574.808594	455740.312500	1.000000
0.000000	214964.656250	175149.234375	1.000000
0.000000	1170.914062	-12674.036133	1.000000
0.000000	-625.347595	650.215881	1.000000
0.000000	16896.740234	27499.398438	1.000000
0.000000	-13795.590820	778.135803	1.000000
0.000000	-776.219543	-2409.114990	1.000000
0.000000	-595144.937500	1523932.125000	1.000000
0.000000	3520.405518	-2291.704102	1.000000
0.000000	9292453.000000	3386659.750000	1.000000
0.000000	78697400.000000	19959642.000000	1.000000
0.000000	-177.684021	-158.465027	1.000000
0.000000	-247.026123	7.397468	1.000000
0.000000	96.289070	-142.543808	1.000000
0.000000	-73337376.000000	-31090268.000000	1.000000
0.000000	646.967957	-4568.169434	1.000000
0.000000	350.911133	-310.411926	1.000000
0.000000	-6118.006348	7718.896484	1.000000
0.000000	-987.570007	317.902740	1.000000
0.000000	-268.745392	192.179184	1.000000
0.000000	900.099915	7910.729492	1.000000
0.000000	10155.292969	84990.617188	1.000000
0.000000	-28.120878	723.148071	1.000000
0.000000	158.265900	159.882507	1.000000
0.000000	-207181.265625	-53265.214844	1.000000
0.000000	314.340851	-66.788895	1.000000
0.000000	10389.743164	35479.230469	1.000000
0.000000	-3829.651611	11599.771484	1.000000
0.000000	321.394348	-131.513336	1.000000
0.000000	-61571.406250	-273296.843750	1.000000
0.000000	5232.527344	-8983.455078	1.000000
0.000000	4783.156250	881.869263	1.000000
0.000000	-172.376343	423.602875	1.000000
0.000000	-463.998108	-275.415009	1.000000
0.000000	-162.150223	29.221409	1.000000
0.000000	4771.825195	2739.649170	1.000000
0.000000	102.689110	-30.623610	1.000000
0.000000	-5662.085449	-1442.372681	1.000000
0.000000	-246309.984375	-73639.062500	1.000000
0.000000	-46814.402344	-6100.139160	1.000000
0.000000	389.328888	25.926882	1.000000
0.000000	481.713318	94.995415	1.000000
0.000000	-0.944272	137.460526	1.000000
0.000000	-36.204144	-47.824421	1.000000
0.000000	35.289036	135.329071	1.000000
0.000000	-522.581482	-365.964020	1.000000
0.000000	-4163.534180	3411.865234	1.000000
0.000000	-769.890991	346.831390	1.000000
0.000000	-90.022263	-158.927734	1.000000
0.000000	-155.946106	-60.395481	1.000000
0.000000	6939.589355	6290.702148	1.000000
0.000000	-812.935608	1779.332886	1.000000
0.000000	85.137657	1432.234619	1.000000
0.000000	-3337.051025	-11733.727539	1.000000
0.000000	204.150818	-79.309021	1.000000
0.000000	-19.102667	-162.905151	1.000000
0.000000	26.886509	121.364929	1.000000
0.000000	29405522.000000	-21550876.000000	1.000000
0.000000	-470.986145	1600.779419	1.000000
0.000000	566.384766	442.425018	1.000000
0.000000	1766.400757	26331.564453	1.000000
0.000000	3224.130371	-1553.185791	1.000000
0.000000	-35.225620	-163.756073	1.000000
0.000000	104.552826	-273.552216	1.000000
0.000000	5450.558105	-2817.921875	1.000000
0.000000	401030.625000	-1051564.750000	1.000000
0.000000	40297.398438	142617.687500	1.000000
0.000000	899154304.000000	-490293056.000000	1.000000
0.000000	5185.137695	-14791.050781	1.000000
0.000000	-11819835.000000	-661440.062500	1.000000
0.000000	10557.916992	-15207.454102	1.000000
0.000000	11.910793	-257.405060	1.000000
0.000000	-189.376373	-697.612122	1.000000
0.000000	-612.391602	925.899658	1.000000
0.000000	424468.312500	2517.915283	1.000000
0.000000	-9237.705078	10665.036133	1.000000
0.000000	-67.945839	565.657166	1.000000
0.000000	42.201321	-175.627640	1.000000
0.000000	3411.073730	-13176.741211	1.000000
0.000000	-935690816.000000	516809408.000000	1.000000
0.000000	1333545.500000	80139.578125	1.000000
0.000000	370598.062500	-121714.656250	1.000000
0.000000	282608.875000	227360.812500	1.000000
0.000000	25002.482422	-23189.558594	1.000000
0.000000	2203343.750000	933803.812500	1.000000
0.000000	-92.406792	123.560051	1.000000
0.000000	197.242645	-6.628498	1.000000
0.000000	-3237.626221	-457.545166	1.000000
0.000000	-1657.702271	1606.074585	1.000000
0.000000	46.226387	177.602554	1.000000
0.000000	41.227741	63.488903	1.000000
0.000000	-1102.558716	1130.599976	1.000000
0.000000	815.647522	-125.490494	1.000000
0.000000	208.836014	-295.817963	1.000000
0.000000	-4355021.000000	2416277.250000	1.000000
0.000000	1006.428589	554.584045	1.000000
0.000000	-9.853597	-88037.984375	1.000000
0.000000	1711789.125000	-2028472.500000	1.000000
0.000000	790.569580	-1625.508301	1.000000
0.000000	-358.612671	-5236.440918	1.000000
0.000000	691415.187500	-227329.562500	1.000000
0.000000	12310197.000000	-6573529.500000	1.000000
0.000000	-21917.802734	-21393.625000	1.000000
0.000000	170564.546875	-24457.867188	1.000000
0.000000	75.855316	81.915955	1.000000
0.319167	176.119431	0.861167	1.000000
0.000000	736.196838	-1759.076416	1.000000
0.000000	-70.544930	-152.174850	1.000000
0.000000	63.218231	-156.896439	1.000000
0.000000	-848.366089	954.933655	1.000000
0.000000	-94.182144	-3141.774658	1.000000
0.000000	-53745.015625	119833.890625	1.000000
0.000000	50.693901	137.216660	1.000000
0.000000	-234.688034	-4.234124	1.000000
0.000000	-249.291901	-1109.997437	1.000000
0.000000	-64718.191406	15607.152344	1.000000
0.000000	2398.120361	668.282288	1.000000
0.000000	55687.285156	149506.796875	1.000000
0.000000	-13115.883789	6641.166992	1.000000
0.000000	-41684.613281	-29857.402344	1.000000
0.000000	-8557.196289	13741.607422	1.000000
0.000000	194.697266	288.109863	1.000000
0.000000	-218.397171	85.862724	1.000000
0.000000	1463.763916	3265.384521	1.000000
0.000000	509.687775	-381.864044	1.000000
0.000000	2004.924316	217.939697	1.000000
0.000000	541.662842	-411.631836	1.000000
0.000000	14018.332031	-14114.367188	1.000000
0.000000	-191.399094	-68.230415	1.000000
0.000000	-1118.101807	1642.439819	1.000000
0.000000	139.089203	166.022141	1.000000
0.000000	-13465.795898	-2954.600342	1.000000
0.000000	-28582.816406	-61411.437500	1.000000
0.000000	1627.992920	7944.538086	1.000000
0.000000	-2609.710449	1950.604980	1.000000
0.000000	-26.816971	-96.899071	1.000000
0.000000	153.622452	307.737549	1.000000
0.000000	-3906.934814	-16138.141602	1.000000
0.000000	636.033142	-65.007729	1.000000
0.000000	-8646.839844	12921.980469	1.000000
0.000000	-936.729004	-3048.683105	1.000000
0.000000	957.245789	435.665741	1.000000
0.000000	153.715652	-224.826050	1.000000
0.000000	-5781.850098	-20532.583984	1.000000
0.000000	-5.319429	-185.493668	1.000000
0.000000	22552.363281	-24463.267578	1.000000
0.000000	-206.785995	-73.916237	1.000000
0.000000	-3300464.250000	1376390.750000	1.000000
0.000000	-17940.685547	-1131.282349	1.000000
0.000000	0.482156	451.648926	1.000000
0.000000	112.116966	-212.366821	1.000000
0.000000	6639.698730	2835.630859	1.000000
0.000000	-26264.912109	-23408.582031	1.000000
0.000000	-586712.625000	317374.843750	1.000000
0.000000	-108536.234375	249216.828125	1.000000
0.000000	38167.757812	-56191.003906	1.000000
0.000000	509.485565	-1614.883911	1.000000
0.000000	53.990242	45.067562	1.000000
0.000000	-188.037872	-561.346680	1.000000
0.000000	-349.346313	545.370483	1.000000
0.000000	4112436.000000	2116301.500000	1.000000
0.000000	33.025585	183.294449	1.000000
0.000000	-45220.628906	75828.718750	1.000000
0.000000	577.800598	1632.507812	1.000000
0.000000	4695.613770	12599.612305	1.000000
0.000000	633.200623	1748.148438	1.000000
0.000000	-43999.082031	2263.266357	1.000000
0.000000	245858.453125	-842228.687500	1.000000
0.000000	-98.416000	-81.264374	1.000000
0.000000	303.807465	-141.036957	1.000000
0.000000	-33036.746094	-139873.890625	1.000000
0.000000	-14290.450195	-13697.187500	1.000000
0.000000	-240.897232	-75.018227	1.000000
0.000000	-323421.406250	730136.875000	1.000000
0.000000	-31483.441406	-19743.164062	1.000000
0.000000	-295.834808	-1018.029419	1.000000
0.000000	109.487274	-219.503708	1.000000
0.000000	-3764.447754	-12733.794922	1.000000
0.000000	51.168320	-183.290695	1.000000
0.000000	3159.086914	3132.721680	1.000000
0.000000	-38.755405	309.181427	1.000000
0.000000	799355.812500	-982912.687500	1.000000
0.000000	-240.431915	384.286743	1.000000
0.000000	-3416.625244	-2050.780518	1.000000
0.000000	3.039830	2758.793213	1.000000
0.000000	-215.881409	197.748154	1.000000
0.000000	19924.787109	10418.109375	1.000000
0.000000	-69.167740	610.056580	1.000000
0.000000	-3227.196777	-1868.178833	1.000000
0.000000	65055.496094	112525.851562	1.000000
0.000000	159.039902	117.977783	1.000000
0.000000	484892.843750	100673.828125	1.000000
0.000000	-137.066864	131.710449	1.000000
0.000000	79.339149	147.171097	1.000000
0.000000	294.758514	-27.831181	1.000000
0.000000	-144.598373	-86.597824	1.000000
0.000000	-52479.667969	-3142.837158	1.000000
0.000000	11320.286133	1253.892944	1.000000
0.000000	-117.278168	-42.130093	1.000000
0.000000	-82.211769	1868.493164	1.000000
0.000000	-7865.687988	-93006.265625	1.000000
0.000000	-478.225250	1228.183838	1.000000
0.190558	53.177891	190.347794	1.000000
0.000000	186.752487	-32.498207	1.000000
0.190558	49.297260	191.216629	1.000000
0.000000	-42780.691406	-77813.632812	1.000000
0.000000	419.002289	-996.587036	1.000000
0.000000	-92.968315	196.562744	1.000000
0.000000	-19.876333	-325.511261	1.000000
0.000000	-445.377319	562.225464	1.000000
0.000000	287.925446	172.947296	1.000000
0.000000	180.689758	854.006958	1.000000
0.000000	-109.737122	27.225908	1.000000
0.000000	119.975525	425.803131	1.000000
0.000000	-10845.897461	565.993103	1.000000
0.000000	28171368.000000	16549397.000000	1.000000
0.000000	202.447922	-522.598999	1.000000
0.000000	-32834.976562	266868.437500	1.000000
0.000000	-75.453453	9.169825	1.000000
0.000000	1354.367676	2759.775879	1.000000
0.000000	4693.768066	10643.063477	1.000000
0.000000	-48682.796875	-126250.796875	1.000000
0.000000	191.386932	-440.452972	1.000000
0.000000	1929694.125000	165132.484375	1.000000
0.000000	-180257.421875	-177937.812500	1.000000
0.000000	-70088.320312	13826.245117	1.000000
0.319167	172.273819	3.473620	1.000000
0.000000	-131061.312500	14812.263672	1.000000
0.000000	-932.055725	163.791992	1.000000
0.000000	-1228.344849	1123.157349	1.000000
0.000000	-1146.027588	1017.410522	1.000000
0.000000	49223.230469	57408.562500	1.000000
0.000000	83998.695312	3776.866943	1.000000
0.000000	907.808899	-450.532104	1.000000
0.000000	-214.438812	-201.869827	1.000000
0.000000	-1589278.625000	-1200867.375000	1.000000
0.000000	-117.997696	101.664841	1.000000
0.000000	2590553.750000	19223.375000	1.000000
0.000000	80.291977	-34.396530	1.000000
0.000000	-10355.500000	13063.759766	1.000000
0.000000	1826645.375000	135487.234375	1.000000
0.000000	-1583.146118	634.354980	1.000000
0.000000	113.985619	13.919019	1.000000
0.000000	216.995316	55.330719	1.000000
0.000000	577.218689	1058.669067	1.000000
0.000000	-10508.067383	7299.254395	1.000000
0.000000	-214.078262	128.771790	1.000000
0.000000	27327.611328	25733.097656	1.000000
0.000000	-44.090057	183.502731	1.000000
0.000000	265.718964	336.343048	1.000000
0.000000	112.353348	-9092.056641	1.000000
0.000000	-5439.856934	9770.234375	1.000000
0.000000	459051.218750	25703.675781	1.000000
0.000000	-863.385437	1043.661133	1.000000
0.000000	2046.203125	-5357.111816	1.000000
0.000000	3483.901855	-1927.044189	1.000000
0.000000	51.645126	-64.104675	1.000000
0.000000	84.711174	95.282967	1.000000
0.000000	1036.388916	-592.588745	1.000000
0.000000	1188.949097	11892.856445	1.000000
0.000000	18200.054688	-23753.552734	1.000000
0.000000	156.912552	-4.827608	1.000000
0.000000	-22.459599	-45.491016	1.000000
0.000000	1282.901611	1083.553467	1.000000
0.000000	247.131180	-41.471622	1.000000
0.000000	80.494087	9.386663	1.000000
0.000000	-1592.287109	82.491341	1.000000
0.000000	75159.171875	-7426.284180	1.000000
0.000000	37.843544	243.826965	1.000000
0.000000	-375.040283	-720.712036	1.000000
0.000000	1189.138916	-9764.841797	1.000000
0.000000	166.949768	161.804688	1.000000
0.000000	110.852562	111.822212	1.000000
0.000000	-3938.847900	-4752.810059	1.000000
0.000000	349.378021	205.329391	1.000000
0.000000	-1894.990601	-2868.983643	1.000000
0.000000	-64.415871	120.455330	1.000000
0.000000	22217.609375	38921.914062	1.000000
0.000000	182.498657	-24.448008	1.000000
0.000000	716.987976	-552.695129	1.000000
0.000000	1107.434814	615.806580	1.000000
0.000000	-312.768463	466.100403	1.000000
0.000000	35.398922	-184.513550	1.000000
0.000000	9498.541992	4988.918457	1.000000
0.000000	-92757.578125	-330108.968750	1.000000
0.000000	7817.468262	16942.566406	1.000000
0.000000	102.002197	-56.303997	1.000000
0.000000	3343.920654	-1072.773315	1.000000
0.000000	-423452.687500	-81817.234375	1.000000
0.000000	-44105600.000000	-10494824.000000	1.000000
0.000000	5947.262695	-4734.853027	1.000000
0.000000	-223.875580	-0.590551	1.000000
0.000000	877.683594	-1776.402954	1.000000
0.000000	5985.504883	461.847290	1.000000
0.000000	-103.904686	-36.493107	1.000000
0.000000	-314.026917	1024.919800	1.000000
0.000000	-18806.423828	237.595413	1.000000
0.000000	-458.357117	-152.270432	1.000000
0.000000	279.236481	-178.030273	1.000000
0.000000	14389.214844	-11105.471680	1.000000
