0.000000	31443.988281	455863.437500	1.000000
0.000000	215026.218750	175333.921875	1.000000
0.000000	1200.252441	-12870.266602	1.000000
0.000000	-428.395691	647.330139	1.000000
0.000000	16881.349609	27299.320312	1.000000
0.000000	-13603.208008	733.647278	1.000000
0.000000	-599.467834	-2495.687256	1.000000
0.000000	-595391.187500	1523932.125000	1.000000
0.000000	3621.406494	-2122.407227	1.000000
0.000000	9292453.000000	3386659.750000	1.000000
0.000000	78697400.000000	19959642.000000	1.000000
0.000000	-367.782288	-210.047668	1.000000
0.000000	-340.325989	180.918884	1.000000
0.000000	89.044655	-339.410126	1.000000
0.000000	-73337376.000000	-31090268.000000	1.000000
0.000000	818.429138	-4471.978027	1.000000
0.000000	397.083008	-501.953064	1.000000
0.000000	-6219.969238	7888.193359	1.000000
0.000000	-987.089050	120.909607	1.000000
0.000000	-336.319855	377.227386	1.000000
0.000000	942.424133	8103.112305	1.000000
0.000000	10332.285156	85082.960938	1.000000
0.000000	-66.235954	916.492798	1.000000
0.000000	302.371429	29.096157	1.000000
0.000000	-207058.140625	-53403.730469	1.000000
0.000000	510.691559	-51.368210	1.000000
0.000000	10385.895508	35279.152344	1.000000
0.000000	-4022.996338	11561.294922	1.000000
0.000000	493.576965	-227.223785	1.000000
0.000000	-61371.328125	-273296.843750	1.000000
0.000000	5115.173828	-8825.701172	1.000000
0.000000	4973.615234	930.445923	1.000000
0.000000	-354.057861	499.834564	1.000000
0.000000	-608.084778	-141.159195	1.000000
0.000000	-316.093109	-93.673721	1.000000
0.000000	4950.741211	2821.411865	1.000000
0.000000	-80.524803	-103.037560	1.000000
0.000000	-5814.067871	-1566.940552	1.000000
0.000000	-246248.421875	-73823.750000	1.000000
0.000000	-46660.496094	-6219.416504	1.000000
0.000000	541.214172	151.360519	1.000000
0.000000	595.491638	-65.783173	1.000000
0.000000	-2.713111	334.448608	1.000000
0.000000	-123.905251	-222.383499	1.000000
0.000000	59.772755	330.800995	1.000000
0.000000	-596.889343	-183.537186	1.000000
0.000000	-4001.932617	3299.321289	1.000000
0.000000	-881.713501	509.034149	1.000000
0.000000	-133.368515	-351.070068	1.000000
0.000000	-348.720825	-100.916115	1.000000
0.000000	7135.819824	6269.540039	1.000000
0.000000	-920.429504	1614.364624	1.000000
0.000000	-26.832012	1270.152100	1.000000
0.000000	-3451.518799	-11572.125977	1.000000
0.000000	387.862915	-8.521206	1.000000
0.000000	-14.232977	-359.857056	1.000000
0.000000	223.775650	114.541351	1.000000
0.000000	29405522.000000	-21550876.000000	1.000000
0.000000	-629.701965	1717.171021	1.000000
0.000000	436.697052	590.743835	1.000000
0.000000	1664.918823	26162.267578	1.000000
0.000000	3299.159668	-1735.468506	1.000000
0.000000	-138.876038	-331.282471	1.000000
0.000000	210.844330	-439.362152	1.000000
0.000000	5329.356934	-2972.790039	1.000000
0.000000	401153.750000	-1051564.750000	1.000000
0.000000	40128.101562	142494.562500	1.000000
0.000000	899154304.000000	-490293056.000000	1.000000
0.000000	5058.165039	-14941.109375	1.000000
0.000000	-11819835.000000	-661193.812500	1.000000
0.000000	10657.956055	-15038.157227	1.000000
0.000000	-46.285427	-445.579498	1.000000
0.000000	-338.085388	-826.749084	1.000000
0.000000	-415.498657	919.166260	1.000000
0.000000	424222.062500	2468.857666	1.000000
0.000000	-9430.087891	10618.864258	1.000000
0.000000	-259.175934	518.282898	1.000000
0.000000	24.946987	-371.858124	1.000000
0.000000	3430.312012	-13372.971680	1.000000
0.000000	-935690816.000000	516809408.000000	1.000000
0.000000	1333545.500000	80324.265625	1.000000
0.000000	370844.312500	-121745.437500	1.000000
0.000000	282362.625000	227422.375000	1.000000
0.000000	24825.490234	-23097.214844	1.000000
0.000000	2203343.750000	933557.562500	1.000000
0.000000	-196.173264	291.006592	1.000000
0.000000	6.477085	-52.080601	1.000000
0.000000	-3114.501221	-303.638916	1.000000
0.000000	-1680.788208	1801.824097	1.000000
0.000000	137.067139	352.430420	1.000000
0.000000	-9.384073	-126.900520	1.000000
0.000000	-1292.536743	1078.656616	1.000000
0.000000	982.058655	-230.999725	1.000000
0.000000	252.663223	-103.748215	1.000000
0.000000	-4355021.000000	2416277.250000	1.000000
0.000000	1176.712158	653.420715	1.000000
0.000000	-202.653885	-88068.765625	1.000000
0.000000	1711789.125000	-2028472.500000	1.000000
0.000000	827.362793	-1432.163574	1.000000
0.000000	-196.650391	-5348.022949	1.000000
0.000000	691415.187500	-227514.250000	1.000000
0.000000	12310197.000000	-6573529.500000	1.000000
0.000000	-21963.974609	-21586.007812	1.000000
0.000000	170749.234375	-24573.296875	1.000000
0.000000	-9.206860	255.939804	1.000000
0.000000	364.793915	-56.488518	1.000000
0.000000	545.497375	-1808.134033	1.000000
0.000000	-200.162842	-300.550079	1.000000
0.000000	134.913788	-340.381561	1.000000
0.000000	-904.878540	1143.556763	1.000000
0.000000	-285.173035	-3093.678955	1.000000
0.000000	-53945.093750	119833.890625	1.000000
0.000000	116.089310	318.530945	1.000000
0.000000	-425.267242	45.670475	1.000000
0.000000	-59.844463	-1056.130249	1.000000
0.000000	-64548.894531	15499.417969	1.000000
0.000000	2456.797119	856.336487	1.000000
0.000000	55841.191406	149629.921875	1.000000
0.000000	-13304.418945	6579.604492	1.000000
0.000000	-41838.519531	-29741.972656	1.000000
0.000000	-8395.594727	13853.189453	1.000000
0.000000	372.651367	372.517822	1.000000
0.000000	-363.510376	219.147934	1.000000
0.000000	1605.646240	3128.792725	1.000000
0.000000	699.906250	-433.206207	1.000000
0.000000	1878.432617	66.967155	1.000000
0.000000	580.139404	-604.798523	1.000000
0.000000	13976.007812	-14306.750000	1.000000
0.000000	-359.373352	-171.112564	1.000000
0.000000	-1192.650146	1460.157104	1.000000
0.000000	279.889374	303.816315	1.000000
0.000000	-13273.413086	-2997.886475	1.000000
0.000000	-28705.941406	-61565.343750	1.000000
0.000000	1735.727295	8109.987305	1.000000
0.000000	-2489.471191	1794.774902	1.000000
0.000000	153.441742	-176.377213	1.000000
0.000000	27.572552	162.937958	1.000000
0.000000	-3781.885986	-15984.235352	1.000000
0.000000	825.289734	-10.030924	1.000000
0.000000	-8843.070312	12937.371094	1.000000
0.000000	-877.330811	-3236.256348	1.000000
0.000000	935.843201	631.462097	1.000000
0.000000	346.218719	-266.624451	1.000000
0.000000	-5587.543457	-20501.802734	1.000000
0.000000	5.043681	-382.205109	1.000000
0.000000	22498.496094	-24655.650391	1.000000
0.000000	-339.628082	-219.405746	1.000000
0.000000	-3300464.250000	1376390.750000	1.000000
0.000000	-18009.943359	-1315.007935	1.000000
0.000000	-82.374382	630.324463	1.000000
0.000000	177.774872	-398.122345	1.000000
0.000000	6703.185059	2649.019531	1.000000
0.000000	-26080.224609	-23347.019531	1.000000
0.000000	-586712.625000	317497.968750	1.000000
0.000000	-108536.234375	249032.140625	1.000000
0.000000	37967.679688	-56191.003906	1.000000
0.000000	636.939209	-1764.942505	1.000000
0.000000	148.620132	217.851364	1.000000
0.000000	-233.067474	-369.596008	1.000000
0.000000	-403.093262	734.867554	1.000000
0.000000	4112436.000000	2116301.500000	1.000000
0.000000	223.411514	222.073013	1.000000
0.000000	-45297.582031	76013.406250	1.000000
0.000000	755.514221	1717.637207	1.000000
0.000000	4886.072754	12549.592773	1.000000
0.000000	613.721863	1551.917969	1.000000
0.000000	-44137.597656	2407.553467	1.000000
0.000000	245673.765625	-842228.687500	1.000000
0.000000	-276.615570	-165.208115	1.000000
0.000000	500.278412	-125.830986	1.000000
0.000000	-32959.792969	-140058.578125	1.000000
0.000000	-14355.860352	-13512.500000	1.000000
0.000000	-437.613281	-84.998085	1.000000
0.000000	-323667.656250	730136.875000	1.000000
0.000000	-31314.144531	-19643.125000	1.000000
0.000000	-473.909149	-1102.196899	1.000000
0.000000	162.703598	-409.132599	1.000000
0.000000	-3575.912598	-12791.509766	1.000000
0.000000	108.135056	-371.849030	1.000000
0.000000	3217.763672	2945.148438	1.000000
0.000000	54.762901	139.445145	1.000000
0.000000	799109.562500	-982912.687500	1.000000
0.000000	-434.733734	417.112061	1.000000
0.000000	-3228.090088	-2106.571533	1.000000
0.000000	-38.358776	2951.176025	1.000000
0.000000	-354.877991	337.371002	1.000000
0.000000	19824.748047	10587.406250	1.000000
0.000000	124.998047	576.870544	1.000000
0.000000	-3414.770020	-1929.741333	1.000000
0.000000	65117.058594	112710.539062	1.000000
0.000000	306.181366	248.588165	1.000000
0.000000	484892.843750	100858.515625	1.000000
0.000000	-279.550385	267.755981	1.000000
0.000000	79.564995	344.274292	1.000000
0.000000	328.545746	166.241638	1.000000
0.000000	-341.189575	-99.132767	1.000000
0.000000	-52402.714844	-2963.921143	1.000000
0.000000	11424.172852	1421.265991	1.000000
0.000000	-64.800972	-233.009338	1.000000
0.000000	32.823025	1708.334473	1.000000
0.000000	-7875.307129	-93190.953125	1.000000
0.000000	-596.265747	1070.429932	1.000000
0.000000	-75.670708	337.211060	1.000000
0.000000	375.047150	-90.423470	1.000000
0.000000	58.792095	388.958435	1.000000
0.000000	-42934.597656	-77690.507812	1.000000
0.000000	264.975800	-1119.658447	1.000000
0.000000	9.568098	364.777466	1.000000
0.000000	-108.034248	-149.360748	1.000000
0.000000	-463.413208	758.455933	1.000000
0.000000	425.599396	32.030296	1.000000
0.000000	227.522949	1045.427856	1.000000
0.000000	-201.906464	201.332138	1.000000
0.000000	278.641327	542.523987	1.000000
0.000000	-11042.127930	551.564392	1.000000
0.000000	28171368.000000	16549397.000000	1.000000
0.000000	335.288055	-668.088501	1.000000
0.000000	-32758.023438	266745.312500	1.000000
0.000000	-272.397339	4.164865	1.000000
0.000000	1518.374023	2651.079590	1.000000
0.000000	4501.385254	10689.235352	1.000000
0.000000	-48482.718750	-126250.796875	1.000000
0.000000	18.426723	-534.720581	1.000000
0.000000	1929694.125000	165255.609375	1.000000
0.000000	-180072.734375	-177937.812500	1.000000
0.000000	-70242.226562	13714.663086	1.000000
0.000000	289.050018	-151.380249	1.000000
0.000000	-131122.875000	15000.798828	1.000000
0.000000	-1107.730835	252.889282	1.000000
0.000000	-1351.950806	969.817139	1.000000
0.000000	-1197.009033	1207.861206	1.000000
0.000000	49269.402344	57593.250000	1.000000
0.000000	83844.789062	3658.551514	1.000000
0.000000	1095.530884	-390.652954	1.000000
0.000000	-389.521454	-292.133453	1.000000
0.000000	-1589278.625000	-1200867.375000	1.000000
0.000000	-308.094360	153.443130	1.000000
0.000000	2590553.750000	19400.367188	1.000000
0.000000	148.729065	-219.131332	1.000000
0.000000	-10470.929688	13225.361328	1.000000
0.000000	1826645.375000	135364.109375	1.000000
0.000000	-1560.541138	830.104492	1.000000
0.000000	305.020416	57.761147	1.000000
0.000000	379.090210	-49.266281	1.000000
0.000000	419.945740	940.043030	1.000000
0.000000	-10642.735352	7443.541504	1.000000
0.000000	-407.182495	167.789429	1.000000
0.000000	27335.306641	25933.175781	1.000000
0.000000	99.713417	318.170685	1.000000
0.000000	274.616669	533.161804	1.000000
0.000000	-79.287880	-9045.884766	1.000000
0.000000	-5636.087402	9774.082031	1.000000
0.000000	459174.343750	25557.464844	1.000000
0.000000	-1048.072998	1111.957031	1.000000
0.000000	2204.913574	-5239.758301	1.000000
0.000000	3487.749512	-2124.236572	1.000000
0.000000	159.399078	100.812393	1.000000
0.000000	253.174103	197.375732	1.000000
0.000000	951.535156	-770.302368	1.000000
0.000000	1211.554077	11696.625977	1.000000
0.000000	18007.671875	-23792.029297	1.000000
0.000000	353.383514	-19.148178	1.000000
0.000000	-11.426089	-242.191254	1.000000
0.000000	1119.376221	1193.211670	1.000000
0.000000	444.083069	-46.506641	1.000000
0.000000	112.086952	203.831131	1.000000
0.000000	-1404.713867	142.573608	1.000000
0.000000	75343.859375	-7405.122070	1.000000
0.000000	90.297920	433.688599	1.000000
0.000000	-178.064590	-720.712036	1.000000
0.000000	1176.634033	-9568.611328	1.000000
0.000000	286.061920	318.716919	1.000000
0.000000	261.096985	239.215714	1.000000
0.000000	-3848.427979	-4577.741699	1.000000
0.000000	543.684692	237.433273	1.000000
0.000000	-2053.209473	-2986.337158	1.000000
0.000000	18.610714	299.129578	1.000000
0.000000	22248.390625	39121.992188	1.000000
0.000000	379.472992	-23.801722	1.000000
0.000000	913.939880	-549.328430	1.000000
0.000000	1277.693604	714.883728	1.000000
0.000000	-320.944733	662.839844	1.000000
0.000000	159.666183	-337.365753	1.000000
0.000000	9598.581055	4819.621582	1.000000
0.000000	-92665.234375	-330232.093750	1.000000
0.000000	8013.698730	16950.261719	1.000000
0.000000	229.095093	-206.829239	1.000000
0.000000	3408.368896	-886.465454	1.000000
0.000000	-423329.562500	-81971.140625	1.000000
0.000000	-44105600.000000	-10494824.000000	1.000000
0.000000	6035.758789	-4559.784668	1.000000
0.000000	-298.664398	181.671295	1.000000
0.000000	1050.347168	-1681.654419	1.000000
0.000000	5831.598633	339.443726	1.000000
0.000000	-286.788574	-109.743233	1.000000
0.000000	-510.738342	1015.300659	1.000000
0.000000	-18775.642578	43.096909	1.000000
0.000000	-655.309021	-157.741318	1.000000
0.000000	301.721222	-373.755829	1.000000
0.000000	14570.054688	-11028.518555	1.000000
