0.000000	31614.984375	455702.500000	1.000000
0.000000	214945.750000	175092.515625	1.000000
0.000000	1161.904053	-12613.772461	1.000000
0.000000	-685.832825	651.102112	1.000000
0.000000	16901.466797	27560.843750	1.000000
0.000000	-13854.672852	791.798523	1.000000
0.000000	-830.501160	-2382.528076	1.000000
0.000000	-595069.312500	1523932.125000	1.000000
0.000000	3489.387451	-2343.696289	1.000000
0.000000	9292453.000000	3386659.750000	1.000000
0.000000	78697400.000000	19959642.000000	1.000000
0.000000	-119.302208	-142.623657	1.000000
0.000000	-218.389801	-45.892128	1.000000
0.000000	98.513878	-82.084045	1.000000
0.000000	-73337376.000000	-31090268.000000	1.000000
0.000000	594.311096	-4597.710449	1.000000
0.000000	336.731445	-251.589767	1.000000
0.000000	-6086.692871	7666.904297	1.000000
0.000000	-987.717712	378.387970	1.000000
0.000000	-247.985703	135.349655	1.000000
0.000000	887.101868	7851.647461	1.000000
0.000000	10100.937500	84962.257812	1.000000
0.000000	-16.417559	663.770630	1.000000
0.000000	113.732819	200.833740	1.000000
0.000000	-207219.078125	-53222.675781	1.000000
0.000000	254.039642	-71.524689	1.000000
0.000000	10390.924805	35540.675781	1.000000
0.000000	-3770.274170	11611.587891	1.000000
0.000000	268.515930	-102.120033	1.000000
0.000000	-61632.851562	-273296.843750	1.000000
0.000000	5268.567383	-9031.902344	1.000000
0.000000	4724.665039	866.951050	1.000000
0.000000	-116.582642	400.191620	1.000000
0.000000	-419.723511	-316.661652	1.000000
0.000000	-114.866135	66.964310	1.000000
0.000000	4716.878906	2714.539307	1.000000
0.000000	158.951843	-8.403202	1.000000
0.000000	-5615.410645	-1404.117065	1.000000
0.000000	-246328.890625	-73582.343750	1.000000
0.000000	-46861.667969	-6063.508301	1.000000
0.000000	342.691010	-12.594987	1.000000
0.000000	446.744141	144.372009	1.000000
0.000000	-0.400986	76.964615	1.000000
0.000000	-11.507454	8.948957	1.000000
0.122076	27.834814	75.442482	1.000000
0.000000	-499.761078	-421.981171	1.000000
0.000000	-4213.163086	3446.428223	1.000000
0.000000	-735.549561	297.017853	1.000000
0.000000	-76.710342	-99.915169	1.000000
0.000000	-96.739700	-47.951328	1.000000
0.000000	6879.325684	6297.201172	1.000000
0.000000	-779.923523	1829.995728	1.000000
0.000000	119.525246	1482.011230	1.000000
0.000000	-3301.897217	-11783.356445	1.000000
0.000000	148.281372	-102.507950	1.000000
0.000000	-20.003515	-104.113396	1.000000
0.000000	-33.577396	123.460495	1.000000
0.000000	29405522.000000	-21550876.000000	1.000000
0.000000	-422.243469	1565.034790	1.000000
0.000000	606.191284	396.894928	1.000000
0.000000	1797.566528	26383.556641	1.000000
0.000000	3201.088379	-1497.205566	1.000000
0.000000	-3.987285	-110.612991	1.000000
0.000000	71.910004	-222.618805	1.000000
0.000000	5487.779785	-2770.360840	1.000000
0.000000	400992.812500	-1051564.750000	1.000000
0.000000	40349.390625	142655.500000	1.000000
0.000000	899154304.000000	-490293056.000000	1.000000
0.000000	5224.131836	-14744.966797	1.000000
0.000000	-11819835.000000	-661515.687500	1.000000
0.000000	10527.194336	-15259.446289	1.000000
0.000000	29.783108	-199.597443	1.000000
0.000000	-143.717041	-657.953308	1.000000
0.000000	-672.876831	927.967529	1.000000
0.000000	424543.937500	2532.981201	1.000000
0.000000	-9178.623047	10679.215820	1.000000
0.000000	-9.219538	580.206116	1.000000
0.000000	47.500240	-115.363968	1.000000
0.000000	3405.165527	-13116.477539	1.000000
0.000000	-935690816.000000	516809408.000000	1.000000
0.000000	1333545.500000	80082.859375	1.000000
0.000000	370522.437500	-121705.203125	1.000000
0.000000	282684.500000	227341.906250	1.000000
0.000000	25056.837891	-23217.917969	1.000000
0.000000	2203343.750000	933879.437500	1.000000
0.120547	-63.595531	75.040108	1.000000
0.000000	256.287750	6.565001	1.000000
0.000000	-3275.438721	-504.810791	1.000000
0.000000	-1650.612427	1545.958618	1.000000
0.000000	18.329721	123.912468	1.000000
0.000000	56.769085	121.961609	1.000000
0.000000	-1044.215210	1146.552124	1.000000
0.000000	764.541565	-93.096924	1.000000
0.000000	195.376389	-354.789215	1.000000
0.000000	-4355021.000000	2416277.250000	1.000000
0.000000	954.067139	524.230652	1.000000
0.000000	49.354691	-88028.531250	1.000000
0.000000	1711789.125000	-2028472.500000	1.000000
0.000000	779.270142	-1684.885742	1.000000
0.000000	-408.352356	-5202.173340	1.000000
0.000000	691415.187500	-227272.843750	1.000000
0.000000	12310197.000000	-6573529.500000	1.000000
0.000000	-21903.623047	-21334.542969	1.000000
0.000000	170507.828125	-24422.417969	1.000000
0.000000	101.888336	27.304909	1.000000
0.000000	117.787331	19.509722	1.000000
0.000000	794.761902	-1744.010498	1.000000
0.000000	-30.742197	-106.612175	1.000000
0.000000	41.200943	-100.546951	1.000000
0.000000	-831.010742	896.959412	1.000000
0.000000	-35.527008	-3156.545166	1.000000
0.000000	-53683.570312	119833.890625	1.000000
0.122076	29.238546	80.481728	1.000000
0.000000	-176.120102	-19.597858	1.000000
0.000000	-307.485565	-1126.540405	1.000000
0.000000	-64770.183594	15640.238281	1.000000
0.000000	2380.100342	610.529602	1.000000
0.000000	55640.019531	149468.984375	1.000000
0.000000	-13057.983398	6660.073242	1.000000
0.000000	-41637.347656	-29892.851562	1.000000
0.000000	-8606.825195	13707.339844	1.000000
0.000000	140.046387	262.187622	1.000000
0.000000	-173.845627	44.929955	1.000000
0.000000	1420.190918	3307.332764	1.000000
0.000000	451.270416	-366.096527	1.000000
0.000000	2043.770752	264.303925	1.000000
0.000000	529.846436	-352.291321	1.000000
0.000000	14031.330078	-14055.285156	1.000000
0.000000	-139.813095	-36.634758	1.000000
0.000000	-1095.207520	1698.420044	1.000000
0.000000	95.848541	123.704636	1.000000
0.000000	-13524.877930	-2941.306885	1.000000
0.000000	-28545.003906	-61364.171875	1.000000
0.000000	1594.906982	7893.727539	1.000000
0.000000	-2646.636719	1998.461426	1.000000
0.000000	-82.175797	-72.490807	1.000000
0.000000	193.632065	353.119934	1.000000
0.000000	-3945.338135	-16185.407227	1.000000
0.000000	577.911194	-81.892265	1.000000
0.000000	-8586.576172	12917.253906	1.000000
0.000000	-954.970581	-2991.078125	1.000000
0.000000	963.818665	375.512848	1.000000
0.000000	94.596695	-211.994171	1.000000
0.000000	-5841.522949	-20542.037109	1.000000
0.000000	-8.502012	-125.081848	1.000000
0.000000	22568.906250	-24404.185547	1.000000
0.000000	-166.000931	-29.231998	1.000000
0.000000	-3300464.250000	1376390.750000	1.000000
0.000000	-17919.416016	-1074.859009	1.000000
0.000000	25.928970	396.776489	1.000000
0.000000	91.945992	-155.334198	1.000000
0.000000	6620.201660	2892.940430	1.000000
0.000000	-26321.630859	-23427.488281	1.000000
0.000000	-586712.625000	317337.031250	1.000000
0.000000	-108536.234375	249273.546875	1.000000
0.000000	38229.203125	-56191.003906	1.000000
0.000000	470.343719	-1568.799927	1.000000
0.000000	24.925213	-7.994964	1.000000
0.000000	-174.208984	-620.207153	1.000000
0.000000	-332.840271	487.174652	1.000000
0.000000	4112436.000000	2116301.500000	1.000000
0.000000	-26.282585	171.348801	1.000000
0.000000	-45196.996094	75772.000000	1.000000
0.000000	523.223572	1606.364014	1.000000
0.000000	4637.122559	12614.973633	1.000000
0.000000	639.182678	1808.412109	1.000000
0.000000	-43956.542969	2218.954834	1.000000
0.000000	245915.171875	-842228.687500	1.000000
0.000000	-43.683754	-55.480606	1.000000
0.000000	247.865173	-143.757767	1.000000
0.000000	-33060.378906	-139817.171875	1.000000
0.000000	-14270.362305	-13753.906250	1.000000
0.000000	-180.467392	-71.953346	1.000000
0.000000	-323345.781250	730136.875000	1.000000
0.000000	-31535.433594	-19773.886719	1.000000
0.000000	-241.146988	-992.181030	1.000000
0.000000	93.138168	-161.252518	1.000000
0.000000	-3822.348145	-12716.070312	1.000000
0.000000	33.669884	-125.371841	1.000000
0.000000	3141.066895	3190.326660	1.000000
0.000000	-67.387657	362.466034	1.000000
0.000000	799431.437500	-982912.687500	1.000000
0.000000	-180.777527	374.205872	1.000000
0.000000	-3474.525635	-2033.646851	1.000000
0.000000	15.753984	2699.711182	1.000000
0.000000	-173.194641	154.858292	1.000000
0.000000	19955.509766	10366.117188	1.000000
0.000000	-128.794556	620.248230	1.000000
0.000000	-3169.591797	-1849.272583	1.000000
0.000000	65036.589844	112469.132812	1.000000
0.000000	114.430161	77.109634	1.000000
0.000000	484892.843750	100617.109375	1.000000
0.000000	-93.309242	89.928383	1.000000
0.000000	80.105370	86.673714	1.000000
0.000000	284.382233	-87.432983	1.000000
0.000000	-84.223915	-82.748260	1.000000
0.000000	-52503.300781	-3197.783447	1.000000
0.000000	11288.381836	1202.491577	1.000000
0.000000	-133.722794	16.092804	1.000000
0.000000	-117.540977	1917.678955	1.000000
0.000000	-7862.733887	-92949.546875	1.000000
0.000000	-442.000580	1276.631104	1.000000
0.000000	91.117920	144.929855	1.000000
0.122958	126.289993	-17.215757	1.000000
0.000000	48.014183	130.804352	1.000000
0.000000	-42733.425781	-77851.445312	1.000000
0.000000	466.304840	-958.848389	1.000000
0.000000	-124.457191	144.902893	1.000000
0.000000	7.195498	-379.608246	1.000000
0.000000	-439.838379	501.961792	1.000000
0.000000	245.644882	216.224884	1.000000
0.000000	166.306976	795.220337	1.000000
0.000000	-81.423904	-26.241701	1.000000
0.000000	71.242081	389.947723	1.000000
0.000000	-10785.633789	570.424255	1.000000
0.000000	28171368.000000	16549397.000000	1.000000
0.000000	161.662857	-477.918243	1.000000
0.000000	-32858.609375	266906.250000	1.000000
0.198571	-17.449089	10.650590	1.000000
0.000000	1304.000244	2793.157227	1.000000
0.000000	4752.850098	10628.883789	1.000000
0.000000	-48744.242188	-126250.796875	1.000000
0.000000	244.505371	-411.502777	1.000000
0.000000	1929694.125000	165094.671875	1.000000
0.000000	-180314.140625	-177937.812500	1.000000
0.000000	-70041.054688	13860.512695	1.000000
0.000000	136.350159	50.760315	1.000000
0.000000	-131042.406250	14754.363281	1.000000
0.000000	-878.069519	136.429626	1.000000
0.000000	-1190.384644	1170.275269	1.000000
0.000000	-1130.370850	958.993164	1.000000
0.000000	49209.050781	57351.843750	1.000000
0.000000	84045.960938	3813.202393	1.000000
0.000000	850.130066	-468.921387	1.000000
0.000000	-160.655701	-174.156662	1.000000
0.000000	-1589278.625000	-1200867.375000	1.000000
0.120547	-61.396381	78.427299	1.000000
0.000000	2590553.750000	19169.019531	1.000000
0.000000	60.827698	16.355366	1.000000
0.000000	-10320.050781	13014.130859	1.000000
0.000000	1826645.375000	135525.046875	1.000000
0.000000	-1590.088257	574.239014	1.000000
0.000000	55.125675	5.145190	1.000000
0.000000	166.664810	88.915161	1.000000
0.000000	625.518250	1095.152222	1.000000
0.000000	-10466.709961	7254.942871	1.000000
0.000000	-154.774673	116.797852	1.000000
0.000000	27325.248047	25671.652344	1.000000
0.000000	-88.253876	142.145309	1.000000
0.000000	262.986420	275.894745	1.000000
0.000000	171.211365	-9106.236328	1.000000
0.000000	-5379.593262	9769.052734	1.000000
0.000000	459013.406250	25748.578125	1.000000
0.000000	-806.666687	1022.687012	1.000000
0.000000	1997.608154	-5393.151855	1.000000
0.000000	3482.720215	-1866.485107	1.000000
0.000000	18.553635	-114.749054	1.000000
0.000000	32.968243	63.923340	1.000000
0.000000	1062.385010	-538.011719	1.000000
0.000000	1182.006958	11953.120117	1.000000
0.000000	18259.136719	-23741.736328	1.000000
0.000000	96.575027	-0.429686	1.000000
0.198571	-20.812996	12.210121	1.000000
0.000000	1333.121338	1049.876709	1.000000
0.000000	186.645950	-39.925335	1.000000
0.000000	69.728714	-48.692581	1.000000
0.000000	-1649.892090	64.037437	1.000000
0.000000	75102.453125	-7432.783203	1.000000
0.000000	21.735931	185.501923	1.000000
0.000000	-435.525513	-720.712036	1.000000
0.000000	1192.979248	-9825.105469	1.000000
0.000000	130.374298	113.615906	1.000000
0.000000	64.703957	72.698830	1.000000
0.000000	-3966.616455	-4806.574707	1.000000
0.000000	289.705170	195.470078	1.000000
0.000000	-1846.395630	-2832.943604	1.000000
0.000000	-85.089203	70.014832	1.000000
0.000000	22208.156250	38860.468750	1.000000
0.122958	124.633438	-22.122698	1.000000
0.000000	656.502747	-553.729065	1.000000
0.000000	1055.147217	585.379333	1.000000
0.000000	-310.257477	405.652100	1.000000
0.000000	-2.762793	-137.561798	1.000000
0.000000	9467.819336	5040.910645	1.000000
0.000000	-92785.937500	-330071.156250	1.000000
0.000000	7757.204590	16940.203125	1.000000
0.000000	62.367737	-10.466009	1.000000
0.000000	3324.128174	-1129.935181	1.000000
0.000000	-423490.500000	-81769.968750	1.000000
0.000000	-44105600.000000	-10494824.000000	1.000000
0.000000	5920.084961	-4788.617676	1.000000
0.000000	-200.947662	-56.524811	1.000000
0.000000	824.657471	-1805.500854	1.000000
0.000000	6032.770508	499.438232	1.000000
0.000000	-47.739834	-13.998649	1.000000
0.000000	-253.614807	1027.873901	1.000000
0.000000	-18815.876953	297.336426	1.000000
0.000000	-397.871887	-150.590286	1.000000
0.000000	267.944885	-119.878082	1.000000
0.000000	14333.677734	-11129.104492	1.000000
