0.000000	31647.855469	455671.562500	1.000000
0.000000	214930.281250	175046.109375	1.000000
0.000000	1154.532227	-12564.465820	1.000000
0.000000	-735.320740	651.827209	1.000000
0.000000	16905.333984	27611.117188	1.000000
0.000000	-13903.012695	802.977112	1.000000
0.000000	-874.913391	-2360.775146	1.000000
0.000000	-595007.437500	1523932.125000	1.000000
0.000000	3464.009033	-2386.235352	1.000000
0.000000	9292453.000000	3386659.750000	1.000000
0.000000	78697400.000000	19959642.000000	1.000000
0.000000	-71.528847	-129.662537	1.000000
0.000000	-194.960083	-89.494606	1.000000
0.000000	100.334175	-32.618786	1.000000
0.000000	-73337376.000000	-31090268.000000	1.000000
0.000000	551.228210	-4621.880371	1.000000
0.000000	325.129883	-203.476517	1.000000
0.000000	-6061.072754	7624.365234	1.000000
0.000000	-987.838562	427.875885	1.000000
0.000000	-230.991226	88.852776	1.000000
0.000000	876.467102	7803.307617	1.000000
0.000000	10056.464844	84939.054688	1.000000
0.000000	-6.842057	615.189087	1.000000
0.000000	77.296661	234.339294	1.000000
0.000000	-207250.015625	-53187.871094	1.000000
0.000000	204.687683	-75.399429	1.000000
0.000000	10391.891602	35590.949219	1.000000
0.000000	-3721.692627	11621.255859	1.000000
0.000000	225.251755	-78.070961	1.000000
0.000000	-61683.125000	-273296.843750	1.000000
0.000000	5298.054688	-9071.541016	1.000000
0.000000	4676.808594	854.745239	1.000000
0.000000	-70.887527	381.097443	1.000000
0.000000	-383.498840	-350.408905	1.000000
0.000000	-76.179153	97.841385	1.000000
0.000000	4671.922852	2693.994873	1.000000
0.000000	204.980438	9.790331	1.000000
0.000000	-5577.222168	-1372.817017	1.000000
0.000000	-246344.359375	-73535.937500	1.000000
0.000000	-46900.339844	-6033.537598	1.000000
0.000000	304.532745	-44.113014	1.000000
0.000000	418.132996	184.765991	1.000000
0.000000	2.376678	29.625729	1.000000
0.000000	7.840530	49.330986	1.000000
0.000000	21.504013	27.185410	1.000000
0.000000	-481.089813	-467.813385	1.000000
0.000000	-4253.768555	3474.707031	1.000000
0.000000	-707.452026	256.261322	1.000000
0.000000	-64.447342	-52.187733	1.000000
0.000000	-47.464542	-39.888927	1.000000
0.000000	6830.019043	6302.518555	1.000000
0.000000	-752.913635	1871.447144	1.000000
0.000000	147.655273	1522.737549	1.000000
0.000000	-3273.135010	-11823.961914	1.000000
0.000000	102.565804	-121.488892	1.000000
0.000000	-21.228966	-54.631824	1.000000
0.000000	-83.047882	125.175049	1.000000
0.000000	29405522.000000	-21550876.000000	1.000000
0.000000	-382.363098	1535.789185	1.000000
0.000000	638.760254	359.643036	1.000000
0.000000	1823.065796	26426.095703	1.000000
0.000000	3182.235840	-1451.403564	1.000000
0.000000	22.057854	-68.519562	1.000000
0.000000	45.202236	-180.940796	1.000000
0.000000	5518.233887	-2731.447266	1.000000
0.000000	400961.875000	-1051564.750000	1.000000
0.000000	40391.929688	142686.437500	1.000000
0.000000	899154304.000000	-490293056.000000	1.000000
0.000000	5256.036133	-14707.261719	1.000000
0.000000	-11819835.000000	-661577.562500	1.000000
0.000000	10502.057617	-15301.985352	1.000000
0.000000	44.405910	-152.299927	1.000000
0.000000	-106.359406	-625.505188	1.000000
0.000000	-722.364746	929.659424	1.000000
0.000000	424605.812500	2545.307861	1.000000
0.000000	-9130.283203	10690.817383	1.000000
0.000000	38.829502	592.109802	1.000000
0.000000	51.835720	-66.057327	1.000000
0.000000	3400.331543	-13067.170898	1.000000
0.000000	-935690816.000000	516809408.000000	1.000000
0.000000	1333545.500000	80036.453125	1.000000
0.000000	370460.562500	-121697.468750	1.000000
0.000000	282746.375000	227326.437500	1.000000
0.000000	25101.310547	-23241.121094	1.000000
0.000000	2203343.750000	933941.312500	1.000000
0.000000	-37.343983	33.236393	1.000000
0.000000	304.597382	17.359507	1.000000
0.000000	-3306.376221	-543.482666	1.000000
0.000000	-1644.811646	1496.772827	1.000000
0.000000	-4.494629	79.991188	1.000000
0.000000	69.486359	169.802948	1.000000
0.000000	-996.479614	1159.603882	1.000000
0.000000	722.727600	-66.593094	1.000000
0.000000	184.363968	-403.038422	1.000000
0.000000	-4355021.000000	2416277.250000	1.000000
0.000000	911.225952	499.411377	1.000000
0.000000	97.799133	-88020.796875	1.000000
0.000000	1711789.125000	-2028472.500000	1.000000
0.000000	770.025146	-1733.467285	1.000000
0.000000	-449.048462	-5174.136230	1.000000
0.000000	691415.187500	-227226.437500	1.000000
0.000000	12310197.000000	-6573529.500000	1.000000
0.000000	-21892.021484	-21286.203125	1.000000
0.000000	170461.421875	-24393.414062	1.000000
0.000000	122.947372	-14.968376	1.000000
0.000000	70.670029	31.495256	1.000000
0.000000	842.678772	-1731.683838	1.000000
0.000000	1.826609	-69.331993	1.000000
0.000000	23.185875	-54.442822	1.000000
0.000000	-816.810913	849.525940	1.000000
0.000000	12.462846	-3168.630127	1.000000
0.000000	-53633.296875	119833.890625	1.000000
0.000000	11.916914	33.318016	1.000000
0.000000	-128.233444	-32.137875	1.000000
0.000000	-355.100311	-1140.075562	1.000000
0.000000	-64812.722656	15667.308594	1.000000
0.000000	2365.356689	563.277405	1.000000
0.000000	55601.347656	149438.046875	1.000000
0.000000	-13010.610352	6675.541992	1.000000
0.000000	-41598.675781	-29921.855469	1.000000
0.000000	-8647.430664	13679.302734	1.000000
0.000000	95.326515	240.967804	1.000000
0.000000	-137.394363	11.440664	1.000000
0.000000	1384.540283	3341.654053	1.000000
0.000000	403.474396	-353.195831	1.000000
0.000000	2075.658936	302.250702	1.000000
0.000000	520.178467	-303.739990	1.000000
0.000000	14041.964844	-14006.945312	1.000000
0.000000	-97.600937	-10.782722	1.000000
0.000000	-1076.475830	1744.222046	1.000000
0.000000	60.469822	89.081223	1.000000
0.000000	-13573.217773	-2930.430420	1.000000
0.000000	-28514.066406	-61325.500000	1.000000
0.000000	1567.836670	7852.155273	1.000000
0.000000	-2676.849121	2037.616699	1.000000
0.000000	-127.471741	-52.520409	1.000000
0.000000	226.367203	390.250977	1.000000
0.000000	-3976.759033	-16224.079102	1.000000
0.000000	530.356873	-95.706886	1.000000
0.000000	-8537.269531	12913.386719	1.000000
0.000000	-969.895508	-2943.946777	1.000000
0.000000	969.196472	326.296844	1.000000
0.000000	46.225250	-201.495361	1.000000
0.000000	-5890.346191	-20549.771484	1.000000
0.000000	-11.105944	-75.646805	1.000000
0.000000	22582.441406	-24355.845703	1.000000
0.000000	-132.631332	7.326910	1.000000
0.000000	-3300464.250000	1376390.750000	1.000000
0.000000	-17902.013672	-1028.694458	1.000000
0.000000	46.689842	352.689392	1.000000
0.030246	75.725227	-109.112488	1.000000
0.000000	6604.249512	2939.830078	1.000000
0.000000	-26368.037109	-23442.957031	1.000000
0.000000	-586712.625000	317306.093750	1.000000
0.000000	-108536.234375	249319.953125	1.000000
0.000000	38279.476562	-56191.003906	1.000000
0.000000	438.318573	-1531.094849	1.000000
0.000000	1.146140	-51.410011	1.000000
0.000000	-162.894440	-668.365723	1.000000
0.000000	-319.335327	439.559906	1.000000
0.000000	4112436.000000	2116301.500000	1.000000
0.000000	-74.806641	161.575089	1.000000
0.000000	-45177.660156	75725.593750	1.000000
0.000000	478.592285	1584.973633	1.000000
0.000000	4589.266113	12627.541992	1.000000
0.000000	644.077087	1857.718750	1.000000
0.000000	-43921.738281	2182.699951	1.000000
0.000000	245961.578125	-842228.687500	1.000000
0.000000	1.095861	-34.384796	1.000000
0.000000	198.513214	-147.579636	1.000000
0.000000	-33079.714844	-139770.765625	1.000000
0.000000	-14253.926758	-13800.312500	1.000000
0.000000	-131.024796	-69.445717	1.000000
0.000000	-323283.906250	730136.875000	1.000000
0.000000	-31577.972656	-19799.023438	1.000000
0.000000	-196.402420	-971.032349	1.000000
0.030246	79.481857	-113.147873	1.000000
0.000000	-3869.721191	-12701.568359	1.000000
0.000000	19.354649	-77.983688	1.000000
0.000000	3126.323242	3237.458008	1.000000
0.000000	-90.868690	406.003082	1.000000
0.000000	799493.312500	-982912.687500	1.000000
0.000000	-131.969391	365.957886	1.000000
0.000000	-3521.898682	-2019.628296	1.000000
0.000000	26.156492	2651.371338	1.000000
0.000000	-138.269104	119.768356	1.000000
0.000000	19980.646484	10323.578125	1.000000
0.000000	-177.587585	628.586853	1.000000
0.000000	-3122.460449	-1833.803833	1.000000
0.000000	65021.121094	112422.726562	1.000000
0.203233	78.192184	42.042080	1.000000
0.000000	484892.843750	100570.703125	1.000000
0.000000	-57.507549	55.743961	1.000000
0.203233	80.467400	38.810181	1.000000
0.000000	275.892548	-136.195801	1.000000
0.000000	-34.886150	-79.648354	1.000000
0.000000	-52522.636719	-3242.739502	1.000000
0.000000	11262.278320	1160.435913	1.000000
0.000000	-147.182419	63.730209	1.000000
0.000000	-146.441879	1957.921875	1.000000
0.000000	-7860.316895	-92903.140625	1.000000
0.000000	-412.362213	1316.269775	1.000000
0.000000	123.822845	107.768608	1.000000
0.000000	78.960045	-2.714491	1.000000
0.000000	45.302620	81.376862	1.000000
0.000000	-42694.753906	-77882.382812	1.000000
0.000000	505.006927	-927.971313	1.000000
0.000000	-150.227325	102.635742	1.000000
0.000000	29.344982	-423.869415	1.000000
0.000000	-435.306519	452.655151	1.000000
0.000000	211.051682	251.633820	1.000000
0.000000	154.539246	747.122192	1.000000
0.000000	-60.403698	-67.260635	1.000000
0.000000	31.428537	359.801636	1.000000
0.000000	-10736.327148	574.049744	1.000000
0.000000	28171368.000000	16549397.000000	1.000000
0.000000	128.293259	-441.361237	1.000000
0.000000	-32877.945312	266937.187500	1.000000
0.000000	31.452698	14.719143	1.000000
0.000000	1262.790527	2820.469238	1.000000
0.000000	4801.189941	10617.282227	1.000000
0.000000	-48794.515625	-126250.796875	1.000000
0.000000	287.954803	-387.816254	1.000000
0.000000	1929694.125000	165063.734375	1.000000
0.000000	-180360.546875	-177937.812500	1.000000
0.000000	-70002.382812	13888.549805	1.000000
0.000000	106.590935	90.314636	1.000000
0.000000	-131026.937500	14706.990234	1.000000
0.000000	-833.898987	114.042244	1.000000
0.000000	-1159.326294	1208.826294	1.000000
0.000000	-1117.560791	911.197144	1.000000
0.000000	49197.449219	57305.437500	1.000000
0.000000	84084.632812	3842.931396	1.000000
0.000000	802.938293	-483.967163	1.000000
0.000000	-116.651337	-151.482254	1.000000
0.000000	-1589278.625000	-1200867.375000	1.000000
0.000000	-13.819940	65.138771	1.000000
0.000000	2590553.750000	19124.546875	1.000000
0.000000	43.633064	62.772945	1.000000
0.000000	-10291.046875	12973.525391	1.000000
0.000000	1826645.375000	135555.984375	1.000000
0.000000	-1595.768188	525.053223	1.000000
0.000000	6.873507	-5.901091	1.000000
0.000000	125.485771	116.393341	1.000000
0.000000	665.036072	1125.002075	1.000000
0.000000	-10432.872070	7218.687988	1.000000
0.000000	-106.253563	107.001480	1.000000
0.000000	27323.314453	25621.378906	1.000000
0.000000	-124.387909	108.311821	1.000000
0.000000	260.750702	226.446075	1.000000
0.000000	219.369934	-9117.837891	1.000000
0.000000	-5330.286621	9768.085938	1.000000
0.000000	458982.468750	25785.316406	1.000000
0.000000	-760.260437	1005.526367	1.000000
0.000000	1957.848633	-5422.639160	1.000000
0.000000	3481.753418	-1816.936768	1.000000
0.000000	-8.522116	-156.185364	1.000000
0.000000	-9.345886	37.803947	1.000000
0.000000	1083.654541	-493.345184	1.000000
0.000000	1176.327026	12002.426758	1.000000
0.000000	18307.476562	-23732.068359	1.000000
0.000000	47.206680	3.168652	1.000000
0.000000	-22.402437	60.938530	1.000000
0.000000	1374.210205	1022.319336	1.000000
0.000000	137.158035	-38.660191	1.000000
0.000000	61.791454	-97.553589	1.000000
0.000000	-1697.023438	48.942558	1.000000
0.000000	75056.046875	-7438.100586	1.000000
0.000000	8.557659	137.781433	1.000000
0.000000	-485.013428	-720.712036	1.000000
0.000000	1196.121338	-9874.412109	1.000000
0.000000	100.441963	74.188721	1.000000
0.000000	26.949709	40.686039	1.000000
0.000000	-3989.336182	-4850.563965	1.000000
0.000000	240.877258	187.403366	1.000000
0.000000	-1806.636108	-2803.456299	1.000000
0.000000	-105.950867	25.126751	1.000000
0.000000	22200.421875	38810.195312	1.000000
0.000000	75.147987	-22.231449	1.000000
0.000000	607.014832	-554.575012	1.000000
0.000000	1012.366455	560.484314	1.000000
0.000000	-308.203033	356.194397	1.000000
0.000000	-33.985931	-99.152397	1.000000
0.000000	9442.682617	5083.449707	1.000000
0.000000	-92809.140625	-330040.218750	1.000000
0.000000	7707.897949	16938.269531	1.000000
0.000000	30.433134	27.354057	1.000000
0.000000	3307.934326	-1176.703979	1.000000
0.000000	-423521.437500	-81731.296875	1.000000
0.000000	-44105600.000000	-10494824.000000	1.000000
0.000000	5897.848633	-4832.606934	1.000000
0.000000	-182.155548	-102.319260	1.000000
0.000000	781.272461	-1829.308228	1.000000
0.000000	6071.442383	530.194458	1.000000
0.000000	-1.787999	4.405641	1.000000
0.000000	-204.172211	1030.290894	1.000000
0.000000	-18823.611328	346.220093	1.000000
0.000000	-348.383972	-149.215622	1.000000
0.000000	262.295166	-70.699844	1.000000
0.000000	14288.238281	-11148.440430	1.000000
