0.000000	31490.140625	455820.000000	1.000000
0.000000	215004.500000	175268.765625	1.000000
0.000000	1189.902100	-12801.038086	1.000000
0.000000	-497.878723	648.348206	1.000000
0.000000	16886.779297	27369.906250	1.000000
0.000000	-13671.079102	749.342468	1.000000
0.000000	-661.824402	-2465.145264	1.000000
0.000000	-595304.312500	1523932.125000	1.000000
0.000000	3585.774170	-2182.133789	1.000000
0.000000	9292453.000000	3386659.750000	1.000000
0.000000	78697400.000000	19959642.000000	1.000000
0.000000	-300.717163	-191.849731	1.000000
0.000000	-307.408508	119.706207	1.000000
0.000000	91.600426	-269.969513	1.000000
0.000000	-73337376.000000	-31090268.000000	1.000000
0.000000	757.939026	-4505.913574	1.000000
0.000000	380.793945	-434.378906	1.000000
0.000000	-6183.997559	7828.466797	1.000000
0.000000	-987.258728	190.413849	1.000000
0.000000	-312.480133	311.943878	1.000000
0.000000	927.492493	8035.241211	1.000000
0.000000	10269.843750	85050.382812	1.000000
0.000000	-52.788998	848.282349	1.000000
0.000000	250.225708	76.018448	1.000000
0.000000	-207101.578125	-53354.863281	1.000000
0.000000	441.420624	-56.808502	1.000000
0.000000	10387.252930	35349.738281	1.000000
0.000000	-3954.785889	11574.869141	1.000000
0.000000	432.832336	-193.457916	1.000000
0.000000	-61441.914062	-273296.843750	1.000000
0.000000	5156.575195	-8881.355469	1.000000
0.000000	4906.422852	913.308472	1.000000
0.000000	-289.962097	472.940643	1.000000
0.000000	-557.266296	-188.520493	1.000000
0.000000	-261.796234	-50.319386	1.000000
0.000000	4887.621094	2792.566650	1.000000
0.000000	-15.888196	-77.490456	1.000000
0.000000	-5760.449707	-1522.994019	1.000000
0.000000	-246270.140625	-73758.593750	1.000000
0.000000	-46714.792969	-6177.336426	1.000000
0.000000	487.615326	107.112045	1.000000
0.000000	555.362854	-9.062758	1.000000
0.000000	-2.089082	264.965576	1.000000
0.000000	-92.589104	-160.345078	1.000000
0.000000	51.135098	261.826996	1.000000
0.000000	-570.674133	-247.908676	1.000000
0.000000	-4058.944336	3339.025879	1.000000
0.000000	-842.263428	451.810333	1.000000
0.000000	-118.076309	-283.283813	1.000000
0.000000	-280.722473	-86.620766	1.000000
0.000000	7066.591309	6277.005859	1.000000
0.000000	-882.506531	1672.564087	1.000000
0.000000	12.669132	1327.333496	1.000000
0.000000	-3411.135498	-11629.137695	1.000000
0.000000	321.892212	-30.412191	1.000000
0.000000	-15.950964	-290.374023	1.000000
0.000000	154.313828	116.948654	1.000000
0.000000	29405522.000000	-21550876.000000	1.000000
0.000000	-573.708313	1676.109009	1.000000
0.000000	482.467621	538.398254	1.000000
0.000000	1700.720825	26221.994141	1.000000
0.000000	3272.689941	-1671.160645	1.000000
0.000000	-102.310478	-272.192200	1.000000
0.000000	173.345551	-380.865753	1.000000
0.000000	5372.115723	-2918.153809	1.000000
0.000000	401110.312500	-1051564.750000	1.000000
0.000000	40187.828125	142538.000000	1.000000
0.000000	899154304.000000	-490293056.000000	1.000000
0.000000	5102.959961	-14888.169922	1.000000
0.000000	-11819835.000000	-661280.687500	1.000000
0.000000	10622.663086	-15097.883789	1.000000
0.000000	-25.754421	-379.193085	1.000000
0.000000	-285.612549	-781.190613	1.000000
0.000000	-484.939270	921.541748	1.000000
0.000000	424308.937500	2486.164795	1.000000
0.000000	-9362.216797	10635.153320	1.000000
0.000000	-191.708832	534.996155	1.000000
0.000000	31.034176	-302.629608	1.000000
0.000000	3423.524902	-13303.743164	1.000000
0.000000	-935690816.000000	516809408.000000	1.000000
0.000000	1333545.500000	80259.109375	1.000000
0.000000	370757.437500	-121734.578125	1.000000
0.000000	282449.500000	227400.656250	1.000000
0.000000	24887.931641	-23129.792969	1.000000
0.000000	2203343.750000	933644.437500	1.000000
0.000000	-159.565292	231.924957	1.000000
0.000000	74.304947	-36.926258	1.000000
0.000000	-3157.938721	-357.935791	1.000000
0.000000	-1672.643677	1732.765259	1.000000
0.000000	105.019264	290.752563	1.000000
0.000000	8.471828	-59.729687	1.000000
0.000000	-1225.514038	1096.981812	1.000000
0.000000	923.350159	-193.776672	1.000000
0.000000	237.201340	-171.513260	1.000000
0.000000	-4355021.000000	2416277.250000	1.000000
0.000000	1116.646240	618.551941	1.000000
0.000000	-134.634323	-88057.906250	1.000000
0.000000	1711789.125000	-2028472.500000	1.000000
0.000000	814.382446	-1500.374023	1.000000
0.000000	-253.789368	-5308.657715	1.000000
0.000000	691415.187500	-227449.093750	1.000000
0.000000	12310197.000000	-6573529.500000	1.000000
0.000000	-21947.685547	-21518.136719	1.000000
0.000000	170684.078125	-24532.574219	1.000000
0.323594	21.444727	195.143539	1.000000
0.000000	298.280243	-36.280960	1.000000
0.000000	612.774597	-1790.826904	1.000000
0.000000	-154.434692	-248.204514	1.000000
0.000000	109.618301	-275.649506	1.000000
0.000000	-884.941406	1077.043091	1.000000
0.000000	-217.798935	-3110.646729	1.000000
0.000000	-53874.507812	119833.890625	1.000000
0.000000	91.517853	253.502777	1.000000
0.000000	-358.032440	28.065817	1.000000
0.000000	-126.686554	-1075.134155	1.000000
0.000000	-64608.621094	15537.425781	1.000000
0.000000	2436.096436	789.992493	1.000000
0.000000	55786.894531	149586.484375	1.000000
0.000000	-13237.905273	6601.323242	1.000000
0.000000	-41784.222656	-29782.695312	1.000000
0.000000	-8452.606445	13813.824219	1.000000
0.000000	309.870605	342.739380	1.000000
0.000000	-312.310120	172.125992	1.000000
0.000000	1555.591309	3176.981201	1.000000
0.000000	632.798706	-415.093109	1.000000
0.000000	1923.057861	120.235359	1.000000
0.000000	566.565186	-536.672913	1.000000
0.000000	13990.939453	-14238.878906	1.000000
0.000000	-300.113403	-134.822739	1.000000
0.000000	-1166.350098	1524.464966	1.000000
0.000000	230.216217	255.203659	1.000000
0.000000	-13341.284180	-2982.615479	1.000000
0.000000	-28662.503906	-61511.046875	1.000000
0.000000	1697.719482	8051.618164	1.000000
0.000000	-2531.890625	1849.750488	1.000000
0.000000	89.848648	-148.337967	1.000000
0.000000	73.544357	215.071442	1.000000
0.000000	-3826.002197	-16038.532227	1.000000
0.000000	758.521545	-29.424967	1.000000
0.000000	-8773.841797	12931.941406	1.000000
0.000000	-898.286011	-3170.082031	1.000000
0.000000	943.393860	562.403259	1.000000
0.000000	278.305206	-251.868439	1.000000
0.000000	-5656.093262	-20512.662109	1.000000
0.000000	1.387656	-312.806915	1.000000
0.000000	22517.500000	-24587.779297	1.000000
0.000000	-292.754608	-168.078232	1.000000
0.000000	-3300464.250000	1376390.750000	1.000000
0.000000	-17985.509766	-1250.191040	1.000000
0.000000	-53.145424	567.289185	1.000000
0.000000	154.613861	-332.584320	1.000000
0.000000	6680.787598	2714.854492	1.000000
0.000000	-26145.380859	-23368.738281	1.000000
0.000000	-586712.625000	317454.531250	1.000000
0.000000	-108536.234375	249097.296875	1.000000
0.000000	38038.265625	-56191.003906	1.000000
0.000000	591.974609	-1712.003052	1.000000
0.000000	115.236031	156.894638	1.000000
0.000000	-217.181396	-437.255005	1.000000
0.000000	-384.131775	668.014526	1.000000
0.000000	4112436.000000	2116301.500000	1.000000
0.000000	155.285904	208.350327	1.000000
0.000000	-45270.433594	75948.250000	1.000000
0.000000	692.818298	1687.604248	1.000000
0.000000	4818.880371	12567.239258	1.000000
0.000000	620.593811	1621.146484	1.000000
0.000000	-44088.730469	2356.650146	1.000000
0.000000	245738.921875	-842228.687500	1.000000
0.000000	-213.749969	-135.599350	1.000000
0.000000	430.965057	-131.192749	1.000000
0.000000	-32986.941406	-139993.421875	1.000000
0.000000	-14332.784180	-13577.656250	1.000000
0.000000	-368.215088	-81.477272	1.000000
0.000000	-323580.781250	730136.875000	1.000000
0.000000	-31373.871094	-19678.417969	1.000000
0.000000	-411.085968	-1072.503296	1.000000
0.000000	143.932999	-342.237152	1.000000
0.000000	-3642.426270	-12771.148438	1.000000
0.000000	88.038849	-305.335358	1.000000
0.000000	3197.062988	3011.322754	1.000000
0.323594	21.128317	198.735092	1.000000
0.000000	799196.437500	-982912.687500	1.000000
0.000000	-366.183929	405.531555	1.000000
0.000000	-3294.603760	-2086.888916	1.000000
0.000000	-23.754391	2883.304932	1.000000
0.000000	-305.841125	288.122040	1.000000
0.000000	19860.041016	10527.679688	1.000000
0.000000	56.500683	588.578308	1.000000
0.000000	-3348.595703	-1908.022583	1.000000
0.000000	65095.339844	112645.382812	1.000000
0.000000	254.938690	201.651062	1.000000
0.000000	484892.843750	100793.359375	1.000000
0.000000	-229.283356	219.763580	1.000000
0.000000	80.445198	274.791260	1.000000
0.000000	316.625885	97.776665	1.000000
0.000000	-271.833801	-94.710541	1.000000
0.000000	-52429.863281	-3027.041260	1.000000
0.000000	11387.522461	1362.218140	1.000000
0.000000	-83.688225	-166.135101	1.000000
0.000000	-7.759237	1764.837158	1.000000
0.000000	-7871.913574	-93125.796875	1.000000
0.000000	-554.609863	1126.084229	1.000000
0.000000	-29.755621	285.035156	1.000000
0.000000	308.618317	-69.987907	1.000000
0.000000	54.984951	319.560242	1.000000
0.000000	-42880.300781	-77733.945312	1.000000
0.000000	319.315094	-1076.220947	1.000000
0.000000	-26.607063	305.432678	1.000000
0.000000	-76.930199	-211.505219	1.000000
0.000000	-457.050293	689.227417	1.000000
0.000000	377.029144	81.742462	1.000000
0.000000	211.000580	977.896118	1.000000
0.000000	-169.391968	139.908798	1.000000
0.000000	222.660309	501.366180	1.000000
0.000000	-10972.899414	556.654724	1.000000
0.000000	28171368.000000	16549397.000000	1.000000
0.000000	288.414581	-616.760986	1.000000
0.000000	-32785.171875	266788.750000	1.000000
0.000000	-202.914307	5.930574	1.000000
0.000000	1460.513916	2689.426758	1.000000
0.000000	4569.256348	10672.946289	1.000000
0.000000	-48553.304688	-126250.796875	1.000000
0.000000	79.443115	-501.463715	1.000000
0.000000	1929694.125000	165212.171875	1.000000
0.000000	-180137.890625	-177937.812500	1.000000
0.000000	-70187.929688	13754.028320	1.000000
0.000000	247.266861	-95.847076	1.000000
0.000000	-131101.156250	14934.285156	1.000000
0.000000	-1045.798462	221.456482	1.000000
0.000000	-1308.343628	1023.859497	1.000000
0.000000	-1179.023193	1140.668823	1.000000
0.000000	49253.113281	57528.093750	1.000000
0.000000	83899.085938	3700.292236	1.000000
0.000000	1029.356567	-411.777832	1.000000
0.000000	-327.758759	-260.276459	1.000000
0.000000	-1589278.625000	-1200867.375000	1.000000
0.000000	-241.029251	135.181564	1.000000
0.000000	2590553.750000	19337.925781	1.000000
0.000000	124.590912	-153.953873	1.000000
0.000000	-10430.207031	13168.349609	1.000000
0.000000	1826645.375000	135407.546875	1.000000
0.000000	-1568.515991	761.045654	1.000000
0.000000	238.263885	42.371891	1.000000
0.000000	323.063721	-15.447285	1.000000
0.000000	475.430359	981.868591	1.000000
0.000000	-10595.225586	7392.638184	1.000000
0.000000	-339.056885	154.024323	1.000000
0.000000	27332.591797	25862.589844	1.000000
0.000000	48.979774	270.660919	1.000000
0.000000	271.477631	463.734100	1.000000
0.000000	-11.677807	-9062.173828	1.000000
0.000000	-5566.858887	9772.724609	1.000000
0.000000	459130.906250	25609.046875	1.000000
0.000000	-982.916687	1087.862793	1.000000
0.000000	2148.919922	-5281.159668	1.000000
0.000000	3486.392090	-2054.668701	1.000000
0.000000	121.389420	42.632195	1.000000
0.000000	193.744476	161.361633	1.000000
0.000000	981.483276	-707.606445	1.000000
0.000000	1203.579224	11765.854492	1.000000
0.000000	18075.542969	-23778.455078	1.000000
0.000000	284.070160	-14.095463	1.000000
0.000000	-15.319398	-172.793060	1.000000
0.000000	1177.066650	1154.525146	1.000000
0.000000	374.600037	-44.730328	1.000000
0.000000	100.941246	135.238907	1.000000
0.000000	-1470.888184	121.381798	1.000000
0.000000	75278.703125	-7412.587891	1.000000
0.000000	71.792442	366.708313	1.000000
0.000000	-247.568832	-720.712036	1.000000
0.000000	1181.045654	-9637.839844	1.000000
0.000000	244.030304	263.359558	1.000000
0.000000	208.091858	194.272324	1.000000
0.000000	-3880.327393	-4639.504395	1.000000
0.000000	475.134857	226.107285	1.000000
0.000000	-1997.401489	-2944.935791	1.000000
0.000000	-10.681041	236.094315	1.000000
0.000000	22237.531250	39051.406250	1.000000
0.000000	309.989960	-24.029726	1.000000
0.000000	844.456848	-550.516174	1.000000
0.000000	1217.627686	679.930115	1.000000
0.000000	-318.060211	593.441650	1.000000
0.000000	115.825706	-283.450653	1.000000
0.000000	9563.288086	4879.348145	1.000000
0.000000	-92697.812500	-330188.656250	1.000000
0.000000	7944.470215	16947.546875	1.000000
0.000000	184.257751	-153.720108	1.000000
0.000000	3385.632080	-952.215576	1.000000
0.000000	-423373.000000	-81916.843750	1.000000
0.000000	-44105600.000000	-10494824.000000	1.000000
0.000000	6004.538086	-4621.547363	1.000000
0.000000	-272.279510	117.365189	1.000000
0.000000	989.432861	-1715.080933	1.000000
0.000000	5885.895508	382.626709	1.000000
0.000000	-222.268631	-83.899193	1.000000
0.000000	-441.340149	1018.694214	1.000000
0.000000	-18786.501953	111.719330	1.000000
0.000000	-585.825989	-155.811234	1.000000
0.000000	293.788788	-304.696991	1.000000
0.000000	14506.255859	-11055.666992	1.000000
