0.000000	31547.914062	455765.625000	1.000000
0.000000	214977.312500	175187.203125	1.000000
0.000000	1176.945557	-12714.377930	1.000000
0.000000	-584.857483	649.622620	1.000000
0.000000	16893.576172	27458.265625	1.000000
0.000000	-13756.040039	768.989685	1.000000
0.000000	-739.882263	-2426.912842	1.000000
0.000000	-595195.562500	1523932.125000	1.000000
0.000000	3541.169678	-2256.899414	1.000000
0.000000	9292453.000000	3386659.750000	1.000000
0.000000	78697400.000000	19959642.000000	1.000000
0.000000	-216.765137	-169.069580	1.000000
0.000000	-266.202454	43.070599	1.000000
0.000000	94.799736	-183.021561	1.000000
0.000000	-73337376.000000	-31090268.000000	1.000000
0.000000	682.217590	-4548.394043	1.000000
0.000000	360.403320	-349.789673	1.000000
0.000000	-6138.968262	7753.701172	1.000000
0.000000	-987.471130	277.412628	1.000000
0.000000	-282.637604	230.222092	1.000000
0.000000	908.801086	7950.280273	1.000000
0.000000	10191.679688	85009.601562	1.000000
0.000000	-35.956112	762.896606	1.000000
0.000000	186.186401	134.906998	1.000000
0.000000	-207155.953125	-53293.691406	1.000000
0.000000	354.707367	-63.618652	1.000000
0.000000	10388.952148	35438.097656	1.000000
0.000000	-3869.400146	11591.861328	1.000000
0.000000	356.792297	-151.189850	1.000000
0.000000	-61530.273438	-273296.843750	1.000000
0.000000	5208.401367	-8951.023438	1.000000
0.000000	4822.311523	891.855835	1.000000
0.000000	-209.727112	439.274872	1.000000
0.000000	-493.636475	-247.807297	1.000000
0.000000	-193.803207	3.955565	1.000000
0.000000	4808.607422	2756.458252	1.000000
0.000000	65.023170	-45.510628	1.000000
0.000000	-5693.330566	-1467.981812	1.000000
0.000000	-246297.328125	-73677.031250	1.000000
0.000000	-46782.761719	-6124.660645	1.000000
0.000000	420.549286	51.714863	1.000000
0.000000	505.122437	61.939808	1.000000
0.000000	-1.307922	177.962997	1.000000
0.000000	-54.450031	-83.982483	1.000000
0.000000	40.322491	175.510193	1.000000
0.000000	-537.857971	-328.464935	1.000000
0.000000	-4130.311523	3388.728027	1.000000
0.000000	-792.879883	380.177643	1.000000
0.000000	-98.933548	-198.429077	1.000000
0.000000	-195.583405	-68.725868	1.000000
0.000000	6979.931152	6286.351562	1.000000
0.000000	-835.034607	1745.418091	1.000000
0.000000	62.117867	1398.913086	1.000000
0.000000	-3360.583740	-11700.504883	1.000000
0.000000	241.551025	-63.779114	1.000000
0.000000	-18.101538	-203.395264	1.000000
0.000000	67.361626	119.962112	1.000000
0.000000	29405522.000000	-21550876.000000	1.000000
0.000000	-503.615540	1624.707642	1.000000
0.000000	539.737427	472.903839	1.000000
0.000000	1745.537720	26296.759766	1.000000
0.000000	3239.555176	-1590.660156	1.000000
0.000000	-56.536694	-198.202332	1.000000
0.000000	126.404633	-307.640045	1.000000
0.000000	5425.641113	-2849.760254	1.000000
0.000000	401055.937500	-1051564.750000	1.000000
0.000000	40262.593750	142592.375000	1.000000
0.000000	899154304.000000	-490293056.000000	1.000000
0.000000	5159.034180	-14821.900391	1.000000
0.000000	-11819835.000000	-661389.437500	1.000000
0.000000	10578.483398	-15172.649414	1.000000
0.000000	-0.053529	-296.090668	1.000000
0.000000	-219.941711	-724.160583	1.000000
0.000000	-571.901489	924.515381	1.000000
0.000000	424417.687500	2507.829834	1.000000
0.000000	-9277.255859	10655.543945	1.000000
0.000000	-107.255608	555.917786	1.000000
0.000000	38.654110	-215.969437	1.000000
0.000000	3415.028809	-13217.083008	1.000000
0.000000	-935690816.000000	516809408.000000	1.000000
0.000000	1333545.500000	80177.546875	1.000000
0.000000	370648.687500	-121720.984375	1.000000
0.000000	282558.250000	227373.468750	1.000000
0.000000	24966.095703	-23170.574219	1.000000
0.000000	2203343.750000	933753.187500	1.000000
0.000000	-113.739494	157.982391	1.000000
0.000000	159.212784	-17.953617	1.000000
0.000000	-3212.313721	-425.904541	1.000000
0.000000	-1662.448364	1646.317505	1.000000
0.000000	64.901772	213.544327	1.000000
0.000000	30.823856	24.349079	1.000000
0.000000	-1141.615112	1119.921265	1.000000
0.000000	849.858948	-147.180908	1.000000
0.000000	217.846176	-256.341339	1.000000
0.000000	-4355021.000000	2416277.250000	1.000000
0.000000	1041.455811	574.903259	1.000000
0.000000	-49.488667	-88044.312500	1.000000
0.000000	1711789.125000	-2028472.500000	1.000000
0.000000	798.133667	-1585.759766	1.000000
0.000000	-325.315857	-5259.380371	1.000000
0.000000	691415.187500	-227367.531250	1.000000
0.000000	12310197.000000	-6573529.500000	1.000000
0.000000	-21927.294922	-21433.175781	1.000000
0.000000	170602.515625	-24481.597656	1.000000
0.000000	58.427265	118.475708	1.000000
0.000000	215.031601	-10.982412	1.000000
0.000000	696.992126	-1769.161865	1.000000
0.000000	-97.192268	-182.678391	1.000000
0.000000	77.957077	-194.617996	1.000000
0.000000	-859.984131	993.742859	1.000000
0.000000	-133.448654	-3131.886963	1.000000
0.000000	-53786.148438	119833.890625	1.000000
0.000000	65.012520	175.098892	1.000000
0.000000	-273.868011	6.025756	1.000000
0.000000	-210.346741	-1098.923218	1.000000
0.000000	-64683.386719	15585.003906	1.000000
0.000000	2410.183350	706.943176	1.000000
0.000000	55718.925781	149532.109375	1.000000
0.000000	-13154.643555	6628.510742	1.000000
0.000000	-41716.253906	-29833.671875	1.000000
0.000000	-8523.973633	13764.546875	1.000000
0.000000	231.281738	305.462769	1.000000
0.000000	-248.220932	113.264000	1.000000
0.000000	1492.932617	3237.303467	1.000000
0.000000	548.793579	-392.419159	1.000000
0.000000	1978.919678	186.904694	1.000000
0.000000	549.572998	-451.355652	1.000000
0.000000	14009.630859	-14153.917969	1.000000
0.000000	-225.931870	-89.383904	1.000000
0.000000	-1133.427734	1604.965454	1.000000
0.000000	168.035431	194.350388	1.000000
0.000000	-13426.245117	-2963.499268	1.000000
0.000000	-28608.128906	-61443.078125	1.000000
0.000000	1650.141357	7978.551758	1.000000
0.000000	-2584.991211	1918.568848	1.000000
0.000000	10.241294	-113.238487	1.000000
0.000000	126.838882	277.357605	1.000000
0.000000	-3881.226807	-16106.500977	1.000000
0.000000	674.941223	-53.704857	1.000000
0.000000	-8687.181641	12925.144531	1.000000
0.000000	-924.517700	-3087.245117	1.000000
0.000000	952.845764	475.933380	1.000000
0.000000	193.291153	-233.415985	1.000000
0.000000	-5741.903809	-20526.255859	1.000000
0.000000	-3.188940	-225.934341	1.000000
0.000000	22541.289062	-24502.818359	1.000000
0.000000	-234.088394	-103.826515	1.000000
0.000000	-3300464.250000	1376390.750000	1.000000
0.000000	-17954.923828	-1169.053345	1.000000
0.000000	-16.552485	488.381714	1.000000
0.000000	125.619850	-250.545685	1.000000
0.000000	6652.750488	2797.266602	1.000000
0.000000	-26226.943359	-23395.925781	1.000000
0.000000	-586712.625000	317400.156250	1.000000
0.000000	-108536.234375	249178.859375	1.000000
0.000000	38126.625000	-56191.003906	1.000000
0.000000	535.687988	-1645.733521	1.000000
0.000000	73.445869	80.589104	1.000000
0.000000	-197.295227	-521.944214	1.000000
0.000000	-360.395813	584.328003	1.000000
0.000000	4112436.000000	2116301.500000	1.000000
0.000000	72.727089	191.291122	1.000000
0.000000	-45236.449219	75866.687500	1.000000
0.000000	614.335632	1650.009033	1.000000
0.000000	4734.769043	12589.329102	1.000000
0.000000	629.196106	1707.806641	1.000000
0.000000	-44027.558594	2292.929443	1.000000
0.000000	245820.484375	-842228.687500	1.000000
0.000000	-135.054901	-98.524582	1.000000
0.000000	344.198700	-137.909973	1.000000
0.000000	-33020.925781	-139911.859375	1.000000
0.000000	-14303.897461	-13659.218750	1.000000
0.000000	-281.342529	-77.069923	1.000000
0.000000	-323472.031250	730136.875000	1.000000
0.000000	-31448.636719	-19722.597656	1.000000
0.000000	-332.444000	-1035.332886	1.000000
0.000000	120.431717	-258.497528	1.000000
0.000000	-3725.687988	-12745.660156	1.000000
0.000000	62.882149	-222.062820	1.000000
0.000000	3171.149902	3094.159668	1.000000
0.000000	-19.587725	273.511566	1.000000
0.000000	799305.187500	-982912.687500	1.000000
0.000000	-280.373383	391.035095	1.000000
0.000000	-3377.865479	-2062.250244	1.000000
0.000000	-5.471196	2798.343994	1.000000
0.000000	-244.456848	226.459549	1.000000
0.000000	19904.220703	10452.914062	1.000000
0.000000	-29.249657	603.234070	1.000000
0.000000	-3265.758789	-1880.835083	1.000000
0.000000	65068.152344	112563.820312	1.000000
0.000000	190.793182	142.895264	1.000000
0.000000	484892.843750	100711.796875	1.000000
0.000000	-166.359161	159.680267	1.000000
0.000000	78.826225	187.673569	1.000000
0.000000	301.704620	12.068370	1.000000
0.000000	-185.014328	-89.174805	1.000000
0.000000	-52463.847656	-3106.054932	1.000000
0.000000	11341.643555	1288.302124	1.000000
0.000000	-106.271927	-81.106148	1.000000
0.000000	-58.561638	1835.567139	1.000000
0.000000	-7867.665527	-93044.234375	1.000000
0.000000	-502.474823	1195.752197	1.000000
0.000000	27.719185	219.721436	1.000000
0.000000	225.462814	-44.406700	1.000000
0.000000	50.219173	232.687683	1.000000
0.000000	-42812.332031	-77788.320312	1.000000
0.000000	387.336945	-1021.850098	1.000000
0.000000	-71.888985	231.144958	1.000000
0.000000	-37.998627	-289.297577	1.000000
0.000000	-449.085205	602.567261	1.000000
0.000000	316.228973	143.976349	1.000000
0.000000	190.317902	893.359985	1.000000
0.000000	-128.690369	63.019157	1.000000
0.000000	152.594086	449.805511	1.000000
0.000000	-10886.239258	563.026794	1.000000
0.000000	28171368.000000	16549397.000000	1.000000
0.000000	229.750320	-552.509277	1.000000
0.000000	-32819.156250	266843.125000	1.000000
0.000000	-115.937386	8.140886	1.000000
0.000000	1388.084717	2737.429688	1.000000
0.000000	4654.217285	10652.555664	1.000000
0.000000	-48641.664062	-126250.796875	1.000000
0.000000	155.828308	-459.832855	1.000000
0.000000	1929694.125000	165157.796875	1.000000
0.000000	-180219.453125	-177937.812500	1.000000
0.000000	-70119.960938	13803.305664	1.000000
0.000000	194.962784	-26.328457	1.000000
0.000000	-131073.968750	14851.023438	1.000000
0.000000	-968.195251	182.108948	1.000000
0.000000	-1253.756226	1091.615601	1.000000
0.000000	-1156.508545	1056.557495	1.000000
0.000000	49232.722656	57446.531250	1.000000
0.000000	83967.054688	3752.543213	1.000000
0.000000	946.420349	-438.221924	1.000000
0.000000	-250.442383	-220.421616	1.000000
0.000000	-1589278.625000	-1200867.375000	1.000000
0.000000	-157.077225	112.312653	1.000000
0.000000	2590553.750000	19259.761719	1.000000
0.000000	94.363403	-72.373871	1.000000
0.000000	-10379.230469	13096.982422	1.000000
0.000000	1826645.375000	135461.921875	1.000000
0.000000	-1578.498901	674.597900	1.000000
0.000000	153.462250	22.956989	1.000000
0.000000	250.687637	32.848572	1.000000
0.000000	544.885925	1034.246460	1.000000
0.000000	-10535.752930	7328.917480	1.000000
0.000000	-253.777359	136.793182	1.000000
0.000000	27329.193359	25774.230469	1.000000
0.000000	-14.526723	211.188278	1.000000
0.000000	267.548187	376.808441	1.000000
0.000000	72.957062	-9082.564453	1.000000
0.000000	-5480.198730	9771.025391	1.000000
0.000000	459076.531250	25673.617188	1.000000
0.000000	-901.354187	1057.701660	1.000000
0.000000	2078.827148	-5332.985840	1.000000
0.000000	3484.692871	-1967.583740	1.000000
0.000000	73.798019	-30.199242	1.000000
0.000000	119.349007	116.275780	1.000000
0.000000	1018.972290	-629.123779	1.000000
0.000000	1193.596313	11852.514648	1.000000
0.000000	18160.503906	-23761.462891	1.000000
0.000000	197.303787	-7.771514	1.000000
0.000000	-20.191608	-85.926926	1.000000
0.000000	1249.283447	1106.097412	1.000000
0.000000	287.621277	-42.506741	1.000000
0.000000	86.989067	49.363106	1.000000
0.000000	-1553.725098	94.844780	1.000000
0.000000	75197.140625	-7421.933594	1.000000
0.000000	48.627312	282.862488	1.000000
0.000000	-334.550171	-720.712036	1.000000
0.000000	1186.568115	-9724.500000	1.000000
0.000000	191.434174	194.063293	1.000000
0.000000	141.742676	138.012253	1.000000
0.000000	-3920.259033	-4716.818848	1.000000
0.000000	389.324310	211.929428	1.000000
0.000000	-1927.521118	-2893.109619	1.000000
0.000000	-47.347237	157.186844	1.000000
0.000000	22223.937500	38963.046875	1.000000
0.000000	223.001129	-24.315142	1.000000
0.000000	757.478088	-552.002991	1.000000
0.000000	1142.437256	636.175232	1.000000
0.000000	-314.449371	506.565796	1.000000
0.000000	60.946255	-215.944061	1.000000
0.000000	9519.108398	4954.113770	1.000000
0.000000	-92738.593750	-330134.281250	1.000000
0.000000	7857.810059	16944.148438	1.000000
0.000000	128.130432	-87.246307	1.000000
0.000000	3357.170166	-1034.507935	1.000000
0.000000	-423427.375000	-81848.875000	1.000000
0.000000	-44105600.000000	-10494824.000000	1.000000
0.000000	5965.456055	-4698.861816	1.000000
0.000000	-239.250946	36.877972	1.000000
0.000000	913.180420	-1756.924194	1.000000
0.000000	5953.864258	436.683105	1.000000
0.000000	-141.502640	-51.550213	1.000000
0.000000	-354.467590	1022.942261	1.000000
0.000000	-18800.095703	197.612045	1.000000
0.000000	-498.847229	-153.395157	1.000000
0.000000	283.858978	-218.260834	1.000000
0.000000	14426.392578	-11089.651367	1.000000
