0.000000	31680.062500	455641.250000	1.000000
0.000000	214915.125000	175000.640625	1.000000
0.000000	1147.309326	-12516.155273	1.000000
0.000000	-783.808899	652.537659	1.000000
0.000000	16909.123047	27660.375000	1.000000
0.000000	-13950.375977	813.929871	1.000000
0.000000	-918.428406	-2339.461670	1.000000
0.000000	-594946.812500	1523932.125000	1.000000
0.000000	3439.143311	-2427.915039	1.000000
0.000000	9292453.000000	3386659.750000	1.000000
0.000000	78697400.000000	19959642.000000	1.000000
0.000000	-24.720894	-116.956818	1.000000
0.000000	-172.003693	-132.217041	1.000000
0.000000	102.117699	15.848427	1.000000
0.000000	-73337376.000000	-31090268.000000	1.000000
0.000000	509.015686	-4645.562012	1.000000
0.000000	313.762695	-156.335251	1.000000
0.000000	-6035.970215	7582.685547	1.000000
0.000000	-987.956970	476.364044	1.000000
0.000000	-214.340073	43.296902	1.000000
0.000000	866.047180	7755.944336	1.000000
0.000000	10012.890625	84916.320312	1.000000
0.000000	2.540404	567.588989	1.000000
0.000000	41.594265	267.167969	1.000000
0.000000	-207280.328125	-53153.769531	1.000000
0.000000	156.332733	-79.195892	1.000000
0.000000	10392.838867	35640.207031	1.000000
0.000000	-3674.092529	11630.728516	1.000000
0.000000	182.861618	-54.507729	1.000000
0.000000	-61732.382812	-273296.843750	1.000000
0.000000	5326.946289	-9110.378906	1.000000
0.000000	4629.918945	842.786011	1.000000
0.000000	-26.163097	362.329742	1.000000
0.000000	-348.005981	-383.474396	1.000000
0.000000	-38.273727	128.094681	1.000000
0.000000	4627.875000	2673.865479	1.000000
0.000000	250.079163	27.616316	1.000000
0.000000	-5539.805176	-1342.149292	1.000000
0.000000	-246359.515625	-73490.468750	1.000000
0.000000	-46938.230469	-6004.172363	1.000000
0.000000	267.145355	-74.995354	1.000000
0.000000	390.099854	224.343933	1.000000
0.000000	3.741121	-17.149445	1.000000
0.000000	29.690544	92.631386	1.000000
0.000000	15.428536	-20.194479	1.000000
0.000000	-462.795746	-512.720154	1.000000
0.000000	-4293.553711	3502.414551	1.000000
0.000000	-679.922119	216.328140	1.000000
0.000000	-53.772255	-4.876475	1.000000
0.000000	0.195398	-29.565117	1.000000
0.000000	6781.708496	6307.728516	1.000000
0.000000	-726.449402	1912.061157	1.000000
0.000000	175.214783	1562.641113	1.000000
0.000000	-3244.953857	-11863.747070	1.000000
0.492269	57.763535	-140.094894	1.000000
0.000000	-22.624792	-6.494935	1.000000
0.000000	-131.521240	126.854965	1.000000
0.000000	29405522.000000	-21550876.000000	1.000000
0.000000	-343.288391	1507.134399	1.000000
0.000000	670.671265	323.143707	1.000000
0.000000	1848.049927	26467.775391	1.000000
0.000000	3163.764160	-1406.526855	1.000000
0.000000	47.577801	-27.276501	1.000000
0.000000	19.033108	-140.104767	1.000000
0.000000	5548.072754	-2693.319824	1.000000
0.000000	400931.562500	-1051564.750000	1.000000
0.000000	40433.609375	142716.750000	1.000000
0.000000	899154304.000000	-490293056.000000	1.000000
0.000000	5287.295898	-14670.318359	1.000000
0.000000	-11819835.000000	-661638.187500	1.000000
0.000000	10477.428711	-15343.665039	1.000000
0.000000	59.965645	-108.482193	1.000000
0.000000	-69.756470	-593.712585	1.000000
0.000000	-770.852905	931.317139	1.000000
0.000000	424666.437500	2557.385498	1.000000
0.000000	-9082.919922	10702.184570	1.000000
0.000000	85.906143	603.773010	1.000000
0.000000	56.083614	-17.743238	1.000000
0.000000	3395.595215	-13018.860352	1.000000
0.000000	-935690816.000000	516809408.000000	1.000000
0.000000	1333545.500000	79990.984375	1.000000
0.000000	370399.937500	-121689.890625	1.000000
0.000000	282807.000000	227311.281250	1.000000
0.000000	25144.884766	-23263.855469	1.000000
0.000000	2203343.750000	934001.937500	1.000000
0.000000	-11.799648	-7.991691	1.000000
0.000000	351.931061	27.936689	1.000000
0.000000	-3336.688721	-581.373291	1.000000
0.000000	-1639.128052	1448.580688	1.000000
0.000000	-26.857605	36.954880	1.000000
0.000000	81.948822	216.677795	1.000000
0.000000	-949.708374	1172.391968	1.000000
0.000000	681.758362	-40.621361	1.000000
0.000000	173.574020	-450.312897	1.000000
0.000000	-4355021.000000	2416277.250000	1.000000
0.000000	869.250244	475.108093	1.000000
0.000000	145.266022	-88013.218750	1.000000
0.000000	1711789.125000	-2028472.500000	1.000000
0.000000	760.966919	-1781.067383	1.000000
0.000000	-488.922424	-5146.665527	1.000000
0.000000	691415.187500	-227180.968750	1.000000
0.000000	12310197.000000	-6573529.500000	1.000000
0.000000	-21880.654297	-21238.839844	1.000000
0.000000	170415.953125	-24364.996094	1.000000
0.000000	143.816818	-58.746830	1.000000
0.000000	24.265650	45.597000	1.000000
0.000000	889.627625	-1719.606201	1.000000
0.000000	28.529106	-33.994072	1.000000
0.000000	4.517762	-10.198418	1.000000
0.000000	-802.897949	803.050720	1.000000
0.000000	59.482704	-3180.470947	1.000000
0.000000	-53584.039062	119833.890625	1.000000
0.000000	-5.140767	-12.844040	1.000000
0.000000	-81.314194	-44.422726	1.000000
0.000000	-401.753143	-1153.337280	1.000000
0.000000	-64854.402344	15693.832031	1.000000
0.000000	2350.910889	516.979797	1.000000
0.000000	55563.457031	149407.734375	1.000000
0.000000	-12964.194336	6690.698242	1.000000
0.000000	-41560.785156	-29950.273438	1.000000
0.000000	-8687.215820	13651.832031	1.000000
0.000000	51.508083	220.172363	1.000000
0.000000	-100.480621	-20.553663	1.000000
0.000000	1349.609863	3375.281982	1.000000
0.000000	356.643951	-340.555756	1.000000
0.000000	2106.918701	339.430878	1.000000
0.000000	510.709869	-256.169495	1.000000
0.000000	14052.384766	-13959.582031	1.000000
1.013307	-56.236671	14.546426	1.000000
0.000000	-1058.122559	1789.098755	1.000000
0.834616	27.055841	54.107384	1.000000
0.000000	-13620.581055	-2919.773682	1.000000
0.000000	-28483.753906	-61287.609375	1.000000
0.000000	1541.313232	7811.422852	1.000000
0.000000	-2706.451172	2075.980957	1.000000
0.000000	-171.845306	-32.953453	1.000000
0.000000	258.442139	426.631897	1.000000
0.000000	-4007.545166	-16261.969727	1.000000
0.000000	483.781158	-109.242424	1.000000
0.000000	-8488.958984	12909.597656	1.000000
0.000000	-984.518921	-2897.767578	1.000000
0.000000	974.465637	278.075104	1.000000
0.000000	-1.171087	-191.208649	1.000000
0.000000	-5938.183105	-20557.349609	1.000000
0.000000	-13.657270	-27.213261	1.000000
0.000000	22595.703125	-24308.482422	1.000000
0.000000	-101.134247	42.330013	1.000000
0.000000	-3300464.250000	1376390.750000	1.000000
0.000000	-17884.962891	-983.462524	1.000000
0.000000	67.088799	308.700745	1.000000
0.021221	60.550716	-64.009430	1.000000
0.000000	6588.619629	2985.772461	1.000000
0.000000	-26413.505859	-23458.113281	1.000000
0.000000	-586712.625000	317275.781250	1.000000
0.000000	-108536.234375	249365.421875	1.000000
0.000000	38328.734375	-56191.003906	1.000000
0.000000	406.940399	-1494.151489	1.000000
0.000000	-21.037441	-94.552307	1.000000
0.000000	-151.808472	-715.551392	1.000000
0.000000	-306.103210	392.907074	1.000000
0.000000	4112436.000000	2116301.500000	1.000000
0.000000	-122.347534	151.998825	1.000000
0.000000	-45158.714844	75680.125000	1.000000
0.000000	434.870056	1564.015381	1.000000
0.000000	4542.376465	12639.856445	1.000000
0.000000	648.872620	1906.029297	1.000000
0.000000	-43887.636719	2147.177490	1.000000
0.000000	246007.046875	-842228.687500	1.000000
0.000000	44.228779	-15.302351	1.000000
0.000000	150.158264	-151.324295	1.000000
0.000000	-33098.660156	-139725.296875	1.000000
0.000000	-14237.823242	-13845.781250	1.000000
0.000000	-82.587982	-66.988747	1.000000
0.000000	-323223.281250	730136.875000	1.000000
0.000000	-31619.652344	-19823.652344	1.000000
0.000000	-152.561783	-950.310913	1.000000
0.021221	65.383774	-65.829399	1.000000
0.000000	-3916.137207	-12687.359375	1.000000
0.000000	10.535142	-30.368578	1.000000
0.000000	3111.877441	3283.637207	1.000000
0.000000	-113.825081	448.718842	1.000000
0.000000	799553.937500	-982912.687500	1.000000
0.000000	-84.147270	357.876526	1.000000
0.000000	-3568.314697	-2005.892944	1.000000
0.000000	36.348061	2604.008057	1.000000
0.000000	-104.054306	85.392975	1.000000
0.000000	20005.275391	10281.898438	1.000000
0.000000	-225.394897	636.757019	1.000000
0.000000	-3076.281250	-1818.647583	1.000000
0.000000	65005.964844	112377.257812	1.000000
0.000000	42.970482	8.682178	1.000000
0.000000	484892.843750	100525.234375	1.000000
0.000000	-22.429121	22.252401	1.000000
0.000000	80.539436	-9.085443	1.000000
0.000000	267.574371	-183.973511	1.000000
0.000000	12.400535	-75.958481	1.000000
0.000000	-52541.582031	-3286.787354	1.000000
0.000000	11236.702148	1119.229858	1.000000
0.000000	-160.370132	110.405243	1.000000
0.000000	-174.756241	1997.351807	1.000000
0.000000	-7857.948730	-92857.671875	1.000000
0.000000	-383.322601	1355.107666	1.000000
0.000000	155.867065	71.358086	1.000000
0.000000	32.603237	11.546404	1.000000
0.000000	41.067429	33.872608	1.000000
0.000000	-42656.863281	-77912.695312	1.000000
0.000000	542.903015	-897.718018	1.000000
0.000000	-175.477875	61.222477	1.000000
0.000000	51.046986	-467.236420	1.000000
0.000000	-430.866211	404.344604	1.000000
0.000000	177.157333	286.327423	1.000000
0.000000	143.009247	699.995728	1.000000
0.000000	-40.674088	-101.660294	1.000000
0.000000	-7.638630	331.058044	1.000000
0.000000	-10688.016602	577.601990	1.000000
0.000000	28171368.000000	16549397.000000	1.000000
0.000000	95.590454	-405.542755	1.000000
0.000000	-32896.890625	266967.500000	1.000000
0.000000	79.935944	15.951328	1.000000
0.000000	1222.413330	2847.229492	1.000000
0.000000	4848.553223	10605.915039	1.000000
0.000000	-48843.773438	-126250.796875	1.000000
0.000000	330.522552	-364.608246	1.000000
0.000000	1929694.125000	165033.421875	1.000000
0.000000	-180406.015625	-177937.812500	1.000000
0.000000	-69964.492188	13916.020508	1.000000
0.000000	77.432915	129.070923	1.000000
0.000000	-131011.781250	14660.574219	1.000000
0.000000	-790.620789	92.107124	1.000000
0.000000	-1128.895386	1246.598511	1.000000
0.000000	-1105.009521	864.366699	1.000000
0.000000	49186.082031	57259.968750	1.000000
0.000000	84122.523438	3872.059814	1.000000
0.000000	756.699890	-498.708984	1.000000
0.000000	-73.535950	-129.265915	1.000000
0.000000	-1589278.625000	-1200867.375000	1.000000
0.834616	31.724007	53.438416	1.000000
0.000000	2590553.750000	19080.972656	1.000000
0.000000	28.363550	107.325188	1.000000
0.000000	-10262.628906	12933.740234	1.000000
0.000000	1826645.375000	135586.296875	1.000000
0.000000	-1601.333374	476.861084	1.000000
0.000000	-40.403481	-16.724340	1.000000
0.000000	85.145576	143.316406	1.000000
0.000000	703.755554	1154.248901	1.000000
0.000000	-10399.717773	7183.165527	1.000000
0.000000	-58.712669	97.403015	1.000000
0.000000	27321.419922	25572.121094	1.000000
0.000000	-159.791962	75.164925	1.000000
0.000000	258.560150	178.002319	1.000000
0.000000	266.555603	-9129.205078	1.000000
0.000000	-5281.976074	9767.138672	1.000000
0.000000	458952.156250	25821.312500	1.000000
0.000000	-714.791687	988.712402	1.000000
0.000000	1918.892334	-5451.530762	1.000000
0.000000	3480.806152	-1768.389404	1.000000
0.000000	-35.050892	-196.784576	1.000000
1.013307	-50.827549	12.669006	1.000000
0.000000	1104.494385	-449.563751	1.000000
0.000000	1170.761841	12050.737305	1.000000
0.000000	18354.839844	-23722.595703	1.000000
0.000000	-1.457626	6.352087	1.000000
0.000000	-25.118425	109.360321	1.000000
0.000000	1414.468994	995.263062	1.000000
0.000000	88.675880	-37.420605	1.000000
0.492269	52.792294	-142.900528	1.000000
0.000000	-1743.202637	34.152634	1.000000
0.000000	75010.578125	-7443.310547	1.000000
0.000000	-4.354388	91.030853	1.000000
0.000000	-533.501587	-720.712036	1.000000
0.000000	1199.199951	-9922.722656	1.000000
0.000000	71.113731	35.560768	1.000000
0.000000	-8.160002	11.024760	1.000000
0.000000	-4011.596924	-4893.664551	1.000000
0.000000	193.025543	179.499619	1.000000
0.000000	-1767.679810	-2774.564697	1.000000
0.000000	-126.391083	-18.855129	1.000000
0.000000	22192.843750	38760.937500	1.000000
0.000000	27.389997	-20.803293	1.000000
0.000000	558.526672	-555.403870	1.000000
0.000000	970.449951	536.092224	1.000000
0.000000	-306.190094	307.735840	1.000000
0.000000	-61.614990	-69.983917	1.000000
0.000000	9418.053711	5125.129395	1.000000
0.000000	-92831.875000	-330009.906250	1.000000
0.000000	7659.587402	16936.375000	1.000000
0.000000	-2.740340	62.704453	1.000000
0.000000	3292.067627	-1222.527954	1.000000
0.000000	-423551.750000	-81693.406250	1.000000
0.000000	-44105600.000000	-10494824.000000	1.000000
0.000000	5876.061523	-4875.707520	1.000000
0.000000	-163.743073	-147.191727	1.000000
0.000000	738.763916	-1852.634644	1.000000
0.000000	6109.333008	560.329346	1.000000
0.000000	43.573521	22.036583	1.000000
0.000000	-155.728455	1032.659058	1.000000
0.000000	-18831.189453	394.116211	1.000000
0.000000	-299.895813	-147.868729	1.000000
0.000000	256.759583	-22.515106	1.000000
0.000000	14243.716797	-11167.385742	1.000000
