0.000000	31614.652344	455702.812500	1.000000
0.000000	214945.906250	175092.984375	1.000000
0.000000	1161.978516	-12614.270508	1.000000
0.000000	-685.332947	651.094788	1.000000
0.000000	16901.427734	27560.335938	1.000000
0.000000	-13854.184570	791.685608	1.000000
0.000000	-830.052551	-2382.747803	1.000000
0.000000	-595069.937500	1523932.125000	1.000000
0.000000	3489.643799	-2343.266602	1.000000
0.000000	9292453.000000	3386659.750000	1.000000
0.000000	78697400.000000	19959642.000000	1.000000
0.000000	-119.784767	-142.754578	1.000000
0.000000	-218.626465	-45.451721	1.000000
0.000000	98.495491	-82.583694	1.000000
0.000000	-73337376.000000	-31090268.000000	1.000000
0.000000	594.746277	-4597.466309	1.000000
0.000000	336.848633	-252.075760	1.000000
0.000000	-6086.951660	7667.333984	1.000000
0.000000	-987.716492	377.888092	1.000000
0.000000	-248.157364	135.819321	1.000000
0.000000	887.209290	7852.135742	1.000000
0.000000	10101.386719	84962.492188	1.000000
0.000000	-16.514280	664.261353	1.000000
0.000000	114.100861	200.495300	1.000000
0.000000	-207218.765625	-53223.027344	1.000000
0.000000	254.538147	-71.485550	1.000000
0.000000	10390.915039	35540.167969	1.000000
0.000000	-3770.764893	11611.490234	1.000000
0.000000	268.952942	-102.362953	1.000000
0.000000	-61632.343750	-273296.843750	1.000000
0.000000	5268.269531	-9031.501953	1.000000
0.000000	4725.148438	867.074341	1.000000
0.000000	-117.043686	400.385101	1.000000
0.000000	-420.089417	-316.320770	1.000000
0.000000	-115.256912	66.652420	1.000000
0.000000	4717.333008	2714.746826	1.000000
0.000000	158.486908	-8.586975	1.000000
0.000000	-5615.796387	-1404.433228	1.000000
0.000000	-246328.734375	-73582.812500	1.000000
0.000000	-46861.277344	-6063.811035	1.000000
0.000000	343.076447	-12.276622	1.000000
0.000000	447.033142	143.963989	1.000000
0.000000	-0.405476	77.464569	1.000000
0.000000	-11.732712	8.502571	1.000000
0.122328	27.893112	75.925232	1.000000
0.000000	-499.949677	-421.518219	1.000000
0.000000	-4212.752930	3446.142578	1.000000
0.000000	-735.833374	297.429535	1.000000
0.000000	-76.820358	-100.402916	1.000000
0.000000	-97.228973	-48.054173	1.000000
0.000000	6879.823730	6297.147461	1.000000
0.000000	-780.196350	1829.577026	1.000000
0.000000	119.241051	1481.599854	1.000000
0.000000	-3302.187744	-11782.946289	1.000000
0.000000	148.743103	-102.316223	1.000000
0.000000	-19.991156	-104.613274	1.000000
0.000000	-33.077709	123.443176	1.000000
0.000000	29405522.000000	-21550876.000000	1.000000
0.000000	-422.646301	1565.330200	1.000000
0.000000	605.862305	397.271210	1.000000
0.000000	1797.308960	26383.126953	1.000000
0.000000	3201.278809	-1497.668213	1.000000
0.000000	-4.250370	-111.038177	1.000000
0.000000	72.179779	-223.039795	1.000000
0.000000	5487.472168	-2770.753906	1.000000
0.000000	400993.125000	-1051564.750000	1.000000
0.000000	40348.960938	142655.187500	1.000000
0.000000	899154304.000000	-490293056.000000	1.000000
0.000000	5223.809570	-14745.347656	1.000000
0.000000	-11819835.000000	-661515.062500	1.000000
0.000000	10527.448242	-15259.016602	1.000000
0.000000	29.635403	-200.075195	1.000000
0.000000	-144.094391	-658.281067	1.000000
0.000000	-672.376953	927.950439	1.000000
0.000000	424543.312500	2532.856689	1.000000
0.000000	-9179.111328	10679.098633	1.000000
0.000000	-9.704882	580.085876	1.000000
0.000000	47.456448	-115.862015	1.000000
0.000000	3405.214355	-13116.975586	1.000000
0.000000	-935690816.000000	516809408.000000	1.000000
0.000000	1333545.500000	80083.328125	1.000000
0.000000	370523.062500	-121705.281250	1.000000
0.000000	282683.875000	227342.062500	1.000000
0.000000	25056.388672	-23217.683594	1.000000
0.000000	2203343.750000	933878.812500	1.000000
0.063949	-63.941978	75.336342	1.000000
0.000000	255.799774	6.455962	1.000000
0.000000	-3275.126221	-504.420166	1.000000
0.000000	-1650.671021	1546.455444	1.000000
0.000000	18.560263	124.356117	1.000000
0.000000	56.640644	121.478363	1.000000
0.000000	-1044.697388	1146.420288	1.000000
0.000000	764.963928	-93.364639	1.000000
0.000000	195.487625	-354.301849	1.000000
0.000000	-4355021.000000	2416277.250000	1.000000
0.000000	954.499878	524.481506	1.000000
0.000000	48.865379	-88028.609375	1.000000
0.000000	1711789.125000	-2028472.500000	1.000000
0.000000	779.363525	-1684.395020	1.000000
0.000000	-407.941284	-5202.456543	1.000000
0.000000	691415.187500	-227273.312500	1.000000
0.000000	12310197.000000	-6573529.500000	1.000000
0.000000	-21903.740234	-21335.031250	1.000000
0.000000	170508.296875	-24422.710938	1.000000
0.000000	101.673187	27.756245	1.000000
0.000000	118.265694	19.364325	1.000000
0.000000	794.277893	-1744.135010	1.000000
0.000000	-31.071157	-106.988686	1.000000
0.000000	41.382904	-101.012650	1.000000
0.000000	-831.154175	897.438538	1.000000
0.000000	-36.011742	-3156.423096	1.000000
0.000000	-53684.078125	119833.890625	1.000000
0.122328	29.419161	80.962799	1.000000
0.000000	-176.603806	-19.471191	1.000000
0.000000	-307.004608	-1126.403687	1.000000
0.000000	-64769.753906	15639.964844	1.000000
0.000000	2380.249268	611.006897	1.000000
0.000000	55640.410156	149469.296875	1.000000
0.000000	-13058.461914	6659.916992	1.000000
0.000000	-41637.738281	-29892.558594	1.000000
0.000000	-8606.415039	13707.623047	1.000000
0.000000	140.498047	262.401855	1.000000
0.000000	-174.213821	45.268242	1.000000
0.000000	1420.551025	3306.986084	1.000000
0.000000	451.753204	-366.226837	1.000000
0.000000	2043.449707	263.920624	1.000000
0.000000	529.944092	-352.781738	1.000000
0.000000	14031.222656	-14055.773438	1.000000
0.000000	-140.239426	-36.895874	1.000000
0.000000	-1095.396729	1697.957397	1.000000
0.000000	96.205902	124.054367	1.000000
0.000000	-13524.389648	-2941.416748	1.000000
0.000000	-28545.316406	-61364.562500	1.000000
0.000000	1595.180420	7894.147461	1.000000
0.000000	-2646.331543	1998.065918	1.000000
0.000000	-81.718262	-72.692528	1.000000
0.000000	193.301407	352.744873	1.000000
0.000000	-3945.020752	-16185.016602	1.000000
0.000000	578.391541	-81.752724	1.000000
0.000000	-8587.074219	12917.292969	1.000000
0.000000	-954.819824	-2991.554199	1.000000
0.000000	963.764343	376.009979	1.000000
0.000000	95.085281	-212.100220	1.000000
0.000000	-5841.029785	-20541.958984	1.000000
0.000000	-8.475710	-125.581192	1.000000
0.000000	22568.769531	-24404.673828	1.000000
0.000000	-166.337997	-29.601280	1.000000
0.000000	-3300464.250000	1376390.750000	1.000000
0.000000	-17919.591797	-1075.325317	1.000000
0.000000	25.718666	397.229980	1.000000
0.000000	92.112694	-155.805542	1.000000
0.000000	6620.362793	2892.466797	1.000000
0.000000	-26321.162109	-23427.332031	1.000000
0.000000	-586712.625000	317337.343750	1.000000
0.000000	-108536.234375	249273.078125	1.000000
0.000000	38228.695312	-56191.003906	1.000000
0.000000	470.667206	-1569.180786	1.000000
0.000000	25.165405	-7.556436	1.000000
0.000000	-174.323273	-619.720703	1.000000
0.000000	-332.976685	487.655609	1.000000
0.000000	4112436.000000	2116301.500000	1.000000
0.000000	-25.792435	171.447525	1.000000
0.000000	-45197.191406	75772.468750	1.000000
0.000000	523.674622	1606.580078	1.000000
0.000000	4637.605957	12614.846680	1.000000
0.000000	639.133240	1807.914062	1.000000
0.000000	-43956.894531	2219.321045	1.000000
0.000000	245914.703125	-842228.687500	1.000000
0.000000	-44.136063	-55.693695	1.000000
0.000000	248.363678	-143.719162	1.000000
0.000000	-33060.183594	-139817.640625	1.000000
0.000000	-14270.528320	-13753.437500	1.000000
0.000000	-180.966812	-71.978676	1.000000
0.000000	-323346.406250	730136.875000	1.000000
0.000000	-31535.003906	-19773.632812	1.000000
0.000000	-241.598953	-992.394653	1.000000
0.000000	93.273285	-161.733932	1.000000
0.000000	-3821.869629	-12716.216797	1.000000
0.000000	33.814499	-125.850510	1.000000
0.000000	3141.215820	3189.850586	1.000000
0.000000	-67.150993	362.025665	1.000000
0.000000	799430.812500	-982912.687500	1.000000
0.000000	-181.270538	374.289185	1.000000
0.000000	-3474.047119	-2033.788452	1.000000
0.000000	15.648909	2700.199463	1.000000
0.000000	-173.547424	155.212753	1.000000
0.000000	19955.255859	10366.546875	1.000000
0.000000	-128.301697	620.164001	1.000000
0.000000	-3170.067871	-1849.428833	1.000000
0.000000	65036.746094	112469.601562	1.000000
0.000000	114.798889	77.447388	1.000000
0.000000	484892.843750	100617.578125	1.000000
0.000000	-93.670876	90.273689	1.000000
0.000000	80.099037	87.173668	1.000000
0.000000	284.467987	-86.940430	1.000000
0.000000	-84.722878	-82.780075	1.000000
0.000000	-52503.105469	-3197.329346	1.000000
0.000000	11288.645508	1202.916382	1.000000
0.000000	-133.586838	15.611627	1.000000
0.000000	-117.249001	1917.272461	1.000000
0.000000	-7862.758301	-92950.015625	1.000000
0.000000	-442.299957	1276.230713	1.000000
0.000000	90.787567	145.305222	1.000000
0.117485	126.773285	-17.346918	1.000000
0.000000	48.041573	131.303619	1.000000
0.000000	-42733.816406	-77851.132812	1.000000
0.000000	465.913910	-959.160278	1.000000
0.000000	-124.196953	145.329834	1.000000
0.000000	6.971761	-379.161163	1.000000
0.000000	-439.884155	502.459839	1.000000
0.000000	245.994308	215.867218	1.000000
0.000000	166.425842	795.706177	1.000000
0.000000	-81.657898	-25.799826	1.000000
0.000000	71.644836	390.244049	1.000000
0.000000	-10786.131836	570.387634	1.000000
0.000000	28171368.000000	16549397.000000	1.000000
0.000000	161.999924	-478.287506	1.000000
0.000000	-32858.414062	266905.937500	1.000000
0.238384	-17.635361	10.502993	1.000000
0.000000	1304.416504	2792.881348	1.000000
0.000000	4752.361816	10629.000977	1.000000
0.000000	-48743.734375	-126250.796875	1.000000
0.000000	244.066376	-411.742035	1.000000
0.000000	1929694.125000	165094.984375	1.000000
0.000000	-180313.671875	-177937.812500	1.000000
0.000000	-70041.445312	13860.229492	1.000000
0.000000	136.650757	50.360802	1.000000
0.000000	-131042.562500	14754.841797	1.000000
0.000000	-878.515686	136.655762	1.000000
0.000000	-1190.698364	1169.885864	1.000000
0.000000	-1130.500244	959.475952	1.000000
0.000000	49209.167969	57352.312500	1.000000
0.000000	84045.570312	3812.902100	1.000000
0.000000	850.606750	-468.769409	1.000000
0.000000	-161.100189	-174.385696	1.000000
0.000000	-1589278.625000	-1200867.375000	1.000000
0.063949	-61.795685	78.687538	1.000000
0.000000	2590553.750000	19169.468750	1.000000
0.000000	61.001381	15.886501	1.000000
0.000000	-10320.343750	13014.541016	1.000000
0.000000	1826645.375000	135524.734375	1.000000
0.000000	-1590.030884	574.735840	1.000000
0.000000	55.613079	5.256770	1.000000
0.000000	167.080765	88.637604	1.000000
0.000000	625.119080	1094.850708	1.000000
0.000000	-10467.051758	7255.309082	1.000000
0.000000	-155.264786	116.896805	1.000000
0.000000	27325.267578	25672.160156	1.000000
0.000000	-87.888885	142.487106	1.000000
0.000000	263.009003	276.394318	1.000000
0.000000	170.724915	-9106.119141	1.000000
0.000000	-5380.091309	9769.062500	1.000000
0.000000	459013.718750	25748.207031	1.000000
0.000000	-807.135437	1022.860352	1.000000
0.000000	1998.009766	-5392.854004	1.000000
0.000000	3482.729980	-1866.985596	1.000000
0.000000	18.827129	-114.330505	1.000000
0.000000	33.395870	64.182503	1.000000
0.000000	1062.170166	-538.462769	1.000000
0.000000	1182.064331	11952.622070	1.000000
0.000000	18258.648438	-23741.833984	1.000000
0.000000	97.073685	-0.466033	1.000000
0.238384	-21.098551	11.845798	1.000000
0.000000	1332.706299	1050.155029	1.000000
0.000000	187.145828	-39.938114	1.000000
0.000000	69.808899	-48.199036	1.000000
0.000000	-1649.416016	64.189949	1.000000
0.000000	75102.921875	-7432.729492	1.000000
0.000000	21.869045	185.983948	1.000000
0.000000	-435.025635	-720.712036	1.000000
0.000000	1192.947510	-9824.607422	1.000000
0.000000	130.676575	114.014160	1.000000
0.000000	65.085350	73.022163	1.000000
0.000000	-3966.386963	-4806.130371	1.000000
0.000000	290.198334	195.551559	1.000000
0.000000	-1846.797241	-2833.241455	1.000000
0.000000	-84.878479	70.468246	1.000000
0.000000	22208.234375	38860.976562	1.000000
0.117485	125.128036	-22.136919	1.000000
0.000000	657.002625	-553.720520	1.000000
0.000000	1055.579346	585.630798	1.000000
0.000000	-310.278229	406.151672	1.000000
0.000000	-2.447405	-137.949829	1.000000
0.000000	9468.073242	5040.480957	1.000000
0.000000	-92785.703125	-330071.468750	1.000000
0.000000	7757.702637	16940.222656	1.000000
0.000000	62.690308	-10.848032	1.000000
0.000000	3324.291748	-1129.462769	1.000000
0.000000	-423490.187500	-81770.359375	1.000000
0.000000	-44105600.000000	-10494824.000000	1.000000
0.000000	5920.309570	-4788.173340	1.000000
0.000000	-201.137482	-56.062241	1.000000
0.000000	825.095703	-1805.260376	1.000000
0.000000	6032.379883	499.127563	1.000000
0.000000	-48.204006	-14.184548	1.000000
0.000000	-254.114227	1027.849487	1.000000
0.000000	-18815.798828	296.842651	1.000000
0.000000	-398.371765	-150.604172	1.000000
0.000000	268.001953	-120.374832	1.000000
0.000000	14334.136719	-11128.909180	1.000000
