0.000000	31554.222656	455759.687500	1.000000
0.000000	214974.343750	175178.296875	1.000000
0.000000	1175.530762	-12704.915039	1.000000
0.000000	-594.355164	649.761780	1.000000
0.000000	16894.318359	27467.914062	1.000000
0.000000	-13765.317383	771.135071	1.000000
0.000000	-748.405823	-2422.738037	1.000000
0.000000	-595183.687500	1523932.125000	1.000000
0.000000	3536.299072	-2265.063477	1.000000
0.000000	9292453.000000	3386659.750000	1.000000
0.000000	78697400.000000	19959642.000000	1.000000
0.000000	-207.597961	-166.582092	1.000000
0.000000	-261.702942	34.702869	1.000000
0.000000	95.149086	-173.526779	1.000000
0.000000	-73337376.000000	-31090268.000000	1.000000
0.000000	673.949158	-4553.032715	1.000000
0.000000	358.176758	-340.552917	1.000000
0.000000	-6134.051270	7745.537109	1.000000
0.000000	-987.494324	286.910309	1.000000
0.000000	-279.378937	221.298447	1.000000
0.000000	906.760071	7941.002930	1.000000
0.000000	10183.144531	85005.148438	1.000000
0.000000	-34.118038	753.572876	1.000000
0.329165	180.496933	140.504822	1.000000
0.000000	-207161.890625	-53287.011719	1.000000
0.000000	345.238678	-64.362289	1.000000
0.000000	10389.137695	35447.746094	1.000000
0.000000	-3860.076416	11593.716797	1.000000
0.000000	348.489075	-146.574371	1.000000
0.000000	-61539.921875	-273296.843750	1.000000
0.000000	5214.060547	-8958.630859	1.000000
0.000000	4813.126953	889.513306	1.000000
0.000000	-200.965820	435.598724	1.000000
0.000000	-486.684265	-254.281143	1.000000
0.000000	-186.378433	9.882073	1.000000
0.000000	4799.979492	2752.515381	1.000000
0.000000	73.858391	-42.018578	1.000000
0.000000	-5686.001465	-1461.974731	1.000000
0.000000	-246300.296875	-73668.125000	1.000000
0.000000	-46790.183594	-6118.908691	1.000000
0.000000	413.225983	45.665745	1.000000
0.000000	499.631409	69.693443	1.000000
0.000000	-1.222623	168.462418	1.000000
0.000000	-50.170132	-75.500961	1.000000
0.000000	39.141804	166.084991	1.000000
0.000000	-534.274597	-337.261017	1.000000
0.000000	-4138.104492	3394.155273	1.000000
0.000000	-787.487427	372.355682	1.000000
0.000000	-96.843246	-189.163330	1.000000
0.000000	-186.285767	-66.771828	1.000000
0.000000	6970.468262	6287.372070	1.000000
0.000000	-829.850891	1753.373413	1.000000
0.000000	67.517570	1406.729248	1.000000
0.000000	-3355.063721	-11708.297852	1.000000
0.000000	232.778137	-67.421967	1.000000
0.000000	-18.336370	-193.897583	1.000000
0.000000	57.867310	120.291168	1.000000
0.000000	29405522.000000	-21550876.000000	1.000000
0.000000	-495.961731	1619.094849	1.000000
0.000000	545.988037	465.754486	1.000000
0.000000	1750.431519	26304.923828	1.000000
0.000000	3235.937012	-1581.869873	1.000000
0.000000	-51.537800	-190.122345	1.000000
0.000000	121.278900	-299.644135	1.000000
0.000000	5431.485840	-2842.291992	1.000000
0.000000	401050.000000	-1051564.750000	1.000000
0.000000	40270.757812	142598.312500	1.000000
0.000000	899154304.000000	-490293056.000000	1.000000
0.000000	5165.157227	-14814.664062	1.000000
0.000000	-11819835.000000	-661401.312500	1.000000
0.000000	10573.659180	-15180.813477	1.000000
0.000000	2.752929	-287.016266	1.000000
0.000000	-212.772064	-717.933167	1.000000
0.000000	-581.399170	924.840088	1.000000
0.000000	424429.562500	2510.195557	1.000000
0.000000	-9267.978516	10657.770508	1.000000
0.000000	-98.034798	558.202332	1.000000
0.000000	39.486172	-206.506546	1.000000
0.000000	3414.101074	-13207.620117	1.000000
0.000000	-935690816.000000	516809408.000000	1.000000
0.000000	1333545.500000	80168.640625	1.000000
0.000000	370636.812500	-121719.500000	1.000000
0.000000	282570.125000	227370.500000	1.000000
0.000000	24974.630859	-23175.027344	1.000000
0.000000	2203343.750000	933765.062500	1.000000
0.000000	-108.735527	149.908203	1.000000
0.000000	168.484329	-15.881808	1.000000
0.000000	-3218.251221	-433.326416	1.000000
0.000000	-1661.335083	1636.877808	1.000000
0.000000	60.521126	205.113541	1.000000
0.000000	33.264408	33.530025	1.000000
0.000000	-1132.453735	1122.426147	1.000000
0.000000	841.834045	-142.092865	1.000000
0.000000	215.732681	-265.601288	1.000000
0.000000	-4355021.000000	2416277.250000	1.000000
0.000000	1033.245361	570.137024	1.000000
0.000000	-40.191753	-88042.828125	1.000000
0.000000	1711789.125000	-2028472.500000	1.000000
0.000000	796.359375	-1595.083496	1.000000
0.000000	-333.126221	-5253.999512	1.000000
0.000000	691415.187500	-227358.625000	1.000000
0.000000	12310197.000000	-6573529.500000	1.000000
0.000000	-21925.068359	-21423.898438	1.000000
0.000000	170593.609375	-24476.031250	1.000000
0.000000	62.515820	109.899963	1.000000
0.000000	205.942703	-8.219866	1.000000
0.000000	706.188293	-1766.796143	1.000000
0.000000	-90.941658	-175.523239	1.000000
0.000000	74.499817	-185.769730	1.000000
0.000000	-857.258911	984.639465	1.000000
0.000000	-124.237991	-3134.206299	1.000000
0.000000	-53776.500000	119833.890625	1.000000
0.000000	61.653831	166.212936	1.000000
0.000000	-264.677643	3.619090	1.000000
0.000000	-219.482025	-1101.520874	1.000000
0.000000	-64691.550781	15590.199219	1.000000
0.000000	2407.353760	697.874573	1.000000
0.000000	55711.503906	149526.171875	1.000000
0.000000	-13145.551758	6631.479492	1.000000
0.000000	-41708.832031	-29839.238281	1.000000
0.000000	-8531.766602	13759.166016	1.000000
0.000000	222.700195	301.392334	1.000000
0.000000	-241.225235	106.836540	1.000000
0.000000	1486.090576	3243.890381	1.000000
0.000000	539.620605	-389.943268	1.000000
0.000000	1985.019531	194.184509	1.000000
0.000000	547.717529	-442.037720	1.000000
0.000000	14011.671875	-14144.640625	1.000000
0.000000	-217.831589	-84.421974	1.000000
0.000000	-1129.832764	1613.755737	1.000000
0.000000	161.245575	187.705490	1.000000
0.000000	-13435.522461	-2961.411865	1.000000
0.000000	-28602.191406	-61435.656250	1.000000
0.000000	1644.946045	7970.573242	1.000000
0.000000	-2590.789551	1926.083496	1.000000
0.000000	1.548664	-109.405785	1.000000
0.000000	133.121658	284.483765	1.000000
0.000000	-3887.257080	-16113.922852	1.000000
0.000000	665.814636	-56.356148	1.000000
0.000000	-8677.718750	12924.402344	1.000000
0.000000	-927.382080	-3078.199707	1.000000
0.000000	953.877869	466.487885	1.000000
0.000000	184.008011	-231.401062	1.000000
0.000000	-5751.273926	-20527.740234	1.000000
0.000000	-3.688684	-216.448257	1.000000
0.000000	22543.886719	-24493.541016	1.000000
0.000000	-227.684128	-96.810524	1.000000
0.000000	-3300464.250000	1376390.750000	1.000000
0.000000	-17951.583984	-1160.193481	1.000000
0.000000	-12.556704	479.765381	1.000000
0.000000	122.452507	-241.590149	1.000000
0.000000	6649.688965	2806.265625	1.000000
0.000000	-26235.849609	-23398.894531	1.000000
0.000000	-586712.625000	317394.218750	1.000000
0.000000	-108536.234375	249187.765625	1.000000
0.000000	38136.273438	-56191.003906	1.000000
0.000000	529.541748	-1638.497192	1.000000
0.000000	68.882576	72.256889	1.000000
0.000000	-195.123749	-531.186768	1.000000
0.000000	-357.803955	575.189819	1.000000
0.000000	4112436.000000	2116301.500000	1.000000
0.000000	63.414913	189.415359	1.000000
0.000000	-45232.738281	75857.781250	1.000000
0.000000	605.765686	1645.903809	1.000000
0.000000	4725.584473	12591.741211	1.000000
0.000000	630.135437	1717.269531	1.000000
0.000000	-44020.878906	2285.971436	1.000000
0.000000	245829.390625	-842228.687500	1.000000
0.000000	-126.461502	-94.475891	1.000000
0.000000	334.724213	-138.643463	1.000000
0.000000	-33024.636719	-139902.953125	1.000000
0.000000	-14300.743164	-13668.125000	1.000000
0.000000	-271.856445	-76.588661	1.000000
0.000000	-323460.156250	730136.875000	1.000000
0.000000	-31456.800781	-19727.421875	1.000000
0.000000	-323.856659	-1031.274048	1.000000
0.000000	117.864502	-249.351425	1.000000
0.000000	-3734.779785	-12742.876953	1.000000
0.000000	60.134460	-212.968124	1.000000
0.000000	3168.320312	3103.205078	1.000000
0.000000	-24.083975	281.878571	1.000000
0.000000	799317.062500	-982912.687500	1.000000
0.000000	-271.003265	389.452148	1.000000
0.000000	-3386.957275	-2059.559814	1.000000
0.000000	-3.474766	2789.066650	1.000000
0.000000	-237.753967	219.724777	1.000000
0.000000	19909.044922	10444.750000	1.000000
0.000000	-38.613251	604.834412	1.000000
0.000000	-3256.713379	-1877.866333	1.000000
0.000000	65065.183594	112554.914062	1.000000
0.329165	182.484528	137.311035	1.000000
0.000000	484892.843750	100702.890625	1.000000
0.000000	-159.488129	153.119446	1.000000
0.000000	78.946541	178.172989	1.000000
0.000000	300.075287	2.709254	1.000000
0.000000	-175.534042	-88.570328	1.000000
0.000000	-52467.558594	-3114.682861	1.000000
0.000000	11336.633789	1280.230835	1.000000
0.000000	-108.853638	-71.963615	1.000000
0.000000	-64.109200	1843.290527	1.000000
0.000000	-7867.201660	-93035.328125	1.000000
0.000000	-496.786652	1203.359619	1.000000
0.000000	33.995163	212.589478	1.000000
0.000000	216.382614	-41.613350	1.000000
0.000000	49.698772	223.201599	1.000000
0.000000	-42804.910156	-77794.257812	1.000000
0.000000	394.764618	-1015.924194	1.000000
0.000000	-76.833519	223.033081	1.000000
0.000000	-33.747719	-297.792145	1.000000
0.000000	-448.215454	593.104370	1.000000
0.000000	309.589874	150.772003	1.000000
0.000000	188.059448	884.129028	1.000000
0.000000	-124.244720	54.623161	1.000000
0.000000	144.943176	444.175323	1.000000
0.000000	-10876.776367	563.722595	1.000000
0.000000	28171368.000000	16549397.000000	1.000000
0.000000	223.346054	-545.493286	1.000000
0.000000	-32822.867188	266849.062500	1.000000
0.000000	-106.441154	8.382242	1.000000
0.000000	1380.175781	2742.671387	1.000000
0.000000	4663.494629	10650.329102	1.000000
0.000000	-48651.312500	-126250.796875	1.000000
0.000000	164.169220	-455.286957	1.000000
0.000000	1929694.125000	165151.859375	1.000000
0.000000	-180228.359375	-177937.812500	1.000000
0.000000	-70112.539062	13808.686523	1.000000
0.000000	189.251419	-18.737343	1.000000
0.000000	-131071.000000	14841.931641	1.000000
0.000000	-959.718079	177.812378	1.000000
0.000000	-1247.795532	1099.014282	1.000000
0.000000	-1154.050049	1047.372925	1.000000
0.000000	49230.496094	57437.625000	1.000000
0.000000	83974.476562	3758.248779	1.000000
0.000000	937.363342	-441.109497	1.000000
0.000000	-241.997101	-216.069962	1.000000
0.000000	-1589278.625000	-1200867.375000	1.000000
0.000000	-147.910049	109.815018	1.000000
0.000000	2590553.750000	19251.226562	1.000000
0.000000	91.062698	-63.466125	1.000000
0.000000	-10373.664062	13089.189453	1.000000
0.000000	1826645.375000	135467.859375	1.000000
0.000000	-1579.588989	665.158203	1.000000
0.000000	144.202301	20.836971	1.000000
0.000000	242.784500	38.122162	1.000000
0.000000	552.470154	1039.975220	1.000000
0.000000	-10529.258789	7321.959473	1.000000
0.000000	-244.465225	134.911621	1.000000
0.000000	27328.822266	25764.582031	1.000000
0.000000	-21.461214	204.694138	1.000000
0.000000	267.119110	367.316559	1.000000
0.000000	82.198166	-9084.791016	1.000000
0.000000	-5470.735840	9770.839844	1.000000
0.000000	459070.593750	25680.667969	1.000000
0.000000	-892.447937	1054.408203	1.000000
0.000000	2071.173340	-5338.645020	1.000000
0.000000	3484.507324	-1958.074463	1.000000
0.000000	68.601257	-38.152306	1.000000
0.000000	111.224083	111.351540	1.000000
0.000000	1023.065918	-620.553833	1.000000
0.000000	1192.506226	11861.977539	1.000000
0.000000	18169.781250	-23759.607422	1.000000
0.000000	187.829300	-7.080968	1.000000
0.000000	-20.723606	-76.442291	1.000000
0.000000	1257.169189	1100.809326	1.000000
0.000000	278.123596	-42.263935	1.000000
0.000000	85.465553	39.985741	1.000000
0.000000	-1562.770508	91.947060	1.000000
0.000000	75188.234375	-7422.954102	1.000000
0.000000	46.097786	273.706909	1.000000
0.000000	-344.047852	-720.712036	1.000000
0.000000	1187.171143	-9733.962891	1.000000
0.000000	185.690918	186.496460	1.000000
0.000000	134.497650	131.868912	1.000000
0.000000	-3924.619385	-4725.261230	1.000000
0.000000	379.954193	210.381271	1.000000
0.000000	-1919.890503	-2887.450439	1.000000
0.000000	-51.350990	148.570511	1.000000
0.000000	22222.453125	38953.398438	1.000000
0.000000	213.500549	-24.346308	1.000000
0.000000	747.980408	-552.165344	1.000000
0.000000	1134.226807	631.397400	1.000000
0.000000	-314.055084	497.073914	1.000000
0.000000	54.953671	-208.571472	1.000000
0.000000	9514.284180	4962.277832	1.000000
0.000000	-92743.046875	-330128.343750	1.000000
0.000000	7848.347168	16943.777344	1.000000
0.000000	122.001587	-79.988235	1.000000
0.000000	3354.062256	-1043.483765	1.000000
0.000000	-423433.312500	-81841.453125	1.000000
0.000000	-44105600.000000	-10494824.000000	1.000000
0.000000	5961.188477	-4707.304199	1.000000
0.000000	-235.644379	28.089138	1.000000
0.000000	904.854004	-1761.493286	1.000000
0.000000	5961.286133	442.585815	1.000000
0.000000	-132.683365	-48.018299	1.000000
0.000000	-344.981506	1023.406128	1.000000
0.000000	-18801.580078	206.990860	1.000000
0.000000	-489.349548	-153.131332	1.000000
0.000000	282.774689	-208.824036	1.000000
0.000000	14417.671875	-11093.362305	1.000000
