0.000000	31406.136719	455899.062500	1.000000
0.000000	215044.031250	175387.359375	1.000000
0.000000	1208.741211	-12927.043945	1.000000
0.000000	-371.409607	646.495178	1.000000
0.000000	16876.896484	27241.429688	1.000000
0.000000	-13547.543945	720.774963	1.000000
0.000000	-548.326477	-2520.736084	1.000000
0.000000	-595462.437500	1523932.125000	1.000000
0.000000	3650.630127	-2073.422852	1.000000
0.000000	9292453.000000	3386659.750000	1.000000
0.000000	78697400.000000	19959642.000000	1.000000
0.000000	-422.785339	-224.972595	1.000000
0.000000	-367.323059	231.120911	1.000000
0.000000	86.948555	-396.361420	1.000000
0.000000	-73337376.000000	-31090268.000000	1.000000
0.000000	868.039734	-4444.145996	1.000000
0.000000	410.442383	-557.345093	1.000000
0.000000	-6249.471191	7937.177734	1.000000
0.000000	-986.949890	63.906136	1.000000
0.000000	-355.871857	430.769257	1.000000
0.000000	954.670227	8158.776367	1.000000
0.000000	10383.496094	85109.679688	1.000000
0.000000	-77.264397	972.435181	1.000000
0.000000	344.328217	-9.484002	1.000000
0.000000	-207022.515625	-53443.808594	1.000000
0.000000	567.537659	-46.906387	1.000000
0.000000	10384.782227	35221.261719	1.000000
0.000000	-4078.938721	11550.162109	1.000000
0.000000	543.396301	-254.916656	1.000000
0.000000	-61313.437500	-273296.843750	1.000000
0.000000	5081.218750	-8780.056641	1.000000
0.000000	5028.722656	944.501099	1.000000
0.000000	-406.625610	521.891418	1.000000
0.000000	-649.763245	-102.316116	1.000000
0.000000	-360.624359	-129.229141	1.000000
0.000000	5002.508789	2845.069092	1.000000
0.000000	-133.535217	-123.989861	1.000000
0.000000	-5858.042480	-1602.983032	1.000000
0.000000	-246230.609375	-73877.187500	1.000000
0.000000	-46615.964844	-6253.928223	1.000000
0.000000	585.188782	187.646530	1.000000
0.000000	628.403015	-112.306152	1.000000
0.000000	-3.224905	391.434692	1.000000
0.000000	-149.581680	-273.269836	1.000000
0.000000	66.858627	387.369598	1.000000
0.000000	-618.389587	-130.743301	1.000000
0.000000	-3955.174805	3266.757812	1.000000
0.000000	-914.068237	555.998474	1.000000
0.000000	-145.910324	-406.664551	1.000000
0.000000	-404.489258	-112.640358	1.000000
0.000000	7192.597168	6263.416992	1.000000
0.000000	-951.531799	1566.632690	1.000000
0.000000	-59.229889	1223.255127	1.000000
0.000000	-3484.638916	-11525.368164	1.000000
0.000000	440.500244	13.338114	1.000000
0.000000	-12.823980	-416.843140	1.000000
0.000000	280.736786	112.567017	1.000000
0.000000	29405522.000000	-21550876.000000	1.000000
0.000000	-675.624817	1750.847778	1.000000
0.000000	399.158600	633.674744	1.000000
0.000000	1635.556030	26113.283203	1.000000
0.000000	3320.868652	-1788.210205	1.000000
0.000000	-168.865051	-379.744995	1.000000
0.000000	241.598724	-487.337616	1.000000
0.000000	5294.288574	-3017.599609	1.000000
0.000000	401189.375000	-1051564.750000	1.000000
0.000000	40079.117188	142458.937500	1.000000
0.000000	899154304.000000	-490293056.000000	1.000000
0.000000	5021.426758	-14984.527344	1.000000
0.000000	-11819835.000000	-661122.562500	1.000000
0.000000	10686.901367	-14989.172852	1.000000
0.000000	-63.123806	-500.025909	1.000000
0.000000	-381.120667	-864.113586	1.000000
0.000000	-358.547363	917.218018	1.000000
0.000000	424150.812500	2454.663330	1.000000
0.000000	-9485.751953	10605.504883	1.000000
0.000000	-314.492096	504.575623	1.000000
0.000000	19.954617	-428.635468	1.000000
0.000000	3435.878418	-13429.749023	1.000000
0.000000	-935690816.000000	516809408.000000	1.000000
0.000000	1333545.500000	80377.703125	1.000000
0.000000	370915.562500	-121754.343750	1.000000
0.000000	282291.375000	227440.187500	1.000000
0.000000	24774.279297	-23070.496094	1.000000
0.000000	2203343.750000	933486.312500	1.000000
0.000000	-226.197067	339.469116	1.000000
0.000000	-49.151119	-64.509346	1.000000
0.000000	-3078.876221	-259.107666	1.000000
0.000000	-1687.467896	1858.462280	1.000000
0.000000	163.351013	403.015137	1.000000
0.000000	-24.028505	-181.990540	1.000000
0.000000	-1347.505005	1063.627319	1.000000
0.000000	1030.208008	-261.524841	1.000000
0.000000	265.331360	-48.172367	1.000000
0.000000	-4355021.000000	2416277.250000	1.000000
0.000000	1225.974854	682.018127	1.000000
0.000000	-258.438965	-88077.671875	1.000000
0.000000	1711789.125000	-2028472.500000	1.000000
0.000000	838.008545	-1376.221191	1.000000
0.000000	-149.788208	-5380.308105	1.000000
0.000000	691415.187500	-227567.687500	1.000000
0.000000	12310197.000000	-6573529.500000	1.000000
0.000000	-21977.333984	-21641.671875	1.000000
0.000000	170802.671875	-24606.695312	1.000000
0.000000	-33.736164	307.394257	1.000000
0.000000	419.344696	-73.064003	1.000000
0.000000	490.320374	-1822.328369	1.000000
0.000000	-237.666504	-343.480988	1.000000
0.000000	155.666046	-393.471161	1.000000
0.000000	-921.229858	1198.107544	1.000000
0.000000	-340.419617	-3079.762939	1.000000
0.000000	-54002.984375	119833.890625	1.000000
0.000000	136.237885	371.864075	1.000000
0.000000	-480.409454	60.108341	1.000000
0.000000	-5.028219	-1040.544312	1.000000
0.000000	-64499.910156	15468.246094	1.000000
0.000000	2473.774658	910.748108	1.000000
0.000000	55885.722656	149665.546875	1.000000
0.000000	-13358.969727	6561.791992	1.000000
0.000000	-41883.050781	-29708.574219	1.000000
0.000000	-8348.836914	13885.474609	1.000000
0.000000	424.140625	396.940430	1.000000
0.000000	-405.501953	257.711914	1.000000
0.000000	1646.698486	3089.271240	1.000000
0.000000	754.944092	-448.061554	1.000000
0.000000	1841.833496	23.279564	1.000000
0.000000	591.272217	-660.671326	1.000000
0.000000	13963.761719	-14362.414062	1.000000
0.000000	-407.975037	-200.875443	1.000000
0.000000	-1214.219971	1407.415405	1.000000
0.000000	320.628510	343.685699	1.000000
0.000000	-13217.749023	-3010.410889	1.000000
0.000000	-28741.566406	-61609.875000	1.000000
0.000000	1766.899170	8157.858398	1.000000
0.000000	-2454.681152	1749.687012	1.000000
0.000000	205.592010	-199.373428	1.000000
0.000000	-10.128980	120.182594	1.000000
0.000000	-3745.704346	-15939.704102	1.000000
0.000000	880.049255	5.875369	1.000000
0.000000	-8899.847656	12941.824219	1.000000
0.000000	-860.144531	-3290.528809	1.000000
0.000000	929.650574	688.100281	1.000000
0.000000	401.917572	-278.731384	1.000000
0.000000	-5531.322754	-20492.896484	1.000000
0.000000	8.042147	-439.121613	1.000000
0.000000	22482.910156	-24711.314453	1.000000
0.000000	-378.071075	-261.501709	1.000000
0.000000	-3300464.250000	1376390.750000	1.000000
0.000000	-18029.982422	-1368.167114	1.000000
0.000000	-106.344719	682.022461	1.000000
0.000000	196.770233	-451.872955	1.000000
0.000000	6721.554199	2595.025391	1.000000
0.000000	-26026.787109	-23329.207031	1.000000
0.000000	-586712.625000	317533.593750	1.000000
0.000000	-108536.234375	248978.703125	1.000000
0.000000	37909.789062	-56191.003906	1.000000
0.000000	673.816650	-1808.360474	1.000000
0.000000	175.999893	267.844635	1.000000
0.000000	-246.096344	-314.105896	1.000000
0.000000	-418.644409	789.696655	1.000000
0.000000	4112436.000000	2116301.500000	1.000000
0.000000	279.284332	233.327591	1.000000
0.000000	-45319.847656	76066.843750	1.000000
0.000000	806.933899	1742.268555	1.000000
0.000000	4941.180176	12535.120117	1.000000
0.000000	608.085876	1495.140625	1.000000
0.000000	-44177.675781	2449.301514	1.000000
0.000000	245620.328125	-842228.687500	1.000000
0.000000	-328.174408	-189.491562	1.000000
0.000000	557.125305	-121.438744	1.000000
0.000000	-32937.527344	-140112.015625	1.000000
0.000000	-14374.786133	-13459.062500	1.000000
0.000000	-494.529785	-87.885658	1.000000
0.000000	-323738.906250	730136.875000	1.000000
0.000000	-31265.160156	-19614.179688	1.000000
0.000000	-525.442261	-1126.549927	1.000000
0.000000	178.098190	-463.996490	1.000000
0.000000	-3521.361816	-12808.208984	1.000000
0.000000	124.616837	-426.399811	1.000000
0.000000	3234.741211	2890.875977	1.000000
0.000000	81.741089	89.232445	1.000000
0.000000	799038.312500	-982912.687500	1.000000
0.000000	-490.954437	426.609741	1.000000
0.000000	-3173.539307	-2122.714111	1.000000
0.000000	-50.335247	3006.840088	1.000000
0.000000	-395.095276	377.762238	1.000000
0.000000	19795.802734	10636.390625	1.000000
0.000000	181.183502	567.268494	1.000000
0.000000	-3469.042480	-1947.553833	1.000000
0.000000	65134.871094	112763.976562	1.000000
0.000000	348.207733	287.097382	1.000000
0.000000	484892.843750	100911.953125	1.000000
0.000000	-320.776581	307.103516	1.000000
0.000000	78.843102	401.260376	1.000000
0.000000	338.321747	222.392761	1.000000
0.000000	-398.071289	-102.759628	1.000000
0.000000	-52380.449219	-2912.153564	1.000000
0.000000	11454.231445	1469.693726	1.000000
0.000000	-49.310707	-287.865936	1.000000
0.000000	66.108391	1661.994141	1.000000
0.000000	-7878.090332	-93244.390625	1.000000
0.000000	-630.429565	1024.785400	1.000000
0.000000	-113.330925	380.002808	1.000000
0.000000	429.528351	-107.183571	1.000000
0.000000	61.914501	445.874939	1.000000
0.000000	-42979.128906	-77654.882812	1.000000
0.000000	220.423660	-1155.283447	1.000000
0.000000	39.236710	413.448730	1.000000
0.000000	-133.542160	-98.388283	1.000000
0.000000	-468.631714	815.233276	1.000000
0.000000	465.433990	-8.739940	1.000000
0.000000	241.073669	1100.813599	1.000000
0.000000	-228.573029	251.708115	1.000000
0.000000	324.564178	576.270325	1.000000
0.000000	-11098.905273	547.389587	1.000000
0.000000	28171368.000000	16549397.000000	1.000000
0.000000	373.731049	-710.184448	1.000000
0.000000	-32735.757812	266709.687500	1.000000
0.000000	-329.383423	2.716489	1.000000
0.000000	1565.827637	2619.629395	1.000000
0.000000	4445.721191	10702.594727	1.000000
0.000000	-48424.828125	-126250.796875	1.000000
0.000000	-31.614962	-561.995972	1.000000
0.000000	1929694.125000	165291.234375	1.000000
0.000000	-180019.296875	-177937.812500	1.000000
0.000000	-70286.757812	13682.377930	1.000000
0.000000	323.318207	-196.920410	1.000000
0.000000	-131140.687500	15055.349609	1.000000
0.000000	-1158.524292	278.668701	1.000000
0.000000	-1387.714966	925.494629	1.000000
0.000000	-1211.760010	1262.968628	1.000000
0.000000	49282.761719	57646.687500	1.000000
0.000000	83800.257812	3624.318115	1.000000
0.000000	1149.803345	-373.327515	1.000000
0.000000	-440.175751	-318.260773	1.000000
0.000000	-1589278.625000	-1200867.375000	1.000000
0.000000	-363.097412	168.420242	1.000000
0.000000	2590553.750000	19451.578125	1.000000
0.000000	168.524597	-272.580841	1.000000
0.000000	-10504.328125	13272.119141	1.000000
0.000000	1826645.375000	135328.484375	1.000000
0.000000	-1554.000610	886.742676	1.000000
0.000000	360.580109	70.479042	1.000000
0.000000	426.509033	-80.907822	1.000000
0.000000	374.440369	905.740051	1.000000
0.000000	-10681.700195	7485.289551	1.000000
0.000000	-463.055298	179.078796	1.000000
0.000000	27337.533203	25991.066406	1.000000
0.000000	141.322296	357.135529	1.000000
0.000000	277.191132	590.078308	1.000000
0.000000	-134.735565	-9032.525391	1.000000
0.000000	-5692.864746	9775.195312	1.000000
0.000000	459209.968750	25515.160156	1.000000
0.000000	-1101.510498	1131.717773	1.000000
0.000000	2250.836426	-5205.803223	1.000000
0.000000	3488.862793	-2181.292236	1.000000
0.000000	190.570953	148.526932	1.000000
0.000000	301.914948	226.912476	1.000000
0.000000	926.973389	-821.722046	1.000000
0.000000	1218.094604	11639.848633	1.000000
0.000000	17952.007812	-23803.162109	1.000000
0.000000	410.230438	-23.292542	1.000000
0.000000	-8.233016	-299.107758	1.000000
0.000000	1072.061768	1224.940186	1.000000
0.000000	501.069153	-47.963474	1.000000
0.000000	121.228035	260.086639	1.000000
0.000000	-1350.441406	159.951233	1.000000
0.000000	75397.296875	-7398.999023	1.000000
0.000000	105.475075	488.622070	1.000000
0.000000	-121.061111	-720.712036	1.000000
0.000000	1173.015869	-9511.833984	1.000000
0.000000	320.538849	364.117920	1.000000
0.000000	304.584534	276.085236	1.000000
0.000000	-3822.265869	-4527.087402	1.000000
0.000000	599.905396	246.722214	1.000000
0.000000	-2098.854004	-3020.292236	1.000000
0.000000	42.633236	350.827576	1.000000
0.000000	22257.296875	39179.882812	1.000000
0.000000	436.459076	-23.614725	1.000000
0.000000	970.925964	-548.354309	1.000000
0.000000	1326.956299	743.550720	1.000000
0.000000	-323.310455	719.756348	1.000000
0.000000	195.621689	-381.583893	1.000000
0.000000	9627.526367	4770.637207	1.000000
0.000000	-92638.515625	-330267.718750	1.000000
0.000000	8070.476074	16952.488281	1.000000
0.000000	265.868164	-250.386368	1.000000
0.000000	3427.016357	-832.540894	1.000000
0.000000	-423293.937500	-82015.671875	1.000000
0.000000	-44105600.000000	-10494824.000000	1.000000
0.000000	6061.364258	-4509.130371	1.000000
0.000000	-320.303802	234.412994	1.000000
0.000000	1100.305664	-1654.239868	1.000000
0.000000	5787.067383	304.027466	1.000000
0.000000	-339.704224	-130.937851	1.000000
0.000000	-567.654846	1012.517456	1.000000
0.000000	-18766.736328	-13.180739	1.000000
0.000000	-712.295105	-159.324265	1.000000
0.000000	308.226959	-430.394012	1.000000
0.000000	14622.378906	-11006.252930	1.000000
