0.000000	31486.156250	455823.750000	1.000000
0.000000	215006.375000	175274.390625	1.000000
0.000000	1190.795654	-12807.014648	1.000000
0.000000	-491.880188	648.260315	1.000000
0.000000	16886.310547	27363.812500	1.000000
0.000000	-13665.219727	747.987488	1.000000
0.000000	-656.441101	-2467.781982	1.000000
0.000000	-595311.812500	1523932.125000	1.000000
0.000000	3588.850342	-2176.977539	1.000000
0.000000	9292453.000000	3386659.750000	1.000000
0.000000	78697400.000000	19959642.000000	1.000000
0.000000	-306.506958	-193.420776	1.000000
0.000000	-310.250305	124.991547	1.000000
0.000000	91.379784	-275.964386	1.000000
0.000000	-73337376.000000	-31090268.000000	1.000000
0.000000	763.161194	-4502.983887	1.000000
0.000000	382.200195	-440.212646	1.000000
0.000000	-6187.103027	7833.623047	1.000000
0.000000	-987.244080	184.413483	1.000000
0.000000	-314.538239	317.579865	1.000000
0.000000	928.781555	8041.100586	1.000000
0.000000	10275.234375	85053.195312	1.000000
0.000000	-53.949886	854.171021	1.000000
0.000000	254.642212	71.957169	1.000000
0.000000	-207097.828125	-53359.082031	1.000000
0.000000	447.400848	-56.338837	1.000000
0.000000	10387.135742	35343.644531	1.000000
0.000000	-3960.674561	11573.697266	1.000000
0.000000	438.076477	-196.372955	1.000000
0.000000	-61435.820312	-273296.843750	1.000000
0.000000	5153.000977	-8876.550781	1.000000
0.000000	4912.223633	914.787964	1.000000
0.000000	-295.495544	475.262421	1.000000
0.000000	-561.653503	-184.431747	1.000000
0.000000	-266.483734	-54.062519	1.000000
0.000000	4893.070312	2795.056885	1.000000
0.000000	-21.468332	-79.695961	1.000000
0.000000	-5765.078613	-1526.787964	1.000000
0.000000	-246268.265625	-73764.218750	1.000000
0.000000	-46710.105469	-6180.969238	1.000000
0.000000	492.240570	110.932541	1.000000
0.000000	558.827209	-13.959571	1.000000
0.000000	-2.142955	270.964111	1.000000
0.000000	-95.292656	-165.700912	1.000000
0.000000	51.880795	267.781586	1.000000
0.000000	-572.937317	-242.351425	1.000000
0.000000	-4054.022461	3335.598145	1.000000
0.000000	-845.669189	456.750519	1.000000
0.000000	-119.396500	-289.135864	1.000000
0.000000	-286.592834	-87.854897	1.000000
0.000000	7072.567871	6276.361328	1.000000
0.000000	-885.780457	1667.539673	1.000000
0.000000	9.258907	1322.396973	1.000000
0.000000	-3414.621826	-11624.215820	1.000000
0.000000	327.432983	-28.111242	1.000000
0.000000	-15.802649	-296.372559	1.000000
0.000000	160.310532	116.740829	1.000000
0.000000	29405522.000000	-21550876.000000	1.000000
0.000000	-578.542297	1679.653931	1.000000
0.000000	478.516205	542.917297	1.000000
0.000000	1697.630005	26216.837891	1.000000
0.000000	3274.975098	-1676.712402	1.000000
0.000000	-105.467216	-277.293518	1.000000
0.000000	176.582855	-385.915802	1.000000
0.000000	5368.424316	-2922.870605	1.000000
0.000000	401114.062500	-1051564.750000	1.000000
0.000000	40182.671875	142534.250000	1.000000
0.000000	899154304.000000	-490293056.000000	1.000000
0.000000	5099.092773	-14892.740234	1.000000
0.000000	-11819835.000000	-661273.187500	1.000000
0.000000	10625.709961	-15092.727539	1.000000
0.000000	-27.526882	-384.924286	1.000000
0.000000	-290.142578	-785.123718	1.000000
0.000000	-478.944397	921.336670	1.000000
0.000000	424301.437500	2484.670654	1.000000
0.000000	-9368.076172	10633.747070	1.000000
0.000000	-197.533417	533.553284	1.000000
0.000000	30.508663	-308.606171	1.000000
0.000000	3424.110840	-13309.719727	1.000000
0.000000	-935690816.000000	516809408.000000	1.000000
0.000000	1333545.500000	80264.734375	1.000000
0.000000	370764.937500	-121735.515625	1.000000
0.000000	282442.000000	227402.531250	1.000000
0.000000	24882.541016	-23126.980469	1.000000
0.000000	2203343.750000	933636.937500	1.000000
0.000000	-162.725693	237.024445	1.000000
0.000000	68.449234	-38.234547	1.000000
0.000000	-3154.188721	-353.248291	1.000000
0.000000	-1673.346802	1738.727173	1.000000
0.000000	107.785988	296.077271	1.000000
0.000000	6.930309	-65.528297	1.000000
0.000000	-1231.300171	1095.399780	1.000000
0.000000	928.418518	-196.990173	1.000000
0.000000	238.536179	-165.663040	1.000000
0.000000	-4355021.000000	2416277.250000	1.000000
0.000000	1121.831787	621.562195	1.000000
0.000000	-140.506516	-88058.843750	1.000000
0.000000	1711789.125000	-2028472.500000	1.000000
0.000000	815.503052	-1494.485352	1.000000
0.000000	-248.856506	-5312.056152	1.000000
0.000000	691415.187500	-227454.718750	1.000000
0.000000	12310197.000000	-6573529.500000	1.000000
0.000000	-21949.091797	-21523.996094	1.000000
0.000000	170689.703125	-24536.089844	1.000000
0.000000	18.119808	198.617722	1.000000
0.000000	304.022430	-38.025497	1.000000
0.000000	606.966492	-1792.321045	1.000000
0.000000	-158.382446	-252.723557	1.000000
0.000000	111.801834	-281.237885	1.000000
0.000000	-886.662598	1082.785278	1.000000
0.000000	-223.616196	-3109.181885	1.000000
0.000000	-53880.601562	119833.890625	1.000000
0.000000	93.639130	259.115967	1.000000
0.000000	-363.836884	29.585821	1.000000
0.000000	-120.915985	-1073.493530	1.000000
0.000000	-64603.464844	15534.144531	1.000000
0.000000	2437.883545	795.720032	1.000000
0.000000	55791.582031	149590.234375	1.000000
0.000000	-13243.647461	6599.448242	1.000000
0.000000	-41788.910156	-29779.179688	1.000000
0.000000	-8447.684570	13817.222656	1.000000
0.000000	315.290527	345.310181	1.000000
0.000000	-316.730286	176.185440	1.000000
0.000000	1559.912598	3172.821045	1.000000
0.000000	638.592163	-416.656830	1.000000
0.000000	1919.205322	115.636665	1.000000
0.000000	567.737061	-542.554260	1.000000
0.000000	13989.650391	-14244.738281	1.000000
0.000000	-305.229370	-137.955673	1.000000
0.000000	-1168.620605	1518.913208	1.000000
0.000000	234.504547	259.400421	1.000000
0.000000	-13335.424805	-2983.933838	1.000000
0.000000	-28666.253906	-61515.734375	1.000000
0.000000	1701.000732	8056.657227	1.000000
0.000000	-2528.228516	1845.004395	1.000000
0.000000	95.339066	-150.758621	1.000000
0.000000	69.575546	210.570709	1.000000
0.000000	-3822.193604	-16033.844727	1.000000
0.000000	764.285706	-27.750696	1.000000
0.000000	-8779.818359	12932.410156	1.000000
0.000000	-896.476929	-3175.794922	1.000000
0.000000	942.742004	568.365173	1.000000
0.000000	284.168243	-253.141022	1.000000
0.000000	-5650.175293	-20511.724609	1.000000
0.000000	1.703284	-318.798126	1.000000
0.000000	22515.859375	-24593.638672	1.000000
0.000000	-296.801239	-172.509384	1.000000
0.000000	-3300464.250000	1376390.750000	1.000000
0.000000	-17987.619141	-1255.786743	1.000000
0.000000	-55.669075	572.731079	1.000000
0.000000	156.613373	-338.242279	1.000000
0.000000	6682.721191	2709.170898	1.000000
0.000000	-26139.755859	-23366.863281	1.000000
0.000000	-586712.625000	317458.281250	1.000000
0.000000	-108536.234375	249091.671875	1.000000
0.000000	38032.171875	-56191.003906	1.000000
0.000000	595.856445	-1716.573364	1.000000
0.000000	118.118111	162.157089	1.000000
0.000000	-218.552856	-431.413940	1.000000
0.000000	-385.768738	673.786011	1.000000
0.000000	4112436.000000	2116301.500000	1.000000
0.000000	161.167252	209.535019	1.000000
0.000000	-45272.777344	75953.875000	1.000000
0.000000	698.230896	1690.197021	1.000000
0.000000	4824.681152	12565.715820	1.000000
0.000000	620.000549	1615.169922	1.000000
0.000000	-44092.949219	2361.044678	1.000000
0.000000	245733.296875	-842228.687500	1.000000
0.000000	-219.177216	-138.155502	1.000000
0.000000	436.948944	-130.729492	1.000000
0.000000	-32984.597656	-139999.046875	1.000000
0.000000	-14334.776367	-13572.031250	1.000000
0.000000	-374.206299	-81.781227	1.000000
0.000000	-323588.281250	730136.875000	1.000000
0.000000	-31368.714844	-19675.371094	1.000000
0.000000	-416.509552	-1075.066772	1.000000
0.000000	145.553482	-348.012299	1.000000
0.000000	-3636.684082	-12772.906250	1.000000
0.000000	89.773773	-311.077545	1.000000
0.000000	3198.850098	3005.609863	1.000000
0.000000	24.710852	195.391342	1.000000
0.000000	799188.937500	-982912.687500	1.000000
0.000000	-372.101898	406.531311	1.000000
0.000000	-3288.861572	-2088.588135	1.000000
0.000000	-25.015301	2889.164307	1.000000
0.000000	-310.074524	292.373749	1.000000
0.000000	19856.994141	10532.835938	1.000000
0.000000	62.414532	587.567566	1.000000
0.000000	-3354.308594	-1909.897583	1.000000
0.000000	65097.214844	112651.007812	1.000000
0.000000	259.362518	205.703186	1.000000
0.000000	484892.843750	100798.984375	1.000000
0.000000	-233.622955	223.907257	1.000000
0.000000	80.369209	280.789795	1.000000
0.000000	317.654938	103.687309	1.000000
0.000000	-277.821350	-95.092316	1.000000
0.000000	-52427.519531	-3021.592041	1.000000
0.000000	11390.686523	1367.315796	1.000000
0.000000	-82.057671	-171.908417	1.000000
0.000000	-4.255743	1759.959229	1.000000
0.000000	-7872.206543	-93131.421875	1.000000
0.000000	-558.206055	1121.279541	1.000000
0.000000	-33.719398	289.539551	1.000000
0.000000	314.353180	-71.752129	1.000000
0.000000	55.313625	325.551453	1.000000
0.000000	-42884.988281	-77730.195312	1.000000
0.000000	314.623932	-1079.970947	1.000000
0.000000	-23.483971	310.555969	1.000000
0.000000	-79.615440	-206.140228	1.000000
0.000000	-457.599609	695.203979	1.000000
0.000000	381.222260	77.450470	1.000000
0.000000	212.426971	983.726196	1.000000
0.000000	-172.198975	145.211533	1.000000
0.000000	227.492462	504.922089	1.000000
0.000000	-10978.875977	556.215271	1.000000
0.000000	28171368.000000	16549397.000000	1.000000
0.000000	292.461212	-621.192139	1.000000
0.000000	-32782.828125	266785.000000	1.000000
0.000000	-208.912842	5.778139	1.000000
0.000000	1465.509033	2686.116211	1.000000
0.000000	4563.396973	10674.352539	1.000000
0.000000	-48547.210938	-126250.796875	1.000000
0.000000	74.175171	-504.334808	1.000000
0.000000	1929694.125000	165215.921875	1.000000
0.000000	-180132.265625	-177937.812500	1.000000
0.000000	-70192.617188	13750.629883	1.000000
0.000000	250.874039	-100.641693	1.000000
0.000000	-131103.031250	14940.027344	1.000000
0.000000	-1051.145142	224.170105	1.000000
0.000000	-1312.108276	1019.193970	1.000000
0.000000	-1180.575928	1146.469604	1.000000
0.000000	49254.519531	57533.718750	1.000000
0.000000	83894.398438	3696.688721	1.000000
0.000000	1035.069458	-409.954102	1.000000
0.000000	-333.090790	-263.026703	1.000000
0.000000	-1589278.625000	-1200867.375000	1.000000
0.000000	-246.819046	136.758102	1.000000
0.000000	2590553.750000	19343.316406	1.000000
0.000000	126.675568	-159.580704	1.000000
0.000000	-10433.722656	13173.271484	1.000000
0.000000	1826645.375000	135403.796875	1.000000
0.000000	-1567.827515	767.007568	1.000000
0.000000	244.112274	43.710850	1.000000
0.000000	328.055176	-18.777992	1.000000
0.000000	470.640320	978.257751	1.000000
0.000000	-10599.327148	7397.032715	1.000000
0.000000	-344.938232	155.212677	1.000000
0.000000	27332.826172	25868.683594	1.000000
0.000000	53.359657	274.762482	1.000000
0.000000	271.748627	469.728973	1.000000
0.000000	-17.514751	-9060.767578	1.000000
0.000000	-5572.835449	9772.841797	1.000000
0.000000	459134.656250	25604.593750	1.000000
0.000000	-988.541687	1089.942871	1.000000
0.000000	2153.753906	-5277.585449	1.000000
0.000000	3486.509277	-2060.674561	1.000000
0.000000	124.671585	47.655235	1.000000
0.000000	198.875092	164.470764	1.000000
0.000000	978.897827	-713.019043	1.000000
0.000000	1204.267700	11759.877930	1.000000
0.000000	18069.683594	-23779.626953	1.000000
0.000000	290.054047	-14.531597	1.000000
0.000000	-14.983285	-178.784271	1.000000
0.000000	1172.086182	1157.864990	1.000000
0.000000	380.598572	-44.883678	1.000000
0.000000	101.903465	141.160538	1.000000
0.000000	-1465.175293	123.211937	1.000000
0.000000	75284.328125	-7411.943359	1.000000
0.000000	73.390038	372.490784	1.000000
0.000000	-241.568466	-720.712036	1.000000
0.000000	1180.664795	-9631.863281	1.000000
0.000000	247.657623	268.138611	1.000000
0.000000	212.667664	198.152328	1.000000
0.000000	-3877.573486	-4634.172363	1.000000
0.000000	481.052826	227.085068	1.000000
0.000000	-2002.220825	-2948.510010	1.000000
0.000000	-8.152240	241.536209	1.000000
0.000000	22238.468750	39057.500000	1.000000
0.000000	315.988495	-24.010042	1.000000
0.000000	850.455383	-550.413635	1.000000
0.000000	1222.813232	682.947693	1.000000
0.000000	-318.309235	599.432861	1.000000
0.000000	119.610497	-288.105194	1.000000
0.000000	9566.334961	4874.191895	1.000000
0.000000	-92695.000000	-330192.406250	1.000000
0.000000	7950.446777	16947.781250	1.000000
0.000000	188.128601	-158.305069	1.000000
0.000000	3387.594971	-946.539307	1.000000
0.000000	-423369.250000	-81921.531250	1.000000
0.000000	-44105600.000000	-10494824.000000	1.000000
0.000000	6007.233398	-4616.215332	1.000000
0.000000	-274.557343	122.916031	1.000000
0.000000	994.691650	-1712.195190	1.000000
0.000000	5881.208008	378.898682	1.000000
0.000000	-227.838699	-86.130333	1.000000
0.000000	-447.331360	1018.401245	1.000000
0.000000	-18785.564453	105.794952	1.000000
0.000000	-591.824524	-155.977859	1.000000
0.000000	294.473602	-310.658905	1.000000
0.000000	14511.763672	-11053.323242	1.000000
