0.000000	31585.765625	455730.000000	1.000000
0.000000	214959.500000	175133.765625	1.000000
0.000000	1168.456787	-12657.600586	1.000000
0.000000	-641.843567	650.457581	1.000000
0.000000	16898.029297	27516.156250	1.000000
0.000000	-13811.704102	781.862000	1.000000
0.000000	-791.023621	-2401.864014	1.000000
0.000000	-595124.312500	1523932.125000	1.000000
0.000000	3511.946045	-2305.883789	1.000000
0.000000	9292453.000000	3386659.750000	1.000000
0.000000	78697400.000000	19959642.000000	1.000000
0.000000	-161.762085	-154.144653	1.000000
0.000000	-239.216217	-7.136147	1.000000
0.000000	96.895836	-126.053162	1.000000
0.000000	-73337376.000000	-31090268.000000	1.000000
0.000000	632.606995	-4576.226074	1.000000
0.000000	347.043945	-294.369141	1.000000
0.000000	-6109.466309	7704.716797	1.000000
0.000000	-987.610291	334.398712	1.000000
0.000000	-263.085602	176.680222	1.000000
0.000000	896.554993	7894.616211	1.000000
0.000000	10140.468750	84982.882812	1.000000
0.000000	-24.929064	706.954224	1.000000
0.000000	146.120514	171.051025	1.000000
0.000000	-207191.578125	-53253.613281	1.000000
0.000000	297.895233	-68.080475	1.000000
0.000000	10390.065430	35495.988281	1.000000
0.000000	-3813.457764	11602.994141	1.000000
0.000000	306.972961	-123.496986	1.000000
0.000000	-61588.164062	-273296.843750	1.000000
0.000000	5242.356445	-8996.667969	1.000000
0.000000	4767.204102	877.800659	1.000000
0.000000	-157.159363	417.217987	1.000000
0.000000	-451.923218	-286.664093	1.000000
0.000000	-149.254562	39.515026	1.000000
0.000000	4756.839844	2732.801025	1.000000
0.000000	118.034492	-24.559099	1.000000
0.000000	-5649.355957	-1431.939331	1.000000
0.000000	-246315.140625	-73623.593750	1.000000
0.000000	-46827.292969	-6090.148926	1.000000
0.000000	376.609467	15.421130	1.000000
0.000000	472.176270	108.462593	1.000000
0.000000	-0.796101	120.960587	1.000000
0.000000	-28.770634	-33.093357	1.000000
0.000000	33.238369	118.957588	1.000000
0.000000	-516.357727	-381.241425	1.000000
0.000000	-4177.069336	3421.291504	1.000000
0.000000	-760.525146	333.245880	1.000000
0.000000	-86.391739	-142.834595	1.000000
0.000000	-139.797577	-57.001621	1.000000
0.000000	6923.153809	6292.474609	1.000000
0.000000	-803.932312	1793.150024	1.000000
0.000000	94.516090	1445.810059	1.000000
0.000000	-3327.463623	-11747.262695	1.000000
0.000000	188.913696	-85.636002	1.000000
0.000000	-19.510534	-146.409180	1.000000
0.000000	10.396309	121.936447	1.000000
0.000000	29405522.000000	-21550876.000000	1.000000
0.000000	-457.692688	1591.030884	1.000000
0.000000	577.241089	430.007721	1.000000
0.000000	1774.900513	26345.744141	1.000000
0.000000	3217.846191	-1537.918457	1.000000
0.000000	-26.543728	-149.722412	1.000000
0.000000	95.650238	-259.664581	1.000000
0.000000	5460.709473	-2804.950684	1.000000
0.000000	401020.312500	-1051564.750000	1.000000
0.000000	40311.578125	142628.000000	1.000000
0.000000	899154304.000000	-490293056.000000	1.000000
0.000000	5195.772461	-14778.482422	1.000000
0.000000	-11819835.000000	-661460.687500	1.000000
0.000000	10549.538086	-15221.633789	1.000000
0.000000	16.785061	-241.639679	1.000000
0.000000	-176.923828	-686.796082	1.000000
0.000000	-628.887573	926.463623	1.000000
0.000000	424488.937500	2522.024170	1.000000
0.000000	-9221.591797	10668.903320	1.000000
0.000000	-51.929802	569.625061	1.000000
0.000000	43.646481	-159.192093	1.000000
0.000000	3409.462402	-13160.305664	1.000000
0.000000	-935690816.000000	516809408.000000	1.000000
0.000000	1333545.500000	80124.109375	1.000000
0.000000	370577.437500	-121712.078125	1.000000
0.000000	282629.500000	227355.656250	1.000000
0.000000	25017.306641	-23197.292969	1.000000
0.000000	2203343.750000	933824.437500	1.000000
0.000000	-83.715691	109.533943	1.000000
0.000000	213.345856	-3.030254	1.000000
0.000000	-3247.938721	-470.435791	1.000000
0.000000	-1655.768677	1589.679321	1.000000
0.000000	38.617897	162.959610	1.000000
0.000000	45.466290	79.435974	1.000000
0.000000	-1086.646851	1134.950562	1.000000
0.000000	801.709534	-116.655884	1.000000
0.000000	205.165207	-311.901031	1.000000
0.000000	-4355021.000000	2416277.250000	1.000000
0.000000	992.148193	546.305847	1.000000
0.000000	6.294300	-88035.406250	1.000000
0.000000	1711789.125000	-2028472.500000	1.000000
0.000000	787.487915	-1641.702148	1.000000
0.000000	-372.178040	-5227.095215	1.000000
0.000000	691415.187500	-227314.093750	1.000000
0.000000	12310197.000000	-6573529.500000	1.000000
0.000000	-21913.935547	-21377.511719	1.000000
0.000000	170549.078125	-24448.199219	1.000000
0.000000	82.955231	67.021240	1.000000
0.000000	159.883286	6.714769	1.000000
0.000000	752.169128	-1754.967529	1.000000
0.000000	-59.689110	-139.747482	1.000000
0.000000	57.213516	-141.528397	1.000000
0.000000	-843.632812	939.122498	1.000000
0.000000	-78.184677	-3145.802979	1.000000
0.000000	-53728.257812	119833.890625	1.000000
0.000000	44.860390	121.783157	1.000000
0.000000	-218.686020	-8.451160	1.000000
0.000000	-265.161346	-1114.509155	1.000000
0.000000	-64732.371094	15616.175781	1.000000
0.000000	2393.205811	652.531555	1.000000
0.000000	55674.394531	149496.484375	1.000000
0.000000	-13100.092773	6646.323242	1.000000
0.000000	-41671.722656	-29867.070312	1.000000
0.000000	-8570.731445	13732.261719	1.000000
0.000000	179.792480	281.040161	1.000000
0.000000	-206.246750	74.699242	1.000000
0.000000	1451.880371	3276.824951	1.000000
0.000000	493.755768	-377.563812	1.000000
0.000000	2015.518799	230.583588	1.000000
0.000000	538.440186	-395.448059	1.000000
0.000000	14021.876953	-14098.253906	1.000000
0.000000	-177.330185	-59.612968	1.000000
0.000000	-1111.857910	1657.707153	1.000000
0.000000	127.296295	154.481003	1.000000
0.000000	-13481.909180	-2950.974854	1.000000
0.000000	-28572.503906	-61398.546875	1.000000
0.000000	1618.969482	7930.680664	1.000000
0.000000	-2619.781250	1963.656738	1.000000
0.000000	-41.914577	-90.242271	1.000000
0.000000	164.534164	320.114563	1.000000
0.000000	-3917.408447	-16151.032227	1.000000
0.000000	620.181702	-69.612602	1.000000
0.000000	-8630.404297	12920.691406	1.000000
0.000000	-941.703979	-3032.972656	1.000000
0.000000	959.038391	419.260406	1.000000
0.000000	137.592300	-221.326447	1.000000
0.000000	-5798.124512	-20535.162109	1.000000
0.000000	-6.187407	-169.017838	1.000000
0.000000	22556.875000	-24447.154297	1.000000
0.000000	-195.662796	-61.730331	1.000000
0.000000	-3300464.250000	1376390.750000	1.000000
0.000000	-17934.884766	-1115.894165	1.000000
0.000000	7.422195	436.683716	1.000000
0.000000	106.615791	-196.812469	1.000000
0.000000	6634.381348	2851.260742	1.000000
0.000000	-26280.380859	-23413.738281	1.000000
0.000000	-586712.625000	317364.531250	1.000000
0.000000	-108536.234375	249232.296875	1.000000
0.000000	38184.515625	-56191.003906	1.000000
0.000000	498.810516	-1602.315552	1.000000
0.000000	46.063263	30.595823	1.000000
0.000000	-184.266357	-577.399536	1.000000
0.000000	-344.844666	529.498901	1.000000
0.000000	4112436.000000	2116301.500000	1.000000
0.000000	16.850622	180.036545	1.000000
0.000000	-45214.183594	75813.250000	1.000000
0.000000	562.915955	1625.377686	1.000000
0.000000	4679.661621	12603.801758	1.000000
0.000000	634.832092	1764.583984	1.000000
0.000000	-43987.480469	2251.181396	1.000000
0.000000	245873.921875	-842228.687500	1.000000
0.000000	-83.488556	-74.232437	1.000000
0.000000	287.351776	-142.310913	1.000000
0.000000	-33043.191406	-139858.421875	1.000000
0.000000	-14284.971680	-13712.656250	1.000000
0.000000	-224.416367	-74.182350	1.000000
0.000000	-323400.781250	730136.875000	1.000000
0.000000	-31497.621094	-19751.542969	1.000000
0.000000	-280.919952	-1010.979858	1.000000
0.000000	105.028427	-203.617020	1.000000
0.000000	-3780.238770	-12728.960938	1.000000
0.000000	46.396019	-167.494644	1.000000
0.000000	3154.172363	3148.432129	1.000000
0.000000	-46.564053	323.713593	1.000000
0.000000	799376.437500	-982912.687500	1.000000
0.000000	-224.162537	381.537415	1.000000
0.000000	-3432.416260	-2046.107788	1.000000
0.000000	6.507311	2742.679932	1.000000
0.000000	-204.239563	186.050919	1.000000
0.000000	19933.166016	10403.929688	1.000000
0.000000	-85.429565	612.836121	1.000000
0.000000	-3211.486328	-1863.022583	1.000000
0.000000	65050.339844	112510.382812	1.000000
0.000000	146.874374	106.831924	1.000000
0.000000	484892.843750	100658.359375	1.000000
0.000000	-125.132973	120.315346	1.000000
0.000000	79.548119	130.670090	1.000000
0.000000	291.928619	-44.086712	1.000000
0.000000	-128.132614	-85.547943	1.000000
0.000000	-52486.113281	-3157.822510	1.000000
0.000000	11311.584961	1239.874390	1.000000
0.000000	-121.762192	-26.250959	1.000000
0.000000	-91.847008	1881.907471	1.000000
0.000000	-7864.882324	-92990.796875	1.000000
0.000000	-468.345795	1241.396729	1.000000
0.000000	62.047104	177.962082	1.000000
0.155398	170.974075	-27.641634	1.000000
0.000000	50.424461	174.739899	1.000000
0.000000	-42767.800781	-77823.945312	1.000000
0.000000	431.902985	-986.294678	1.000000
0.000000	-101.556190	182.473694	1.000000
0.000000	-12.493177	-340.264984	1.000000
0.000000	-443.866699	545.789917	1.000000
0.000000	276.394379	184.750275	1.000000
0.000000	176.767181	837.974243	1.000000
0.000000	-102.015335	12.643947	1.000000
0.000000	106.684586	416.024384	1.000000
0.000000	-10829.461914	567.201599	1.000000
0.000000	28171368.000000	16549397.000000	1.000000
0.000000	191.324722	-510.413361	1.000000
0.000000	-32841.421875	266878.750000	1.000000
0.000000	-58.959614	9.589022	1.000000
0.000000	1340.631104	2768.879883	1.000000
0.000000	4709.881348	10639.196289	1.000000
0.000000	-48699.554688	-126250.796875	1.000000
0.000000	205.873779	-432.557465	1.000000
0.000000	1929694.125000	165122.171875	1.000000
0.000000	-180272.890625	-177937.812500	1.000000
0.000000	-70075.429688	13835.590820	1.000000
0.000000	162.802795	15.602375	1.000000
0.000000	-131056.156250	14796.472656	1.000000
0.000000	-917.332214	156.329529	1.000000
0.000000	-1217.992065	1136.007690	1.000000
0.000000	-1141.757568	1001.478516	1.000000
0.000000	49219.363281	57393.093750	1.000000
0.000000	84011.585938	3786.776611	1.000000
0.000000	892.078308	-455.547363	1.000000
0.000000	-199.770691	-194.311691	1.000000
0.000000	-1589278.625000	-1200867.375000	1.000000
0.000000	-102.078278	97.326843	1.000000
0.000000	2590553.750000	19208.550781	1.000000
0.000000	74.559174	-18.924006	1.000000
0.000000	-10345.832031	13050.224609	1.000000
0.000000	1826645.375000	135497.546875	1.000000
0.000000	-1585.039429	617.959717	1.000000
0.000000	97.902550	10.236882	1.000000
0.000000	203.268814	64.490112	1.000000
0.000000	590.391296	1068.619019	1.000000
0.000000	-10496.788086	7287.169434	1.000000
0.000000	-197.904556	125.505737	1.000000
0.000000	27326.966797	25716.339844	1.000000
0.000000	-56.134735	172.223434	1.000000
0.000000	264.973724	319.857147	1.000000
0.000000	128.403748	-9095.923828	1.000000
0.000000	-5423.421387	9769.912109	1.000000
0.000000	459040.906250	25715.921875	1.000000
0.000000	-847.916687	1037.940918	1.000000
0.000000	2032.949951	-5366.940918	1.000000
0.000000	3483.579590	-1910.528076	1.000000
0.000000	42.620430	-77.916779	1.000000
0.000000	70.599464	86.730339	1.000000
0.000000	1043.478760	-577.704102	1.000000
0.000000	1187.055786	11909.291992	1.000000
0.000000	18216.167969	-23750.330078	1.000000
0.000000	140.456863	-3.628214	1.000000
0.000000	-23.383595	-29.016560	1.000000
0.000000	1296.597900	1074.368896	1.000000
0.000000	230.635208	-41.049908	1.000000
0.000000	77.847984	-6.899985	1.000000
0.000000	-1607.997559	77.458458	1.000000
0.000000	75143.703125	-7428.056641	1.000000
0.000000	33.450157	227.920135	1.000000
0.000000	-391.536255	-720.712036	1.000000
0.000000	1190.186279	-9781.277344	1.000000
0.000000	156.974640	148.662292	1.000000
0.000000	98.266579	101.152199	1.000000
0.000000	-3946.421143	-4767.473145	1.000000
0.000000	333.103607	202.640488	1.000000
0.000000	-1881.737427	-2859.154541	1.000000
0.000000	-71.369759	105.492638	1.000000
0.000000	22215.031250	38905.156250	1.000000
0.155398	166.005264	-24.507084	1.000000
0.000000	700.492004	-552.977112	1.000000
0.000000	1093.174561	607.508240	1.000000
0.000000	-312.083649	449.614502	1.000000
0.000000	24.991175	-171.708527	1.000000
0.000000	9490.163086	5003.098145	1.000000
0.000000	-92765.312500	-330098.656250	1.000000
0.000000	7801.032715	16941.921875	1.000000
0.000000	91.357361	-43.697872	1.000000
0.000000	3338.522705	-1088.362915	1.000000
0.000000	-423463.000000	-81804.343750	1.000000
0.000000	-44105600.000000	-10494824.000000	1.000000
0.000000	5939.850586	-4749.516113	1.000000
0.000000	-217.651764	-15.818630	1.000000
0.000000	863.221924	-1784.338745	1.000000
0.000000	5998.395508	472.099365	1.000000
0.000000	-88.586998	-30.358562	1.000000
0.000000	-297.551086	1025.725464	1.000000
0.000000	-18809.001953	253.884933	1.000000
0.000000	-441.861145	-151.812210	1.000000
0.000000	277.353241	-161.640045	1.000000
0.000000	14374.068359	-11111.916992	1.000000
