0.000000	31607.015625	455710.000000	1.000000
0.000000	214949.500000	175103.765625	1.000000
0.000000	1163.691162	-12625.725586	1.000000
0.000000	-673.835754	650.926331	1.000000
0.000000	16900.529297	27548.656250	1.000000
0.000000	-13842.954102	789.088562	1.000000
0.000000	-819.734558	-2387.801514	1.000000
0.000000	-595084.312500	1523932.125000	1.000000
0.000000	3495.539795	-2333.383789	1.000000
0.000000	9292453.000000	3386659.750000	1.000000
0.000000	78697400.000000	19959642.000000	1.000000
0.000000	-130.883179	-145.765747	1.000000
0.000000	-224.069733	-35.322365	1.000000
0.000000	98.072594	-94.075623	1.000000
0.000000	-73337376.000000	-31090268.000000	1.000000
0.000000	604.755432	-4591.851074	1.000000
0.000000	339.543945	-263.255859	1.000000
0.000000	-6092.903809	7677.216797	1.000000
0.000000	-987.688416	366.390900	1.000000
0.000000	-252.105576	146.621628	1.000000
0.000000	889.679993	7863.366211	1.000000
0.000000	10111.718750	84967.882812	1.000000
0.000000	-18.738878	675.547974	1.000000
0.000000	122.565826	192.711182	1.000000
0.000000	-207211.578125	-53231.113281	1.000000
0.000000	266.000702	-70.585358	1.000000
0.000000	10390.690430	35528.488281	1.000000
0.000000	-3782.051514	11609.244141	1.000000
0.000000	279.004211	-107.950111	1.000000
0.000000	-61620.664062	-273296.843750	1.000000
0.000000	5261.418945	-9022.292969	1.000000
0.000000	4736.266602	869.910034	1.000000
0.000000	-127.647705	404.835175	1.000000
0.000000	-428.505249	-308.480499	1.000000
0.000000	-124.244797	59.478405	1.000000
0.000000	4727.777344	2719.519775	1.000000
0.000000	147.793396	-12.813755	1.000000
0.000000	-5624.668457	-1411.704956	1.000000
0.000000	-246325.140625	-73593.593750	1.000000
0.000000	-46852.292969	-6070.773926	1.000000
0.000000	351.941498	-4.954225	1.000000
0.000000	453.680176	134.579529	1.000000
0.000000	-0.508740	88.963516	1.000000
0.000000	-16.913643	-1.764239	1.000000
0.000000	29.260477	87.204659	1.000000
0.000000	-504.287445	-410.870331	1.000000
0.000000	-4203.319336	3439.572754	1.000000
0.000000	-742.361084	306.898224	1.000000
0.000000	-79.350723	-111.621101	1.000000
0.000000	-108.482254	-50.419590	1.000000
0.000000	6891.278809	6295.912109	1.000000
0.000000	-786.471375	1819.946899	1.000000
0.000000	112.704567	1472.138184	1.000000
0.000000	-3308.869873	-11773.512695	1.000000
0.000000	159.362915	-97.906509	1.000000
0.000000	-19.706884	-116.110466	1.000000
0.000000	-21.584505	123.044846	1.000000
0.000000	29405522.000000	-21550876.000000	1.000000
0.000000	-431.911438	1572.124634	1.000000
0.000000	598.295776	405.925690	1.000000
0.000000	1791.384888	26373.244141	1.000000
0.000000	3205.658691	-1508.309082	1.000000
0.000000	-10.301291	-120.817459	1.000000
0.000000	78.384613	-232.722565	1.000000
0.000000	5480.396973	-2779.794434	1.000000
0.000000	401000.312500	-1051564.750000	1.000000
0.000000	40339.078125	142648.000000	1.000000
0.000000	899154304.000000	-490293056.000000	1.000000
0.000000	5216.397461	-14754.107422	1.000000
0.000000	-11819835.000000	-661500.687500	1.000000
0.000000	10533.288086	-15249.133789	1.000000
0.000000	26.238186	-211.063507	1.000000
0.000000	-152.773438	-665.819519	1.000000
0.000000	-660.879761	927.557373	1.000000
0.000000	424528.937500	2529.992920	1.000000
0.000000	-9190.341797	10676.403320	1.000000
0.000000	-20.867792	577.320374	1.000000
0.000000	46.449215	-127.317093	1.000000
0.000000	3406.337402	-13128.430664	1.000000
0.000000	-935690816.000000	516809408.000000	1.000000
0.000000	1333545.500000	80094.109375	1.000000
0.000000	370537.437500	-121707.078125	1.000000
0.000000	282669.500000	227345.656250	1.000000
0.000000	25046.056641	-23212.292969	1.000000
0.000000	2203343.750000	933864.437500	1.000000
0.192546	-71.567513	81.417740	1.000000
0.000000	244.576324	3.948081	1.000000
0.000000	-3267.938721	-495.435791	1.000000
0.000000	-1652.018677	1557.882446	1.000000
0.000000	23.862711	134.561172	1.000000
0.000000	53.686504	110.363708	1.000000
0.000000	-1055.787476	1143.388062	1.000000
0.000000	774.678284	-99.522095	1.000000
0.000000	198.046066	-343.092438	1.000000
0.000000	-4355021.000000	2416277.250000	1.000000
0.000000	964.452881	530.251160	1.000000
0.000000	37.611221	-88030.406250	1.000000
0.000000	1711789.125000	-2028472.500000	1.000000
0.000000	781.511353	-1673.108398	1.000000
0.000000	-398.486633	-5208.970215	1.000000
0.000000	691415.187500	-227284.093750	1.000000
0.000000	12310197.000000	-6573529.500000	1.000000
0.000000	-21906.435547	-21346.261719	1.000000
0.000000	170519.078125	-24429.449219	1.000000
0.000000	96.724762	38.136711	1.000000
0.000000	129.268051	16.020189	1.000000
0.000000	783.145691	-1746.998779	1.000000
0.000000	-38.636864	-115.648430	1.000000
0.000000	45.568008	-111.723709	1.000000
0.000000	-834.453125	908.458435	1.000000
0.000000	-47.160614	-3153.615479	1.000000
0.000000	-53695.757812	119833.890625	1.000000
0.000000	33.546913	91.851517	1.000000
0.000000	-187.728989	-16.557850	1.000000
0.000000	-295.942596	-1123.259155	1.000000
0.000000	-64759.871094	15633.675781	1.000000
0.000000	2383.674561	621.984680	1.000000
0.000000	55649.394531	149476.484375	1.000000
0.000000	-13069.467773	6656.323242	1.000000
0.000000	-41646.722656	-29885.820312	1.000000
0.000000	-8596.981445	13714.136719	1.000000
0.000000	150.886230	267.329224	1.000000
0.000000	-182.682297	53.048851	1.000000
0.000000	1428.833496	3299.012451	1.000000
0.000000	462.857330	-369.223969	1.000000
0.000000	2036.065674	255.105072	1.000000
0.000000	532.190186	-364.061340	1.000000
0.000000	14028.751953	-14067.003906	1.000000
0.000000	-150.045029	-42.901543	1.000000
0.000000	-1099.748535	1687.316528	1.000000
0.000000	104.425201	132.098190	1.000000
0.000000	-13513.159180	-2943.943604	1.000000
0.000000	-28552.503906	-61373.546875	1.000000
0.000000	1601.469482	7903.805664	1.000000
0.000000	-2639.312500	1988.969238	1.000000
0.000000	-71.194962	-77.332115	1.000000
0.000000	185.696274	344.118469	1.000000
0.000000	-3937.720947	-16176.032227	1.000000
0.000000	589.439514	-78.543266	1.000000
0.000000	-8598.529297	12918.191406	1.000000
0.000000	-951.352417	-3002.503906	1.000000
0.000000	962.514954	387.444000	1.000000
0.000000	106.322769	-214.539337	1.000000
0.000000	-5829.687012	-20540.162109	1.000000
0.000000	-7.870756	-137.064713	1.000000
0.000000	22565.625000	-24415.904297	1.000000
0.000000	-174.090530	-38.095078	1.000000
0.000000	-3300464.250000	1376390.750000	1.000000
0.000000	-17923.634766	-1086.050415	1.000000
0.000000	20.881668	407.660278	1.000000
0.000000	95.946846	-166.646454	1.000000
0.000000	6624.068848	2881.573242	1.000000
0.000000	-26310.380859	-23423.738281	1.000000
0.000000	-586712.625000	317344.531250	1.000000
0.000000	-108536.234375	249262.296875	1.000000
0.000000	38217.015625	-56191.003906	1.000000
0.000000	478.107391	-1577.940552	1.000000
0.000000	30.689831	2.529710	1.000000
0.000000	-176.951904	-608.532349	1.000000
0.000000	-336.114197	498.717621	1.000000
0.000000	4112436.000000	2116301.500000	1.000000
0.000000	-14.518974	173.718185	1.000000
0.000000	-45201.683594	75783.250000	1.000000
0.000000	534.048767	1611.549561	1.000000
0.000000	4648.724121	12611.926758	1.000000
0.000000	637.996155	1796.458984	1.000000
0.000000	-43964.980469	2227.743896	1.000000
0.000000	245903.921875	-842228.687500	1.000000
0.000000	-54.539162	-60.594742	1.000000
0.000000	259.830444	-142.831253	1.000000
0.000000	-33055.691406	-139828.421875	1.000000
0.000000	-14274.346680	-13742.656250	1.000000
0.000000	-192.453476	-72.561256	1.000000
0.000000	-323360.781250	730136.875000	1.000000
0.000000	-31525.121094	-19767.792969	1.000000
0.000000	-251.994156	-997.307983	1.000000
0.000000	96.380966	-172.806473	1.000000
0.000000	-3810.863770	-12719.585938	1.000000
0.000000	37.140648	-136.859879	1.000000
0.000000	3144.641113	3178.900879	1.000000
0.000000	-61.708096	351.897186	1.000000
0.000000	799416.437500	-982912.687500	1.000000
0.000000	-192.609802	376.205383	1.000000
0.000000	-3463.041260	-2037.045288	1.000000
0.000000	13.232164	2711.429932	1.000000
0.000000	-181.661438	163.365372	1.000000
0.000000	19949.416016	10376.429688	1.000000
0.000000	-116.967651	618.226746	1.000000
0.000000	-3181.017578	-1853.022583	1.000000
0.000000	65040.339844	112480.382812	1.000000
0.000000	123.279648	85.215714	1.000000
0.000000	484892.843750	100628.359375	1.000000
0.000000	-101.988441	98.215736	1.000000
0.000000	79.953392	98.672615	1.000000
0.000000	286.440338	-75.611694	1.000000
0.000000	-96.199013	-83.511810	1.000000
0.000000	-52498.613281	-3186.885010	1.000000
0.000000	11294.709961	1212.686890	1.000000
0.000000	-130.459854	4.544570	1.000000
0.000000	-110.533531	1907.923096	1.000000
0.000000	-7863.319824	-92960.796875	1.000000
0.000000	-449.185638	1267.021729	1.000000
0.000000	83.189453	153.938644	1.000000
0.056456	138.313370	-19.549406	1.000000
0.000000	48.671532	142.786774	1.000000
0.000000	-42742.800781	-77843.945312	1.000000
0.000000	456.922516	-966.333740	1.000000
0.000000	-118.211464	155.149475	1.000000
0.000000	1.825838	-368.878265	1.000000
0.000000	-440.937012	513.914917	1.000000
0.000000	254.031113	207.640900	1.000000
0.000000	169.159760	806.880493	1.000000
0.000000	-87.039749	-15.636682	1.000000
0.000000	80.908218	397.059540	1.000000
0.000000	-10797.586914	569.545349	1.000000
0.000000	28171368.000000	16549397.000000	1.000000
0.000000	169.752457	-486.780548	1.000000
0.000000	-32853.921875	266898.750000	1.000000
0.000000	-26.969870	10.402010	1.000000
0.000000	1313.990479	2786.536133	1.000000
0.000000	4741.131348	10631.696289	1.000000
0.000000	-48732.054688	-126250.796875	1.000000
0.000000	233.969482	-417.244965	1.000000
0.000000	1929694.125000	165102.171875	1.000000
0.000000	-180302.890625	-177937.812500	1.000000
0.000000	-70050.429688	13853.715820	1.000000
0.000000	143.564514	41.171997	1.000000
0.000000	-131046.156250	14765.847656	1.000000
0.000000	-888.777527	141.856873	1.000000
0.000000	-1197.913940	1160.929565	1.000000
0.000000	-1133.476318	970.580078	1.000000
0.000000	49211.863281	57363.093750	1.000000
0.000000	84036.585938	3805.995361	1.000000
0.000000	861.570496	-465.273926	1.000000
0.000000	-171.323425	-179.653488	1.000000
0.000000	-1589278.625000	-1200867.375000	1.000000
0.192546	-71.322533	85.405190	1.000000
0.000000	2590553.750000	19179.800781	1.000000
0.300341	65.868416	8.344144	1.000000
0.000000	-10327.082031	13023.974609	1.000000
0.000000	1826645.375000	135517.546875	1.000000
0.000000	-1588.711304	586.162842	1.000000
0.300341	65.951019	4.581630	1.000000
0.000000	176.647720	82.253784	1.000000
0.000000	615.938171	1087.915894	1.000000
0.000000	-10474.913086	7263.731934	1.000000
0.000000	-166.537369	119.172729	1.000000
0.000000	27325.716797	25683.839844	1.000000
0.000000	-79.494110	150.348434	1.000000
0.000000	263.528412	287.884491	1.000000
0.000000	159.536560	-9103.423828	1.000000
0.000000	-5391.546387	9769.287109	1.000000
0.000000	459020.906250	25739.671875	1.000000
0.000000	-817.916687	1026.847168	1.000000
0.000000	2007.246826	-5386.003418	1.000000
0.000000	3482.954590	-1878.496826	1.000000
0.000000	25.117508	-104.703888	1.000000
0.000000	43.231304	70.143425	1.000000
0.000000	1057.228760	-548.836914	1.000000
0.000000	1183.383911	11941.166992	1.000000
0.000000	18247.417969	-23744.080078	1.000000
0.000000	108.542801	-1.302012	1.000000
0.000000	-22.616282	0.172643	1.000000
0.000000	1323.160400	1056.556396	1.000000
0.000000	198.643021	-40.232037	1.000000
0.000000	71.653152	-36.847488	1.000000
0.000000	-1638.466309	67.697716	1.000000
0.000000	75113.703125	-7431.494141	1.000000
0.000000	24.930664	197.070526	1.000000
0.000000	-423.528442	-720.712036	1.000000
0.000000	1192.217529	-9813.152344	1.000000
0.000000	137.628937	123.174011	1.000000
0.000000	73.857399	80.458839	1.000000
0.000000	-3961.108643	-4795.910645	1.000000
0.000000	301.541107	197.425644	1.000000
0.000000	-1856.034302	-2840.092041	1.000000
0.000000	-80.031830	80.896790	1.000000
0.000000	22210.031250	38872.656250	1.000000
0.056456	136.079514	-23.278345	1.000000
0.000000	668.499817	-553.523987	1.000000
0.000000	1065.518311	591.414490	1.000000
0.000000	-310.755524	417.641846	1.000000
0.000000	4.806510	-146.874542	1.000000
0.000000	9473.913086	5030.598145	1.000000
0.000000	-92780.312500	-330078.656250	1.000000
0.000000	7769.157715	16940.671875	1.000000
0.000000	70.109436	-19.634558	1.000000
0.000000	3328.053955	-1118.597290	1.000000
0.000000	-423483.000000	-81779.343750	1.000000
0.000000	-44105600.000000	-10494824.000000	1.000000
0.000000	5925.475586	-4777.953613	1.000000
0.000000	-205.503326	-45.423126	1.000000
0.000000	835.175049	-1799.729370	1.000000
0.000000	6023.395508	491.982178	1.000000
0.000000	-58.879971	-18.460369	1.000000
0.000000	-265.597961	1027.287964	1.000000
0.000000	-18814.001953	285.485840	1.000000
0.000000	-409.868958	-150.923538	1.000000
0.000000	269.314514	-131.799500	1.000000
0.000000	14344.693359	-11124.416992	1.000000
