0.000000	31646.195312	455673.125000	1.000000
0.000000	214931.062500	175048.453125	1.000000
0.000000	1154.904541	-12566.956055	1.000000
0.000000	-732.821350	651.790588	1.000000
0.000000	16905.138672	27608.578125	1.000000
0.000000	-13900.571289	802.412537	1.000000
0.000000	-872.670349	-2361.873779	1.000000
0.000000	-595010.562500	1523932.125000	1.000000
0.000000	3465.290771	-2384.086914	1.000000
0.000000	9292453.000000	3386659.750000	1.000000
0.000000	78697400.000000	19959642.000000	1.000000
0.000000	-73.941643	-130.317139	1.000000
0.000000	-196.143402	-87.292381	1.000000
0.000000	100.242241	-35.117031	1.000000
0.000000	-73337376.000000	-31090268.000000	1.000000
0.000000	553.404114	-4620.659668	1.000000
0.000000	325.715820	-205.906479	1.000000
0.000000	-6062.366699	7626.513672	1.000000
0.000000	-987.832458	425.376495	1.000000
0.000000	-231.849533	91.201103	1.000000
0.000000	877.004211	7805.749023	1.000000
0.000000	10058.710938	84940.226562	1.000000
0.000000	-7.325689	617.642700	1.000000
0.000000	79.136871	232.647095	1.000000
0.000000	-207248.453125	-53189.628906	1.000000
0.000000	207.180206	-75.203735	1.000000
0.000000	10391.842773	35588.410156	1.000000
0.000000	-3724.146240	11620.767578	1.000000
0.000000	227.436813	-79.285561	1.000000
0.000000	-61680.585938	-273296.843750	1.000000
0.000000	5296.565430	-9069.539062	1.000000
0.000000	4679.225586	855.361694	1.000000
0.000000	-73.192749	382.064850	1.000000
0.000000	-385.328369	-348.704498	1.000000
0.000000	-78.133041	96.281937	1.000000
0.000000	4674.193359	2695.032471	1.000000
0.000000	202.655762	8.871466	1.000000
0.000000	-5579.150879	-1374.397827	1.000000
0.000000	-246343.578125	-73538.281250	1.000000
0.000000	-46898.386719	-6035.051270	1.000000
0.000000	306.459930	-42.521141	1.000000
0.000000	419.578003	182.725891	1.000000
0.000000	2.354231	32.125599	1.000000
0.000000	6.714241	47.099007	1.000000
0.000000	21.814816	29.666012	1.000000
0.000000	-482.032806	-465.498627	1.000000
0.000000	-4251.717773	3473.278809	1.000000
0.000000	-708.871094	258.319733	1.000000
0.000000	-64.997421	-54.626469	1.000000
0.000000	-49.911098	-40.403149	1.000000
0.000000	6832.509277	6302.250000	1.000000
0.000000	-754.277771	1869.353638	1.000000
0.000000	146.234680	1520.680664	1.000000
0.000000	-3274.587646	-11821.911133	1.000000
0.000000	104.874840	-120.530258	1.000000
0.000000	-21.167168	-57.131023	1.000000
0.000000	-80.549255	125.088455	1.000000
0.000000	29405522.000000	-21550876.000000	1.000000
0.000000	-384.377258	1537.266235	1.000000
0.000000	637.115356	361.524445	1.000000
0.000000	1821.777954	26423.947266	1.000000
0.000000	3183.187988	-1453.716797	1.000000
0.000000	20.742451	-70.645493	1.000000
0.000000	46.551113	-183.045746	1.000000
0.000000	5516.695801	-2733.412598	1.000000
0.000000	400963.437500	-1051564.750000	1.000000
0.000000	40389.781250	142684.875000	1.000000
0.000000	899154304.000000	-490293056.000000	1.000000
0.000000	5254.424805	-14709.166016	1.000000
0.000000	-11819835.000000	-661574.437500	1.000000
0.000000	10503.327148	-15299.836914	1.000000
0.000000	43.667385	-154.688690	1.000000
0.000000	-108.246155	-627.143982	1.000000
0.000000	-719.865356	929.573975	1.000000
0.000000	424602.687500	2544.685303	1.000000
0.000000	-9132.724609	10690.231445	1.000000
0.000000	36.402782	591.508606	1.000000
0.000000	51.616756	-68.547562	1.000000
0.000000	3400.575684	-13069.661133	1.000000
0.000000	-935690816.000000	516809408.000000	1.000000
0.000000	1333545.500000	80038.796875	1.000000
0.000000	370463.687500	-121697.859375	1.000000
0.000000	282743.250000	227327.218750	1.000000
0.000000	25099.064453	-23239.949219	1.000000
0.000000	2203343.750000	933938.187500	1.000000
0.000000	-38.660625	35.361561	1.000000
0.000000	302.157501	16.814291	1.000000
0.000000	-3304.813721	-541.529541	1.000000
0.000000	-1645.104614	1499.256958	1.000000
0.000000	-3.341882	82.209435	1.000000
0.000000	68.843964	167.386719	1.000000
0.000000	-998.890503	1158.944702	1.000000
0.000000	724.839417	-67.931671	1.000000
0.000000	184.920151	-400.601593	1.000000
0.000000	-4355021.000000	2416277.250000	1.000000
0.000000	913.389648	500.664124	1.000000
0.000000	95.352386	-88021.187500	1.000000
0.000000	1711789.125000	-2028472.500000	1.000000
0.000000	770.492065	-1731.013672	1.000000
0.000000	-446.993103	-5175.552246	1.000000
0.000000	691415.187500	-227228.781250	1.000000
0.000000	12310197.000000	-6573529.500000	1.000000
0.000000	-21892.607422	-21288.644531	1.000000
0.000000	170463.765625	-24394.878906	1.000000
0.000000	121.871628	-12.711697	1.000000
0.000000	73.061844	30.768270	1.000000
0.000000	840.258728	-1732.306396	1.000000
0.000000	0.181824	-71.214546	1.000000
0.000000	24.095776	-56.771313	1.000000
0.000000	-817.528076	851.921570	1.000000
0.000000	10.039130	-3168.019775	1.000000
0.000000	-53635.835938	119833.890625	1.000000
0.000000	12.800684	35.656616	1.000000
0.000000	-130.651962	-31.504559	1.000000
0.000000	-352.695526	-1139.391968	1.000000
0.000000	-64810.574219	15665.941406	1.000000
0.000000	2366.101318	565.663879	1.000000
0.000000	55603.300781	149439.609375	1.000000
0.000000	-13013.002930	6674.760742	1.000000
0.000000	-41600.628906	-29920.390625	1.000000
0.000000	-8645.379883	13680.718750	1.000000
0.000000	97.585197	242.039734	1.000000
0.000000	-139.235336	13.132006	1.000000
0.000000	1386.340820	3339.920654	1.000000
0.000000	405.888336	-353.847382	1.000000
0.000000	2074.047607	300.334198	1.000000
0.000000	520.666748	-306.192078	1.000000
0.000000	14041.427734	-14009.386719	1.000000
0.000000	-99.732971	-12.088398	1.000000
0.000000	-1077.421875	1741.908813	1.000000
0.000000	62.256626	90.829880	1.000000
0.000000	-13570.776367	-2930.979736	1.000000
0.000000	-28515.628906	-61327.453125	1.000000
0.000000	1569.203857	7854.254883	1.000000
0.000000	-2675.323242	2035.639160	1.000000
0.000000	-125.184067	-53.529015	1.000000
0.000000	224.713913	388.375671	1.000000
0.000000	-3975.172119	-16222.125977	1.000000
0.000000	532.758606	-95.009178	1.000000
0.000000	-8539.759766	12913.582031	1.000000
0.000000	-969.141724	-2946.327148	1.000000
0.000000	968.924866	328.782501	1.000000
0.000000	48.668373	-202.025604	1.000000
0.000000	-5887.880371	-20549.380859	1.000000
0.000000	-10.974432	-78.143524	1.000000
0.000000	22581.757812	-24358.287109	1.000000
0.000000	-134.316666	5.480501	1.000000
0.000000	-3300464.250000	1376390.750000	1.000000
0.000000	-17902.892578	-1031.026001	1.000000
0.000000	45.638321	354.956848	1.000000
0.030629	76.527771	-111.435402	1.000000
0.000000	6605.055176	2937.461914	1.000000
0.000000	-26365.693359	-23442.175781	1.000000
0.000000	-586712.625000	317307.656250	1.000000
0.000000	-108536.234375	249317.609375	1.000000
0.000000	38276.937500	-56191.003906	1.000000
0.000000	439.936005	-1532.999146	1.000000
0.000000	2.347109	-49.217323	1.000000
0.000000	-163.465881	-665.933472	1.000000
0.000000	-320.017395	441.964691	1.000000
0.000000	4112436.000000	2116301.500000	1.000000
0.000000	-72.356079	162.068710	1.000000
0.000000	-45178.636719	75727.937500	1.000000
0.000000	480.846008	1586.053955	1.000000
0.000000	4591.683105	12626.907227	1.000000
0.000000	643.829895	1855.228516	1.000000
0.000000	-43923.496094	2184.531006	1.000000
0.000000	245959.234375	-842228.687500	1.000000
0.000000	-1.165739	-35.450241	1.000000
0.000000	201.005737	-147.386612	1.000000
0.000000	-33078.738281	-139773.109375	1.000000
0.000000	-14254.756836	-13797.968750	1.000000
0.000000	-133.521896	-69.572365	1.000000
0.000000	-323287.031250	730136.875000	1.000000
0.000000	-31575.824219	-19797.753906	1.000000
0.000000	-198.662247	-972.100464	1.000000
0.030629	80.188202	-115.588898	1.000000
0.000000	-3867.328613	-12702.300781	1.000000
0.000000	20.077629	-80.377029	1.000000
0.000000	3127.067871	3235.077637	1.000000
0.000000	-89.685371	403.801239	1.000000
0.000000	799490.187500	-982912.687500	1.000000
0.000000	-134.434448	366.374451	1.000000
0.000000	-3519.506104	-2020.336304	1.000000
0.000000	25.631113	2653.812744	1.000000
0.000000	-140.033020	121.540283	1.000000
0.000000	19979.376953	10325.726562	1.000000
0.000000	-175.123291	628.165710	1.000000
0.000000	-3124.840820	-1834.585083	1.000000
0.000000	65021.902344	112425.070312	1.000000
0.304011	79.669144	44.456032	1.000000
0.000000	484892.843750	100573.046875	1.000000
0.000000	-59.315716	57.470303	1.000000
0.304011	80.802109	40.584633	1.000000
0.000000	276.321320	-133.733032	1.000000
0.000000	-37.381153	-79.807426	1.000000
0.000000	-52521.660156	-3240.468994	1.000000
0.000000	11263.596680	1162.559937	1.000000
0.000000	-146.502640	61.324280	1.000000
0.000000	-144.982376	1955.889404	1.000000
0.000000	-7860.438965	-92905.484375	1.000000
0.000000	-413.859100	1314.267822	1.000000
0.000000	122.171082	109.645439	1.000000
0.000000	81.349571	-3.449595	1.000000
0.000000	45.439568	83.873199	1.000000
0.000000	-42696.707031	-77880.820312	1.000000
0.000000	503.052277	-929.530762	1.000000
0.000000	-148.925751	104.770447	1.000000
0.000000	28.226322	-421.634003	1.000000
0.000000	-435.535400	455.145386	1.000000
0.000000	212.798813	249.845490	1.000000
0.000000	155.133575	749.551392	1.000000
0.000000	-61.573475	-65.051163	1.000000
0.000000	33.442314	361.283264	1.000000
0.000000	-10738.817383	573.866638	1.000000
0.000000	28171368.000000	16549397.000000	1.000000
0.000000	129.978592	-443.207550	1.000000
0.000000	-32876.968750	266935.625000	1.000000
0.000000	28.953499	14.655628	1.000000
0.000000	1264.871826	2819.089844	1.000000
0.000000	4798.748535	10617.868164	1.000000
0.000000	-48791.976562	-126250.796875	1.000000
0.000000	285.760590	-389.012543	1.000000
0.000000	1929694.125000	165065.296875	1.000000
0.000000	-180358.203125	-177937.812500	1.000000
0.000000	-70004.335938	13887.133789	1.000000
0.000000	108.093925	88.316879	1.000000
0.000000	-131027.718750	14709.382812	1.000000
0.000000	-836.129822	115.172920	1.000000
0.000000	-1160.894897	1206.879272	1.000000
0.000000	-1118.207764	913.611084	1.000000
0.000000	49198.035156	57307.781250	1.000000
0.000000	84082.679688	3841.429932	1.000000
0.000000	805.321716	-483.207275	1.000000
0.000000	-118.873779	-152.627426	1.000000
0.000000	-1589278.625000	-1200867.375000	1.000000
0.000000	-16.232016	65.796043	1.000000
0.000000	2590553.750000	19126.792969	1.000000
0.000000	44.501480	60.428623	1.000000
0.000000	-10292.511719	12975.576172	1.000000
0.000000	1826645.375000	135554.421875	1.000000
0.000000	-1595.481323	527.537354	1.000000
0.000000	9.310468	-5.343191	1.000000
0.000000	127.565163	115.005554	1.000000
0.000000	663.040222	1123.494507	1.000000
0.000000	-10434.581055	7220.519043	1.000000
0.000000	-108.704124	107.496246	1.000000
0.000000	27323.412109	25623.917969	1.000000
0.000000	-122.562958	110.020424	1.000000
0.000000	260.863617	228.943176	1.000000
0.000000	216.937683	-9117.251953	1.000000
0.000000	-5332.776855	9768.134766	1.000000
0.000000	458984.031250	25783.460938	1.000000
0.000000	-762.604187	1006.393066	1.000000
0.000000	1959.856689	-5421.149902	1.000000
0.000000	3481.802246	-1819.439209	1.000000
0.000000	-7.154657	-154.092621	1.000000
0.000000	-7.207844	39.099609	1.000000
0.000000	1082.580322	-495.601959	1.000000
0.000000	1176.613892	11999.936523	1.000000
0.000000	18305.035156	-23732.556641	1.000000
0.000000	49.700157	2.986918	1.000000
0.000000	-22.262438	58.442383	1.000000
0.000000	1372.135010	1023.713989	1.000000
0.000000	139.657425	-38.724087	1.000000
0.000000	62.192188	-95.085861	1.000000
0.000000	-1694.643066	49.704926	1.000000
0.000000	75058.390625	-7437.832031	1.000000
0.000000	9.223228	140.191559	1.000000
0.000000	-482.514038	-720.712036	1.000000
0.000000	1195.962646	-9871.921875	1.000000
0.000000	101.953728	76.179993	1.000000
0.000000	28.856485	42.302898	1.000000
0.000000	-3988.188721	-4848.342285	1.000000
0.000000	243.343842	187.810776	1.000000
0.000000	-1808.644165	-2804.945557	1.000000
0.000000	-104.897247	27.393826	1.000000
0.000000	22200.812500	38812.734375	1.000000
0.000000	77.648140	-22.223248	1.000000
0.000000	609.514221	-554.532288	1.000000
0.000000	1014.527100	561.741638	1.000000
0.000000	-308.306793	358.692261	1.000000
0.000000	-32.408936	-101.092171	1.000000
0.000000	9443.952148	5081.301270	1.000000
0.000000	-92807.968750	-330041.781250	1.000000
0.000000	7710.388184	16938.367188	1.000000
0.000000	32.046082	25.443943	1.000000
0.000000	3308.752197	-1174.341919	1.000000
0.000000	-423519.875000	-81733.250000	1.000000
0.000000	-44105600.000000	-10494824.000000	1.000000
0.000000	5898.971680	-4830.385254	1.000000
0.000000	-183.104645	-100.006409	1.000000
0.000000	783.463623	-1828.105835	1.000000
0.000000	6069.489258	528.641113	1.000000
0.000000	-4.108777	3.476125	1.000000
0.000000	-206.669312	1030.168823	1.000000
0.000000	-18823.220703	343.751221	1.000000
0.000000	-350.883362	-149.285049	1.000000
0.000000	262.580505	-73.183594	1.000000
0.000000	14290.533203	-11147.463867	1.000000
