0.000000	31379.574219	455924.062500	1.000000
0.000000	215056.531250	175424.859375	1.000000
0.000000	1214.698242	-12966.887695	1.000000
0.000000	-331.419373	645.909241	1.000000
0.000000	16873.771484	27200.804688	1.000000
0.000000	-13508.481445	711.741760	1.000000
0.000000	-512.437805	-2538.314209	1.000000
0.000000	-595512.437500	1523932.125000	1.000000
0.000000	3671.137939	-2039.047852	1.000000
0.000000	9292453.000000	3386659.750000	1.000000
0.000000	78697400.000000	19959642.000000	1.000000
0.000000	-461.383972	-235.446228	1.000000
0.000000	-386.268372	266.350403	1.000000
0.000000	85.477608	-436.327240	1.000000
0.000000	-73337376.000000	-31090268.000000	1.000000
0.000000	902.854187	-4424.614746	1.000000
0.000000	419.817383	-596.212280	1.000000
0.000000	-6270.174316	7971.552734	1.000000
0.000000	-986.852234	23.906746	1.000000
0.000000	-369.592560	468.342499	1.000000
0.000000	963.263977	8197.838867	1.000000
0.000000	10419.433594	85128.429688	1.000000
0.000000	-85.003654	1011.692993	1.000000
0.000000	373.771576	-36.557930	1.000000
0.000000	-206997.515625	-53471.933594	1.000000
0.000000	607.430237	-43.775284	1.000000
0.000000	10384.000977	35180.636719	1.000000
0.000000	-4118.085938	11542.349609	1.000000
0.000000	578.357239	-274.350250	1.000000
0.000000	-61272.812500	-273296.843750	1.000000
0.000000	5057.390625	-8748.025391	1.000000
0.000000	5067.394531	954.364380	1.000000
0.000000	-443.515259	537.369934	1.000000
0.000000	-679.011292	-75.057816	1.000000
0.000000	-391.874359	-154.180313	1.000000
0.000000	5038.836914	2861.670654	1.000000
0.000000	-170.730042	-138.688797	1.000000
0.000000	-5888.901855	-1628.276001	1.000000
0.000000	-246218.109375	-73914.687500	1.000000
0.000000	-46584.714844	-6278.146973	1.000000
0.000000	616.048157	213.110397	1.000000
0.000000	651.498718	-144.950684	1.000000
0.000000	-3.584059	431.424927	1.000000
0.000000	-167.599258	-308.987610	1.000000
0.000000	71.832993	427.066864	1.000000
0.000000	-633.477478	-93.694962	1.000000
0.000000	-3922.362305	3243.906250	1.000000
0.000000	-936.773315	588.957458	1.000000
0.000000	-154.711594	-445.678223	1.000000
0.000000	-443.625000	-120.867897	1.000000
0.000000	7232.440918	6259.120117	1.000000
0.000000	-973.357971	1533.136597	1.000000
0.000000	-81.965485	1190.344971	1.000000
0.000000	-3507.881104	-11492.555664	1.000000
0.000000	477.438721	28.677774	1.000000
0.000000	-11.835211	-456.833374	1.000000
0.000000	320.702606	111.181519	1.000000
0.000000	29405522.000000	-21550876.000000	1.000000
0.000000	-707.851379	1774.480591	1.000000
0.000000	372.815826	663.801697	1.000000
0.000000	1614.950562	26078.908203	1.000000
0.000000	3336.103027	-1825.221924	1.000000
0.000000	-189.909973	-413.753784	1.000000
0.000000	263.180756	-521.011108	1.000000
0.000000	5269.679199	-3049.044922	1.000000
0.000000	401214.375000	-1051564.750000	1.000000
0.000000	40044.742188	142433.937500	1.000000
0.000000	899154304.000000	-490293056.000000	1.000000
0.000000	4995.645508	-15014.996094	1.000000
0.000000	-11819835.000000	-661072.562500	1.000000
0.000000	10707.213867	-14954.797852	1.000000
0.000000	-74.940216	-538.250671	1.000000
0.000000	-411.320862	-890.334290	1.000000
0.000000	-318.581543	915.850830	1.000000
0.000000	424100.812500	2444.702393	1.000000
0.000000	-9524.814453	10596.129883	1.000000
0.000000	-353.310455	494.956482	1.000000
0.000000	16.451199	-468.479218	1.000000
0.000000	3439.784668	-13469.592773	1.000000
0.000000	-935690816.000000	516809408.000000	1.000000
0.000000	1333545.500000	80415.203125	1.000000
0.000000	370965.562500	-121760.593750	1.000000
0.000000	282241.375000	227452.687500	1.000000
0.000000	24738.341797	-23051.746094	1.000000
0.000000	2203343.750000	933436.312500	1.000000
0.000000	-247.266403	373.477905	1.000000
0.000000	-88.189201	-73.231270	1.000000
0.000000	-3053.876221	-227.868668	1.000000
0.000000	-1692.155396	1898.208374	1.000000
0.000000	181.795837	438.513184	1.000000
0.000000	-34.304958	-220.650208	1.000000
0.000000	-1386.079224	1053.080444	1.000000
0.000000	1063.997070	-282.935974	1.000000
0.000000	274.218079	-9.173820	1.000000
0.000000	-4355021.000000	2416277.250000	1.000000
0.000000	1260.545166	702.086487	1.000000
0.000000	-297.574707	-88083.921875	1.000000
0.000000	1711789.125000	-2028472.500000	1.000000
0.000000	845.479248	-1336.963379	1.000000
0.000000	-116.900406	-5402.964355	1.000000
0.000000	691415.187500	-227605.187500	1.000000
0.000000	12310197.000000	-6573529.500000	1.000000
0.000000	-21986.708984	-21680.734375	1.000000
0.000000	170840.171875	-24630.132812	1.000000
0.000000	-50.951130	343.502655	1.000000
0.000000	457.625946	-84.697304	1.000000
0.000000	451.599670	-1832.289307	1.000000
0.000000	-263.984863	-373.607941	1.000000
0.000000	170.229034	-430.727020	1.000000
0.000000	-932.704468	1236.388794	1.000000
0.000000	-379.189148	-3069.997314	1.000000
0.000000	-54043.609375	119833.890625	1.000000
0.000000	150.373627	409.290833	1.000000
0.000000	-519.101257	70.240181	1.000000
0.000000	33.439487	-1029.606812	1.000000
0.000000	-64465.535156	15446.371094	1.000000
0.000000	2485.688721	948.931702	1.000000
0.000000	55916.972656	149690.546875	1.000000
0.000000	-13397.250977	6549.291992	1.000000
0.000000	-41914.300781	-29685.136719	1.000000
0.000000	-8316.024414	13908.130859	1.000000
0.000000	460.273438	414.079102	1.000000
0.000000	-434.969727	284.762695	1.000000
0.000000	1675.507080	3061.536865	1.000000
0.000000	793.567139	-458.486359	1.000000
0.000000	1816.149902	-7.377822	1.000000
0.000000	599.084717	-699.880310	1.000000
0.000000	13955.167969	-14401.476562	1.000000
0.000000	-442.081482	-221.761673	1.000000
0.000000	-1229.356689	1370.403687	1.000000
0.000000	349.217377	371.664215	1.000000
0.000000	-13178.686523	-3019.199951	1.000000
0.000000	-28766.566406	-61641.125000	1.000000
0.000000	1788.774170	8191.452148	1.000000
0.000000	-2430.267090	1718.046387	1.000000
0.000000	242.188690	-215.511124	1.000000
0.000000	-36.586460	90.183815	1.000000
0.000000	-3720.313721	-15908.454102	1.000000
0.000000	918.476990	17.037792	1.000000
0.000000	-8939.691406	12944.949219	1.000000
0.000000	-848.083984	-3328.614746	1.000000
0.000000	925.304871	727.846375	1.000000
0.000000	441.004486	-287.227478	1.000000
0.000000	-5491.869629	-20486.646484	1.000000
0.000000	10.146334	-479.063019	1.000000
0.000000	22471.972656	-24750.376953	1.000000
0.000000	-405.048615	-291.042725	1.000000
0.000000	-3300464.250000	1376390.750000	1.000000
0.000000	-18044.044922	-1405.471802	1.000000
0.000000	-123.166008	718.301758	1.000000
0.000000	210.100311	-489.592682	1.000000
0.000000	6734.444824	2557.134766	1.000000
0.000000	-25989.287109	-23316.707031	1.000000
0.000000	-586712.625000	317558.593750	1.000000
0.000000	-108536.234375	248941.203125	1.000000
0.000000	37869.164062	-56191.003906	1.000000
0.000000	699.695557	-1838.829224	1.000000
0.000000	195.213760	302.927643	1.000000
0.000000	-255.239410	-275.165466	1.000000
0.000000	-429.557495	828.173218	1.000000
0.000000	4112436.000000	2116301.500000	1.000000
0.000000	318.493317	241.225540	1.000000
0.000000	-45335.472656	76104.343750	1.000000
0.000000	843.017883	1759.553711	1.000000
0.000000	4979.852051	12524.963867	1.000000
0.000000	604.130798	1455.296875	1.000000
0.000000	-44205.800781	2478.598389	1.000000
0.000000	245582.828125	-842228.687500	1.000000
0.000000	-364.356049	-206.532578	1.000000
0.000000	597.017883	-118.356468	1.000000
0.000000	-32921.902344	-140149.515625	1.000000
0.000000	-14388.067383	-13421.562500	1.000000
0.000000	-534.471191	-89.912025	1.000000
0.000000	-323788.906250	730136.875000	1.000000
0.000000	-31230.785156	-19593.867188	1.000000
0.000000	-561.623901	-1143.639771	1.000000
0.000000	188.901413	-502.497467	1.000000
0.000000	-3483.080566	-12819.927734	1.000000
0.000000	136.187317	-464.681061	1.000000
0.000000	3246.655273	2852.790039	1.000000
0.000000	100.674194	53.996849	1.000000
0.000000	798988.312500	-982912.687500	1.000000
0.000000	-530.407532	433.274780	1.000000
0.000000	-3135.258057	-2134.042236	1.000000
0.000000	-58.739788	3045.902588	1.000000
0.000000	-423.317932	406.106964	1.000000
0.000000	19775.490234	10670.765625	1.000000
0.000000	220.612213	560.530212	1.000000
0.000000	-3507.128418	-1960.053833	1.000000
0.000000	65147.371094	112801.476562	1.000000
0.000000	377.699921	314.123749	1.000000
0.000000	484892.843750	100949.453125	1.000000
0.000000	-349.707245	334.715820	1.000000
0.000000	78.336510	441.250610	1.000000
0.000000	345.182098	261.797058	1.000000
0.000000	-437.988281	-105.304794	1.000000
0.000000	-52364.824219	-2875.825439	1.000000
0.000000	11475.325195	1503.678101	1.000000
0.000000	-38.440346	-326.366913	1.000000
0.000000	89.466545	1629.474609	1.000000
0.000000	-7880.043457	-93281.890625	1.000000
0.000000	-654.404175	992.754150	1.000000
0.000000	-139.759140	410.032104	1.000000
0.000000	467.760773	-118.945045	1.000000
0.000000	64.105667	485.816345	1.000000
0.000000	-43010.378906	-77629.882812	1.000000
0.000000	189.161453	-1180.283447	1.000000
0.000000	60.055801	447.604004	1.000000
0.000000	-151.437668	-62.615578	1.000000
0.000000	-472.293823	855.077026	1.000000
0.000000	493.388092	-37.350365	1.000000
0.000000	250.582947	1139.680786	1.000000
0.000000	-247.286407	287.059662	1.000000
0.000000	356.790741	599.951965	1.000000
0.000000	-11138.749023	544.459900	1.000000
0.000000	28171368.000000	16549397.000000	1.000000
0.000000	400.708588	-739.725464	1.000000
0.000000	-32720.132812	266684.687500	1.000000
0.000000	-369.373657	1.700091	1.000000
0.000000	1599.128418	2597.559082	1.000000
0.000000	4406.658691	10711.969727	1.000000
0.000000	-48384.203125	-126250.796875	1.000000
0.000000	-66.731781	-581.136597	1.000000
0.000000	1929694.125000	165316.234375	1.000000
0.000000	-179981.796875	-177937.812500	1.000000
0.000000	-70318.007812	13659.721680	1.000000
0.000000	347.366058	-228.878418	1.000000
0.000000	-131153.187500	15093.630859	1.000000
0.000000	-1194.168823	296.759521	1.000000
0.000000	-1412.812622	894.391113	1.000000
0.000000	-1222.111572	1301.640503	1.000000
0.000000	49292.136719	57684.187500	1.000000
0.000000	83769.007812	3600.294678	1.000000
0.000000	1187.889282	-361.169312	1.000000
0.000000	-475.722626	-336.595734	1.000000
0.000000	-1589278.625000	-1200867.375000	1.000000
0.000000	-401.696045	178.930496	1.000000
0.000000	2590553.750000	19487.515625	1.000000
0.000000	182.416199	-310.080841	1.000000
0.000000	-10527.765625	13304.931641	1.000000
0.000000	1826645.375000	135303.484375	1.000000
0.000000	-1549.410767	926.488770	1.000000
0.000000	399.569366	79.402382	1.000000
0.000000	459.785400	-103.112411	1.000000
0.000000	342.506775	881.667786	1.000000
0.000000	-10709.043945	7514.586426	1.000000
0.000000	-502.264282	187.001160	1.000000
0.000000	27339.095703	26031.691406	1.000000
0.000000	170.521515	384.479279	1.000000
0.000000	278.997772	630.019714	1.000000
0.000000	-173.651581	-9023.150391	1.000000
0.000000	-5732.708496	9775.976562	1.000000
0.000000	459234.968750	25485.472656	1.000000
0.000000	-1139.010498	1145.584961	1.000000
0.000000	2283.062988	-5181.975098	1.000000
0.000000	3489.644043	-2221.331299	1.000000
0.000000	212.445953	182.010818	1.000000
0.000000	336.119049	247.640015	1.000000
0.000000	909.737061	-857.806030	1.000000
0.000000	1222.684448	11600.004883	1.000000
0.000000	17912.945312	-23810.974609	1.000000
0.000000	450.123016	-26.200867	1.000000
0.000000	-5.992605	-339.049164	1.000000
0.000000	1038.858643	1247.205811	1.000000
0.000000	541.059387	-48.985813	1.000000
0.000000	127.642830	299.564178	1.000000
0.000000	-1312.355469	172.146057	1.000000
0.000000	75434.796875	-7394.702148	1.000000
0.000000	116.125710	527.181458	1.000000
0.000000	-81.058670	-720.712036	1.000000
0.000000	1170.476807	-9471.990234	1.000000
0.000000	344.733185	395.978271	1.000000
0.000000	335.102112	301.964142	1.000000
0.000000	-3803.906494	-4491.540527	1.000000
0.000000	639.358521	253.240768	1.000000
0.000000	-2130.885254	-3044.120361	1.000000
0.000000	59.491146	387.106873	1.000000
0.000000	22263.546875	39220.507812	1.000000
0.000000	476.449310	-23.483500	1.000000
0.000000	1010.916199	-547.670715	1.000000
0.000000	1361.526611	763.667908	1.000000
0.000000	-324.970612	759.697754	1.000000
0.000000	220.853622	-412.614166	1.000000
0.000000	9647.838867	4736.262207	1.000000
0.000000	-92619.765625	-330292.718750	1.000000
0.000000	8110.319824	16954.050781	1.000000
0.000000	291.673828	-280.952759	1.000000
0.000000	3440.102295	-794.699097	1.000000
0.000000	-423268.937500	-82046.921875	1.000000
0.000000	-44105600.000000	-10494824.000000	1.000000
0.000000	6079.333008	-4473.583496	1.000000
0.000000	-335.489349	271.424713	1.000000
0.000000	1135.364258	-1635.001587	1.000000
0.000000	5755.817383	279.173950	1.000000
0.000000	-376.838013	-145.806015	1.000000
0.000000	-607.596252	1010.564331	1.000000
0.000000	-18760.486328	-52.673592	1.000000
0.000000	-752.285339	-160.435104	1.000000
0.000000	312.792389	-470.140106	1.000000
0.000000	14659.097656	-10990.627930	1.000000
