0.000000	31375.589844	455927.812500	1.000000
0.000000	215058.406250	175430.484375	1.000000
0.000000	1215.591797	-12972.864258	1.000000
0.000000	-325.420837	645.821350	1.000000
0.000000	16873.302734	27194.710938	1.000000
0.000000	-13502.622070	710.386780	1.000000
0.000000	-507.051117	-2540.950928	1.000000
0.000000	-595519.937500	1523932.125000	1.000000
0.000000	3674.214111	-2033.891602	1.000000
0.000000	9292453.000000	3386659.750000	1.000000
0.000000	78697400.000000	19959642.000000	1.000000
0.000000	-467.173767	-237.017273	1.000000
0.000000	-389.110168	271.634827	1.000000
0.000000	85.256966	-442.322113	1.000000
0.000000	-73337376.000000	-31090268.000000	1.000000
0.000000	908.076355	-4421.685059	1.000000
0.000000	421.223633	-602.042358	1.000000
0.000000	-6273.279785	7976.708984	1.000000
0.000000	-986.837585	17.906837	1.000000
0.000000	-371.650665	473.978485	1.000000
0.000000	964.553040	8203.698242	1.000000
0.000000	10424.824219	85131.242188	1.000000
0.000000	-86.164543	1017.581665	1.000000
0.000000	378.188080	-40.619209	1.000000
0.000000	-206993.765625	-53476.152344	1.000000
0.000000	613.414124	-43.305618	1.000000
0.000000	10383.883789	35174.542969	1.000000
0.000000	-4123.945312	11541.177734	1.000000
0.000000	583.601379	-277.265289	1.000000
0.000000	-61266.718750	-273296.843750	1.000000
0.000000	5053.816406	-8743.220703	1.000000
0.000000	5073.195312	955.843872	1.000000
0.000000	-449.048706	539.691711	1.000000
0.000000	-683.398499	-70.969070	1.000000
0.000000	-396.561859	-157.922989	1.000000
0.000000	5044.286133	2864.160889	1.000000
0.000000	-176.309265	-140.893387	1.000000
0.000000	-5893.530762	-1632.069946	1.000000
0.000000	-246216.234375	-73920.312500	1.000000
0.000000	-46580.027344	-6281.779785	1.000000
0.000000	620.677063	216.929977	1.000000
0.000000	654.963074	-149.846924	1.000000
0.000000	-3.637932	437.423462	1.000000
0.000000	-170.301895	-314.345276	1.000000
0.000000	72.579147	433.021454	1.000000
0.000000	-635.740662	-88.137711	1.000000
0.000000	-3917.440430	3240.478516	1.000000
0.000000	-940.179077	593.901306	1.000000
0.000000	-156.031784	-451.530273	1.000000
0.000000	-449.495361	-122.102028	1.000000
0.000000	7238.417480	6258.475586	1.000000
0.000000	-976.631897	1528.112183	1.000000
0.000000	-85.375824	1185.408447	1.000000
0.000000	-3511.367432	-11487.633789	1.000000
0.000000	482.979492	30.978724	1.000000
0.000000	-11.686895	-462.831909	1.000000
0.000000	326.697479	110.973694	1.000000
0.000000	29405522.000000	-21550876.000000	1.000000
0.000000	-712.685364	1778.025513	1.000000
0.000000	368.864410	668.320740	1.000000
0.000000	1611.859741	26073.751953	1.000000
0.000000	3338.388184	-1830.773682	1.000000
0.000000	-193.066711	-418.855103	1.000000
0.000000	266.418060	-526.064819	1.000000
0.000000	5265.987793	-3053.761719	1.000000
0.000000	401218.125000	-1051564.750000	1.000000
0.000000	40039.585938	142430.187500	1.000000
0.000000	899154304.000000	-490293056.000000	1.000000
0.000000	4991.778320	-15019.566406	1.000000
0.000000	-11819835.000000	-661065.062500	1.000000
0.000000	10710.260742	-14949.641602	1.000000
0.000000	-76.712677	-543.985535	1.000000
0.000000	-415.850891	-894.267395	1.000000
0.000000	-312.586670	915.645752	1.000000
0.000000	424093.312500	2443.208252	1.000000
0.000000	-9530.673828	10594.723633	1.000000
0.000000	-359.133209	493.513611	1.000000
0.000000	15.925702	-474.455780	1.000000
0.000000	3440.370605	-13475.569336	1.000000
0.000000	-935690816.000000	516809408.000000	1.000000
0.000000	1333545.500000	80420.828125	1.000000
0.000000	370973.062500	-121761.531250	1.000000
0.000000	282233.875000	227454.562500	1.000000
0.000000	24732.951172	-23048.933594	1.000000
0.000000	2203343.750000	933428.812500	1.000000
0.000000	-250.426804	378.579224	1.000000
0.000000	-94.044914	-74.539558	1.000000
0.000000	-3050.126221	-223.182999	1.000000
0.000000	-1692.858521	1904.170288	1.000000
0.000000	184.562561	443.837891	1.000000
0.000000	-35.846249	-226.449158	1.000000
0.000000	-1391.865356	1051.498413	1.000000
0.000000	1069.065430	-286.147644	1.000000
0.000000	275.551086	-3.323989	1.000000
0.000000	-4355021.000000	2416277.250000	1.000000
0.000000	1265.730713	705.096741	1.000000
0.000000	-303.445068	-88084.859375	1.000000
0.000000	1711789.125000	-2028472.500000	1.000000
0.000000	846.599854	-1331.074707	1.000000
0.000000	-111.966629	-5406.362793	1.000000
0.000000	691415.187500	-227610.812500	1.000000
0.000000	12310197.000000	-6573529.500000	1.000000
0.000000	-21988.115234	-21686.593750	1.000000
0.000000	170845.796875	-24633.648438	1.000000
0.000000	-53.533375	348.918915	1.000000
0.000000	463.368134	-86.442299	1.000000
0.000000	445.791565	-1833.783447	1.000000
0.000000	-267.932617	-378.126984	1.000000
0.000000	172.413483	-436.315399	1.000000
0.000000	-934.425659	1242.130981	1.000000
0.000000	-385.004578	-3068.532471	1.000000
0.000000	-54049.703125	119833.890625	1.000000
0.000000	152.493988	414.904846	1.000000
0.000000	-524.902039	71.759956	1.000000
0.000000	39.209599	-1027.966187	1.000000
0.000000	-64460.378906	15443.089844	1.000000
0.000000	2487.475830	954.659241	1.000000
0.000000	55921.660156	149694.296875	1.000000
0.000000	-13402.993164	6547.416992	1.000000
0.000000	-41918.988281	-29681.621094	1.000000
0.000000	-8311.102539	13911.529297	1.000000
0.000000	465.693359	416.649902	1.000000
0.000000	-439.389893	288.820312	1.000000
0.000000	1679.828369	3057.376709	1.000000
0.000000	799.360596	-460.050079	1.000000
0.000000	1812.297363	-11.976402	1.000000
0.000000	600.256592	-705.761658	1.000000
0.000000	13953.878906	-14407.335938	1.000000
0.000000	-447.197449	-224.894608	1.000000
0.000000	-1231.627197	1364.851929	1.000000
0.000000	353.505707	375.860992	1.000000
0.000000	-13172.827148	-3020.518311	1.000000
0.000000	-28770.316406	-61645.812500	1.000000
0.000000	1792.055420	8196.491211	1.000000
0.000000	-2426.604980	1713.300293	1.000000
0.000000	247.678192	-217.931778	1.000000
0.000000	-40.555271	85.683998	1.000000
0.000000	-3716.505127	-15903.766602	1.000000
0.000000	924.241150	18.712063	1.000000
0.000000	-8945.667969	12945.417969	1.000000
0.000000	-846.274902	-3334.327637	1.000000
0.000000	924.653015	733.808289	1.000000
0.000000	446.867523	-288.501892	1.000000
0.000000	-5485.951660	-20485.708984	1.000000
0.000000	10.461962	-485.054230	1.000000
0.000000	22470.332031	-24756.236328	1.000000
0.000000	-409.095245	-295.473877	1.000000
0.000000	-3300464.250000	1376390.750000	1.000000
0.000000	-18046.154297	-1411.067505	1.000000
0.000000	-125.689201	723.743652	1.000000
0.000000	212.099823	-495.250641	1.000000
0.000000	6736.378418	2551.451172	1.000000
0.000000	-25983.662109	-23314.832031	1.000000
0.000000	-586712.625000	317562.343750	1.000000
0.000000	-108536.234375	248935.578125	1.000000
0.000000	37863.070312	-56191.003906	1.000000
0.000000	703.577393	-1843.399536	1.000000
0.000000	198.095840	308.190094	1.000000
0.000000	-256.611694	-269.324402	1.000000
0.000000	-431.194458	833.944702	1.000000
0.000000	4112436.000000	2116301.500000	1.000000
0.000000	324.374664	242.410233	1.000000
0.000000	-45337.816406	76109.968750	1.000000
0.000000	848.430481	1762.146484	1.000000
0.000000	4985.652832	12523.440430	1.000000
0.000000	603.537537	1449.320312	1.000000
0.000000	-44210.019531	2482.992920	1.000000
0.000000	245577.203125	-842228.687500	1.000000
0.000000	-369.783295	-209.088730	1.000000
0.000000	603.001770	-117.894127	1.000000
0.000000	-32919.558594	-140155.140625	1.000000
0.000000	-14390.059570	-13415.937500	1.000000
0.000000	-540.462402	-90.215981	1.000000
0.000000	-323796.406250	730136.875000	1.000000
0.000000	-31225.628906	-19590.820312	1.000000
0.000000	-567.051147	-1146.203247	1.000000
0.000000	190.521896	-508.272614	1.000000
0.000000	-3477.338379	-12821.685547	1.000000
0.000000	137.923157	-470.423248	1.000000
0.000000	3248.442383	2847.077148	1.000000
0.000000	103.514160	48.711510	1.000000
0.000000	798980.812500	-982912.687500	1.000000
0.000000	-536.325500	434.274536	1.000000
0.000000	-3129.515869	-2135.741455	1.000000
0.000000	-60.000469	3051.761963	1.000000
0.000000	-427.551331	410.358673	1.000000
0.000000	19772.443359	10675.921875	1.000000
0.000000	226.526520	559.519470	1.000000
0.000000	-3512.841309	-1961.928833	1.000000
0.000000	65149.246094	112807.101562	1.000000
0.000000	382.123749	318.177704	1.000000
0.000000	484892.843750	100955.078125	1.000000
0.000000	-354.046844	338.857666	1.000000
0.000000	78.260521	447.249146	1.000000
0.000000	346.211151	267.707703	1.000000
0.000000	-443.975830	-105.686569	1.000000
0.000000	-52362.480469	-2870.376221	1.000000
0.000000	11478.489258	1508.775757	1.000000
0.000000	-36.809792	-332.142059	1.000000
0.000000	92.970268	1624.596680	1.000000
0.000000	-7880.336426	-93287.515625	1.000000
0.000000	-658.000366	987.949463	1.000000
0.000000	-143.723373	414.536499	1.000000
0.000000	473.495636	-120.709267	1.000000
0.000000	64.434341	491.807556	1.000000
0.000000	-43015.066406	-77626.132812	1.000000
0.000000	184.472122	-1184.033447	1.000000
0.000000	63.178665	452.727295	1.000000
0.000000	-154.121994	-57.249672	1.000000
0.000000	-472.843140	861.053589	1.000000
0.000000	497.581207	-41.641899	1.000000
0.000000	252.009338	1145.510864	1.000000
0.000000	-250.093414	292.362396	1.000000
0.000000	361.624725	603.504211	1.000000
0.000000	-11144.725586	544.020447	1.000000
0.000000	28171368.000000	16549397.000000	1.000000
0.000000	404.755219	-744.156616	1.000000
0.000000	-32717.789062	266680.937500	1.000000
0.000000	-375.372192	1.547642	1.000000
0.000000	1604.123535	2594.248535	1.000000
0.000000	4400.799316	10713.375977	1.000000
0.000000	-48378.109375	-126250.796875	1.000000
0.000000	-71.999725	-584.007690	1.000000
0.000000	1929694.125000	165319.984375	1.000000
0.000000	-179976.171875	-177937.812500	1.000000
0.000000	-70322.695312	13656.323242	1.000000
0.000000	350.973236	-233.672119	1.000000
0.000000	-131155.062500	15099.373047	1.000000
0.000000	-1199.515503	299.473145	1.000000
0.000000	-1416.577271	889.725586	1.000000
0.000000	-1223.664307	1307.441284	1.000000
0.000000	49293.542969	57689.812500	1.000000
0.000000	83764.320312	3596.691162	1.000000
0.000000	1193.602173	-359.345581	1.000000
0.000000	-481.054657	-339.345978	1.000000
0.000000	-1589278.625000	-1200867.375000	1.000000
0.000000	-407.485840	180.507034	1.000000
0.000000	2590553.750000	19492.906250	1.000000
0.000000	184.499939	-315.705841	1.000000
0.000000	-10531.281250	13309.853516	1.000000
0.000000	1826645.375000	135299.734375	1.000000
0.000000	-1548.722290	932.450684	1.000000
0.000000	405.417755	80.740883	1.000000
0.000000	464.776855	-106.443100	1.000000
0.000000	337.716736	878.056946	1.000000
0.000000	-10713.145508	7518.980957	1.000000
0.000000	-508.145630	188.189514	1.000000
0.000000	27339.330078	26037.785156	1.000000
0.000000	174.901398	388.580841	1.000000
0.000000	279.268768	636.010925	1.000000
0.000000	-179.488983	-9021.744141	1.000000
0.000000	-5738.685059	9776.093750	1.000000
0.000000	459238.718750	25481.019531	1.000000
0.000000	-1144.635498	1147.665039	1.000000
0.000000	2287.896973	-5178.400879	1.000000
0.000000	3489.761230	-2227.337158	1.000000
0.000000	215.727203	187.033401	1.000000
0.000000	341.249664	250.749146	1.000000
0.000000	907.151611	-863.218628	1.000000
0.000000	1223.372925	11594.028320	1.000000
0.000000	17907.085938	-23812.146484	1.000000
0.000000	456.106903	-26.637115	1.000000
0.000000	-5.656549	-345.040375	1.000000
0.000000	1033.878174	1250.545654	1.000000
0.000000	547.057922	-49.139164	1.000000
0.000000	128.604477	305.485809	1.000000
0.000000	-1306.642578	173.975281	1.000000
0.000000	75440.421875	-7394.057617	1.000000
0.000000	117.723305	532.967590	1.000000
0.000000	-75.058304	-720.712036	1.000000
0.000000	1170.095947	-9466.013672	1.000000
0.000000	348.362335	400.757324	1.000000
0.000000	339.679749	305.845978	1.000000
0.000000	-3801.152588	-4486.208496	1.000000
0.000000	645.276489	254.218552	1.000000
0.000000	-2135.689941	-3047.694580	1.000000
0.000000	62.019833	392.548767	1.000000
0.000000	22264.484375	39226.601562	1.000000
0.000000	482.447845	-23.463816	1.000000
0.000000	1016.914734	-547.568176	1.000000
0.000000	1366.712158	766.685486	1.000000
0.000000	-325.219635	765.688965	1.000000
0.000000	224.638412	-417.268707	1.000000
0.000000	9650.885742	4731.105957	1.000000
0.000000	-92616.953125	-330296.468750	1.000000
0.000000	8116.296387	16954.285156	1.000000
0.000000	295.544678	-285.537720	1.000000
0.000000	3442.065186	-789.022827	1.000000
0.000000	-423265.187500	-82051.609375	1.000000
0.000000	-44105600.000000	-10494824.000000	1.000000
0.000000	6082.028320	-4468.251465	1.000000
0.000000	-337.767181	276.976471	1.000000
0.000000	1140.623047	-1632.115845	1.000000
0.000000	5751.129883	275.445923	1.000000
0.000000	-382.408081	-148.036240	1.000000
0.000000	-613.587463	1010.271362	1.000000
0.000000	-18759.548828	-58.597511	1.000000
0.000000	-758.283875	-160.601730	1.000000
0.000000	313.477203	-476.102020	1.000000
0.000000	14664.605469	-10988.284180	1.000000
