0.000000	31491.136719	455819.062500	1.000000
0.000000	215004.031250	175267.359375	1.000000
0.000000	1189.678711	-12799.543945	1.000000
0.000000	-499.378357	648.370178	1.000000
0.000000	16886.896484	27371.429688	1.000000
0.000000	-13672.543945	749.681213	1.000000
0.000000	-663.170227	-2464.486084	1.000000
0.000000	-595302.437500	1523932.125000	1.000000
0.000000	3585.005127	-2183.422852	1.000000
0.000000	9292453.000000	3386659.750000	1.000000
0.000000	78697400.000000	19959642.000000	1.000000
0.000000	-299.269714	-191.456970	1.000000
0.000000	-306.698059	118.384872	1.000000
0.000000	91.655586	-268.470795	1.000000
0.000000	-73337376.000000	-31090268.000000	1.000000
0.000000	756.633484	-4506.645996	1.000000
0.000000	380.442383	-432.920471	1.000000
0.000000	-6183.221191	7827.177734	1.000000
0.000000	-987.262390	191.913940	1.000000
0.000000	-311.965607	310.534882	1.000000
0.000000	927.170227	8033.776367	1.000000
0.000000	10268.496094	85049.679688	1.000000
0.000000	-52.498775	846.810181	1.000000
0.000000	249.121582	77.033768	1.000000
0.000000	-207102.515625	-53353.808594	1.000000
0.000000	439.925568	-56.925919	1.000000
0.000000	10387.282227	35351.261719	1.000000
0.000000	-3953.313721	11575.162109	1.000000
0.000000	431.521301	-192.729156	1.000000
0.000000	-61443.437500	-273296.843750	1.000000
0.000000	5157.468750	-8882.556641	1.000000
0.000000	4904.972656	912.938599	1.000000
0.000000	-288.578735	472.360199	1.000000
0.000000	-556.169495	-189.542679	1.000000
0.000000	-260.624359	-49.383602	1.000000
0.000000	4886.258789	2791.944092	1.000000
0.000000	-14.493190	-76.939079	1.000000
0.000000	-5759.292480	-1522.045532	1.000000
0.000000	-246270.609375	-73757.187500	1.000000
0.000000	-46715.964844	-6176.428223	1.000000
0.000000	486.459015	106.156921	1.000000
0.000000	554.496765	-7.838557	1.000000
0.000000	-2.075613	263.465942	1.000000
0.000000	-91.913216	-159.006119	1.000000
0.000000	50.948673	260.338348	1.000000
0.000000	-570.108337	-249.297989	1.000000
0.000000	-4060.174805	3339.882812	1.000000
0.000000	-841.411987	450.575287	1.000000
0.000000	-117.746262	-281.820801	1.000000
0.000000	-279.254883	-86.312233	1.000000
0.000000	7065.097168	6277.166992	1.000000
0.000000	-881.688049	1673.820190	1.000000
0.000000	13.521688	1328.567627	1.000000
0.000000	-3410.263916	-11630.368164	1.000000
0.000000	320.507019	-30.987429	1.000000
0.000000	-15.988043	-288.874390	1.000000
0.000000	152.814651	117.000610	1.000000
0.000000	29405522.000000	-21550876.000000	1.000000
0.000000	-572.499817	1675.222778	1.000000
0.000000	483.455475	537.268494	1.000000
0.000000	1701.493530	26223.283203	1.000000
0.000000	3272.118652	-1669.772705	1.000000
0.000000	-101.521294	-270.916870	1.000000
0.000000	172.536224	-379.603241	1.000000
0.000000	5373.038574	-2916.974609	1.000000
0.000000	401109.375000	-1051564.750000	1.000000
0.000000	40189.117188	142538.937500	1.000000
0.000000	899154304.000000	-490293056.000000	1.000000
0.000000	5103.926758	-14887.027344	1.000000
0.000000	-11819835.000000	-661282.562500	1.000000
0.000000	10621.901367	-15099.172852	1.000000
0.000000	-25.311306	-377.760284	1.000000
0.000000	-284.480042	-780.207336	1.000000
0.000000	-486.437988	921.593018	1.000000
0.000000	424310.812500	2486.538330	1.000000
0.000000	-9360.751953	10635.504883	1.000000
0.000000	-190.252686	535.356873	1.000000
0.000000	31.165554	-301.135468	1.000000
0.000000	3423.378418	-13302.249023	1.000000
0.000000	-935690816.000000	516809408.000000	1.000000
0.000000	1333545.500000	80257.703125	1.000000
0.000000	370755.562500	-121734.343750	1.000000
0.000000	282451.375000	227400.187500	1.000000
0.000000	24889.279297	-23130.496094	1.000000
0.000000	2203343.750000	933646.312500	1.000000
0.000000	-158.775192	230.650085	1.000000
0.000000	75.768875	-36.599186	1.000000
0.000000	-3158.876221	-359.107666	1.000000
0.000000	-1672.467896	1731.274780	1.000000
0.000000	104.327583	289.421387	1.000000
0.000000	8.857208	-58.280064	1.000000
0.000000	-1224.067505	1097.377319	1.000000
0.000000	922.083069	-192.973297	1.000000
0.000000	236.867630	-172.975815	1.000000
0.000000	-4355021.000000	2416277.250000	1.000000
0.000000	1115.349854	617.799377	1.000000
0.000000	-133.166275	-88057.671875	1.000000
0.000000	1711789.125000	-2028472.500000	1.000000
0.000000	814.102295	-1501.846191	1.000000
0.000000	-255.022583	-5307.808105	1.000000
0.000000	691415.187500	-227447.687500	1.000000
0.000000	12310197.000000	-6573529.500000	1.000000
0.000000	-21947.333984	-21516.671875	1.000000
0.000000	170682.671875	-24531.695312	1.000000
0.297784	21.786516	195.202255	1.000000
0.000000	296.844696	-35.844826	1.000000
0.000000	614.226624	-1790.453369	1.000000
0.000000	-153.447754	-247.074753	1.000000
0.000000	109.072418	-274.252411	1.000000
0.000000	-884.511108	1075.607544	1.000000
0.000000	-216.344620	-3111.012939	1.000000
0.000000	-53872.984375	119833.890625	1.000000
0.000000	90.987534	252.099731	1.000000
0.000000	-356.581329	27.685816	1.000000
0.000000	-128.129181	-1075.544312	1.000000
0.000000	-64609.910156	15538.246094	1.000000
0.000000	2435.649658	788.560608	1.000000
0.000000	55785.722656	149585.546875	1.000000
0.000000	-13236.469727	6601.791992	1.000000
0.000000	-41783.050781	-29783.574219	1.000000
0.000000	-8453.836914	13812.974609	1.000000
0.000000	308.515625	342.096680	1.000000
0.000000	-311.205078	171.111130	1.000000
0.000000	1554.510986	3178.021240	1.000000
0.000000	631.350342	-414.702179	1.000000
0.000000	1924.020996	121.385033	1.000000
0.000000	566.272217	-535.202576	1.000000
0.000000	13991.261719	-14237.414062	1.000000
0.000000	-298.834412	-134.039505	1.000000
0.000000	-1165.782471	1525.852905	1.000000
0.000000	229.144135	254.154465	1.000000
0.000000	-13342.749023	-2982.285889	1.000000
0.000000	-28661.566406	-61509.875000	1.000000
0.000000	1696.899170	8050.358398	1.000000
0.000000	-2532.806152	1850.937012	1.000000
0.000000	88.476044	-147.732803	1.000000
0.000000	74.536560	216.196625	1.000000
0.000000	-3826.954346	-16039.704102	1.000000
0.000000	757.080505	-29.843534	1.000000
0.000000	-8772.347656	12931.824219	1.000000
0.000000	-898.738281	-3168.653809	1.000000
0.000000	943.556824	560.912781	1.000000
0.000000	276.839447	-251.550293	1.000000
0.000000	-5657.572754	-20512.896484	1.000000
0.000000	1.308749	-311.309113	1.000000
0.000000	22517.910156	-24586.314453	1.000000
0.000000	-291.742950	-166.970444	1.000000
0.000000	-3300464.250000	1376390.750000	1.000000
0.000000	-17984.982422	-1248.792114	1.000000
0.000000	-52.514511	565.928711	1.000000
0.000000	154.113983	-331.169830	1.000000
0.000000	6680.304199	2716.275391	1.000000
0.000000	-26146.787109	-23369.207031	1.000000
0.000000	-586712.625000	317453.593750	1.000000
0.000000	-108536.234375	249098.703125	1.000000
0.000000	38039.789062	-56191.003906	1.000000
0.000000	591.004150	-1710.860474	1.000000
0.000000	114.515511	155.579025	1.000000
0.000000	-216.838531	-438.715271	1.000000
0.000000	-383.722534	666.571655	1.000000
0.000000	4112436.000000	2116301.500000	1.000000
0.000000	153.815567	208.054153	1.000000
0.000000	-45269.847656	75946.843750	1.000000
0.000000	691.465149	1686.956055	1.000000
0.000000	4817.430176	12567.620117	1.000000
0.000000	620.742126	1622.640625	1.000000
0.000000	-44087.675781	2355.551514	1.000000
0.000000	245740.328125	-842228.687500	1.000000
0.000000	-212.393158	-134.960312	1.000000
0.000000	429.469086	-131.308563	1.000000
0.000000	-32987.527344	-139992.015625	1.000000
0.000000	-14332.286133	-13579.062500	1.000000
0.000000	-366.717285	-81.401283	1.000000
0.000000	-323578.906250	730136.875000	1.000000
0.000000	-31375.160156	-19679.179688	1.000000
0.000000	-409.730072	-1071.862427	1.000000
0.000000	143.527878	-340.793365	1.000000
0.000000	-3643.861816	-12770.708984	1.000000
0.000000	87.605118	-303.899811	1.000000
0.000000	3196.616211	3012.750977	1.000000
0.297784	20.722128	198.643753	1.000000
0.000000	799198.312500	-982912.687500	1.000000
0.000000	-364.704437	405.281616	1.000000
0.000000	-3296.039307	-2086.464111	1.000000
0.000000	-23.439163	2881.840088	1.000000
0.000000	-304.782776	287.059113	1.000000
0.000000	19860.802734	10526.390625	1.000000
0.000000	55.022221	588.830994	1.000000
0.000000	-3347.167480	-1907.553833	1.000000
0.000000	65094.871094	112643.976562	1.000000
0.000000	253.832733	200.638031	1.000000
0.000000	484892.843750	100791.953125	1.000000
0.000000	-228.198456	218.727661	1.000000
0.000000	80.464195	273.291626	1.000000
0.000000	316.368622	96.299004	1.000000
0.000000	-270.336914	-94.615097	1.000000
0.000000	-52430.449219	-3028.403564	1.000000
0.000000	11386.731445	1360.943726	1.000000
0.000000	-84.095863	-164.691772	1.000000
0.000000	-8.635111	1766.056641	1.000000
0.000000	-7871.840332	-93124.390625	1.000000
0.000000	-553.710815	1127.285400	1.000000
0.000000	-28.764677	283.909058	1.000000
0.000000	307.184601	-69.546852	1.000000
0.000000	54.902782	318.062439	1.000000
0.000000	-42879.128906	-77734.882812	1.000000
0.000000	320.487885	-1075.283447	1.000000
0.000000	-27.387836	304.151855	1.000000
0.000000	-76.258888	-212.846466	1.000000
0.000000	-456.912964	687.733276	1.000000
0.000000	375.980865	82.815460	1.000000
0.000000	210.643982	976.438599	1.000000
0.000000	-168.690216	138.583115	1.000000
0.000000	221.452271	500.477203	1.000000
0.000000	-10971.405273	556.764587	1.000000
0.000000	28171368.000000	16549397.000000	1.000000
0.000000	287.402924	-615.653198	1.000000
0.000000	-32785.757812	266789.687500	1.000000
0.000000	-201.414673	5.968683	1.000000
0.000000	1459.265137	2690.254395	1.000000
0.000000	4570.721191	10672.594727	1.000000
0.000000	-48554.828125	-126250.796875	1.000000
0.000000	80.760101	-500.745941	1.000000
0.000000	1929694.125000	165211.234375	1.000000
0.000000	-180139.296875	-177937.812500	1.000000
0.000000	-70186.757812	13754.877930	1.000000
0.000000	246.365067	-94.648422	1.000000
0.000000	-131100.687500	14932.849609	1.000000
0.000000	-1044.461792	220.778076	1.000000
0.000000	-1307.402466	1025.027466	1.000000
0.000000	-1178.635010	1139.218628	1.000000
0.000000	49252.761719	57526.687500	1.000000
0.000000	83900.257812	3701.193115	1.000000
0.000000	1027.928345	-412.233765	1.000000
0.000000	-326.425751	-259.588898	1.000000
0.000000	-1589278.625000	-1200867.375000	1.000000
0.000000	-239.581802	134.787430	1.000000
0.000000	2590553.750000	19336.578125	1.000000
0.000000	124.069748	-152.547165	1.000000
0.000000	-10429.328125	13167.119141	1.000000
0.000000	1826645.375000	135408.484375	1.000000
0.000000	-1568.688110	759.555176	1.000000
0.000000	236.801788	42.037151	1.000000
0.000000	321.815857	-14.614584	1.000000
0.000000	476.627869	982.771301	1.000000
0.000000	-10594.200195	7391.539551	1.000000
0.000000	-337.586548	153.727234	1.000000
0.000000	27332.533203	25861.066406	1.000000
0.000000	47.884804	269.635529	1.000000
0.000000	271.409882	462.235382	1.000000
0.000000	-10.218571	-9062.525391	1.000000
0.000000	-5565.364746	9772.695312	1.000000
0.000000	459129.968750	25610.160156	1.000000
0.000000	-981.510437	1087.342773	1.000000
0.000000	2147.711426	-5282.053223	1.000000
0.000000	3486.362793	-2053.167236	1.000000
0.000000	120.568878	41.376434	1.000000
0.000000	192.461823	160.584351	1.000000
0.000000	982.129639	-706.253296	1.000000
0.000000	1203.407104	11767.348633	1.000000
0.000000	18077.007812	-23778.162109	1.000000
0.000000	282.574188	-13.986429	1.000000
0.000000	-15.403426	-171.295258	1.000000
0.000000	1178.311768	1153.690186	1.000000
0.000000	373.100403	-44.691990	1.000000
0.000000	100.700691	133.758499	1.000000
0.000000	-1472.316406	120.924263	1.000000
0.000000	75277.296875	-7412.749023	1.000000
0.000000	71.393044	365.262695	1.000000
0.000000	-249.068924	-720.712036	1.000000
0.000000	1181.140869	-9639.333984	1.000000
0.000000	243.123474	262.164795	1.000000
0.000000	206.947906	193.302322	1.000000
0.000000	-3881.015869	-4640.837402	1.000000
0.000000	473.655365	225.862839	1.000000
0.000000	-1996.196655	-2944.042236	1.000000
0.000000	-11.313241	234.733841	1.000000
0.000000	22237.296875	39049.882812	1.000000
0.000000	308.490326	-24.034647	1.000000
0.000000	842.957214	-550.541809	1.000000
0.000000	1216.331299	679.175720	1.000000
0.000000	-317.997955	591.943848	1.000000
0.000000	114.879509	-282.287018	1.000000
0.000000	9562.526367	4880.637207	1.000000
0.000000	-92698.515625	-330187.718750	1.000000
0.000000	7942.976074	16947.488281	1.000000
0.000000	183.290039	-152.573868	1.000000
0.000000	3385.141357	-953.634644	1.000000
0.000000	-423373.937500	-81915.671875	1.000000
0.000000	-44105600.000000	-10494824.000000	1.000000
0.000000	6003.864258	-4622.880371	1.000000
0.000000	-271.710052	115.977478	1.000000
0.000000	988.118164	-1715.802368	1.000000
0.000000	5887.067383	383.558716	1.000000
0.000000	-220.876114	-83.341408	1.000000
0.000000	-439.842346	1018.767456	1.000000
0.000000	-18786.736328	113.200424	1.000000
0.000000	-584.326355	-155.769577	1.000000
0.000000	293.617584	-303.206512	1.000000
0.000000	14504.878906	-11056.252930	1.000000
