0.000000	31584.437500	455731.250000	1.000000
0.000000	214960.125000	175135.640625	1.000000
0.000000	1168.754639	-12659.592773	1.000000
0.000000	-639.844055	650.428284	1.000000
0.000000	16897.873047	27514.125000	1.000000
0.000000	-13809.750977	781.410339	1.000000
0.000000	-789.229187	-2402.742920	1.000000
0.000000	-595126.812500	1523932.125000	1.000000
0.000000	3512.971436	-2304.165039	1.000000
0.000000	9292453.000000	3386659.750000	1.000000
0.000000	78697400.000000	19959642.000000	1.000000
0.000000	-163.692017	-154.668335	1.000000
0.000000	-240.162872	-5.374500	1.000000
0.000000	96.822289	-128.051773	1.000000
0.000000	-73337376.000000	-31090268.000000	1.000000
0.000000	634.347717	-4575.249512	1.000000
0.000000	347.512695	-296.313721	1.000000
0.000000	-6110.501465	7706.435547	1.000000
0.000000	-987.605408	332.399200	1.000000
0.000000	-263.771637	178.558884	1.000000
0.000000	896.984680	7896.569336	1.000000
0.000000	10142.265625	84983.820312	1.000000
0.000000	-25.315950	708.917114	1.000000
0.000000	147.592682	169.697266	1.000000
0.000000	-207190.328125	-53255.019531	1.000000
0.000000	299.888641	-67.923920	1.000000
0.000000	10390.026367	35493.957031	1.000000
0.000000	-3815.420654	11602.603516	1.000000
0.000000	308.721008	-124.468666	1.000000
0.000000	-61586.132812	-273296.843750	1.000000
0.000000	5241.165039	-8995.066406	1.000000
0.000000	4769.137695	878.293823	1.000000
0.000000	-159.003845	417.991913	1.000000
0.000000	-453.386841	-285.300568	1.000000
0.000000	-150.817673	38.267315	1.000000
0.000000	4758.656250	2733.631104	1.000000
0.000000	116.174446	-25.294191	1.000000
0.000000	-5650.898926	-1433.203979	1.000000
0.000000	-246314.515625	-73625.468750	1.000000
0.000000	-46825.730469	-6091.359863	1.000000
0.000000	378.151215	16.694571	1.000000
0.000000	473.332275	106.830208	1.000000
0.000000	-0.814061	122.960403	1.000000
0.000000	-29.671665	-34.878941	1.000000
0.000000	33.486935	120.942146	1.000000
0.000000	-517.112122	-379.389618	1.000000
0.000000	-4175.428711	3420.148926	1.000000
0.000000	-761.660400	334.892609	1.000000
0.000000	-86.831802	-144.785278	1.000000
0.000000	-141.754974	-57.412998	1.000000
0.000000	6925.145996	6292.259766	1.000000
0.000000	-805.023621	1791.475220	1.000000
0.000000	93.379311	1444.164551	1.000000
0.000000	-3328.625732	-11745.622070	1.000000
0.000000	190.760620	-84.869095	1.000000
0.000000	-19.461096	-148.408691	1.000000
0.000000	12.395096	121.867172	1.000000
0.000000	29405522.000000	-21550876.000000	1.000000
0.000000	-459.304016	1592.212524	1.000000
0.000000	575.925171	431.512848	1.000000
0.000000	1773.870239	26344.025391	1.000000
0.000000	3218.607910	-1539.769043	1.000000
0.000000	-27.596050	-151.423462	1.000000
0.000000	96.729340	-261.347931	1.000000
0.000000	5459.479004	-2806.522949	1.000000
0.000000	401021.562500	-1051564.750000	1.000000
0.000000	40309.859375	142626.750000	1.000000
0.000000	899154304.000000	-490293056.000000	1.000000
0.000000	5194.483398	-14780.005859	1.000000
0.000000	-11819835.000000	-661458.187500	1.000000
0.000000	10550.553711	-15219.915039	1.000000
0.000000	16.194241	-243.550690	1.000000
0.000000	-178.433228	-688.107117	1.000000
0.000000	-626.888062	926.395264	1.000000
0.000000	424486.437500	2521.526123	1.000000
0.000000	-9223.544922	10668.434570	1.000000
0.000000	-53.871178	569.144104	1.000000
0.000000	43.471310	-161.184280	1.000000
0.000000	3409.657715	-13162.297852	1.000000
0.000000	-935690816.000000	516809408.000000	1.000000
0.000000	1333545.500000	80125.984375	1.000000
0.000000	370579.937500	-121712.390625	1.000000
0.000000	282627.000000	227356.281250	1.000000
0.000000	25015.509766	-23196.355469	1.000000
0.000000	2203343.750000	933821.937500	1.000000
0.000000	-84.769157	111.234077	1.000000
0.000000	211.393951	-3.466398	1.000000
0.000000	-3246.688721	-468.873291	1.000000
0.000000	-1656.003052	1591.666626	1.000000
0.000000	39.540138	164.734512	1.000000
0.000000	44.952526	77.502991	1.000000
0.000000	-1088.575562	1134.423218	1.000000
0.000000	803.398987	-117.726746	1.000000
0.000000	205.610153	-309.951569	1.000000
0.000000	-4355021.000000	2416277.250000	1.000000
0.000000	993.879150	547.309265	1.000000
0.000000	4.336979	-88035.718750	1.000000
0.000000	1711789.125000	-2028472.500000	1.000000
0.000000	787.861450	-1639.739258	1.000000
0.000000	-370.533752	-5228.228027	1.000000
0.000000	691415.187500	-227315.968750	1.000000
0.000000	12310197.000000	-6573529.500000	1.000000
0.000000	-21914.404297	-21379.464844	1.000000
0.000000	170550.953125	-24449.371094	1.000000
0.000000	82.094635	68.826660	1.000000
0.000000	161.796738	6.133181	1.000000
0.000000	750.233093	-1755.465576	1.000000
0.000000	-61.004875	-141.253830	1.000000
0.000000	57.941360	-143.391190	1.000000
0.000000	-844.206543	941.039001	1.000000
0.000000	-80.123764	-3145.314697	1.000000
0.000000	-53730.289062	119833.890625	1.000000
0.000000	45.567482	123.653885	1.000000
0.000000	-220.620834	-7.944492	1.000000
0.000000	-263.237518	-1113.962280	1.000000
0.000000	-64730.652344	15615.082031	1.000000
0.000000	2393.801514	654.440735	1.000000
0.000000	55675.957031	149497.734375	1.000000
0.000000	-13102.006836	6645.698242	1.000000
0.000000	-41673.285156	-29865.898438	1.000000
0.000000	-8569.090820	13733.394531	1.000000
0.000000	181.599121	281.897095	1.000000
0.000000	-207.719528	76.052391	1.000000
0.000000	1453.320801	3275.438232	1.000000
0.000000	495.686920	-378.085052	1.000000
0.000000	2014.234619	229.050995	1.000000
0.000000	538.830811	-397.409729	1.000000
0.000000	14021.447266	-14100.207031	1.000000
0.000000	-179.035507	-60.657433	1.000000
0.000000	-1112.614746	1655.856567	1.000000
0.000000	128.725739	155.879929	1.000000
0.000000	-13479.956055	-2951.414307	1.000000
0.000000	-28573.753906	-61400.109375	1.000000
0.000000	1620.063232	7932.360352	1.000000
0.000000	-2618.560547	1962.074707	1.000000
0.000000	-40.084591	-91.049156	1.000000
0.000000	163.211533	318.614319	1.000000
0.000000	-3916.138916	-16149.469727	1.000000
0.000000	622.103088	-69.054436	1.000000
0.000000	-8632.396484	12920.847656	1.000000
0.000000	-941.100952	-3034.876953	1.000000
0.000000	958.821106	421.248932	1.000000
0.000000	139.546646	-221.750641	1.000000
0.000000	-5796.151855	-20534.849609	1.000000
0.000000	-6.082197	-171.014908	1.000000
0.000000	22556.328125	-24449.107422	1.000000
0.000000	-197.011063	-63.207535	1.000000
0.000000	-3300464.250000	1376390.750000	1.000000
0.000000	-17935.587891	-1117.759399	1.000000
0.000000	6.580978	438.497681	1.000000
0.000000	107.282600	-198.697845	1.000000
0.000000	6635.025879	2849.366211	1.000000
0.000000	-26278.505859	-23413.113281	1.000000
0.000000	-586712.625000	317365.781250	1.000000
0.000000	-108536.234375	249230.421875	1.000000
0.000000	38182.484375	-56191.003906	1.000000
0.000000	500.104462	-1603.838989	1.000000
0.000000	47.024109	32.349972	1.000000
0.000000	-184.723511	-575.453735	1.000000
0.000000	-345.390320	531.422729	1.000000
0.000000	4112436.000000	2116301.500000	1.000000
0.000000	18.811224	180.431442	1.000000
0.000000	-45214.964844	75815.125000	1.000000
0.000000	564.720154	1626.241943	1.000000
0.000000	4681.595215	12603.293945	1.000000
0.000000	634.634338	1762.591797	1.000000
0.000000	-43988.886719	2252.646240	1.000000
0.000000	245872.046875	-842228.687500	1.000000
0.000000	-85.297943	-75.084793	1.000000
0.000000	289.346405	-142.156494	1.000000
0.000000	-33042.410156	-139860.296875	1.000000
0.000000	-14285.635742	-13710.781250	1.000000
0.000000	-226.414047	-74.283669	1.000000
0.000000	-323403.281250	730136.875000	1.000000
0.000000	-31495.902344	-19750.527344	1.000000
0.000000	-282.727814	-1011.834351	1.000000
0.000000	105.568893	-205.542679	1.000000
0.000000	-3778.324707	-12729.546875	1.000000
0.000000	46.974480	-169.409317	1.000000
0.000000	3154.768066	3146.527832	1.000000
0.000000	-45.617550	321.952118	1.000000
0.000000	799373.937500	-982912.687500	1.000000
0.000000	-226.134583	381.870667	1.000000
0.000000	-3430.502197	-2046.674194	1.000000
0.000000	6.087008	2744.633057	1.000000
0.000000	-205.650696	187.468765	1.000000
0.000000	19932.150391	10405.648438	1.000000
0.000000	-83.458435	612.499207	1.000000
0.000000	-3213.390625	-1863.647583	1.000000
0.000000	65050.964844	112512.257812	1.000000
0.000000	148.348984	108.182938	1.000000
0.000000	484892.843750	100660.234375	1.000000
0.000000	-126.579506	121.696571	1.000000
0.000000	79.522789	132.670212	1.000000
0.000000	292.271637	-42.116344	1.000000
0.000000	-130.128464	-85.675201	1.000000
0.000000	-52485.332031	-3156.006104	1.000000
0.000000	11312.639648	1241.573608	1.000000
0.000000	-121.218674	-28.175703	1.000000
0.000000	-90.679100	1880.281494	1.000000
0.000000	-7864.979980	-92992.671875	1.000000
0.000000	-469.543304	1239.795166	1.000000
0.000000	60.725845	179.463547	1.000000
0.000000	172.893234	-28.234671	1.000000
0.000000	50.534019	176.736969	1.000000
0.000000	-42769.363281	-77822.695312	1.000000
0.000000	430.339264	-987.542236	1.000000
0.000000	-100.515236	184.181458	1.000000
0.000000	-13.388105	-338.476654	1.000000
0.000000	-444.049805	547.782104	1.000000
0.000000	277.792084	183.319611	1.000000
0.000000	177.242645	839.917603	1.000000
0.000000	-102.951309	14.411487	1.000000
0.000000	108.295609	417.209686	1.000000
0.000000	-10831.454102	567.055115	1.000000
0.000000	28171368.000000	16549397.000000	1.000000
0.000000	192.672989	-511.890411	1.000000
0.000000	-32840.640625	266877.500000	1.000000
0.000000	-60.958973	9.538210	1.000000
0.000000	1342.296143	2767.776367	1.000000
0.000000	4707.928223	10639.665039	1.000000
0.000000	-48697.523438	-126250.796875	1.000000
0.000000	204.117798	-433.514496	1.000000
0.000000	1929694.125000	165123.421875	1.000000
0.000000	-180271.015625	-177937.812500	1.000000
0.000000	-70076.992188	13834.458008	1.000000
0.000000	164.005188	14.004284	1.000000
0.000000	-131056.781250	14798.386719	1.000000
0.000000	-919.116882	157.234070	1.000000
0.000000	-1219.246948	1134.450073	1.000000
0.000000	-1142.275146	1003.409668	1.000000
0.000000	49219.832031	57394.968750	1.000000
0.000000	84010.023438	3785.575439	1.000000
0.000000	893.985046	-454.939453	1.000000
0.000000	-201.548645	-195.227829	1.000000
0.000000	-1589278.625000	-1200867.375000	1.000000
0.000000	-104.007904	97.852661	1.000000
0.000000	2590553.750000	19210.347656	1.000000
0.000000	75.254059	-20.799463	1.000000
0.000000	-10347.003906	13051.865234	1.000000
0.000000	1826645.375000	135496.296875	1.000000
0.000000	-1584.809937	619.947021	1.000000
0.000000	99.852013	10.683202	1.000000
0.000000	204.932632	63.379883	1.000000
0.000000	588.794617	1067.412964	1.000000
0.000000	-10498.155273	7288.634277	1.000000
0.000000	-199.865005	125.901550	1.000000
0.000000	27327.044922	25718.371094	1.000000
0.000000	-54.674774	173.590622	1.000000
0.000000	265.064056	321.855438	1.000000
0.000000	126.458191	-9095.455078	1.000000
0.000000	-5425.413574	9769.951172	1.000000
0.000000	459042.156250	25714.437500	1.000000
0.000000	-849.791687	1038.634277	1.000000
0.000000	2034.556396	-5365.749512	1.000000
0.000000	3483.618652	-1912.530029	1.000000
0.000000	43.714333	-76.242584	1.000000
0.000000	72.309975	87.767021	1.000000
0.000000	1042.619385	-579.508301	1.000000
0.000000	1187.285278	11907.299805	1.000000
0.000000	18214.214844	-23750.720703	1.000000
0.000000	142.451492	-3.773602	1.000000
0.000000	-23.271595	-31.013401	1.000000
0.000000	1294.937744	1075.482178	1.000000
0.000000	232.634720	-41.101025	1.000000
0.000000	78.168724	-4.925841	1.000000
0.000000	-1606.093262	78.068504	1.000000
0.000000	75145.578125	-7427.841797	1.000000
0.000000	33.982689	229.848236	1.000000
0.000000	-389.536743	-720.712036	1.000000
0.000000	1190.059326	-9779.285156	1.000000
0.000000	158.183746	150.255310	1.000000
0.000000	99.792152	102.445534	1.000000
0.000000	-3945.503174	-4765.695801	1.000000
0.000000	335.076263	202.966415	1.000000
0.000000	-1883.343872	-2860.345947	1.000000
0.000000	-70.526863	107.306297	1.000000
0.000000	22215.343750	38907.187500	1.000000
0.000000	167.997772	-24.495577	1.000000
0.000000	702.491516	-552.942932	1.000000
0.000000	1094.903076	608.514099	1.000000
0.000000	-312.166656	451.612793	1.000000
0.000000	26.252695	-173.260651	1.000000
0.000000	9491.178711	5001.379395	1.000000
0.000000	-92764.375000	-330099.906250	1.000000
0.000000	7803.024902	16942.000000	1.000000
0.000000	92.647644	-45.225887	1.000000
0.000000	3339.177002	-1086.473267	1.000000
0.000000	-423461.750000	-81805.906250	1.000000
0.000000	-44105600.000000	-10494824.000000	1.000000
0.000000	5940.749023	-4747.738770	1.000000
0.000000	-218.411041	-13.968311	1.000000
0.000000	864.974854	-1783.376831	1.000000
0.000000	5996.833008	470.856689	1.000000
0.000000	-90.443687	-31.102200	1.000000
0.000000	-299.548157	1025.627808	1.000000
0.000000	-18808.689453	251.910446	1.000000
0.000000	-443.860657	-151.867752	1.000000
0.000000	277.581512	-163.626740	1.000000
0.000000	14375.904297	-11111.135742	1.000000
