0.000000	31672.425781	455648.437500	1.000000
0.000000	214918.718750	175011.421875	1.000000
0.000000	1149.021973	-12527.610352	1.000000
0.000000	-772.311707	652.369202	1.000000
0.000000	16908.224609	27648.695312	1.000000
0.000000	-13939.145508	811.332825	1.000000
0.000000	-908.110413	-2344.515381	1.000000
0.000000	-594961.187500	1523932.125000	1.000000
0.000000	3445.039307	-2418.032227	1.000000
0.000000	9292453.000000	3386659.750000	1.000000
0.000000	78697400.000000	19959642.000000	1.000000
0.000000	-35.819469	-119.969742	1.000000
0.000000	-177.446960	-122.087532	1.000000
0.000000	101.694801	4.356279	1.000000
0.000000	-73337376.000000	-31090268.000000	1.000000
0.000000	519.024841	-4639.946777	1.000000
0.000000	316.458008	-167.513077	1.000000
0.000000	-6041.922363	7592.568359	1.000000
0.000000	-987.928894	464.866852	1.000000
0.000000	-218.288284	54.098331	1.000000
0.000000	868.517883	7767.174805	1.000000
0.000000	10023.222656	84921.710938	1.000000
0.000000	0.315697	578.875610	1.000000
0.000000	50.060108	259.383850	1.000000
0.000000	-207273.140625	-53161.855469	1.000000
0.000000	167.798340	-78.295700	1.000000
0.000000	10392.614258	35628.527344	1.000000
0.000000	-3685.379150	11628.482422	1.000000
0.000000	192.912888	-60.094887	1.000000
0.000000	-61720.703125	-273296.843750	1.000000
0.000000	5320.095703	-9101.169922	1.000000
0.000000	4641.037109	845.621704	1.000000
0.000000	-36.767994	366.779816	1.000000
0.000000	-356.421814	-375.634125	1.000000
0.000000	-47.261612	120.921219	1.000000
0.000000	4638.319336	2678.638428	1.000000
0.000000	239.385651	23.389536	1.000000
0.000000	-5548.677246	-1349.421021	1.000000
0.000000	-246355.921875	-73501.250000	1.000000
0.000000	-46929.246094	-6011.135254	1.000000
0.000000	276.010406	-67.672737	1.000000
0.000000	396.746887	214.959473	1.000000
0.175739	2.625541	-6.584029	1.000000
0.000000	24.509613	82.364281	1.000000
0.000000	16.858227	-8.783709	1.000000
0.000000	-467.133514	-502.071808	1.000000
0.000000	-4284.120117	3495.844727	1.000000
0.000000	-686.449829	225.796829	1.000000
0.000000	-56.303497	-16.094442	1.000000
0.000000	-11.058695	-31.930534	1.000000
0.000000	6793.163574	6306.493164	1.000000
0.000000	-732.724426	1902.431030	1.000000
0.000000	168.680054	1553.179443	1.000000
0.000000	-3251.635986	-11854.313477	1.000000
0.000000	68.392067	-135.679718	1.000000
0.000000	-22.340521	-17.991430	1.000000
0.000000	-120.027557	126.456635	1.000000
0.000000	29405522.000000	-21550876.000000	1.000000
0.000000	-352.553528	1513.928833	1.000000
0.000000	663.104736	331.798187	1.000000
0.000000	1842.125854	26457.892578	1.000000
0.000000	3168.144043	-1417.167725	1.000000
0.000000	41.526508	-37.055782	1.000000
0.000000	25.238380	-149.787537	1.000000
0.000000	5540.997559	-2702.360352	1.000000
0.000000	400938.750000	-1051564.750000	1.000000
0.000000	40423.726562	142709.562500	1.000000
0.000000	899154304.000000	-490293056.000000	1.000000
0.000000	5279.883789	-14679.078125	1.000000
0.000000	-11819835.000000	-661623.812500	1.000000
0.000000	10483.268555	-15333.782227	1.000000
0.000000	56.568428	-119.468750	1.000000
0.000000	-78.435516	-601.251038	1.000000
0.000000	-759.355713	930.924072	1.000000
0.000000	424652.062500	2554.521729	1.000000
0.000000	-9094.150391	10699.489258	1.000000
0.000000	74.744110	601.007507	1.000000
0.000000	55.076382	-29.199194	1.000000
0.000000	3396.718262	-13030.315430	1.000000
0.000000	-935690816.000000	516809408.000000	1.000000
0.000000	1333545.500000	80001.765625	1.000000
0.000000	370414.312500	-121691.687500	1.000000
0.000000	282792.625000	227314.875000	1.000000
0.000000	25134.552734	-23258.464844	1.000000
0.000000	2203343.750000	933987.562500	1.000000
0.000000	-17.856644	1.783979	1.000000
0.000000	340.707611	25.428698	1.000000
0.000000	-3329.501221	-572.388916	1.000000
0.000000	-1640.475708	1460.007690	1.000000
0.000000	-21.555157	47.159691	1.000000
0.000000	78.993805	205.563141	1.000000
0.000000	-960.798462	1169.359741	1.000000
0.000000	691.472717	-46.779694	1.000000
0.000000	176.132462	-439.103485	1.000000
0.000000	-4355021.000000	2416277.250000	1.000000
0.000000	879.203247	480.870728	1.000000
0.000000	134.010986	-88015.015625	1.000000
0.000000	1711789.125000	-2028472.500000	1.000000
0.000000	763.114746	-1769.780762	1.000000
0.000000	-479.467773	-5153.179199	1.000000
0.000000	691415.187500	-227191.750000	1.000000
0.000000	12310197.000000	-6573529.500000	1.000000
0.000000	-21883.349609	-21250.070312	1.000000
0.000000	170426.734375	-24371.734375	1.000000
0.000000	138.868393	-48.366543	1.000000
0.000000	35.268875	42.253304	1.000000
0.000000	878.495422	-1722.469971	1.000000
0.000000	20.963017	-42.654694	1.000000
0.000000	9.719674	-19.980658	1.000000
0.000000	-806.196899	814.070618	1.000000
0.000000	48.333832	-3177.663330	1.000000
0.000000	-53595.718750	119833.890625	1.000000
0.175739	-1.079602	-2.081646	1.000000
0.000000	-92.439377	-41.509823	1.000000
0.000000	-390.691132	-1150.192749	1.000000
0.000000	-64844.519531	15687.542969	1.000000
0.000000	2354.336182	527.957581	1.000000
0.000000	55572.441406	149414.921875	1.000000
0.000000	-12975.200195	6687.104492	1.000000
0.000000	-41569.769531	-29943.535156	1.000000
0.000000	-8677.782227	13658.345703	1.000000
0.000000	61.898022	225.103241	1.000000
0.000000	-108.949097	-12.773493	1.000000
0.000000	1357.892334	3367.308350	1.000000
0.000000	367.748077	-343.552887	1.000000
0.000000	2099.506592	330.614960	1.000000
0.000000	512.951904	-267.449097	1.000000
0.000000	14049.914062	-13970.812500	1.000000
0.000000	-66.046829	8.541220	1.000000
0.000000	-1062.474365	1778.457886	1.000000
0.000000	34.025120	63.201180	1.000000
0.000000	-13609.350586	-2922.300537	1.000000
0.000000	-28490.941406	-61296.593750	1.000000
0.000000	1547.602295	7821.081055	1.000000
0.000000	-2699.432129	2066.884277	1.000000
0.000000	-161.323761	-37.593040	1.000000
0.000000	250.835892	418.005493	1.000000
0.000000	-4000.245361	-16252.985352	1.000000
0.000000	494.822113	-106.032967	1.000000
0.000000	-8500.414062	12910.496094	1.000000
0.000000	-981.051514	-2908.717285	1.000000
0.000000	973.216248	289.509125	1.000000
0.000000	10.067147	-193.647766	1.000000
0.000000	-5926.840332	-20555.552734	1.000000
0.000000	-13.052317	-38.697292	1.000000
0.000000	22592.558594	-24319.712891	1.000000
0.000000	-108.886780	33.836094	1.000000
0.000000	-3300464.250000	1376390.750000	1.000000
0.000000	-17889.005859	-994.187622	1.000000
0.000000	62.252357	319.131042	1.000000
0.023075	64.076820	-74.719406	1.000000
0.000000	6592.325684	2974.878906	1.000000
0.000000	-26402.724609	-23454.519531	1.000000
0.000000	-586712.625000	317282.968750	1.000000
0.000000	-108536.234375	249354.640625	1.000000
0.000000	38317.054688	-56191.003906	1.000000
0.000000	414.380585	-1502.911255	1.000000
0.000000	-15.513016	-84.465942	1.000000
0.000000	-154.437103	-704.363037	1.000000
0.000000	-309.240723	403.969086	1.000000
0.000000	4112436.000000	2116301.500000	1.000000
0.000000	-111.074951	154.269485	1.000000
0.000000	-45163.207031	75690.906250	1.000000
0.000000	445.237183	1568.984863	1.000000
0.000000	4553.494629	12636.936523	1.000000
0.000000	647.735535	1894.574219	1.000000
0.000000	-43895.722656	2155.600342	1.000000
0.000000	245996.265625	-842228.687500	1.000000
0.999586	34.578400	-18.625685	1.000000
0.000000	161.623871	-150.436386	1.000000
0.000000	-33094.167969	-139736.078125	1.000000
0.000000	-14241.641602	-13835.000000	1.000000
0.000000	-94.072891	-67.571327	1.000000
0.000000	-323237.656250	730136.875000	1.000000
0.000000	-31609.769531	-19817.812500	1.000000
0.000000	-162.956985	-955.224243	1.000000
0.023075	68.798607	-77.033882	1.000000
0.000000	-3905.131348	-12690.728516	1.000000
0.000000	13.860852	-41.377071	1.000000
0.000000	3115.302734	3272.687500	1.000000
0.000000	-108.381813	438.590363	1.000000
0.000000	799539.562500	-982912.687500	1.000000
0.000000	-95.486534	359.792725	1.000000
0.000000	-3557.308838	-2009.149780	1.000000
0.000000	33.931755	2615.238525	1.000000
0.000000	-112.166565	93.543839	1.000000
0.000000	19999.435547	10291.781250	1.000000
0.000000	-214.059143	634.819763	1.000000
0.000000	-3087.230957	-1822.241333	1.000000
0.000000	65009.558594	112388.039062	1.000000
0.000000	51.450363	16.449860	1.000000
0.000000	484892.843750	100536.015625	1.000000
0.000000	-30.746687	30.194010	1.000000
0.000000	80.393791	2.413627	1.000000
0.000000	269.546722	-172.644775	1.000000
0.000000	0.923756	-76.690216	1.000000
0.000000	-52537.089844	-3276.343018	1.000000
0.000000	11242.766602	1129.000366	1.000000
0.000000	-157.243149	99.337967	1.000000
0.000000	-168.042526	1988.002441	1.000000
0.000000	-7858.510254	-92868.453125	1.000000
0.000000	-390.208282	1345.898682	1.000000
0.000000	148.268951	79.991508	1.000000
0.000000	43.595058	8.164980	1.000000
0.000000	41.697388	45.355762	1.000000
0.000000	-42665.847656	-77905.507812	1.000000
0.000000	533.918640	-904.891479	1.000000
0.000000	-169.490631	71.042114	1.000000
0.000000	45.901150	-456.953522	1.000000
0.000000	-431.919067	415.799683	1.000000
0.000000	185.194138	278.101105	1.000000
0.000000	145.743164	711.170044	1.000000
0.000000	-46.055061	-91.496719	1.000000
0.000000	1.624675	337.873535	1.000000
0.000000	-10699.471680	576.759705	1.000000
0.000000	28171368.000000	16549397.000000	1.000000
0.000000	103.344742	-414.035797	1.000000
0.000000	-32892.398438	266960.312500	1.000000
0.000000	68.440506	15.659161	1.000000
0.000000	1231.987305	2840.884277	1.000000
0.000000	4837.322754	10608.610352	1.000000
0.000000	-48832.093750	-126250.796875	1.000000
0.000000	320.429169	-370.111176	1.000000
0.000000	1929694.125000	165040.609375	1.000000
0.000000	-180395.234375	-177937.812500	1.000000
0.000000	-69973.476562	13909.506836	1.000000
0.000000	84.346672	119.881439	1.000000
0.000000	-131015.375000	14671.580078	1.000000
0.000000	-800.882629	97.308235	1.000000
0.000000	-1136.110962	1237.642212	1.000000
0.000000	-1107.985596	875.470825	1.000000
0.000000	49188.777344	57270.750000	1.000000
0.000000	84113.539062	3865.153076	1.000000
0.000000	767.663635	-495.213501	1.000000
0.000000	-83.759186	-134.533707	1.000000
0.000000	-1589278.625000	-1200867.375000	1.000000
0.000000	21.878582	55.411144	1.000000
0.000000	2590553.750000	19091.304688	1.000000
0.000000	32.358662	96.542183	1.000000
0.000000	-10269.367188	12943.173828	1.000000
0.000000	1826645.375000	135579.109375	1.000000
0.000000	-1600.013794	488.288086	1.000000
0.000000	-29.193302	-14.158003	1.000000
0.000000	94.710777	136.932587	1.000000
0.000000	694.574646	1147.314087	1.000000
0.000000	-10407.579102	7191.588379	1.000000
0.000000	-69.985252	99.678940	1.000000
0.000000	27321.869141	25583.800781	1.000000
0.000000	-151.397186	83.024498	1.000000
0.000000	259.079559	189.488983	1.000000
0.000000	255.367249	-9126.509766	1.000000
0.000000	-5293.431152	9767.363281	1.000000
0.000000	458959.343750	25812.777344	1.000000
0.000000	-725.572937	992.699219	1.000000
0.000000	1928.129395	-5444.680176	1.000000
0.000000	3481.030762	-1779.900635	1.000000
0.000000	-28.760725	-187.157959	1.000000
0.000000	-40.989315	18.628151	1.000000
0.000000	1099.552979	-459.944916	1.000000
0.000000	1172.081421	12039.282227	1.000000
0.000000	18343.609375	-23724.841797	1.000000
0.000000	10.011936	5.516163	1.000000
0.000000	-24.474428	97.878922	1.000000
0.000000	1404.923096	1001.678467	1.000000
0.000000	100.171318	-37.714527	1.000000
0.000000	54.628204	-131.554443	1.000000
0.000000	-1732.252930	37.659523	1.000000
0.000000	75021.359375	-7442.075195	1.000000
0.000000	-1.292769	102.115677	1.000000
0.000000	-522.004395	-720.712036	1.000000
0.000000	1198.469971	-9911.267578	1.000000
0.000000	78.067848	44.719742	1.000000
0.000000	0.611368	18.462021	1.000000
0.000000	-4006.318604	-4883.444824	1.000000
0.000000	204.371826	181.373703	1.000000
0.000000	-1776.916870	-2781.415283	1.000000
0.000000	-121.544434	-8.426426	1.000000
0.000000	22194.640625	38772.617188	1.000000
0.999586	38.137032	-22.343348	1.000000
0.000000	570.023865	-555.207336	1.000000
0.000000	980.388916	541.875916	1.000000
0.000000	-306.667389	319.226013	1.000000
0.000000	-54.360809	-78.906876	1.000000
0.000000	9423.893555	5115.246582	1.000000
0.000000	-92826.484375	-330017.093750	1.000000
0.000000	7671.042480	16936.824219	1.000000
0.000000	4.679132	53.918365	1.000000
0.000000	3295.829834	-1211.662476	1.000000
0.000000	-423544.562500	-81702.390625	1.000000
0.000000	-44105600.000000	-10494824.000000	1.000000
0.000000	5881.227539	-4865.487793	1.000000
0.000000	-168.108917	-136.550858	1.000000
0.000000	748.843262	-1847.103638	1.000000
0.000000	6100.348633	553.183960	1.000000
0.000000	32.897556	17.760670	1.000000
0.000000	-167.215118	1032.097534	1.000000
0.000000	-18829.392578	382.759399	1.000000
0.000000	-311.393005	-148.188095	1.000000
0.000000	258.072144	-33.940353	1.000000
0.000000	14254.273438	-11162.893555	1.000000
