0.000000	31613.324219	455704.062500	1.000000
0.000000	214946.531250	175094.859375	1.000000
0.000000	1162.276367	-12616.262695	1.000000
0.000000	-683.333435	651.065491	1.000000
0.000000	16901.271484	27558.304688	1.000000
0.000000	-13852.231445	791.233948	1.000000
0.000000	-828.258118	-2383.626709	1.000000
0.000000	-595072.437500	1523932.125000	1.000000
0.000000	3490.669189	-2341.547852	1.000000
0.000000	9292453.000000	3386659.750000	1.000000
0.000000	78697400.000000	19959642.000000	1.000000
0.000000	-121.715004	-143.278259	1.000000
0.000000	-219.573120	-43.690094	1.000000
0.000000	98.421944	-84.582291	1.000000
0.000000	-73337376.000000	-31090268.000000	1.000000
0.000000	596.487000	-4596.489746	1.000000
0.000000	337.317383	-254.019730	1.000000
0.000000	-6087.986816	7669.052734	1.000000
0.000000	-987.711609	375.888580	1.000000
0.000000	-248.844009	137.697983	1.000000
0.000000	887.638977	7854.088867	1.000000
0.000000	10103.183594	84963.429688	1.000000
0.000000	-16.901167	666.224243	1.000000
0.000000	115.573029	199.141541	1.000000
0.000000	-207217.515625	-53224.433594	1.000000
0.000000	256.532013	-71.328995	1.000000
0.000000	10390.875977	35538.136719	1.000000
0.000000	-3772.727783	11611.099609	1.000000
0.000000	270.700989	-103.334633	1.000000
0.000000	-61630.312500	-273296.843750	1.000000
0.000000	5267.078125	-9029.900391	1.000000
0.000000	4727.082031	867.567505	1.000000
0.000000	-118.887863	401.159027	1.000000
0.000000	-421.553040	-314.957245	1.000000
0.000000	-116.820023	65.404861	1.000000
0.000000	4719.149414	2715.576904	1.000000
0.000000	156.627167	-9.322067	1.000000
0.000000	-5617.339355	-1405.697876	1.000000
0.000000	-246328.109375	-73584.687500	1.000000
0.000000	-46859.714844	-6065.021973	1.000000
0.000000	344.618195	-11.003161	1.000000
0.000000	448.189148	142.331909	1.000000
0.000000	-0.423435	79.464386	1.000000
0.000000	-12.633743	6.717040	1.000000
0.122955	28.125650	77.863602	1.000000
0.000000	-500.704071	-419.666412	1.000000
0.000000	-4211.112305	3445.000000	1.000000
0.000000	-736.968628	299.076263	1.000000
0.000000	-77.260422	-102.353905	1.000000
0.000000	-99.186066	-48.465549	1.000000
0.000000	6881.815918	6296.932617	1.000000
0.000000	-781.287659	1827.902222	1.000000
0.000000	118.104271	1479.954346	1.000000
0.000000	-3303.349854	-11781.305664	1.000000
0.000000	150.590027	-101.549316	1.000000
0.000000	-19.941717	-106.612785	1.000000
0.000000	-31.078924	123.373901	1.000000
0.000000	29405522.000000	-21550876.000000	1.000000
0.000000	-424.257629	1566.511841	1.000000
0.000000	604.546387	398.776337	1.000000
0.000000	1796.278687	26381.408203	1.000000
0.000000	3202.040527	-1499.518799	1.000000
0.000000	-5.302711	-112.738922	1.000000
0.000000	73.258881	-224.723755	1.000000
0.000000	5486.241699	-2772.326172	1.000000
0.000000	400994.375000	-1051564.750000	1.000000
0.000000	40347.242188	142653.937500	1.000000
0.000000	899154304.000000	-490293056.000000	1.000000
0.000000	5222.520508	-14746.871094	1.000000
0.000000	-11819835.000000	-661512.562500	1.000000
0.000000	10528.463867	-15257.297852	1.000000
0.000000	29.044582	-201.986206	1.000000
0.000000	-145.603790	-659.592102	1.000000
0.000000	-670.377441	927.882080	1.000000
0.000000	424540.812500	2532.358643	1.000000
0.000000	-9181.064453	10678.629883	1.000000
0.000000	-11.646257	579.604919	1.000000
0.000000	47.281277	-117.854202	1.000000
0.000000	3405.409668	-13118.967773	1.000000
0.000000	-935690816.000000	516809408.000000	1.000000
0.000000	1333545.500000	80085.203125	1.000000
0.000000	370525.562500	-121705.593750	1.000000
0.000000	282681.375000	227342.687500	1.000000
0.000000	25054.591797	-23216.746094	1.000000
0.000000	2203343.750000	933876.312500	1.000000
0.035948	-65.369438	76.432930	1.000000
0.000000	253.847870	6.019809	1.000000
0.000000	-3273.876221	-502.857666	1.000000
0.000000	-1650.905396	1548.442749	1.000000
0.000000	19.482428	126.130714	1.000000
0.000000	56.126881	119.545380	1.000000
0.000000	-1046.626099	1145.892944	1.000000
0.000000	766.653381	-94.435501	1.000000
0.000000	195.932571	-352.352386	1.000000
0.000000	-4355021.000000	2416277.250000	1.000000
0.000000	956.230835	525.484924	1.000000
0.000000	46.908134	-88028.921875	1.000000
0.000000	1711789.125000	-2028472.500000	1.000000
0.000000	779.737061	-1682.432129	1.000000
0.000000	-406.296997	-5203.589355	1.000000
0.000000	691415.187500	-227275.187500	1.000000
0.000000	12310197.000000	-6573529.500000	1.000000
0.000000	-21904.208984	-21336.984375	1.000000
0.000000	170510.171875	-24423.882812	1.000000
0.000000	100.812592	29.561588	1.000000
0.000000	120.179146	18.782736	1.000000
0.000000	792.341858	-1744.633057	1.000000
0.000000	-32.386978	-108.494728	1.000000
0.000000	42.110748	-102.875443	1.000000
0.000000	-831.727905	899.355042	1.000000
0.000000	-37.950676	-3155.934814	1.000000
0.000000	-53686.109375	119833.890625	1.000000
0.122955	30.142269	82.879753	1.000000
0.000000	-178.538620	-18.964523	1.000000
0.000000	-305.080780	-1125.856812	1.000000
0.000000	-64768.035156	15638.871094	1.000000
0.000000	2380.844971	612.916077	1.000000
0.000000	55641.972656	149470.546875	1.000000
0.000000	-13060.375977	6659.291992	1.000000
0.000000	-41639.300781	-29891.386719	1.000000
0.000000	-8604.774414	13708.755859	1.000000
0.000000	142.304688	263.258789	1.000000
0.000000	-175.686600	46.621391	1.000000
0.000000	1421.991455	3305.599365	1.000000
0.000000	453.684357	-366.748077	1.000000
0.000000	2042.165527	262.387421	1.000000
0.000000	530.334717	-354.743408	1.000000
0.000000	14030.792969	-14057.726562	1.000000
0.000000	-141.944748	-37.940338	1.000000
0.000000	-1096.153564	1696.106812	1.000000
0.000000	97.635345	125.453293	1.000000
0.000000	-13522.436523	-2941.856201	1.000000
0.000000	-28546.566406	-61366.125000	1.000000
0.000000	1596.274170	7895.827148	1.000000
0.000000	-2645.110840	1996.483887	1.000000
0.000000	-79.888123	-73.499413	1.000000
0.000000	191.978775	351.244629	1.000000
0.000000	-3943.751221	-16183.454102	1.000000
0.000000	580.312927	-81.194557	1.000000
0.000000	-8589.066406	12917.449219	1.000000
0.000000	-954.216797	-2993.458496	1.000000
0.000000	963.547058	377.998505	1.000000
0.000000	97.039627	-212.524414	1.000000
0.000000	-5839.057129	-20541.646484	1.000000
0.000000	-8.370501	-127.578568	1.000000
0.000000	22568.222656	-24406.626953	1.000000
0.000000	-167.686264	-31.078407	1.000000
0.000000	-3300464.250000	1376390.750000	1.000000
0.000000	-17920.294922	-1077.190552	1.000000
0.000000	24.877449	399.043945	1.000000
0.000000	92.779503	-157.690918	1.000000
0.000000	6621.007324	2890.572266	1.000000
0.000000	-26319.287109	-23426.707031	1.000000
0.000000	-586712.625000	317338.593750	1.000000
0.000000	-108536.234375	249271.203125	1.000000
0.000000	38226.664062	-56191.003906	1.000000
0.000000	471.961151	-1570.704224	1.000000
0.000000	26.126175	-5.802323	1.000000
0.000000	-174.780426	-617.774902	1.000000
0.000000	-333.522339	489.579437	1.000000
0.000000	4112436.000000	2116301.500000	1.000000
0.000000	-23.831833	171.842422	1.000000
0.000000	-45197.972656	75774.343750	1.000000
0.000000	525.478821	1607.444336	1.000000
0.000000	4639.539551	12614.338867	1.000000
0.000000	638.935486	1805.921875	1.000000
0.000000	-43958.300781	2220.785889	1.000000
0.000000	245912.828125	-842228.687500	1.000000
0.000000	-45.945297	-56.546051	1.000000
0.000000	250.357697	-143.564743	1.000000
0.000000	-33059.402344	-139819.515625	1.000000
0.000000	-14271.192383	-13751.562500	1.000000
0.000000	-182.964493	-72.079994	1.000000
0.000000	-323348.906250	730136.875000	1.000000
0.000000	-31533.285156	-19772.617188	1.000000
0.000000	-243.406815	-993.249146	1.000000
0.000000	93.813751	-163.659592	1.000000
0.000000	-3819.955566	-12716.802734	1.000000
0.000000	34.392960	-127.765182	1.000000
0.000000	3141.811523	3187.946289	1.000000
0.000000	-66.204338	360.264191	1.000000
0.000000	799428.312500	-982912.687500	1.000000
0.000000	-183.242584	374.622437	1.000000
0.000000	-3472.133057	-2034.354858	1.000000
0.000000	15.228605	2702.152588	1.000000
0.000000	-174.958557	156.630600	1.000000
0.000000	19954.240234	10368.265625	1.000000
0.000000	-126.330521	619.827087	1.000000
0.000000	-3171.972168	-1850.053833	1.000000
0.000000	65037.371094	112471.476562	1.000000
0.000000	116.273804	78.798401	1.000000
0.000000	484892.843750	100619.453125	1.000000
0.000000	-95.117409	91.654915	1.000000
0.000000	80.073708	89.173485	1.000000
0.000000	284.811005	-84.970215	1.000000
0.000000	-86.718727	-82.907333	1.000000
0.000000	-52502.324219	-3195.512939	1.000000
0.000000	11289.700195	1204.615601	1.000000
0.000000	-133.043015	13.686921	1.000000
0.000000	-116.081093	1915.646484	1.000000
0.000000	-7862.855957	-92951.890625	1.000000
0.000000	-443.497467	1274.629150	1.000000
0.000000	89.466156	146.806686	1.000000
0.086598	128.720337	-17.835819	1.000000
0.000000	48.151131	133.300690	1.000000
0.000000	-42735.378906	-77849.882812	1.000000
0.000000	464.350189	-960.407837	1.000000
0.000000	-123.155998	147.037598	1.000000
0.000000	6.076814	-377.372833	1.000000
0.000000	-440.067261	504.452026	1.000000
0.000000	247.392014	214.436554	1.000000
0.000000	166.901306	797.649536	1.000000
0.000000	-82.593872	-24.032324	1.000000
0.000000	73.255859	391.429352	1.000000
0.000000	-10788.124023	570.241150	1.000000
0.000000	28171368.000000	16549397.000000	1.000000
0.000000	163.348190	-479.764557	1.000000
0.000000	-32857.632812	266904.687500	1.000000
0.463884	-18.417286	10.200505	1.000000
0.000000	1306.081543	2791.777832	1.000000
0.000000	4750.408691	10629.469727	1.000000
0.000000	-48741.703125	-126250.796875	1.000000
0.000000	242.310394	-412.699066	1.000000
0.000000	1929694.125000	165096.234375	1.000000
0.000000	-180311.796875	-177937.812500	1.000000
0.000000	-70043.007812	13859.096680	1.000000
0.000000	137.853149	48.762749	1.000000
0.000000	-131043.187500	14756.755859	1.000000
0.000000	-880.300354	137.560303	1.000000
0.000000	-1191.953247	1168.328247	1.000000
0.000000	-1131.017822	961.407104	1.000000
0.000000	49209.636719	57354.187500	1.000000
0.000000	84044.007812	3811.700928	1.000000
0.000000	852.513489	-468.161499	1.000000
0.000000	-162.878143	-175.301834	1.000000
0.000000	-1589278.625000	-1200867.375000	1.000000
0.035948	-63.351265	79.816856	1.000000
0.000000	2590553.750000	19171.265625	1.000000
0.000000	61.696114	14.011044	1.000000
0.000000	-10321.515625	13016.181641	1.000000
0.000000	1826645.375000	135523.484375	1.000000
0.000000	-1589.801392	576.723145	1.000000
0.000000	57.562695	5.703090	1.000000
0.000000	168.744583	87.527374	1.000000
0.000000	623.522400	1093.644653	1.000000
0.000000	-10468.418945	7256.773926	1.000000
0.000000	-157.225235	117.292618	1.000000
0.000000	27325.345703	25674.191406	1.000000
0.000000	-86.428925	143.854294	1.000000
0.000000	263.099335	278.392609	1.000000
0.000000	168.779114	-9105.650391	1.000000
0.000000	-5382.083496	9769.101562	1.000000
0.000000	459014.968750	25746.722656	1.000000
0.000000	-809.010437	1023.553711	1.000000
0.000000	1999.616211	-5391.662598	1.000000
0.000000	3482.769043	-1868.987549	1.000000
0.000000	19.921108	-112.656311	1.000000
0.000000	35.106380	65.219185	1.000000
0.000000	1061.310791	-540.266968	1.000000
0.000000	1182.293823	11950.629883	1.000000
0.000000	18256.695312	-23742.224609	1.000000
0.000000	99.068314	-0.611420	1.000000
0.463884	-22.203966	10.100608	1.000000
0.000000	1331.046143	1051.268311	1.000000
0.000000	189.145340	-39.989231	1.000000
0.000000	70.129639	-46.224854	1.000000
0.000000	-1647.511719	64.799995	1.000000
0.000000	75104.796875	-7432.514648	1.000000
0.000000	22.401501	187.912048	1.000000
0.000000	-433.026123	-720.712036	1.000000
0.000000	1192.820557	-9822.615234	1.000000
0.000000	131.885681	115.607178	1.000000
0.000000	66.610924	74.315498	1.000000
0.000000	-3965.468994	-4804.353027	1.000000
0.000000	292.170990	195.877487	1.000000
0.000000	-1848.403687	-2834.432861	1.000000
0.000000	-84.035583	72.281906	1.000000
0.000000	22208.546875	38863.007812	1.000000
0.086598	127.092545	-22.229576	1.000000
0.000000	659.002136	-553.686340	1.000000
0.000000	1057.307861	586.636658	1.000000
0.000000	-310.361237	408.149963	1.000000
0.000000	-1.185856	-139.501953	1.000000
0.000000	9469.088867	5038.762207	1.000000
0.000000	-92784.765625	-330072.718750	1.000000
0.000000	7759.694824	16940.300781	1.000000
0.000000	63.980591	-12.376123	1.000000
0.000000	3324.946045	-1127.573120	1.000000
0.000000	-423488.937500	-81771.921875	1.000000
0.000000	-44105600.000000	-10494824.000000	1.000000
0.000000	5921.208008	-4786.395996	1.000000
0.000000	-201.896759	-54.211960	1.000000
0.000000	826.848633	-1804.298462	1.000000
0.000000	6030.817383	497.884888	1.000000
0.000000	-50.060696	-14.928147	1.000000
0.000000	-256.111877	1027.751831	1.000000
0.000000	-18815.486328	294.867554	1.000000
0.000000	-400.371277	-150.659714	1.000000
0.000000	268.230225	-122.361832	1.000000
0.000000	14335.972656	-11128.127930	1.000000
