0.000000	31455.941406	455852.187500	1.000000
0.000000	215020.593750	175317.046875	1.000000
0.000000	1197.571777	-12852.336914	1.000000
0.000000	-446.391296	647.593811	1.000000
0.000000	16882.755859	27317.601562	1.000000
0.000000	-13620.786133	737.712219	1.000000
0.000000	-615.617737	-2487.777100	1.000000
0.000000	-595368.687500	1523932.125000	1.000000
0.000000	3612.177979	-2137.875977	1.000000
0.000000	9292453.000000	3386659.750000	1.000000
0.000000	78697400.000000	19959642.000000	1.000000
0.000000	-350.412903	-205.334534	1.000000
0.000000	-331.800598	165.065613	1.000000
0.000000	89.706581	-321.425507	1.000000
0.000000	-73337376.000000	-31090268.000000	1.000000
0.000000	802.762634	-4480.767090	1.000000
0.000000	392.864258	-484.451843	1.000000
0.000000	-6210.652832	7872.724609	1.000000
0.000000	-987.132996	138.910706	1.000000
0.000000	-330.145538	360.319427	1.000000
0.000000	938.556946	8085.534180	1.000000
0.000000	10316.113281	85074.523438	1.000000
0.000000	-62.753292	898.826782	1.000000
0.000000	289.121918	41.279831	1.000000
0.000000	-207069.390625	-53391.074219	1.000000
0.000000	492.750885	-52.777206	1.000000
0.000000	10386.247070	35297.433594	1.000000
0.000000	-4005.330322	11564.810547	1.000000
0.000000	477.844543	-218.478668	1.000000
0.000000	-61389.609375	-273296.843750	1.000000
0.000000	5125.896484	-8840.115234	1.000000
0.000000	4956.212891	926.007446	1.000000
0.000000	-337.457520	492.869232	1.000000
0.000000	-594.923157	-153.425430	1.000000
0.000000	-302.030609	-82.445694	1.000000
0.000000	4934.393555	2813.941162	1.000000
0.000000	-63.784386	-96.421043	1.000000
0.000000	-5800.181152	-1555.558716	1.000000
0.000000	-246254.046875	-73806.875000	1.000000
0.000000	-46674.558594	-6208.518066	1.000000
0.000000	527.327454	139.901779	1.000000
0.000000	585.098572	-51.092915	1.000000
0.000000	-2.551492	316.453003	1.000000
0.000000	-115.794594	-206.315994	1.000000
0.000000	57.535664	312.937225	1.000000
0.000000	-590.099792	-200.208939	1.000000
0.000000	-4016.698242	3309.604492	1.000000
0.000000	-871.496216	494.213593	1.000000
0.000000	-129.407944	-333.513916	1.000000
0.000000	-331.109741	-97.213722	1.000000
0.000000	7117.890137	6271.473633	1.000000
0.000000	-910.607727	1629.437866	1.000000
0.000000	-16.601681	1284.961670	1.000000
0.000000	-3441.059814	-11586.891602	1.000000
0.000000	371.240601	-15.424053	1.000000
0.000000	-14.677923	-341.861450	1.000000
0.000000	205.785538	115.164825	1.000000
0.000000	29405522.000000	-21550876.000000	1.000000
0.000000	-615.200012	1706.536255	1.000000
0.000000	448.551300	577.186707	1.000000
0.000000	1674.191284	26177.736328	1.000000
0.000000	3292.304199	-1718.813232	1.000000
0.000000	-129.405823	-315.978516	1.000000
0.000000	201.132416	-424.212006	1.000000
0.000000	5340.431152	-2958.639648	1.000000
0.000000	401142.500000	-1051564.750000	1.000000
0.000000	40143.570312	142505.812500	1.000000
0.000000	899154304.000000	-490293056.000000	1.000000
0.000000	5069.766602	-14927.398438	1.000000
0.000000	-11819835.000000	-661216.312500	1.000000
0.000000	10648.815430	-15053.625977	1.000000
0.000000	-40.968044	-428.385895	1.000000
0.000000	-324.495300	-814.949768	1.000000
0.000000	-433.483276	919.781494	1.000000
0.000000	424244.562500	2473.340088	1.000000
0.000000	-9412.509766	10623.083008	1.000000
0.000000	-241.703186	522.611511	1.000000
0.000000	26.523525	-353.928436	1.000000
0.000000	3428.554199	-13355.041992	1.000000
0.000000	-935690816.000000	516809408.000000	1.000000
0.000000	1333545.500000	80307.390625	1.000000
0.000000	370821.812500	-121742.625000	1.000000
0.000000	282385.125000	227416.750000	1.000000
0.000000	24841.662109	-23105.652344	1.000000
0.000000	2203343.750000	933580.062500	1.000000
0.000000	-186.692062	275.702637	1.000000
0.000000	24.043724	-48.155735	1.000000
0.000000	-3125.751221	-317.701416	1.000000
0.000000	-1678.678833	1783.938354	1.000000
0.000000	128.766968	336.456299	1.000000
0.000000	-4.759516	-109.503670	1.000000
0.000000	-1275.178345	1083.402710	1.000000
0.000000	966.853577	-221.359222	1.000000
0.000000	248.658707	-121.298874	1.000000
0.000000	-4355021.000000	2416277.250000	1.000000
0.000000	1161.155518	644.389954	1.000000
0.000000	-185.037308	-88065.953125	1.000000
0.000000	1711789.125000	-2028472.500000	1.000000
0.000000	824.000977	-1449.829590	1.000000
0.000000	-211.448975	-5337.827637	1.000000
0.000000	691415.187500	-227497.375000	1.000000
0.000000	12310197.000000	-6573529.500000	1.000000
0.000000	-21959.755859	-21568.429688	1.000000
0.000000	170732.359375	-24562.750000	1.000000
0.000000	-1.460670	239.691025	1.000000
0.000000	347.567352	-51.254906	1.000000
0.000000	562.921692	-1803.651611	1.000000
0.000000	-188.319580	-286.992950	1.000000
0.000000	128.360443	-323.616425	1.000000
0.000000	-899.714966	1126.330200	1.000000
0.000000	-267.726746	-3098.073486	1.000000
0.000000	-53926.812500	119833.890625	1.000000
0.000000	109.725479	301.688904	1.000000
0.000000	-407.853912	41.111149	1.000000
0.000000	-77.155838	-1061.052124	1.000000
0.000000	-64564.363281	15509.261719	1.000000
0.000000	2451.435791	839.153870	1.000000
0.000000	55827.128906	149618.671875	1.000000
0.000000	-13287.192383	6585.229492	1.000000
0.000000	-41824.457031	-29752.519531	1.000000
0.000000	-8410.360352	13842.994141	1.000000
0.000000	356.391602	364.805420	1.000000
0.000000	-350.249878	206.969589	1.000000
0.000000	1592.682373	3141.273193	1.000000
0.000000	682.525879	-428.515045	1.000000
0.000000	1889.990234	80.763237	1.000000
0.000000	576.623779	-587.154480	1.000000
0.000000	13979.875000	-14289.171875	1.000000
0.000000	-344.025452	-161.713760	1.000000
0.000000	-1185.838623	1476.812378	1.000000
0.000000	267.024384	291.225983	1.000000
0.000000	-13290.991211	-2993.931396	1.000000
0.000000	-28694.691406	-61551.281250	1.000000
0.000000	1725.883545	8094.870117	1.000000
0.000000	-2500.457520	1809.013184	1.000000
0.000000	136.973236	-169.115250	1.000000
0.000000	39.478729	176.440155	1.000000
0.000000	-3793.311768	-15998.297852	1.000000
0.000000	807.997253	-15.054079	1.000000
0.000000	-8825.140625	12935.964844	1.000000
0.000000	-882.758057	-3219.117676	1.000000
0.000000	937.798767	613.576355	1.000000
0.000000	328.629608	-262.801208	1.000000
0.000000	-5605.297363	-20504.615234	1.000000
0.000000	4.096797	-364.231476	1.000000
0.000000	22503.417969	-24638.072266	1.000000
0.000000	-327.488190	-206.112289	1.000000
0.000000	-3300464.250000	1376390.750000	1.000000
0.000000	-18003.615234	-1298.220825	1.000000
0.000000	-74.804802	613.998779	1.000000
0.000000	171.776337	-381.148468	1.000000
0.000000	6697.384277	2666.070312	1.000000
0.000000	-26097.099609	-23352.644531	1.000000
0.000000	-586712.625000	317486.718750	1.000000
0.000000	-108536.234375	249049.015625	1.000000
0.000000	37985.960938	-56191.003906	1.000000
0.000000	625.293701	-1751.231567	1.000000
0.000000	139.973892	202.064011	1.000000
0.000000	-228.953094	-387.119202	1.000000
0.000000	-398.182373	717.553101	1.000000
0.000000	4112436.000000	2116301.500000	1.000000
0.000000	205.767471	218.518936	1.000000
0.000000	-45290.550781	75996.531250	1.000000
0.000000	739.276428	1709.858887	1.000000
0.000000	4868.670410	12554.163086	1.000000
0.000000	615.501648	1569.847656	1.000000
0.000000	-44124.941406	2394.369873	1.000000
0.000000	245690.640625	-842228.687500	1.000000
0.000000	-260.333832	-157.539658	1.000000
0.000000	482.326752	-127.218010	1.000000
0.000000	-32966.824219	-140041.703125	1.000000
0.000000	-14349.883789	-13529.375000	1.000000
0.000000	-419.639648	-84.086220	1.000000
0.000000	-323645.156250	730136.875000	1.000000
0.000000	-31329.613281	-19652.265625	1.000000
0.000000	-457.638397	-1094.506470	1.000000
0.000000	157.842148	-391.807159	1.000000
0.000000	-3593.139160	-12786.236328	1.000000
0.000000	102.930283	-354.622467	1.000000
0.000000	3212.402344	2962.287109	1.000000
0.000000	46.244377	155.303909	1.000000
0.000000	799132.062500	-982912.687500	1.000000
0.000000	-416.979828	414.112793	1.000000
0.000000	-3245.316650	-2101.473877	1.000000
0.000000	-34.576733	2933.597900	1.000000
0.000000	-342.177795	324.615875	1.000000
0.000000	19833.888672	10571.937500	1.000000
0.000000	107.257874	579.902771	1.000000
0.000000	-3397.631348	-1924.116333	1.000000
0.000000	65111.433594	112693.664062	1.000000
0.000000	292.909882	236.431793	1.000000
0.000000	484892.843750	100841.640625	1.000000
0.000000	-266.531586	255.330139	1.000000
0.000000	79.792961	326.278687	1.000000
0.000000	325.458588	148.509705	1.000000
0.000000	-323.226929	-97.987442	1.000000
0.000000	-52409.746094	-2980.268799	1.000000
0.000000	11414.680664	1405.973022	1.000000
0.000000	-69.692635	-215.689392	1.000000
0.000000	22.312489	1722.968262	1.000000
0.000000	-7874.428223	-93174.078125	1.000000
0.000000	-585.477173	1084.843994	1.000000
0.000000	-63.778030	323.697876	1.000000
0.000000	357.842560	-85.130806	1.000000
0.000000	57.806072	370.984802	1.000000
0.000000	-42920.535156	-77701.757812	1.000000
0.000000	279.049286	-1108.408447	1.000000
0.000000	0.199029	349.407593	1.000000
0.000000	-99.978523	-165.455719	1.000000
0.000000	-461.765259	740.526245	1.000000
0.000000	413.020050	44.904900	1.000000
0.000000	223.243774	1027.937622	1.000000
0.000000	-193.485443	185.423935	1.000000
0.000000	264.139374	531.867249	1.000000
0.000000	-11024.198242	552.882751	1.000000
0.000000	28171368.000000	16549397.000000	1.000000
0.000000	323.148163	-654.795044	1.000000
0.000000	-32765.054688	266756.562500	1.000000
0.000000	-254.401733	4.622171	1.000000
0.000000	1503.388672	2661.011230	1.000000
0.000000	4518.963379	10685.016602	1.000000
0.000000	-48501.000000	-126250.796875	1.000000
0.000000	34.229183	-526.107300	1.000000
0.000000	1929694.125000	165244.359375	1.000000
0.000000	-180089.609375	-177937.812500	1.000000
0.000000	-70228.164062	13724.858398	1.000000
0.000000	278.228485	-136.999146	1.000000
0.000000	-131117.250000	14983.572266	1.000000
0.000000	-1091.690796	244.748413	1.000000
0.000000	-1340.656860	983.813721	1.000000
0.000000	-1192.350830	1190.458862	1.000000
0.000000	49265.183594	57576.375000	1.000000
0.000000	83858.851562	3669.362061	1.000000
0.000000	1078.392212	-396.124146	1.000000
0.000000	-373.525360	-283.882721	1.000000
0.000000	-1589278.625000	-1200867.375000	1.000000
0.000000	-290.724976	148.713516	1.000000
0.000000	2590553.750000	19384.195312	1.000000
0.000000	142.477844	-202.250839	1.000000
0.000000	-10460.382812	13210.595703	1.000000
0.000000	1826645.375000	135375.359375	1.000000
0.000000	-1562.606567	812.218750	1.000000
0.000000	287.475250	53.744270	1.000000
0.000000	364.115845	-39.274216	1.000000
0.000000	434.315857	950.875549	1.000000
0.000000	-10630.430664	7430.357910	1.000000
0.000000	-389.538452	164.224365	1.000000
0.000000	27334.603516	25914.894531	1.000000
0.000000	86.573769	305.865997	1.000000
0.000000	273.803680	515.188171	1.000000
0.000000	-61.778248	-9050.103516	1.000000
0.000000	-5618.157715	9773.730469	1.000000
0.000000	459163.093750	25570.824219	1.000000
0.000000	-1031.197998	1105.716797	1.000000
0.000000	2190.411621	-5250.480957	1.000000
0.000000	3487.397949	-2106.218994	1.000000
0.000000	149.555328	85.744644	1.000000
0.000000	237.782257	188.048340	1.000000
0.000000	959.291504	-754.064575	1.000000
0.000000	1209.488647	11714.555664	1.000000
0.000000	18025.250000	-23788.513672	1.000000
0.000000	335.431854	-17.839432	1.000000
0.000000	-12.434428	-224.217621	1.000000
0.000000	1134.317627	1183.192139	1.000000
0.000000	426.087463	-46.046589	1.000000
0.000000	109.200294	186.066238	1.000000
0.000000	-1421.852539	137.085938	1.000000
0.000000	75326.984375	-7407.055664	1.000000
0.000000	85.505135	416.341187	1.000000
0.000000	-196.065689	-720.712036	1.000000
0.000000	1177.776611	-9586.541016	1.000000
0.000000	275.174469	304.379761	1.000000
0.000000	247.367523	227.575699	1.000000
0.000000	-3856.689697	-4593.737793	1.000000
0.000000	525.930786	234.499924	1.000000
0.000000	-2038.767456	-2975.614502	1.000000
0.000000	11.024428	282.803894	1.000000
0.000000	22245.578125	39103.710938	1.000000
0.000000	361.477386	-23.860773	1.000000
0.000000	895.944275	-549.636047	1.000000
0.000000	1262.136963	705.830994	1.000000
0.000000	-320.197662	644.866211	1.000000
0.000000	148.311813	-323.402130	1.000000
0.000000	9589.440430	4835.090332	1.000000
0.000000	-92673.671875	-330220.843750	1.000000
0.000000	7995.769043	16949.558594	1.000000
0.000000	217.482544	-193.074356	1.000000
0.000000	3402.480225	-903.494263	1.000000
0.000000	-423340.812500	-81957.078125	1.000000
0.000000	-44105600.000000	-10494824.000000	1.000000
0.000000	6027.672852	-4575.780762	1.000000
0.000000	-291.830902	165.016022	1.000000
0.000000	1034.570801	-1690.311646	1.000000
0.000000	5845.661133	350.627808	1.000000
0.000000	-270.078369	-103.049812	1.000000
0.000000	-492.764709	1016.179565	1.000000
0.000000	-18778.455078	60.868668	1.000000
0.000000	-637.313416	-157.241440	1.000000
0.000000	299.666779	-355.870087	1.000000
0.000000	14553.531250	-11035.549805	1.000000
