0.000000	31643.539062	455675.625000	1.000000
0.000000	214932.312500	175052.203125	1.000000
0.000000	1155.500244	-12570.940430	1.000000
0.000000	-728.822327	651.731995	1.000000
0.000000	16904.826172	27604.515625	1.000000
0.000000	-13896.665039	801.509216	1.000000
0.000000	-869.081482	-2363.631592	1.000000
0.000000	-595015.562500	1523932.125000	1.000000
0.000000	3467.341553	-2380.649414	1.000000
0.000000	9292453.000000	3386659.750000	1.000000
0.000000	78697400.000000	19959642.000000	1.000000
0.000000	-77.802116	-131.364502	1.000000
0.000000	-198.036713	-83.768822	1.000000
0.000000	100.095146	-39.114223	1.000000
0.000000	-73337376.000000	-31090268.000000	1.000000
0.000000	556.885559	-4618.706543	1.000000
0.000000	326.653320	-209.794418	1.000000
0.000000	-6064.437012	7629.951172	1.000000
0.000000	-987.822693	421.377472	1.000000
0.000000	-233.222824	94.958427	1.000000
0.000000	877.863586	7809.655273	1.000000
0.000000	10062.304688	84942.101562	1.000000
0.000000	-8.099496	621.568481	1.000000
0.000000	82.081207	229.939575	1.000000
0.000000	-207245.953125	-53192.441406	1.000000
0.000000	211.168243	-74.890625	1.000000
0.000000	10391.764648	35584.347656	1.000000
0.000000	-3728.072021	11619.986328	1.000000
0.000000	230.932907	-81.228920	1.000000
0.000000	-61676.523438	-273296.843750	1.000000
0.000000	5294.182617	-9066.335938	1.000000
0.000000	4683.092773	856.348022	1.000000
0.000000	-76.881104	383.612701	1.000000
0.000000	-388.255615	-345.977448	1.000000
0.000000	-81.259262	93.786819	1.000000
0.000000	4677.826172	2696.692627	1.000000
0.000000	198.936279	7.401281	1.000000
0.000000	-5582.236816	-1376.927124	1.000000
0.000000	-246342.328125	-73542.031250	1.000000
0.000000	-46895.261719	-6037.473145	1.000000
0.000000	309.543427	-39.974144	1.000000
0.000000	421.890015	179.461731	1.000000
0.000000	2.318316	36.125538	1.000000
0.000000	4.912178	43.527840	1.000000
0.000000	22.312099	33.635036	1.000000
0.000000	-483.541595	-461.795013	1.000000
0.000000	-4248.436523	3470.993652	1.000000
0.000000	-711.141602	261.613190	1.000000
0.815874	-65.930046	-58.453617	1.000000
0.000000	-53.825588	-41.225903	1.000000
0.000000	6836.493652	6301.820312	1.000000
0.000000	-756.460388	1866.004028	1.000000
0.000000	143.961731	1517.389648	1.000000
0.000000	-3276.911865	-11818.629883	1.000000
0.000000	108.569298	-118.996445	1.000000
0.000000	-21.068291	-61.129742	1.000000
0.000000	-76.551453	124.949905	1.000000
0.000000	29405522.000000	-21550876.000000	1.000000
0.000000	-387.599915	1539.629517	1.000000
0.000000	634.483521	364.534698	1.000000
0.000000	1819.717407	26420.509766	1.000000
0.000000	3184.711426	-1457.417969	1.000000
0.000000	18.637806	-74.046982	1.000000
0.000000	48.709316	-186.413666	1.000000
0.000000	5514.234863	-2736.557129	1.000000
0.000000	400965.937500	-1051564.750000	1.000000
0.000000	40386.343750	142682.375000	1.000000
0.000000	899154304.000000	-490293056.000000	1.000000
0.000000	5251.846680	-14712.212891	1.000000
0.000000	-11819835.000000	-661569.437500	1.000000
0.000000	10505.358398	-15296.399414	1.000000
0.000000	42.485744	-158.510712	1.000000
0.000000	-111.264954	-629.766052	1.000000
0.000000	-715.866333	929.437256	1.000000
0.000000	424597.687500	2543.689209	1.000000
0.000000	-9136.630859	10689.293945	1.000000
0.000000	32.520031	590.546692	1.000000
0.000000	51.266415	-72.531937	1.000000
0.000000	3400.966309	-13073.645508	1.000000
0.000000	-935690816.000000	516809408.000000	1.000000
0.000000	1333545.500000	80042.546875	1.000000
0.000000	370468.687500	-121698.484375	1.000000
0.000000	282738.250000	227328.468750	1.000000
0.000000	25095.470703	-23238.074219	1.000000
0.000000	2203343.750000	933933.187500	1.000000
0.000000	-40.767254	38.761829	1.000000
0.000000	298.253693	15.941952	1.000000
0.000000	-3302.313721	-538.404541	1.000000
0.000000	-1645.573364	1503.231567	1.000000
0.000000	-1.497495	85.758629	1.000000
0.000000	67.816132	163.520752	1.000000
0.000000	-1002.747925	1157.890015	1.000000
0.000000	728.218323	-70.073395	1.000000
0.000000	185.810043	-396.702667	1.000000
0.000000	-4355021.000000	2416277.250000	1.000000
0.000000	916.851562	502.668518	1.000000
0.000000	91.437592	-88021.812500	1.000000
0.000000	1711789.125000	-2028472.500000	1.000000
0.000000	771.239136	-1727.087891	1.000000
0.000000	-443.704529	-5177.817871	1.000000
0.000000	691415.187500	-227232.531250	1.000000
0.000000	12310197.000000	-6573529.500000	1.000000
0.000000	-21893.544922	-21292.550781	1.000000
0.000000	170467.515625	-24397.222656	1.000000
0.000000	120.150436	-9.101009	1.000000
0.000000	76.888748	29.605093	1.000000
0.000000	836.386658	-1733.302490	1.000000
0.000000	-2.449833	-74.226631	1.000000
0.000000	25.551617	-60.496899	1.000000
0.000000	-818.675537	855.754578	1.000000
0.000000	6.161185	-3167.043213	1.000000
0.000000	-53639.898438	119833.890625	1.000000
0.000000	14.214716	39.398376	1.000000
0.000000	-134.521591	-30.491222	1.000000
0.000000	-348.847870	-1138.298218	1.000000
0.000000	-64807.136719	15663.753906	1.000000
0.000000	2367.292725	569.482239	1.000000
0.000000	55606.425781	149442.109375	1.000000
0.000000	-13016.831055	6673.510742	1.000000
0.000000	-41603.753906	-29918.046875	1.000000
0.000000	-8642.098633	13682.984375	1.000000
0.000000	101.199089	243.754822	1.000000
0.000000	-142.180893	15.838152	1.000000
0.000000	1389.221680	3337.147217	1.000000
0.000000	409.750641	-354.889862	1.000000
0.000000	2071.469482	297.267792	1.000000
0.000000	521.447998	-310.115417	1.000000
0.000000	14040.568359	-14013.292969	1.000000
0.000000	-103.144226	-14.177479	1.000000
0.000000	-1078.935547	1738.207642	1.000000
0.000000	65.115509	93.627731	1.000000
0.000000	-13566.870117	-2931.858643	1.000000
0.000000	-28518.128906	-61330.578125	1.000000
0.000000	1571.391357	7857.614258	1.000000
0.000000	-2672.881836	2032.475098	1.000000
0.000000	-121.523788	-55.142784	1.000000
0.000000	222.068649	385.375183	1.000000
0.000000	-3972.633057	-16219.000977	1.000000
0.000000	536.601379	-93.892845	1.000000
0.000000	-8543.744141	12913.894531	1.000000
0.000000	-967.935669	-2950.135742	1.000000
0.000000	968.490295	332.759552	1.000000
0.000000	52.577370	-202.873993	1.000000
0.000000	-5883.935059	-20548.755859	1.000000
0.000000	-10.764013	-82.138275	1.000000
0.000000	22580.664062	-24362.193359	1.000000
0.000000	-137.013199	2.526247	1.000000
0.000000	-3300464.250000	1376390.750000	1.000000
0.000000	-17904.298828	-1034.756470	1.000000
0.000000	43.955887	358.584778	1.000000
0.031251	77.815857	-115.152756	1.000000
0.000000	6606.344238	2933.672852	1.000000
0.000000	-26361.943359	-23440.925781	1.000000
0.000000	-586712.625000	317310.156250	1.000000
0.000000	-108536.234375	249313.859375	1.000000
0.000000	38272.875000	-56191.003906	1.000000
0.000000	442.523895	-1536.046021	1.000000
0.000000	4.268665	-45.709023	1.000000
0.000000	-164.380188	-662.041870	1.000000
0.000000	-321.108704	445.812347	1.000000
0.000000	4112436.000000	2116301.500000	1.000000
0.000000	-68.435181	162.858505	1.000000
0.000000	-45180.199219	75731.687500	1.000000
0.000000	484.451965	1587.782471	1.000000
0.000000	4595.550293	12625.891602	1.000000
0.000000	643.434387	1851.244141	1.000000
0.000000	-43926.308594	2187.460693	1.000000
0.000000	245955.484375	-842228.687500	1.000000
0.000000	-4.784299	-37.154953	1.000000
0.000000	204.993774	-147.077774	1.000000
0.000000	-33077.175781	-139776.859375	1.000000
0.000000	-14256.084961	-13794.218750	1.000000
0.000000	-137.517258	-69.775002	1.000000
0.000000	-323292.031250	730136.875000	1.000000
0.000000	-31572.386719	-19795.722656	1.000000
0.000000	-202.277969	-973.809448	1.000000
0.031251	81.314362	-119.493950	1.000000
0.000000	-3863.500488	-12703.472656	1.000000
0.000000	21.234398	-84.206375	1.000000
0.000000	3128.259277	3231.269043	1.000000
0.000000	-87.792061	400.278290	1.000000
0.000000	799485.187500	-982912.687500	1.000000
0.000000	-138.378540	367.040955	1.000000
0.000000	-3515.677979	-2021.469116	1.000000
0.000000	24.790506	2657.718994	1.000000
0.000000	-142.855286	124.375366	1.000000
0.000000	19977.345703	10329.164062	1.000000
0.000000	-171.180420	627.491882	1.000000
0.000000	-3128.649414	-1835.835083	1.000000
0.000000	65023.152344	112428.820312	1.000000
0.419826	82.616829	47.927536	1.000000
0.000000	484892.843750	100576.796875	1.000000
0.000000	-62.208782	60.232449	1.000000
0.419826	80.753143	43.814621	1.000000
0.000000	277.007355	-129.792603	1.000000
0.000000	-41.373158	-80.061943	1.000000
0.000000	-52520.097656	-3236.836182	1.000000
0.000000	11265.706055	1165.958374	1.000000
0.000000	-145.414993	57.474792	1.000000
0.000000	-142.647171	1952.637451	1.000000
0.000000	-7860.634277	-92909.234375	1.000000
0.000000	-416.254120	1311.064697	1.000000
0.000000	119.528259	112.648369	1.000000
0.000000	85.172813	-4.625751	1.000000
0.000000	45.658684	87.867340	1.000000
0.000000	-42699.832031	-77878.320312	1.000000
0.000000	499.924835	-932.025879	1.000000
0.000000	-146.843231	108.185974	1.000000
0.000000	26.436466	-418.057343	1.000000
0.000000	-435.901611	459.129761	1.000000
0.000000	215.594223	246.984161	1.000000
0.000000	156.084503	753.438110	1.000000
0.815874	-63.392742	-61.590839	1.000000
0.000000	36.664360	363.653870	1.000000
0.000000	-10742.801758	573.573669	1.000000
0.000000	28171368.000000	16549397.000000	1.000000
0.000000	132.675125	-446.161652	1.000000
0.000000	-32875.406250	266933.125000	1.000000
0.000000	24.954781	14.554005	1.000000
0.000000	1268.201904	2816.882812	1.000000
0.000000	4794.842285	10618.805664	1.000000
0.000000	-48787.914062	-126250.796875	1.000000
0.000000	282.249847	-390.926605	1.000000
0.000000	1929694.125000	165067.796875	1.000000
0.000000	-180354.453125	-177937.812500	1.000000
0.000000	-70007.460938	13884.868164	1.000000
0.000000	110.498711	85.120468	1.000000
0.000000	-131028.968750	14713.210938	1.000000
0.000000	-839.699158	116.982002	1.000000
0.000000	-1163.404663	1203.764038	1.000000
0.000000	-1119.242920	917.473389	1.000000
0.000000	49198.972656	57311.531250	1.000000
0.000000	84079.554688	3839.027588	1.000000
0.000000	809.135193	-481.991455	1.000000
0.000000	-122.429688	-154.459702	1.000000
0.000000	-1589278.625000	-1200867.375000	1.000000
0.000000	-20.091269	66.847679	1.000000
0.000000	2590553.750000	19130.386719	1.000000
0.000000	45.890945	56.677708	1.000000
0.000000	-10294.855469	12978.857422	1.000000
0.000000	1826645.375000	135551.921875	1.000000
0.000000	-1595.022339	531.511963	1.000000
0.000000	13.209622	-4.450552	1.000000
0.000000	130.892715	112.785095	1.000000
0.000000	659.846863	1121.082397	1.000000
0.000000	-10437.315430	7223.448730	1.000000
0.000000	-112.625023	108.287872	1.000000
0.000000	27323.568359	25627.980469	1.000000
0.000000	-119.643036	112.754189	1.000000
0.000000	261.044281	232.938538	1.000000
0.000000	213.046082	-9116.314453	1.000000
0.000000	-5336.761230	9768.212891	1.000000
0.000000	458986.531250	25780.492188	1.000000
0.000000	-766.354187	1007.779785	1.000000
0.000000	1963.069580	-5418.767090	1.000000
0.000000	3481.880371	-1823.443115	1.000000
0.000000	-4.966737	-150.744232	1.000000
0.000000	-3.786975	41.172668	1.000000
0.000000	1080.861572	-499.212799	1.000000
0.000000	1177.072876	11995.952148	1.000000
0.000000	18301.128906	-23733.337891	1.000000
0.000000	53.689720	2.696142	1.000000
0.000000	-22.038439	54.448547	1.000000
0.000000	1368.814697	1025.941162	1.000000
0.000000	143.656448	-38.826321	1.000000
0.000000	62.833363	-91.137497	1.000000
0.000000	-1690.834473	50.924713	1.000000
0.000000	75062.140625	-7437.402344	1.000000
0.000000	10.288139	144.047760	1.000000
0.000000	-478.515015	-720.712036	1.000000
0.000000	1195.708740	-9867.937500	1.000000
0.000000	104.372551	79.366028	1.000000
0.000000	31.907328	44.889874	1.000000
0.000000	-3986.352783	-4844.787598	1.000000
0.000000	247.290375	188.462631	1.000000
0.000000	-1811.857056	-2807.328369	1.000000
0.000000	-103.211456	31.021145	1.000000
0.000000	22201.437500	38816.796875	1.000000
0.000000	81.648384	-22.210125	1.000000
0.000000	613.513245	-554.463928	1.000000
0.000000	1017.984131	563.753357	1.000000
0.000000	-308.472809	362.688843	1.000000
0.000000	-29.885872	-104.195808	1.000000
0.000000	9445.983398	5077.863770	1.000000
0.000000	-92806.093750	-330044.281250	1.000000
0.000000	7714.372559	16938.523438	1.000000
0.000000	34.626648	22.387760	1.000000
0.000000	3310.060791	-1170.562622	1.000000
0.000000	-423517.375000	-81736.375000	1.000000
0.000000	-44105600.000000	-10494824.000000	1.000000
0.000000	5900.768555	-4826.830566	1.000000
0.000000	-184.623199	-96.305847	1.000000
0.000000	786.969482	-1826.182007	1.000000
0.000000	6066.364258	526.155762	1.000000
0.000000	-7.822003	1.988908	1.000000
0.000000	-210.664673	1029.973511	1.000000
0.000000	-18822.595703	339.801025	1.000000
0.000000	-354.882385	-149.396133	1.000000
0.000000	263.037048	-77.157593	1.000000
0.000000	14294.205078	-11145.901367	1.000000
