0.000000	31558.207031	455755.937500	1.000000
0.000000	214972.468750	175172.671875	1.000000
0.000000	1174.637207	-12698.938477	1.000000
0.000000	-600.353699	649.849670	1.000000
0.000000	16894.787109	27474.007812	1.000000
0.000000	-13771.176758	772.490051	1.000000
0.000000	-753.789124	-2420.101318	1.000000
0.000000	-595176.187500	1523932.125000	1.000000
0.000000	3533.222900	-2270.219727	1.000000
0.000000	9292453.000000	3386659.750000	1.000000
0.000000	78697400.000000	19959642.000000	1.000000
0.000000	-201.808167	-165.011047	1.000000
0.000000	-258.861145	29.417988	1.000000
0.000000	95.369728	-167.530075	1.000000
0.000000	-73337376.000000	-31090268.000000	1.000000
0.000000	668.726990	-4555.962402	1.000000
0.000000	356.770508	-334.719177	1.000000
0.000000	-6130.945801	7740.380859	1.000000
0.000000	-987.508972	292.908844	1.000000
0.000000	-277.320831	215.662460	1.000000
0.000000	905.471008	7935.143555	1.000000
0.000000	10177.753906	85002.335938	1.000000
0.000000	-32.957150	747.684204	1.000000
0.000000	176.667999	142.960510	1.000000
0.000000	-207165.640625	-53282.792969	1.000000
0.000000	339.258453	-64.831955	1.000000
0.000000	10389.254883	35453.839844	1.000000
0.000000	-3854.187744	11594.888672	1.000000
0.000000	343.244934	-143.659332	1.000000
0.000000	-61546.015625	-273296.843750	1.000000
0.000000	5217.634766	-8963.435547	1.000000
0.000000	4807.326172	888.033813	1.000000
0.000000	-195.432373	433.276947	1.000000
0.000000	-482.293396	-258.370941	1.000000
0.000000	-181.689102	13.625093	1.000000
0.000000	4794.530273	2750.025146	1.000000
0.000000	79.438530	-39.813072	1.000000
0.000000	-5681.372559	-1458.180786	1.000000
0.000000	-246302.171875	-73662.500000	1.000000
0.000000	-46794.871094	-6115.275879	1.000000
0.000000	408.600739	41.845249	1.000000
0.000000	496.163391	74.590599	1.000000
0.000000	-1.168750	162.462051	1.000000
0.000000	-47.467037	-70.144211	1.000000
0.000000	38.396107	160.132233	1.000000
0.000000	-532.011414	-342.816437	1.000000
0.000000	-4143.026367	3397.583008	1.000000
0.000000	-784.081665	367.415497	1.000000
0.000000	-95.523056	-183.311279	1.000000
0.000000	-180.413574	-65.537697	1.000000
0.000000	6964.491699	6288.016602	1.000000
0.000000	-826.576965	1758.397827	1.000000
0.000000	70.927910	1411.665771	1.000000
0.000000	-3351.577393	-11713.219727	1.000000
0.000000	227.237366	-69.722687	1.000000
0.000000	-18.484686	-187.899048	1.000000
0.000000	51.871063	120.498993	1.000000
0.000000	29405522.000000	-21550876.000000	1.000000
0.000000	-491.127747	1615.549927	1.000000
0.000000	549.935791	461.239105	1.000000
0.000000	1753.522339	26310.080078	1.000000
0.000000	3233.651855	-1576.318115	1.000000
0.000000	-48.380604	-185.019196	1.000000
0.000000	118.041595	-294.594086	1.000000
0.000000	5435.177246	-2837.575195	1.000000
0.000000	401046.250000	-1051564.750000	1.000000
0.000000	40275.914062	142602.062500	1.000000
0.000000	899154304.000000	-490293056.000000	1.000000
0.000000	5169.024414	-14810.093750	1.000000
0.000000	-11819835.000000	-661408.812500	1.000000
0.000000	10570.612305	-15185.969727	1.000000
0.000000	4.525427	-281.285065	1.000000
0.000000	-208.243866	-714.000061	1.000000
0.000000	-587.397705	925.045166	1.000000
0.000000	424437.062500	2511.689697	1.000000
0.000000	-9262.119141	10659.176758	1.000000
0.000000	-92.211128	559.645203	1.000000
0.000000	40.011684	-200.529984	1.000000
0.000000	3413.515137	-13201.643555	1.000000
0.000000	-935690816.000000	516809408.000000	1.000000
0.000000	1333545.500000	80163.015625	1.000000
0.000000	370629.312500	-121718.562500	1.000000
0.000000	282577.625000	227368.625000	1.000000
0.000000	24980.021484	-23177.839844	1.000000
0.000000	2203343.750000	933772.562500	1.000000
0.000000	-105.575127	144.808716	1.000000
0.000000	174.340042	-14.573405	1.000000
0.000000	-3222.001221	-438.013916	1.000000
0.000000	-1660.631958	1630.915894	1.000000
0.000000	57.754402	199.788834	1.000000
0.000000	34.805698	39.328518	1.000000
0.000000	-1126.667603	1124.008179	1.000000
0.000000	836.765686	-138.879364	1.000000
0.000000	214.397842	-271.449677	1.000000
0.000000	-4355021.000000	2416277.250000	1.000000
0.000000	1028.059814	567.126770	1.000000
0.000000	-34.320019	-88041.890625	1.000000
0.000000	1711789.125000	-2028472.500000	1.000000
0.000000	795.238770	-1600.972168	1.000000
0.000000	-338.059082	-5250.601074	1.000000
0.000000	691415.187500	-227353.000000	1.000000
0.000000	12310197.000000	-6573529.500000	1.000000
0.000000	-21923.662109	-21418.039062	1.000000
0.000000	170587.984375	-24472.515625	1.000000
0.000000	65.097870	104.483704	1.000000
0.000000	200.202347	-6.475100	1.000000
0.000000	711.996399	-1765.302002	1.000000
0.000000	-86.993904	-171.004196	1.000000
0.000000	72.316284	-180.181351	1.000000
0.000000	-855.537720	978.889954	1.000000
0.000000	-118.420731	-3135.671143	1.000000
0.000000	-53770.406250	119833.890625	1.000000
0.000000	59.532555	160.600754	1.000000
0.000000	-258.873199	2.099114	1.000000
0.000000	-225.251678	-1103.161499	1.000000
0.000000	-64696.707031	15593.480469	1.000000
0.000000	2405.566650	692.147034	1.000000
0.000000	55706.816406	149522.421875	1.000000
0.000000	-13139.809570	6633.354492	1.000000
0.000000	-41704.144531	-29842.753906	1.000000
0.000000	-8536.688477	13755.767578	1.000000
0.000000	217.280273	298.821533	1.000000
0.000000	-236.806900	102.777092	1.000000
0.000000	1481.769287	3248.050537	1.000000
0.000000	533.827148	-388.379547	1.000000
0.000000	1988.872070	198.782288	1.000000
0.000000	546.545654	-436.152710	1.000000
0.000000	14012.960938	-14138.781250	1.000000
0.000000	-212.715622	-81.288124	1.000000
0.000000	-1127.562256	1619.307495	1.000000
0.000000	156.957245	183.508713	1.000000
0.000000	-13441.381836	-2960.093506	1.000000
0.000000	-28598.441406	-61430.968750	1.000000
0.000000	1641.664795	7965.534180	1.000000
0.000000	-2594.451660	1930.829590	1.000000
0.000000	-3.941436	-106.985130	1.000000
0.000000	137.089554	288.984497	1.000000
0.000000	-3891.065674	-16118.610352	1.000000
0.000000	660.050476	-58.030647	1.000000
0.000000	-8671.742188	12923.933594	1.000000
0.000000	-929.191162	-3072.486816	1.000000
0.000000	954.529724	460.522308	1.000000
0.000000	178.144974	-230.128479	1.000000
0.000000	-5757.191895	-20528.677734	1.000000
0.000000	-4.004313	-210.457047	1.000000
0.000000	22545.527344	-24487.681641	1.000000
0.000000	-223.639328	-92.379372	1.000000
0.000000	-3300464.250000	1376390.750000	1.000000
0.000000	-17949.474609	-1154.597778	1.000000
0.000000	-10.033052	474.323486	1.000000
0.000000	120.452080	-235.934021	1.000000
0.000000	6647.755371	2811.949219	1.000000
0.000000	-26241.474609	-23400.769531	1.000000
0.000000	-586712.625000	317390.468750	1.000000
0.000000	-108536.234375	249193.390625	1.000000
0.000000	38142.367188	-56191.003906	1.000000
0.000000	525.659912	-1633.926880	1.000000
0.000000	66.000496	66.994438	1.000000
0.000000	-193.752289	-537.024170	1.000000
0.000000	-356.166992	569.418335	1.000000
0.000000	4112436.000000	2116301.500000	1.000000
0.000000	57.533108	188.230667	1.000000
0.000000	-45230.394531	75852.156250	1.000000
0.000000	600.353088	1643.311035	1.000000
0.000000	4719.783691	12593.264648	1.000000
0.000000	630.728699	1723.246094	1.000000
0.000000	-44016.660156	2281.576904	1.000000
0.000000	245835.015625	-842228.687500	1.000000
0.000000	-121.033340	-91.918823	1.000000
0.000000	328.740326	-139.106720	1.000000
0.000000	-33026.980469	-139897.328125	1.000000
0.000000	-14298.750977	-13673.750000	1.000000
0.000000	-265.865234	-76.284706	1.000000
0.000000	-323452.656250	730136.875000	1.000000
0.000000	-31461.957031	-19730.468750	1.000000
0.000000	-318.433075	-1028.710571	1.000000
0.000000	116.243103	-243.574448	1.000000
0.000000	-3740.521973	-12741.119141	1.000000
0.000000	58.399078	-207.224106	1.000000
0.000000	3166.533203	3108.917969	1.000000
0.000000	-26.923712	287.162994	1.000000
0.000000	799324.562500	-982912.687500	1.000000
0.000000	-265.085297	388.452393	1.000000
0.000000	-3392.699463	-2057.860596	1.000000
0.000000	-2.213885	2783.207275	1.000000
0.000000	-233.520569	215.471237	1.000000
0.000000	19912.091797	10439.593750	1.000000
0.000000	-44.527100	605.845154	1.000000
0.000000	-3251.000488	-1875.991333	1.000000
0.000000	65063.308594	112549.289062	1.000000
0.000000	177.472519	134.863892	1.000000
0.000000	484892.843750	100697.265625	1.000000
0.000000	-155.148529	148.975769	1.000000
0.000000	79.022530	172.172623	1.000000
0.000000	299.046234	-3.201789	1.000000
0.000000	-169.546494	-88.188553	1.000000
0.000000	-52469.902344	-3120.132080	1.000000
0.000000	11333.469727	1275.133179	1.000000
0.000000	-110.484192	-66.189384	1.000000
0.000000	-67.612923	1848.168457	1.000000
0.000000	-7866.908691	-93029.703125	1.000000
0.000000	-493.194122	1208.164307	1.000000
0.000000	37.958939	208.085083	1.000000
0.000000	210.647751	-39.849129	1.000000
0.000000	49.370098	217.210388	1.000000
0.000000	-42800.222656	-77798.007812	1.000000
0.000000	399.455780	-1012.181519	1.000000
0.000000	-79.956383	217.909790	1.000000
0.000000	-31.062933	-303.157135	1.000000
0.000000	-447.666138	587.127808	1.000000
0.000000	305.396759	155.063995	1.000000
0.000000	186.633057	878.298950	1.000000
0.000000	-121.436798	49.320427	1.000000
0.000000	140.111023	440.619415	1.000000
0.000000	-10870.799805	564.162048	1.000000
0.000000	28171368.000000	16549397.000000	1.000000
0.000000	219.301254	-541.062134	1.000000
0.000000	-32825.210938	266852.812500	1.000000
0.000000	-100.443535	8.534678	1.000000
0.000000	1375.180664	2745.981934	1.000000
0.000000	4669.354004	10648.922852	1.000000
0.000000	-48657.406250	-126250.796875	1.000000
0.000000	169.437164	-452.415863	1.000000
0.000000	1929694.125000	165148.109375	1.000000
0.000000	-180233.984375	-177937.812500	1.000000
0.000000	-70107.851562	13812.084961	1.000000
0.000000	185.644241	-13.943005	1.000000
0.000000	-131069.125000	14836.189453	1.000000
0.000000	-954.364075	175.098755	1.000000
0.000000	-1244.030884	1103.687134	1.000000
0.000000	-1152.497314	1041.572144	1.000000
0.000000	49229.089844	57432.000000	1.000000
0.000000	83979.164062	3761.852295	1.000000
0.000000	931.643127	-442.933228	1.000000
0.000000	-236.663239	-213.321548	1.000000
0.000000	-1589278.625000	-1200867.375000	1.000000
0.000000	-142.120255	108.237564	1.000000
0.000000	2590553.750000	19245.835938	1.000000
0.000000	88.978043	-57.839752	1.000000
0.000000	-10370.148438	13084.267578	1.000000
0.000000	1826645.375000	135471.609375	1.000000
0.000000	-1580.277466	659.196289	1.000000
0.000000	138.353912	19.498013	1.000000
0.000000	237.793045	41.452850	1.000000
0.000000	557.260193	1043.593384	1.000000
0.000000	-10525.157227	7317.564941	1.000000
0.000000	-238.583878	133.723267	1.000000
0.000000	27328.587891	25758.488281	1.000000
0.000000	-25.840868	200.592575	1.000000
0.000000	266.848114	361.321686	1.000000
0.000000	88.034653	-9086.197266	1.000000
0.000000	-5464.759277	9770.722656	1.000000
0.000000	459066.843750	25685.121094	1.000000
0.000000	-886.822937	1052.328125	1.000000
0.000000	2066.339355	-5342.219238	1.000000
0.000000	3484.390137	-1952.068604	1.000000
0.000000	65.319092	-43.175346	1.000000
0.000000	106.092552	108.241493	1.000000
0.000000	1025.646729	-615.141235	1.000000
0.000000	1191.817749	11867.954102	1.000000
0.000000	18175.640625	-23758.435547	1.000000
0.000000	181.845413	-6.644834	1.000000
0.000000	-21.059605	-70.451996	1.000000
0.000000	1262.149658	1097.469482	1.000000
0.000000	272.125061	-42.110584	1.000000
0.000000	84.503334	34.063194	1.000000
0.000000	-1568.483398	90.116920	1.000000
0.000000	75182.609375	-7423.598633	1.000000
0.000000	44.500191	267.924438	1.000000
0.000000	-350.046387	-720.712036	1.000000
0.000000	1187.552002	-9739.939453	1.000000
0.000000	182.063599	181.717407	1.000000
0.000000	129.921844	127.988899	1.000000
0.000000	-3927.373291	-4730.593262	1.000000
0.000000	374.036224	209.403488	1.000000
0.000000	-1915.071167	-2883.876221	1.000000
0.000000	-53.879677	143.128616	1.000000
0.000000	22221.515625	38947.304688	1.000000
0.000000	207.500183	-24.365992	1.000000
0.000000	741.981873	-552.267883	1.000000
0.000000	1129.041260	628.379822	1.000000
0.000000	-313.806061	491.079041	1.000000
0.000000	51.168880	-203.915100	1.000000
0.000000	9511.237305	4967.434082	1.000000
0.000000	-92745.859375	-330124.593750	1.000000
0.000000	7842.370605	16943.542969	1.000000
0.000000	118.130737	-75.404190	1.000000
0.000000	3352.099365	-1049.152710	1.000000
0.000000	-423437.062500	-81836.765625	1.000000
0.000000	-44105600.000000	-10494824.000000	1.000000
0.000000	5958.493164	-4712.636230	1.000000
0.000000	-233.366547	22.538296	1.000000
0.000000	899.595215	-1764.379028	1.000000
0.000000	5965.973633	446.313843	1.000000
0.000000	-127.113304	-45.787617	1.000000
0.000000	-338.990295	1023.699097	1.000000
0.000000	-18802.517578	212.914322	1.000000
0.000000	-483.351013	-152.964706	1.000000
0.000000	282.089874	-202.863953	1.000000
0.000000	14412.164062	-11095.706055	1.000000
