0.000000	31577.464844	455737.812500	1.000000
0.000000	214963.406250	175145.484375	1.000000
0.000000	1170.318359	-12670.051758	1.000000
0.000000	-629.346619	650.274475	1.000000
0.000000	16897.052734	27503.460938	1.000000
0.000000	-13799.497070	779.039124	1.000000
0.000000	-779.808411	-2407.357178	1.000000
0.000000	-595139.937500	1523932.125000	1.000000
0.000000	3518.354736	-2295.141602	1.000000
0.000000	9292453.000000	3386659.750000	1.000000
0.000000	78697400.000000	19959642.000000	1.000000
0.000000	-173.824158	-157.417664	1.000000
0.000000	-245.132812	3.874175	1.000000
0.000000	96.436165	-138.546005	1.000000
0.000000	-73337376.000000	-31090268.000000	1.000000
0.000000	643.486511	-4570.122559	1.000000
0.000000	349.973633	-306.522766	1.000000
0.000000	-6115.936035	7715.458984	1.000000
0.000000	-987.579773	321.901764	1.000000
0.000000	-267.373322	188.421860	1.000000
0.000000	899.240540	7906.823242	1.000000
0.000000	10151.699219	84988.742188	1.000000
0.000000	-27.347105	719.222290	1.000000
0.000000	155.321564	162.590027	1.000000
0.000000	-207183.765625	-53262.402344	1.000000
0.000000	310.354034	-67.102005	1.000000
0.000000	10389.821289	35483.292969	1.000000
0.000000	-3825.725830	11600.552734	1.000000
0.000000	317.898254	-129.569977	1.000000
0.000000	-61575.468750	-273296.843750	1.000000
0.000000	5234.910156	-8986.658203	1.000000
0.000000	4779.289062	880.882935	1.000000
0.000000	-168.687378	422.055023	1.000000
0.000000	-461.070862	-278.142059	1.000000
0.000000	-159.024002	31.716831	1.000000
0.000000	4768.192383	2737.989014	1.000000
0.000000	106.409203	-29.153425	1.000000
0.000000	-5658.999512	-1439.843384	1.000000
0.000000	-246311.234375	-73635.312500	1.000000
0.000000	-46817.527344	-6097.717285	1.000000
0.000000	386.245392	23.380037	1.000000
0.000000	479.401306	98.260185	1.000000
0.000000	-0.908352	133.460281	1.000000
0.000000	-34.402081	-44.253254	1.000000
0.000000	34.791904	131.360565	1.000000
0.000000	-521.072693	-369.667633	1.000000
0.000000	-4166.815430	3414.150391	1.000000
0.000000	-767.620483	343.537933	1.000000
0.000000	-89.142136	-155.026367	1.000000
0.000000	-152.031311	-59.572727	1.000000
0.000000	6935.604980	6291.131836	1.000000
0.000000	-810.752991	1782.682495	1.000000
0.000000	87.411217	1435.525635	1.000000
0.000000	-3334.726807	-11737.008789	1.000000
0.000000	200.456970	-80.842834	1.000000
0.000000	-19.201544	-158.906128	1.000000
0.000000	22.888859	121.503479	1.000000
0.000000	29405522.000000	-21550876.000000	1.000000
0.000000	-467.763489	1598.416138	1.000000
0.000000	569.016602	439.414764	1.000000
0.000000	1768.461304	26335.001953	1.000000
0.000000	3222.606934	-1549.484619	1.000000
0.000000	-33.120823	-160.353973	1.000000
0.000000	102.394623	-270.185516	1.000000
0.000000	5453.019043	-2814.777344	1.000000
0.000000	401028.125000	-1051564.750000	1.000000
0.000000	40300.835938	142620.187500	1.000000
0.000000	899154304.000000	-490293056.000000	1.000000
0.000000	5187.715820	-14788.003906	1.000000
0.000000	-11819835.000000	-661445.062500	1.000000
0.000000	10555.885742	-15210.891602	1.000000
0.000000	13.092434	-253.583496	1.000000
0.000000	-186.357574	-694.990051	1.000000
0.000000	-616.390625	926.036377	1.000000
0.000000	424473.312500	2518.911377	1.000000
0.000000	-9233.798828	10665.973633	1.000000
0.000000	-64.063393	566.619080	1.000000
0.000000	42.551662	-171.643265	1.000000
0.000000	3410.683105	-13172.756836	1.000000
0.000000	-935690816.000000	516809408.000000	1.000000
0.000000	1333545.500000	80135.828125	1.000000
0.000000	370593.062500	-121714.031250	1.000000
0.000000	282613.875000	227359.562500	1.000000
0.000000	25006.076172	-23191.433594	1.000000
0.000000	2203343.750000	933808.812500	1.000000
0.000000	-90.299858	120.159782	1.000000
0.000000	201.146454	-5.756191	1.000000
0.000000	-3240.126221	-460.670166	1.000000
0.000000	-1657.233521	1602.099976	1.000000
0.000000	44.381905	174.052750	1.000000
0.000000	42.255268	67.354828	1.000000
0.000000	-1098.701294	1131.654663	1.000000
0.000000	812.268616	-123.348770	1.000000
0.000000	207.946121	-299.716888	1.000000
0.000000	-4355021.000000	2416277.250000	1.000000
0.000000	1002.966675	552.577209	1.000000
0.000000	-5.938955	-88037.359375	1.000000
0.000000	1711789.125000	-2028472.500000	1.000000
0.000000	789.822510	-1629.434082	1.000000
0.000000	-361.901245	-5234.175293	1.000000
0.000000	691415.187500	-227325.812500	1.000000
0.000000	12310197.000000	-6573529.500000	1.000000
0.000000	-21916.865234	-21389.718750	1.000000
0.000000	170560.796875	-24455.523438	1.000000
0.000000	77.576508	78.305115	1.000000
0.263593	171.978882	2.425031	1.000000
0.000000	740.068909	-1758.080322	1.000000
0.000000	-67.913094	-149.162155	1.000000
0.000000	61.762543	-153.170853	1.000000
0.000000	-847.218628	951.100647	1.000000
0.000000	-90.303970	-3142.751221	1.000000
0.000000	-53740.953125	119833.890625	1.000000
0.000000	49.279716	133.475204	1.000000
0.000000	-230.818405	-5.247460	1.000000
0.000000	-253.138336	-1111.091187	1.000000
0.000000	-64721.628906	15609.339844	1.000000
0.000000	2396.928955	664.463928	1.000000
0.000000	55684.160156	149504.296875	1.000000
0.000000	-13112.055664	6642.416992	1.000000
0.000000	-41681.488281	-29859.746094	1.000000
0.000000	-8560.477539	13739.341797	1.000000
0.000000	191.083984	286.395996	1.000000
0.000000	-215.451614	83.156425	1.000000
0.000000	1460.883057	3268.157959	1.000000
0.000000	505.825470	-380.821564	1.000000
0.000000	2007.492676	221.004883	1.000000
0.000000	540.881592	-407.708496	1.000000
0.000000	14019.191406	-14110.460938	1.000000
0.000000	-187.988449	-66.141182	1.000000
0.000000	-1116.588135	1646.140991	1.000000
0.000000	136.230316	163.224289	1.000000
0.000000	-13469.702148	-2953.721436	1.000000
0.000000	-28580.316406	-61408.312500	1.000000
0.000000	1625.805420	7941.178711	1.000000
0.000000	-2612.151855	1953.769043	1.000000
0.000000	-30.477097	-95.285301	1.000000
0.000000	156.267715	310.738037	1.000000
0.000000	-3909.473877	-16141.266602	1.000000
0.000000	632.190369	-66.124062	1.000000
0.000000	-8642.855469	12921.667969	1.000000
0.000000	-937.935059	-3044.874512	1.000000
0.000000	957.680359	431.688690	1.000000
0.000000	149.806961	-223.977661	1.000000
0.000000	-5785.795410	-20533.208984	1.000000
0.000000	-5.529848	-181.499527	1.000000
0.000000	22553.457031	-24459.361328	1.000000
0.000000	-204.089462	-70.962135	1.000000
0.000000	-3300464.250000	1376390.750000	1.000000
0.000000	-17939.279297	-1127.551880	1.000000
0.000000	2.164589	448.020996	1.000000
0.000000	110.783348	-208.596069	1.000000
0.000000	6638.409668	2839.419922	1.000000
0.000000	-26268.662109	-23409.832031	1.000000
0.000000	-586712.625000	317372.343750	1.000000
0.000000	-108536.234375	249220.578125	1.000000
0.000000	38171.820312	-56191.003906	1.000000
0.000000	506.897675	-1611.837036	1.000000
0.000000	52.068550	41.559261	1.000000
0.000000	-187.123566	-565.238281	1.000000
0.000000	-348.255005	541.522827	1.000000
0.000000	4112436.000000	2116301.500000	1.000000
0.000000	29.104383	182.504654	1.000000
0.000000	-45219.066406	75824.968750	1.000000
0.000000	574.192200	1630.779297	1.000000
0.000000	4691.746582	12600.627930	1.000000
0.000000	633.596130	1752.132812	1.000000
0.000000	-43996.269531	2260.336670	1.000000
0.000000	245862.203125	-842228.687500	1.000000
0.000000	-94.797226	-79.559662	1.000000
0.000000	299.818207	-141.345795	1.000000
0.000000	-33038.308594	-139870.140625	1.000000
0.000000	-14289.122070	-13700.937500	1.000000
0.000000	-236.901871	-74.815590	1.000000
0.000000	-323416.406250	730136.875000	1.000000
0.000000	-31486.878906	-19745.195312	1.000000
0.000000	-292.219086	-1016.320435	1.000000
0.000000	108.406342	-215.652390	1.000000
0.000000	-3768.275879	-12732.623047	1.000000
0.000000	50.011398	-179.461349	1.000000
0.000000	3157.895508	3136.530273	1.000000
0.000000	-40.648411	312.704376	1.000000
0.000000	799360.812500	-982912.687500	1.000000
0.000000	-236.487823	383.620239	1.000000
0.000000	-3420.453369	-2049.647705	1.000000
0.000000	3.880418	2754.886963	1.000000
0.000000	-213.059143	194.912460	1.000000
0.000000	19926.818359	10414.671875	1.000000
0.000000	-73.110001	610.730408	1.000000
0.000000	-3223.388184	-1866.928833	1.000000
0.000000	65054.246094	112522.101562	1.000000
0.000000	156.090683	115.275757	1.000000
0.000000	484892.843750	100670.078125	1.000000
0.000000	-134.173798	128.947998	1.000000
0.000000	79.389809	143.170853	1.000000
0.000000	294.072479	-31.771915	1.000000
0.000000	-140.606674	-86.343307	1.000000
0.000000	-52481.230469	-3146.469971	1.000000
0.000000	11318.176758	1250.494507	1.000000
0.000000	-118.365204	-38.280605	1.000000
0.000000	-84.547585	1871.745117	1.000000
0.000000	-7865.492676	-93002.515625	1.000000
0.000000	-475.830231	1231.386963	1.000000
0.097285	54.421131	187.421814	1.000000
0.000000	182.929245	-31.322058	1.000000
0.097285	50.477386	187.145813	1.000000
0.000000	-42777.566406	-77816.132812	1.000000
0.000000	422.129730	-994.091919	1.000000
0.000000	-95.050224	193.147217	1.000000
0.000000	-18.086477	-329.087921	1.000000
0.000000	-445.011108	558.241089	1.000000
0.000000	285.130035	175.808624	1.000000
0.000000	179.738831	850.120239	1.000000
0.000000	-107.865173	23.690905	1.000000
0.000000	116.753479	423.432526	1.000000
0.000000	-10841.913086	566.286072	1.000000
0.000000	28171368.000000	16549397.000000	1.000000
0.000000	199.751389	-519.644897	1.000000
0.000000	-32836.539062	266870.937500	1.000000
0.000000	-71.455040	9.271448	1.000000
0.000000	1351.037598	2761.982910	1.000000
0.000000	4697.674316	10642.125977	1.000000
0.000000	-48686.859375	-126250.796875	1.000000
0.000000	194.898895	-438.538910	1.000000
0.000000	1929694.125000	165129.984375	1.000000
0.000000	-180261.171875	-177937.812500	1.000000
0.000000	-70085.195312	13828.510742	1.000000
0.263593	170.182175	6.269114	1.000000
0.000000	-131060.062500	14808.435547	1.000000
0.000000	-928.486389	161.982910	1.000000
0.000000	-1225.835083	1126.272583	1.000000
0.000000	-1144.992432	1013.548218	1.000000
0.000000	49222.292969	57404.812500	1.000000
0.000000	84001.820312	3779.269287	1.000000
0.000000	903.995422	-451.747925	1.000000
0.000000	-210.882904	-200.037552	1.000000
0.000000	-1589278.625000	-1200867.375000	1.000000
0.000000	-114.138443	100.613205	1.000000
0.000000	2590553.750000	19219.781250	1.000000
0.000000	78.902206	-30.645617	1.000000
0.000000	-10353.156250	13060.478516	1.000000
0.000000	1826645.375000	135489.734375	1.000000
0.000000	-1583.605103	630.380371	1.000000
0.000000	110.086693	13.026380	1.000000
0.000000	213.667679	57.551178	1.000000
0.000000	580.412048	1061.081177	1.000000
0.000000	-10505.333008	7296.324707	1.000000
0.000000	-210.157364	127.979568	1.000000
0.000000	27327.455078	25729.035156	1.000000
0.000000	-47.009979	180.768356	1.000000
0.000000	265.538300	332.346466	1.000000
0.000000	116.244339	-9092.994141	1.000000
0.000000	-5435.872559	9770.156250	1.000000
0.000000	459048.718750	25706.644531	1.000000
0.000000	-859.635437	1042.274414	1.000000
0.000000	2042.990234	-5359.494629	1.000000
0.000000	3483.823730	-1923.040283	1.000000
0.000000	49.457321	-67.453064	1.000000
0.000000	81.290154	93.209602	1.000000
0.000000	1038.107666	-588.980347	1.000000
0.000000	1188.490112	11896.840820	1.000000
0.000000	18203.960938	-23752.771484	1.000000
0.000000	152.923294	-4.536851	1.000000
0.000000	-22.683598	-41.497181	1.000000
0.000000	1286.221924	1081.326904	1.000000
0.000000	243.132156	-41.369389	1.000000
0.000000	79.852608	5.438376	1.000000
0.000000	-1596.095703	81.271248	1.000000
0.000000	75155.421875	-7426.713867	1.000000
0.000000	36.778481	239.970764	1.000000
0.000000	-379.039307	-720.712036	1.000000
0.000000	1189.392822	-9768.826172	1.000000
0.000000	164.531555	158.618652	1.000000
0.000000	107.801414	109.235542	1.000000
0.000000	-3940.683838	-4756.364746	1.000000
0.000000	345.432709	204.677536	1.000000
0.000000	-1891.777710	-2866.600830	1.000000
0.000000	-66.101662	116.828011	1.000000
0.000000	22216.984375	38917.851562	1.000000
0.000000	178.498413	-24.461130	1.000000
0.000000	712.988953	-552.763489	1.000000
0.000000	1103.977783	613.794861	1.000000
0.000000	-312.602448	462.103821	1.000000
0.000000	32.875729	-181.409302	1.000000
0.000000	9496.510742	4992.355957	1.000000
0.000000	-92759.453125	-330106.468750	1.000000
0.000000	7813.483887	16942.410156	1.000000
0.000000	99.421631	-53.247967	1.000000
0.000000	3342.612061	-1076.552612	1.000000
0.000000	-423455.187500	-81814.109375	1.000000
0.000000	-44105600.000000	-10494824.000000	1.000000
0.000000	5945.465820	-4738.407715	1.000000
0.000000	-222.357025	-4.291185	1.000000
0.000000	874.177734	-1778.326782	1.000000
0.000000	5988.629883	464.332642	1.000000
0.000000	-100.191307	-35.005985	1.000000
0.000000	-310.032776	1025.115112	1.000000
0.000000	-18807.048828	241.544388	1.000000
0.000000	-454.358093	-152.159348	1.000000
0.000000	278.779938	-174.056885	1.000000
0.000000	14385.542969	-11107.034180	1.000000
