0.000000	31552.562500	455761.250000	1.000000
0.000000	214975.125000	175180.640625	1.000000
0.000000	1175.903076	-12707.405273	1.000000
0.000000	-591.855774	649.725159	1.000000
0.000000	16894.123047	27465.375000	1.000000
0.000000	-13762.875977	770.570496	1.000000
0.000000	-746.162781	-2423.836670	1.000000
0.000000	-595186.812500	1523932.125000	1.000000
0.000000	3537.580811	-2262.915039	1.000000
0.000000	9292453.000000	3386659.750000	1.000000
0.000000	78697400.000000	19959642.000000	1.000000
0.000000	-210.010376	-167.236694	1.000000
0.000000	-262.887024	36.904903	1.000000
0.000000	95.057152	-176.025406	1.000000
0.000000	-73337376.000000	-31090268.000000	1.000000
0.000000	676.125061	-4551.812012	1.000000
0.000000	358.762695	-342.983643	1.000000
0.000000	-6135.345215	7747.685547	1.000000
0.000000	-987.488220	284.410919	1.000000
0.000000	-280.236481	223.646774	1.000000
0.000000	907.297180	7943.444336	1.000000
0.000000	10185.390625	85006.320312	1.000000
0.000000	-34.601742	756.026489	1.000000
0.611127	181.475769	139.623520	1.000000
0.000000	-207160.328125	-53288.769531	1.000000
0.000000	347.730438	-64.166595	1.000000
0.000000	10389.088867	35445.207031	1.000000
0.000000	-3862.530029	11593.228516	1.000000
0.000000	350.674133	-147.788971	1.000000
0.000000	-61537.382812	-273296.843750	1.000000
0.000000	5212.571289	-8956.628906	1.000000
0.000000	4815.543945	890.129761	1.000000
0.000000	-203.271423	436.566132	1.000000
0.000000	-488.513794	-252.577499	1.000000
0.000000	-188.332321	8.322482	1.000000
0.000000	4802.250000	2753.552979	1.000000
0.000000	71.533333	-42.937538	1.000000
0.000000	-5687.930176	-1463.555542	1.000000
0.000000	-246299.515625	-73670.468750	1.000000
0.000000	-46788.230469	-6120.422363	1.000000
0.000000	415.153168	47.257618	1.000000
0.000000	501.076416	67.652962	1.000000
0.000000	-1.245070	170.962570	1.000000
0.000000	-51.296421	-77.732941	1.000000
0.000000	39.452511	168.565308	1.000000
0.000000	-535.217590	-334.946259	1.000000
0.000000	-4136.053711	3392.727051	1.000000
0.000000	-788.906494	374.414093	1.000000
0.000000	-97.393326	-191.601685	1.000000
0.000000	-188.732513	-67.286049	1.000000
0.000000	6972.958496	6287.103516	1.000000
0.000000	-831.215027	1751.279907	1.000000
0.000000	66.096596	1404.672363	1.000000
0.000000	-3356.516357	-11706.247070	1.000000
0.000000	235.086792	-66.463333	1.000000
0.000000	-18.274572	-196.396973	1.000000
0.000000	60.365746	120.204575	1.000000
0.000000	29405522.000000	-21550876.000000	1.000000
0.000000	-497.975891	1620.571899	1.000000
0.000000	544.343140	467.635895	1.000000
0.000000	1749.143677	26302.775391	1.000000
0.000000	3236.889160	-1584.183105	1.000000
0.000000	-52.853298	-192.248657	1.000000
0.000000	122.627777	-301.748322	1.000000
0.000000	5429.947754	-2844.257324	1.000000
0.000000	401051.562500	-1051564.750000	1.000000
0.000000	40268.609375	142596.750000	1.000000
0.000000	899154304.000000	-490293056.000000	1.000000
0.000000	5163.545898	-14816.568359	1.000000
0.000000	-11819835.000000	-661398.187500	1.000000
0.000000	10574.928711	-15178.665039	1.000000
0.000000	2.014392	-289.404266	1.000000
0.000000	-214.658813	-719.571960	1.000000
0.000000	-578.899780	924.754639	1.000000
0.000000	424426.437500	2509.572998	1.000000
0.000000	-9270.419922	10657.184570	1.000000
0.000000	-100.461327	557.601135	1.000000
0.000000	39.267208	-208.996780	1.000000
0.000000	3414.345215	-13210.110352	1.000000
0.000000	-935690816.000000	516809408.000000	1.000000
0.000000	1333545.500000	80170.984375	1.000000
0.000000	370639.937500	-121719.890625	1.000000
0.000000	282567.000000	227371.281250	1.000000
0.000000	24972.384766	-23173.855469	1.000000
0.000000	2203343.750000	933761.937500	1.000000
0.000000	-110.052361	152.032990	1.000000
0.000000	166.044449	-16.427013	1.000000
0.000000	-3216.688721	-431.373291	1.000000
0.000000	-1661.628052	1639.361938	1.000000
0.000000	61.673927	207.332169	1.000000
0.000000	32.622204	31.113987	1.000000
0.000000	-1134.864624	1121.766968	1.000000
0.000000	843.945862	-143.431824	1.000000
0.000000	216.288864	-263.164459	1.000000
0.000000	-4355021.000000	2416277.250000	1.000000
0.000000	1035.406006	571.391296	1.000000
0.000000	-42.638309	-88043.218750	1.000000
0.000000	1711789.125000	-2028472.500000	1.000000
0.000000	796.826294	-1592.629883	1.000000
0.000000	-331.070862	-5255.415527	1.000000
0.000000	691415.187500	-227360.968750	1.000000
0.000000	12310197.000000	-6573529.500000	1.000000
0.000000	-21925.654297	-21426.339844	1.000000
0.000000	170595.953125	-24477.496094	1.000000
0.000000	61.439884	112.156738	1.000000
0.000000	208.334518	-8.946852	1.000000
0.000000	703.768250	-1767.418701	1.000000
0.000000	-92.586555	-177.406174	1.000000
0.000000	75.409622	-188.098221	1.000000
0.000000	-857.976074	987.035095	1.000000
0.000000	-126.661850	-3133.595947	1.000000
0.000000	-53779.039062	119833.890625	1.000000
0.000000	62.537697	168.551346	1.000000
0.000000	-267.096161	4.252418	1.000000
0.000000	-217.078003	-1100.837280	1.000000
0.000000	-64689.402344	15588.832031	1.000000
0.000000	2408.098389	700.261047	1.000000
0.000000	55713.457031	149527.734375	1.000000
0.000000	-13147.944336	6630.698242	1.000000
0.000000	-41710.785156	-29837.773438	1.000000
0.000000	-8529.715820	13760.582031	1.000000
0.000000	224.958496	302.463501	1.000000
0.000000	-243.066208	108.527977	1.000000
0.000000	1487.891113	3242.156982	1.000000
0.000000	542.034546	-390.594818	1.000000
0.000000	1983.414307	192.268768	1.000000
0.000000	548.205811	-444.489807	1.000000
0.000000	14011.134766	-14147.082031	1.000000
0.000000	-219.963242	-85.727745	1.000000
0.000000	-1130.778809	1611.442505	1.000000
0.000000	163.032379	189.454147	1.000000
0.000000	-13433.081055	-2961.961182	1.000000
0.000000	-28603.753906	-61437.609375	1.000000
0.000000	1646.313232	7972.672852	1.000000
0.000000	-2589.263672	1924.105957	1.000000
0.000000	3.836207	-110.414391	1.000000
0.000000	131.468369	282.608459	1.000000
0.000000	-3885.670166	-16111.969727	1.000000
0.000000	668.216370	-55.658440	1.000000
0.000000	-8680.208984	12924.597656	1.000000
0.000000	-926.628296	-3080.580078	1.000000
0.000000	953.606262	468.973541	1.000000
0.000000	186.450943	-231.931305	1.000000
0.000000	-5748.808105	-20527.349609	1.000000
0.000000	-3.557173	-218.944595	1.000000
0.000000	22543.203125	-24495.982422	1.000000
0.000000	-229.369461	-98.656837	1.000000
0.000000	-3300464.250000	1376390.750000	1.000000
0.000000	-17952.462891	-1162.525024	1.000000
0.000000	-13.608225	482.032837	1.000000
0.000000	123.286018	-243.946869	1.000000
0.000000	6650.494629	2803.897461	1.000000
0.000000	-26233.505859	-23398.113281	1.000000
0.000000	-586712.625000	317395.781250	1.000000
0.000000	-108536.234375	249185.421875	1.000000
0.000000	38133.734375	-56191.003906	1.000000
0.000000	531.159180	-1640.401489	1.000000
0.000000	70.083443	74.449577	1.000000
0.000000	-195.695190	-528.754517	1.000000
0.000000	-358.486023	577.594604	1.000000
0.000000	4112436.000000	2116301.500000	1.000000
0.000000	65.865517	189.908981	1.000000
0.000000	-45233.714844	75860.125000	1.000000
0.000000	608.020935	1646.984131	1.000000
0.000000	4728.001465	12591.106445	1.000000
0.000000	629.888245	1714.779297	1.000000
0.000000	-44022.636719	2287.802490	1.000000
0.000000	245827.046875	-842228.687500	1.000000
0.000000	-128.723114	-95.541336	1.000000
0.000000	337.217499	-138.450439	1.000000
0.000000	-33023.660156	-139905.296875	1.000000
0.000000	-14301.573242	-13665.781250	1.000000
0.000000	-274.352783	-76.715309	1.000000
0.000000	-323463.281250	730136.875000	1.000000
0.000000	-31454.652344	-19726.152344	1.000000
0.000000	-326.116486	-1032.342163	1.000000
0.000000	118.540085	-251.758499	1.000000
0.000000	-3732.387207	-12743.609375	1.000000
0.000000	60.857536	-215.361465	1.000000
0.000000	3169.064941	3100.824707	1.000000
0.000000	-22.900751	279.676727	1.000000
0.000000	799313.937500	-982912.687500	1.000000
0.000000	-273.469086	389.868713	1.000000
0.000000	-3384.564697	-2060.267822	1.000000
0.000000	-4.000134	2791.508057	1.000000
0.000000	-239.517883	221.497086	1.000000
0.000000	19907.775391	10446.898438	1.000000
0.000000	-36.149147	604.413269	1.000000
0.000000	-3259.093750	-1878.647583	1.000000
0.000000	65065.964844	112557.257812	1.000000
0.611127	185.189514	138.188812	1.000000
0.000000	484892.843750	100705.234375	1.000000
0.000000	-161.296295	154.845978	1.000000
0.000000	78.914879	180.673141	1.000000
0.000000	300.504059	5.172190	1.000000
0.000000	-178.028854	-88.729401	1.000000
0.000000	-52466.582031	-3112.412354	1.000000
0.000000	11337.952148	1282.354858	1.000000
0.000000	-108.174240	-74.369545	1.000000
0.000000	-62.649315	1841.258057	1.000000
0.000000	-7867.323730	-93037.671875	1.000000
0.000000	-498.283539	1201.357666	1.000000
0.000000	32.343590	214.466309	1.000000
0.000000	218.772141	-42.348442	1.000000
0.000000	49.835720	225.697937	1.000000
0.000000	-42806.863281	-77792.695312	1.000000
0.000000	392.809967	-1017.483643	1.000000
0.000000	-75.532326	225.167786	1.000000
0.000000	-34.866379	-295.556732	1.000000
0.000000	-448.444336	595.594604	1.000000
0.000000	311.337006	148.983673	1.000000
0.000000	188.653778	886.558228	1.000000
0.000000	-125.414688	56.832634	1.000000
0.000000	146.956573	445.656952	1.000000
0.000000	-10879.266602	563.539490	1.000000
0.000000	28171368.000000	16549397.000000	1.000000
0.000000	225.031387	-547.339600	1.000000
0.000000	-32821.890625	266847.500000	1.000000
0.000000	-108.940163	8.318727	1.000000
0.000000	1382.257080	2741.291992	1.000000
0.000000	4661.053223	10650.915039	1.000000
0.000000	-48648.773438	-126250.796875	1.000000
0.000000	161.974243	-456.483246	1.000000
0.000000	1929694.125000	165153.421875	1.000000
0.000000	-180226.015625	-177937.812500	1.000000
0.000000	-70114.492188	13807.270508	1.000000
0.000000	190.754410	-20.735004	1.000000
0.000000	-131071.781250	14844.324219	1.000000
0.000000	-961.948914	178.943054	1.000000
0.000000	-1249.364136	1097.067261	1.000000
0.000000	-1154.697021	1049.789917	1.000000
0.000000	49231.082031	57439.968750	1.000000
0.000000	83972.523438	3756.747314	1.000000
0.000000	939.746765	-440.349609	1.000000
0.000000	-244.219543	-217.215134	1.000000
0.000000	-1589278.625000	-1200867.375000	1.000000
0.000000	-150.322464	110.472290	1.000000
0.000000	2590553.750000	19253.472656	1.000000
0.000000	91.931305	-65.810303	1.000000
0.000000	-10375.128906	13091.240234	1.000000
0.000000	1826645.375000	135466.296875	1.000000
0.000000	-1579.302124	667.642334	1.000000
0.000000	146.639130	21.394871	1.000000
0.000000	244.864273	36.734375	1.000000
0.000000	550.474304	1038.467651	1.000000
0.000000	-10530.967773	7323.790527	1.000000
0.000000	-246.915787	135.406769	1.000000
0.000000	27328.919922	25767.121094	1.000000
0.000000	-19.636358	206.403122	1.000000
0.000000	267.232025	369.814423	1.000000
0.000000	79.766296	-9084.205078	1.000000
0.000000	-5473.226074	9770.888672	1.000000
0.000000	459072.156250	25678.812500	1.000000
0.000000	-894.791687	1055.274902	1.000000
0.000000	2073.187500	-5337.155762	1.000000
0.000000	3484.556152	-1960.576904	1.000000
0.000000	69.968826	-36.059372	1.000000
0.000000	113.362221	112.647392	1.000000
0.000000	1021.988647	-622.809082	1.000000
0.000000	1192.793091	11859.487305	1.000000
0.000000	18167.339844	-23760.095703	1.000000
0.000000	190.322586	-7.262691	1.000000
0.000000	-20.583607	-78.938248	1.000000
0.000000	1255.093994	1102.200928	1.000000
0.000000	280.622986	-42.327831	1.000000
0.000000	85.866478	42.453468	1.000000
0.000000	-1560.390137	92.709618	1.000000
0.000000	75190.578125	-7422.685547	1.000000
0.000000	46.763451	276.116272	1.000000
0.000000	-341.548462	-720.712036	1.000000
0.000000	1187.012451	-9731.472656	1.000000
0.000000	187.202301	188.487732	1.000000
0.000000	136.404236	133.485580	1.000000
0.000000	-3923.471924	-4723.039551	1.000000
0.000000	382.420013	210.788681	1.000000
0.000000	-1921.898560	-2888.939697	1.000000
0.000000	-50.297371	150.837967	1.000000
0.000000	22222.843750	38955.937500	1.000000
0.000000	216.000702	-24.338106	1.000000
0.000000	750.479797	-552.122620	1.000000
0.000000	1136.387451	632.654724	1.000000
0.000000	-314.158844	499.571777	1.000000
0.000000	56.530666	-210.511627	1.000000
0.000000	9515.553711	4960.129395	1.000000
0.000000	-92741.875000	-330129.906250	1.000000
0.000000	7850.837402	16943.875000	1.000000
0.000000	123.614441	-81.898254	1.000000
0.000000	3354.880127	-1041.121704	1.000000
0.000000	-423431.750000	-81843.406250	1.000000
0.000000	-44105600.000000	-10494824.000000	1.000000
0.000000	5962.311523	-4705.082520	1.000000
0.000000	-236.593475	30.401989	1.000000
0.000000	907.045166	-1760.290894	1.000000
0.000000	5959.333008	441.032471	1.000000
0.000000	-135.004227	-48.947750	1.000000
0.000000	-347.477844	1023.284058	1.000000
0.000000	-18801.189453	204.522751	1.000000
0.000000	-491.848938	-153.200760	1.000000
0.000000	283.060028	-211.307404	1.000000
0.000000	14419.966797	-11092.385742	1.000000
