0.000000	31677.738281	455643.437500	1.000000
0.000000	214916.218750	175003.921875	1.000000
0.000000	1147.830566	-12519.641602	1.000000
0.000000	-780.309753	652.486389	1.000000
0.000000	16908.849609	27656.820312	1.000000
0.000000	-13946.958008	813.139465	1.000000
0.000000	-915.288147	-2340.999756	1.000000
0.000000	-594951.187500	1523932.125000	1.000000
0.000000	3440.937744	-2424.907227	1.000000
0.000000	9292453.000000	3386659.750000	1.000000
0.000000	78697400.000000	19959642.000000	1.000000
0.000000	-28.098675	-117.873795	1.000000
0.000000	-173.660339	-129.134460	1.000000
0.000000	101.988991	12.350817	1.000000
0.000000	-73337376.000000	-31090268.000000	1.000000
0.000000	512.061951	-4643.853027	1.000000
0.000000	314.583008	-159.737198	1.000000
0.000000	-6037.781738	7585.693359	1.000000
0.000000	-987.948425	472.864899	1.000000
0.000000	-215.541702	46.584293	1.000000
0.000000	866.799133	7759.362305	1.000000
0.000000	10016.035156	84917.960938	1.000000
0.000000	1.863319	571.024048	1.000000
0.000000	44.170826	264.798889	1.000000
0.000000	-207278.140625	-53156.230469	1.000000
0.000000	159.822266	-78.921921	1.000000
0.000000	10392.770508	35636.652344	1.000000
0.000000	-3677.527588	11630.044922	1.000000
0.000000	185.920700	-56.208168	1.000000
0.000000	-61728.828125	-273296.843750	1.000000
0.000000	5324.861328	-9107.576172	1.000000
0.000000	4633.302734	843.649048	1.000000
0.000000	-29.390675	363.684113	1.000000
0.000000	-350.567322	-381.088226	1.000000
0.000000	-41.009171	125.911453	1.000000
0.000000	4631.053711	2675.318115	1.000000
0.000000	246.824615	26.329905	1.000000
0.000000	-5542.505371	-1344.362427	1.000000
0.000000	-246358.421875	-73493.750000	1.000000
0.000000	-46935.496094	-6006.291504	1.000000
0.000000	269.843414	-72.766731	1.000000
0.000000	392.122864	221.487793	1.000000
0.887920	3.064184	-14.501225	1.000000
0.000000	28.113739	89.506615	1.000000
0.000000	15.863660	-16.721636	1.000000
0.000000	-464.115936	-509.479034	1.000000
0.000000	-4290.682617	3500.415039	1.000000
0.000000	-681.908813	219.209915	1.000000
0.000000	-54.542633	-8.290639	1.000000
0.000000	-3.229759	-30.285027	1.000000
0.000000	6785.194824	6307.352539	1.000000
0.000000	-728.359192	1909.130249	1.000000
0.000000	173.225952	1559.761475	1.000000
0.000000	-3246.987549	-11860.875977	1.000000
0.000000	61.003395	-138.748566	1.000000
0.000000	-22.538275	-9.993879	1.000000
0.000000	-128.023163	126.733734	1.000000
0.000000	29405522.000000	-21550876.000000	1.000000
0.000000	-346.108215	1509.202271	1.000000
0.000000	668.368408	325.777679	1.000000
0.000000	1846.246948	26464.767578	1.000000
0.000000	3165.097168	-1409.765381	1.000000
0.000000	45.736103	-30.252804	1.000000
0.000000	20.921669	-143.051697	1.000000
0.000000	5545.919434	-2696.071289	1.000000
0.000000	400933.750000	-1051564.750000	1.000000
0.000000	40430.601562	142714.562500	1.000000
0.000000	899154304.000000	-490293056.000000	1.000000
0.000000	5285.040039	-14672.984375	1.000000
0.000000	-11819835.000000	-661633.812500	1.000000
0.000000	10479.206055	-15340.657227	1.000000
0.000000	58.931709	-111.825928	1.000000
0.000000	-72.397919	-596.006897	1.000000
0.000000	-767.353760	931.197510	1.000000
0.000000	424662.062500	2556.513916	1.000000
0.000000	-9086.337891	10701.364258	1.000000
0.000000	82.509003	602.931335	1.000000
0.000000	55.777065	-21.229834	1.000000
0.000000	3395.937012	-13022.346680	1.000000
0.000000	-935690816.000000	516809408.000000	1.000000
0.000000	1333545.500000	79994.265625	1.000000
0.000000	370404.312500	-121690.437500	1.000000
0.000000	282802.625000	227312.375000	1.000000
0.000000	25141.740234	-23262.214844	1.000000
0.000000	2203343.750000	933997.562500	1.000000
0.000000	-13.643082	-5.016490	1.000000
0.000000	348.515228	27.173388	1.000000
0.000000	-3334.501221	-578.638916	1.000000
0.000000	-1639.538208	1452.058472	1.000000
0.000000	-25.243816	40.060692	1.000000
0.000000	81.049469	213.295074	1.000000
0.000000	-953.083618	1171.469116	1.000000
0.000000	684.714905	-42.495636	1.000000
0.000000	174.352676	-446.901337	1.000000
0.000000	-4355021.000000	2416277.250000	1.000000
0.000000	872.279419	476.861938	1.000000
0.000000	141.840576	-88013.765625	1.000000
0.000000	1711789.125000	-2028472.500000	1.000000
0.000000	761.620605	-1777.632324	1.000000
0.000000	-486.044922	-5148.647949	1.000000
0.000000	691415.187500	-227184.250000	1.000000
0.000000	12310197.000000	-6573529.500000	1.000000
0.000000	-21881.474609	-21242.257812	1.000000
0.000000	170419.234375	-24367.046875	1.000000
0.000000	142.310776	-55.587612	1.000000
0.000000	27.614458	44.579353	1.000000
0.000000	886.239563	-1720.477783	1.000000
0.000000	26.226383	-36.629913	1.000000
0.887920	6.437093	-12.606750	1.000000
0.000000	-803.901978	806.404602	1.000000
0.000000	56.089569	-3179.616455	1.000000
0.000000	-53587.593750	119833.890625	1.000000
0.000000	-3.903488	-9.570066	1.000000
0.000000	-84.700119	-43.536190	1.000000
0.000000	-398.386444	-1152.380249	1.000000
0.000000	-64851.394531	15691.917969	1.000000
0.000000	2351.953369	520.320862	1.000000
0.000000	55566.191406	149409.921875	1.000000
0.000000	-12967.543945	6689.604492	1.000000
0.000000	-41563.519531	-29948.222656	1.000000
0.000000	-8684.344727	13653.814453	1.000000
0.000000	54.670238	221.673065	1.000000
0.000000	-103.057983	-18.185785	1.000000
0.000000	1352.130615	3372.855225	1.000000
0.000000	360.023468	-341.467926	1.000000
0.000000	2104.662842	336.747772	1.000000
0.000000	511.391327	-259.602417	1.000000
0.000000	14051.632812	-13963.000000	1.000000
0.000000	-59.224319	12.719381	1.000000
0.000000	-1059.447021	1785.860229	1.000000
0.866059	28.320694	57.411545	1.000000
0.000000	-13617.163086	-2920.542725	1.000000
0.000000	-28485.941406	-61290.343750	1.000000
0.000000	1543.227295	7814.362305	1.000000
0.000000	-2704.314941	2073.212402	1.000000
0.000000	-168.643097	-34.365501	1.000000
0.000000	256.126465	424.006470	1.000000
0.000000	-4005.323486	-16259.235352	1.000000
0.000000	487.141449	-108.265633	1.000000
0.000000	-8492.445312	12909.871094	1.000000
0.000000	-983.463623	-2901.100098	1.000000
0.000000	974.085388	281.555023	1.000000
0.000000	2.249251	-191.950989	1.000000
0.000000	-5934.730957	-20556.802734	1.000000
0.000000	-13.473154	-30.708401	1.000000
0.000000	22594.746094	-24311.900391	1.000000
0.000000	-103.493713	39.744907	1.000000
0.000000	-3300464.250000	1376390.750000	1.000000
0.000000	-17886.193359	-986.726685	1.000000
0.000000	65.616936	311.875183	1.000000
0.021627	61.617615	-67.270058	1.000000
0.000000	6589.747559	2982.457031	1.000000
0.000000	-26410.224609	-23457.019531	1.000000
0.000000	-586712.625000	317277.968750	1.000000
0.000000	-108536.234375	249362.140625	1.000000
0.000000	38325.179688	-56191.003906	1.000000
0.000000	409.204803	-1496.817505	1.000000
0.000000	-19.356094	-91.482544	1.000000
0.000000	-152.608490	-712.146240	1.000000
0.000000	-307.058105	396.273773	1.000000
0.000000	4112436.000000	2116301.500000	1.000000
0.000000	-118.916748	152.689896	1.000000
0.000000	-45160.082031	75683.406250	1.000000
0.000000	438.025269	1565.527832	1.000000
0.000000	4545.760254	12638.967773	1.000000
0.000000	648.526550	1902.542969	1.000000
0.000000	-43890.097656	2149.740967	1.000000
0.000000	246003.765625	-842228.687500	1.000000
0.000000	41.062618	-16.793974	1.000000
0.000000	153.647797	-151.054062	1.000000
0.000000	-33097.292969	-139728.578125	1.000000
0.000000	-14238.985352	-13842.500000	1.000000
0.000000	-86.083389	-67.166054	1.000000
0.000000	-323227.656250	730136.875000	1.000000
0.000000	-31616.644531	-19821.875000	1.000000
0.000000	-155.725540	-951.806274	1.000000
0.021627	66.429344	-69.238441	1.000000
0.000000	-3912.787598	-12688.384766	1.000000
0.000000	11.547315	-33.718990	1.000000
0.000000	3112.919922	3280.304688	1.000000
0.000000	-112.168434	445.636261	1.000000
0.000000	799549.562500	-982912.687500	1.000000
0.000000	-87.598351	358.459717	1.000000
0.000000	-3564.965088	-2006.884155	1.000000
0.000000	35.612663	2607.426025	1.000000
0.000000	-106.523254	87.873672	1.000000
0.000000	20003.498047	10284.906250	1.000000
0.000000	-221.944885	636.167419	1.000000
0.000000	-3079.613770	-1819.741333	1.000000
0.000000	65007.058594	112380.539062	1.000000
0.000000	45.551315	11.046251	1.000000
0.000000	484892.843750	100528.515625	1.000000
0.000000	-24.960554	24.669413	1.000000
0.000000	80.495110	-5.585720	1.000000
0.000000	268.174652	-180.525635	1.000000
0.000000	8.907598	-76.181183	1.000000
0.000000	-52540.214844	-3283.608643	1.000000
0.000000	11238.547852	1122.203491	1.000000
0.000000	-159.418442	107.036942	1.000000
0.000000	-172.712936	1994.506348	1.000000
0.000000	-7858.119629	-92860.953125	1.000000
0.000000	-385.418243	1352.304932	1.000000
0.000000	153.554596	73.985649	1.000000
0.000000	35.948574	10.517275	1.000000
0.000000	41.259155	37.367481	1.000000
0.000000	-42659.597656	-77910.507812	1.000000
0.000000	540.168640	-899.901245	1.000000
0.000000	-173.655670	64.211060	1.000000
0.000000	49.480862	-464.106842	1.000000
0.000000	-431.186646	407.830933	1.000000
0.000000	179.603317	283.823761	1.000000
0.000000	143.841309	703.396606	1.000000
0.000000	-42.311775	-98.567032	1.000000
0.000000	-4.819374	333.132324	1.000000
0.000000	-10691.502930	577.345642	1.000000
0.000000	28171368.000000	16549397.000000	1.000000
0.000000	97.950455	-408.127594	1.000000
0.000000	-32895.523438	266965.312500	1.000000
0.000000	76.437332	15.862408	1.000000
0.000000	1225.327148	2845.298340	1.000000
0.000000	4845.135254	10606.735352	1.000000
0.000000	-48840.218750	-126250.796875	1.000000
0.000000	327.450653	-366.283051	1.000000
0.000000	1929694.125000	165035.609375	1.000000
0.000000	-180402.734375	-177937.812500	1.000000
0.000000	-69967.226562	13914.038086	1.000000
0.000000	79.537102	126.274261	1.000000
0.000000	-131012.875000	14663.923828	1.000000
0.000000	-793.743958	93.690071	1.000000
0.000000	-1131.091431	1243.872681	1.000000
0.000000	-1105.915283	867.746216	1.000000
0.000000	49186.902344	57263.250000	1.000000
0.000000	84119.789062	3869.957764	1.000000
0.000000	760.036682	-497.645142	1.000000
0.000000	-76.647369	-130.869156	1.000000
0.000000	-1589278.625000	-1200867.375000	1.000000
0.866059	29.583776	53.502365	1.000000
0.000000	2590553.750000	19084.117188	1.000000
0.000000	29.579466	104.043404	1.000000
0.000000	-10264.679688	12936.611328	1.000000
0.000000	1826645.375000	135584.109375	1.000000
0.000000	-1600.931763	480.338867	1.000000
0.000000	-36.991653	-15.943281	1.000000
0.000000	88.056725	141.373505	1.000000
0.000000	700.961365	1152.138306	1.000000
0.000000	-10402.110352	7185.729004	1.000000
0.000000	-62.143456	98.095688	1.000000
0.000000	27321.556641	25575.675781	1.000000
0.000000	-157.237030	77.556969	1.000000
0.000000	258.718231	181.498260	1.000000
0.000000	263.150452	-9128.384766	1.000000
0.000000	-5285.462402	9767.207031	1.000000
0.000000	458954.343750	25818.714844	1.000000
0.000000	-718.072937	989.925781	1.000000
0.000000	1921.703613	-5449.445801	1.000000
0.000000	3480.874512	-1771.892822	1.000000
0.000000	-33.136562	-193.854736	1.000000
0.000000	-47.831356	14.482033	1.000000
0.000000	1102.990479	-452.723236	1.000000
0.000000	1171.163452	12047.250977	1.000000
0.000000	18351.421875	-23723.279297	1.000000
0.000000	2.033115	6.097675	1.000000
0.000000	-24.922426	105.865982	1.000000
0.000000	1411.563721	997.215576	1.000000
0.000000	92.174492	-37.510059	1.000000
0.000000	53.345856	-139.449951	1.000000
0.000000	-1739.870117	35.219948	1.000000
0.000000	75013.859375	-7442.934570	1.000000
0.000000	-3.422591	94.404495	1.000000
0.000000	-530.002441	-720.712036	1.000000
0.000000	1198.977783	-9919.236328	1.000000
0.000000	73.230202	38.348282	1.000000
0.000000	-5.490448	13.288297	1.000000
0.000000	-4009.990479	-4890.554199	1.000000
0.000000	196.478760	180.069992	1.000000
0.000000	-1770.491089	-2776.649658	1.000000
0.000000	-124.916016	-15.681217	1.000000
0.000000	22193.390625	38764.492188	1.000000
0.000000	30.889944	-20.791811	1.000000
0.000000	562.025818	-555.344055	1.000000
0.000000	973.474854	537.852478	1.000000
0.000000	-306.335358	311.232849	1.000000
0.000000	-59.407196	-72.699600	1.000000
0.000000	9419.831055	5122.121582	1.000000
0.000000	-92830.234375	-330012.093750	1.000000
0.000000	7663.073730	16936.511719	1.000000
0.000000	-0.482239	60.030426	1.000000
0.000000	3293.212646	-1219.221069	1.000000
0.000000	-423549.562500	-81696.140625	1.000000
0.000000	-44105600.000000	-10494824.000000	1.000000
0.000000	5877.633789	-4872.597168	1.000000
0.000000	-165.071808	-143.953201	1.000000
0.000000	741.831543	-1850.951294	1.000000
0.000000	6106.598633	558.154663	1.000000
0.000000	40.324314	20.735218	1.000000
0.000000	-159.224396	1032.488159	1.000000
0.000000	-18830.642578	390.659790	1.000000
0.000000	-303.394958	-147.965927	1.000000
0.000000	257.159058	-25.992355	1.000000
0.000000	14246.929688	-11166.018555	1.000000
