0.000000	31499.769531	455810.937500	1.000000
0.000000	214999.968750	175255.171875	1.000000
0.000000	1187.742676	-12786.594727	1.000000
0.000000	-512.375183	648.560608	1.000000
0.000000	16887.912109	27384.632812	1.000000
0.000000	-13685.239258	752.617004	1.000000
0.000000	-674.834045	-2458.773193	1.000000
0.000000	-595286.187500	1523932.125000	1.000000
0.000000	3578.340088	-2194.594727	1.000000
0.000000	9292453.000000	3386659.750000	1.000000
0.000000	78697400.000000	19959642.000000	1.000000
0.000000	-286.725159	-188.053040	1.000000
0.000000	-300.540833	106.933304	1.000000
0.000000	92.133644	-255.481735	1.000000
0.000000	-73337376.000000	-31090268.000000	1.000000
0.000000	745.318787	-4512.993652	1.000000
0.000000	377.395508	-420.280701	1.000000
0.000000	-6176.492676	7816.005859	1.000000
0.000000	-987.294128	204.914734	1.000000
0.000000	-307.506378	298.323578	1.000000
0.000000	924.377258	8021.081055	1.000000
0.000000	10256.816406	85043.585938	1.000000
0.000000	-49.983517	834.051392	1.000000
0.000000	239.552490	85.833206	1.000000
0.000000	-207110.640625	-53344.667969	1.000000
0.000000	426.968414	-57.943527	1.000000
0.000000	10387.536133	35364.464844	1.000000
0.000000	-3940.554932	11577.701172	1.000000
0.000000	420.158997	-186.413239	1.000000
0.000000	-61456.640625	-273296.843750	1.000000
0.000000	5165.212891	-8892.966797	1.000000
0.000000	4892.404297	909.733032	1.000000
0.000000	-276.589600	467.329681	1.000000
0.000000	-546.663879	-198.401627	1.000000
0.000000	-250.465958	-41.273479	1.000000
0.000000	4874.452148	2786.548584	1.000000
0.000000	-2.403136	-72.160484	1.000000
0.000000	-5749.263184	-1513.825317	1.000000
0.000000	-246274.671875	-73745.000000	1.000000
0.000000	-46726.121094	-6168.557129	1.000000
0.000000	476.437653	97.879181	1.000000
0.000000	546.990662	2.771118	1.000000
0.000000	-1.958889	250.467422	1.000000
0.349570	-86.081482	-147.777344	1.000000
0.000000	49.332996	247.439362	1.000000
0.000000	-565.204773	-261.336945	1.000000
0.000000	-4070.838867	3347.309570	1.000000
0.000000	-834.032837	439.871552	1.000000
0.000000	-114.885849	-269.141357	1.000000
0.000000	-266.535767	-83.638283	1.000000
0.000000	7052.147949	6278.563477	1.000000
0.000000	-874.594543	1684.706421	1.000000
0.000000	20.910345	1339.263428	1.000000
0.000000	-3402.710205	-11641.032227	1.000000
0.000000	308.502014	-35.973213	1.000000
0.000000	-16.309393	-275.877563	1.000000
0.000000	139.821793	117.450897	1.000000
0.000000	29405522.000000	-21550876.000000	1.000000
0.000000	-562.026184	1667.542114	1.000000
0.000000	492.016876	527.477234	1.000000
0.000000	1708.190308	26234.455078	1.000000
0.000000	3267.167480	-1657.743896	1.000000
0.000000	-94.681694	-259.864014	1.000000
0.000000	165.522064	-368.661469	1.000000
0.000000	5381.036621	-2906.754883	1.000000
0.000000	401101.250000	-1051564.750000	1.000000
0.000000	40200.289062	142547.062500	1.000000
0.000000	899154304.000000	-490293056.000000	1.000000
0.000000	5112.305664	-14877.125000	1.000000
0.000000	-11819835.000000	-661298.812500	1.000000
0.000000	10615.299805	-15110.344727	1.000000
0.000000	-21.470974	-365.342682	1.000000
0.000000	-274.664978	-771.685608	1.000000
0.000000	-499.426880	922.037354	1.000000
0.000000	424327.062500	2489.775635	1.000000
0.000000	-9348.056641	10638.551758	1.000000
0.000000	-177.632751	538.483093	1.000000
0.000000	32.304165	-288.186249	1.000000
0.000000	3422.108887	-13289.299805	1.000000
0.000000	-935690816.000000	516809408.000000	1.000000
0.000000	1333545.500000	80245.515625	1.000000
0.000000	370739.312500	-121732.312500	1.000000
0.000000	282467.625000	227396.125000	1.000000
0.000000	24900.958984	-23136.589844	1.000000
0.000000	2203343.750000	933662.562500	1.000000
0.000000	-151.927658	219.601196	1.000000
0.000000	88.456253	-33.764561	1.000000
0.000000	-3167.001221	-369.263916	1.000000
0.000000	-1670.944458	1718.357300	1.000000
0.000000	98.333015	277.884521	1.000000
0.000000	12.197166	-45.716663	1.000000
0.000000	-1211.530884	1100.805054	1.000000
0.000000	911.101624	-186.010712	1.000000
0.000000	233.975479	-185.651291	1.000000
0.000000	-4355021.000000	2416277.250000	1.000000
0.000000	1104.114502	611.277161	1.000000
0.000000	-120.443192	-88055.640625	1.000000
0.000000	1711789.125000	-2028472.500000	1.000000
0.000000	811.674316	-1514.604980	1.000000
0.000000	-265.710449	-5300.444824	1.000000
0.000000	691415.187500	-227435.500000	1.000000
0.000000	12310197.000000	-6573529.500000	1.000000
0.000000	-21944.287109	-21503.976562	1.000000
0.000000	170670.484375	-24524.078125	1.000000
0.000000	27.225563	183.922180	1.000000
0.000000	284.403290	-32.064995	1.000000
0.000000	626.810852	-1787.216064	1.000000
0.000000	-144.894287	-237.283493	1.000000
0.000000	104.341431	-262.144257	1.000000
0.000000	-880.781860	1063.166138	1.000000
0.000000	-203.740555	-3114.186768	1.000000
0.000000	-53859.781250	119833.890625	1.000000
0.000000	86.391434	239.940002	1.000000
0.000000	-344.005035	24.392473	1.000000
0.000000	-140.630096	-1079.098999	1.000000
0.000000	-64621.082031	15545.355469	1.000000
0.000000	2431.777588	776.150940	1.000000
0.000000	55775.566406	149577.421875	1.000000
0.000000	-13224.028320	6605.854492	1.000000
0.000000	-41772.894531	-29791.191406	1.000000
0.000000	-8464.500977	13805.611328	1.000000
0.000000	296.772461	336.526611	1.000000
0.000000	-301.628052	162.315659	1.000000
0.000000	1545.148193	3187.034912	1.000000
0.000000	618.797852	-411.314117	1.000000
0.000000	1932.368164	131.348206	1.000000
0.000000	563.733154	-522.459656	1.000000
0.000000	13994.054688	-14224.718750	1.000000
0.000000	-287.749817	-127.251259	1.000000
0.000000	-1160.863037	1537.881714	1.000000
0.000000	219.852753	245.061447	1.000000
0.000000	-13355.444336	-2979.429443	1.000000
0.000000	-28653.441406	-61499.718750	1.000000
0.000000	1689.789795	8039.440430	1.000000
0.000000	-2540.740723	1861.220215	1.000000
0.000000	76.580139	-142.488052	1.000000
0.000000	83.135651	225.948212	1.000000
0.000000	-3835.206299	-16049.860352	1.000000
0.000000	744.591492	-33.471321	1.000000
0.000000	-8759.398438	12930.808594	1.000000
0.000000	-902.657959	-3156.275879	1.000000
0.000000	944.969177	547.995300	1.000000
0.000000	264.136200	-248.793030	1.000000
0.000000	-5670.395020	-20514.927734	1.000000
0.000000	0.624888	-298.328156	1.000000
0.000000	22521.464844	-24573.619141	1.000000
0.000000	-282.975250	-157.369614	1.000000
0.000000	-3300464.250000	1376390.750000	1.000000
0.000000	-17980.412109	-1236.668091	1.000000
0.000000	-47.046600	554.137939	1.000000
0.000000	149.781708	-318.910919	1.000000
0.000000	6676.114746	2728.589844	1.000000
0.000000	-26158.974609	-23373.269531	1.000000
0.000000	-586712.625000	317445.468750	1.000000
0.000000	-108536.234375	249110.890625	1.000000
0.000000	38052.992188	-56191.003906	1.000000
0.000000	582.593506	-1700.958130	1.000000
0.000000	108.271004	144.177048	1.000000
0.000000	-213.867035	-451.370911	1.000000
0.000000	-380.175781	654.066772	1.000000
0.000000	4112436.000000	2116301.500000	1.000000
0.000000	141.072647	205.487320	1.000000
0.000000	-45264.769531	75934.656250	1.000000
0.000000	679.737854	1681.338379	1.000000
0.000000	4804.861816	12570.920898	1.000000
0.000000	622.027527	1635.589844	1.000000
0.000000	-44078.535156	2346.030029	1.000000
0.000000	245752.515625	-842228.687500	1.000000
0.000000	-200.634125	-129.421982	1.000000
0.000000	416.503998	-132.312286	1.000000
0.000000	-32992.605469	-139979.828125	1.000000
0.000000	-14327.969727	-13591.250000	1.000000
0.000000	-353.736328	-80.742714	1.000000
0.000000	-323562.656250	730136.875000	1.000000
0.000000	-31386.332031	-19685.781250	1.000000
0.000000	-397.978973	-1066.308228	1.000000
0.000000	140.016830	-328.280548	1.000000
0.000000	-3656.303223	-12766.900391	1.000000
0.000000	83.846115	-291.458405	1.000000
0.000000	3192.744141	3025.128906	1.000000
0.000000	14.724771	209.642044	1.000000
0.000000	799214.562500	-982912.687500	1.000000
0.000000	-351.882172	403.115479	1.000000
0.000000	-3308.480713	-2082.782471	1.000000
0.000000	-20.707191	2869.144775	1.000000
0.000000	-295.610413	277.847076	1.000000
0.000000	19867.404297	10515.218750	1.000000
0.000000	42.208881	591.020935	1.000000
0.000000	-3334.789551	-1903.491333	1.000000
0.000000	65090.808594	112631.789062	1.000000
0.000000	244.247772	191.858429	1.000000
0.000000	484892.843750	100779.765625	1.000000
0.000000	-218.795990	209.749695	1.000000
0.000000	80.628838	260.294800	1.000000
0.000000	314.139008	83.492607	1.000000
0.000000	-257.363892	-93.787918	1.000000
0.000000	-52435.527344	-3040.210205	1.000000
0.000000	11379.875977	1349.898804	1.000000
0.349570	-87.603424	-151.805740	1.000000
0.000000	-16.226015	1776.625488	1.000000
0.000000	-7871.205566	-93112.203125	1.000000
0.000000	-545.919067	1137.695557	1.000000
0.000000	-20.176497	274.149536	1.000000
0.000000	294.759064	-65.724373	1.000000
0.000000	54.190655	305.081482	1.000000
0.000000	-42868.972656	-77743.007812	1.000000
0.000000	330.652069	-1067.158447	1.000000
0.000000	-34.154381	293.051392	1.000000
0.000000	-70.440865	-224.470612	1.000000
0.000000	-455.722778	674.784058	1.000000
0.000000	366.895782	92.114777	1.000000
0.000000	207.553467	963.806763	1.000000
0.000000	-162.608368	127.093864	1.000000
0.000000	210.982605	492.772736	1.000000
0.000000	-10958.456055	557.716736	1.000000
0.000000	28171368.000000	16549397.000000	1.000000
0.000000	278.635223	-606.052368	1.000000
0.000000	-32790.835938	266797.812500	1.000000
0.000000	-188.417847	6.298960	1.000000
0.000000	1448.442383	2697.427246	1.000000
0.000000	4583.416504	10669.547852	1.000000
0.000000	-48568.031250	-126250.796875	1.000000
0.000000	92.173981	-494.525238	1.000000
0.000000	1929694.125000	165203.109375	1.000000
0.000000	-180151.484375	-177937.812500	1.000000
0.000000	-70176.601562	13762.241211	1.000000
0.000000	238.549515	-84.260086	1.000000
0.000000	-131096.625000	14920.408203	1.000000
0.000000	-1032.877319	214.898560	1.000000
0.000000	-1299.245728	1035.151978	1.000000
0.000000	-1175.270752	1126.650269	1.000000
0.000000	49249.714844	57514.500000	1.000000
0.000000	83910.414062	3709.000732	1.000000
0.000000	1015.539612	-416.185181	1.000000
0.000000	-314.873016	-253.631607	1.000000
0.000000	-1589278.625000	-1200867.375000	1.000000
0.000000	-227.037247	131.371597	1.000000
0.000000	2590553.750000	19324.898438	1.000000
0.000000	119.552994	-140.355698	1.000000
0.000000	-10421.710938	13156.455078	1.000000
0.000000	1826645.375000	135416.609375	1.000000
0.000000	-1570.179810	746.637695	1.000000
0.000000	224.130280	39.136074	1.000000
0.000000	311.001038	-7.397854	1.000000
0.000000	487.006287	990.594788	1.000000
0.000000	-10585.313477	7382.018066	1.000000
0.000000	-324.843628	151.152466	1.000000
0.000000	27332.025391	25847.863281	1.000000
0.000000	38.395058	260.748810	1.000000
0.000000	270.822723	449.246490	1.000000
0.000000	2.428064	-9065.572266	1.000000
0.000000	-5552.415527	9772.441406	1.000000
0.000000	459121.843750	25619.808594	1.000000
0.000000	-969.322937	1082.835938	1.000000
0.000000	2137.237793	-5289.797363	1.000000
0.000000	3486.108887	-2040.154541	1.000000
0.000000	113.457520	30.493248	1.000000
0.000000	181.345490	153.847900	1.000000
0.000000	987.731445	-694.526001	1.000000
0.000000	1201.915405	11780.297852	1.000000
0.000000	18089.703125	-23775.623047	1.000000
0.000000	269.609100	-13.041471	1.000000
0.000000	-16.131626	-158.314301	1.000000
0.000000	1189.102783	1146.453857	1.000000
0.000000	360.103577	-44.359730	1.000000
0.000000	98.615883	120.927208	1.000000
0.000000	-1484.694336	116.958961	1.000000
0.000000	75265.109375	-7414.145508	1.000000
0.000000	67.931587	352.734009	1.000000
0.000000	-262.067871	-720.712036	1.000000
0.000000	1181.966064	-9652.283203	1.000000
0.000000	235.264282	251.810181	1.000000
0.000000	197.033661	184.895645	1.000000
0.000000	-3886.982666	-4652.390137	1.000000
0.000000	460.833099	223.744308	1.000000
0.000000	-1985.754761	-2936.298096	1.000000
0.000000	-16.792274	222.943069	1.000000
0.000000	22235.265625	39036.679688	1.000000
0.000000	295.493500	-24.077295	1.000000
0.000000	829.960388	-550.763977	1.000000
0.000000	1205.095947	672.637634	1.000000
0.000000	-317.458405	578.962891	1.000000
0.000000	106.679131	-272.202179	1.000000
0.000000	9555.924805	4891.809082	1.000000
0.000000	-92704.609375	-330179.593750	1.000000
0.000000	7930.026855	16946.980469	1.000000
0.000000	174.903198	-142.639786	1.000000
0.000000	3380.888428	-965.933228	1.000000
0.000000	-423382.062500	-81905.515625	1.000000
0.000000	-44105600.000000	-10494824.000000	1.000000
0.000000	5998.024414	-4634.433105	1.000000
0.000000	-266.774750	103.950653	1.000000
0.000000	976.724121	-1722.054810	1.000000
0.000000	5897.223633	391.636108	1.000000
0.000000	-208.807632	-78.507271	1.000000
0.000000	-426.861389	1019.402222	1.000000
0.000000	-18788.767578	126.036575	1.000000
0.000000	-571.329529	-155.408554	1.000000
0.000000	292.133820	-290.289032	1.000000
0.000000	14492.945312	-11061.331055	1.000000
