0.000000	31507.406250	455803.750000	1.000000
0.000000	214996.375000	175244.390625	1.000000
0.000000	1186.030029	-12775.139648	1.000000
0.000000	-523.872375	648.729065	1.000000
0.000000	16888.810547	27396.312500	1.000000
0.000000	-13696.469727	755.214050	1.000000
0.000000	-685.152039	-2453.719482	1.000000
0.000000	-595271.812500	1523932.125000	1.000000
0.000000	3572.444092	-2204.477539	1.000000
0.000000	9292453.000000	3386659.750000	1.000000
0.000000	78697400.000000	19959642.000000	1.000000
0.000000	-275.628052	-185.041870	1.000000
0.000000	-295.094055	96.803070	1.000000
0.000000	92.556541	-243.988052	1.000000
0.000000	-73337376.000000	-31090268.000000	1.000000
0.000000	735.309631	-4518.608887	1.000000
0.000000	374.700195	-409.099365	1.000000
0.000000	-6170.540527	7806.123047	1.000000
0.000000	-987.322205	216.415436	1.000000
0.000000	-303.561676	287.521271	1.000000
0.000000	921.906555	8009.850586	1.000000
0.000000	10246.484375	85038.195312	1.000000
0.000000	-47.758480	822.764771	1.000000
0.000000	231.087524	93.617325	1.000000
0.000000	-207117.828125	-53336.582031	1.000000
0.000000	415.506317	-58.843719	1.000000
0.000000	10387.760742	35376.144531	1.000000
0.000000	-3929.268311	11579.947266	1.000000
0.000000	410.107727	-180.826080	1.000000
0.000000	-61468.320312	-273296.843750	1.000000
0.000000	5172.063477	-8902.175781	1.000000
0.000000	4881.286133	906.897339	1.000000
0.000000	-265.983826	462.879608	1.000000
0.000000	-538.255066	-206.238388	1.000000
0.000000	-241.478073	-34.099140	1.000000
0.000000	4864.007812	2781.775635	1.000000
0.000000	8.291914	-67.933266	1.000000
0.000000	-5740.391113	-1506.553589	1.000000
0.000000	-246278.265625	-73734.218750	1.000000
0.000000	-46735.105469	-6161.594238	1.000000
0.000000	467.572601	90.556564	1.000000
0.000000	540.350647	12.156621	1.000000
0.000000	-1.855632	238.966721	1.000000
0.000000	-81.934532	-138.440994	1.000000
0.000000	47.903744	236.029907	1.000000
0.000000	-560.867004	-271.984833	1.000000
0.000000	-4080.272461	3353.879395	1.000000
0.000000	-827.505127	430.402863	1.000000
0.000000	-112.355484	-257.924927	1.000000
0.000000	-255.284027	-81.272865	1.000000
0.000000	7040.692871	6279.798828	1.000000
0.000000	-868.319519	1694.336548	1.000000
0.000000	27.446390	1348.725098	1.000000
0.000000	-3396.028076	-11650.465820	1.000000
0.000000	297.882202	-40.383804	1.000000
0.000000	-16.593664	-264.380371	1.000000
0.000000	128.328110	117.849228	1.000000
0.000000	29405522.000000	-21550876.000000	1.000000
0.000000	-552.761047	1660.747681	1.000000
0.000000	499.590424	518.815735	1.000000
0.000000	1714.114380	26244.337891	1.000000
0.000000	3262.787598	-1647.103027	1.000000
0.000000	-88.631279	-250.084351	1.000000
0.000000	159.317230	-358.982208	1.000000
0.000000	5388.111816	-2897.714355	1.000000
0.000000	401094.062500	-1051564.750000	1.000000
0.000000	40210.171875	142554.250000	1.000000
0.000000	899154304.000000	-490293056.000000	1.000000
0.000000	5119.717773	-14868.365234	1.000000
0.000000	-11819835.000000	-661313.187500	1.000000
0.000000	10609.459961	-15120.227539	1.000000
0.000000	-18.073757	-354.357880	1.000000
0.000000	-265.982422	-764.147156	1.000000
0.000000	-510.917053	922.430420	1.000000
0.000000	424341.437500	2492.639404	1.000000
0.000000	-9336.826172	10641.247070	1.000000
0.000000	-166.468964	541.248596	1.000000
0.000000	33.311398	-276.731171	1.000000
0.000000	3420.985840	-13277.844727	1.000000
0.000000	-935690816.000000	516809408.000000	1.000000
0.000000	1333545.500000	80234.734375	1.000000
0.000000	370724.937500	-121730.515625	1.000000
0.000000	282482.000000	227392.531250	1.000000
0.000000	24911.291016	-23141.980469	1.000000
0.000000	2203343.750000	933676.937500	1.000000
0.000000	-145.870224	209.827179	1.000000
0.000000	99.679703	-31.256878	1.000000
0.000000	-3174.188721	-378.248291	1.000000
0.000000	-1669.596802	1706.930298	1.000000
0.000000	93.030128	267.678833	1.000000
0.000000	15.151745	-34.602886	1.000000
0.000000	-1200.440796	1103.837280	1.000000
0.000000	901.387268	-179.851501	1.000000
0.000000	231.417038	-196.864212	1.000000
0.000000	-4355021.000000	2416277.250000	1.000000
0.000000	1094.175537	605.507507	1.000000
0.000000	-109.188156	-88053.843750	1.000000
0.000000	1711789.125000	-2028472.500000	1.000000
0.000000	809.526489	-1525.891602	1.000000
0.000000	-275.165100	-5293.931152	1.000000
0.000000	691415.187500	-227424.718750	1.000000
0.000000	12310197.000000	-6573529.500000	1.000000
0.000000	-21941.591797	-21492.746094	1.000000
0.000000	170659.703125	-24517.339844	1.000000
0.000000	32.174442	173.541016	1.000000
0.000000	273.397430	-28.720869	1.000000
0.000000	637.943054	-1784.352295	1.000000
0.000000	-137.327759	-228.621994	1.000000
0.000000	100.156326	-251.433182	1.000000
0.000000	-877.482910	1052.160278	1.000000
0.000000	-192.590805	-3116.994385	1.000000
0.000000	-53848.101562	119833.890625	1.000000
0.150810	85.349030	230.527206	1.000000
0.000000	-332.879852	21.479132	1.000000
0.000000	-151.688599	-1082.243530	1.000000
0.000000	-64630.964844	15551.644531	1.000000
0.000000	2428.352295	765.173157	1.000000
0.000000	55766.582031	149570.234375	1.000000
0.000000	-13213.022461	6609.448242	1.000000
0.000000	-41763.910156	-29797.929688	1.000000
0.000000	-8473.934570	13799.097656	1.000000
0.000000	286.384277	331.599243	1.000000
0.000000	-293.156067	154.535049	1.000000
0.000000	1536.865723	3195.008545	1.000000
0.000000	607.693726	-408.316986	1.000000
0.000000	1939.752197	140.160614	1.000000
0.000000	561.487061	-511.186584	1.000000
0.000000	13996.525391	-14213.488281	1.000000
0.000000	-277.944214	-121.244713	1.000000
0.000000	-1156.511230	1548.522583	1.000000
0.000000	211.633453	237.017624	1.000000
0.000000	-13366.674805	-2976.902588	1.000000
0.000000	-28646.253906	-61490.734375	1.000000
0.000000	1683.500732	8029.782227	1.000000
0.000000	-2547.759766	1870.316895	1.000000
0.000000	66.056839	-137.848465	1.000000
0.150810	87.719116	233.229645	1.000000
0.000000	-3842.506104	-16058.844727	1.000000
0.000000	733.543518	-36.680779	1.000000
0.000000	-8747.943359	12929.910156	1.000000
0.000000	-906.125366	-3145.326172	1.000000
0.000000	946.218567	536.568298	1.000000
0.000000	252.898697	-246.353912	1.000000
0.000000	-5681.737793	-20516.724609	1.000000
0.000000	0.019940	-286.845001	1.000000
0.000000	22524.609375	-24562.388672	1.000000
0.000000	-275.219208	-148.876572	1.000000
0.000000	-3300464.250000	1376390.750000	1.000000
0.000000	-17976.369141	-1225.942993	1.000000
0.000000	-42.209602	543.707642	1.000000
0.000000	145.949310	-308.066498	1.000000
0.000000	6672.408691	2739.483398	1.000000
0.000000	-26169.755859	-23376.863281	1.000000
0.000000	-586712.625000	317438.281250	1.000000
0.000000	-108536.234375	249121.671875	1.000000
0.000000	38064.671875	-56191.003906	1.000000
0.000000	575.153320	-1692.198364	1.000000
0.000000	102.747017	134.090683	1.000000
0.000000	-211.238403	-462.566284	1.000000
0.000000	-377.038269	643.004761	1.000000
0.000000	4112436.000000	2116301.500000	1.000000
0.000000	129.800064	203.216660	1.000000
0.000000	-45260.277344	75923.875000	1.000000
0.000000	669.363708	1676.368896	1.000000
0.000000	4793.743652	12573.840820	1.000000
0.000000	623.164612	1647.044922	1.000000
0.000000	-44070.449219	2337.607178	1.000000
0.000000	245763.296875	-842228.687500	1.000000
0.000000	-190.231903	-124.521439	1.000000
0.000000	405.034882	-133.200195	1.000000
0.000000	-32997.097656	-139969.046875	1.000000
0.000000	-14324.151367	-13602.031250	1.000000
0.000000	-342.253174	-80.160133	1.000000
0.000000	-323548.281250	730136.875000	1.000000
0.000000	-31396.214844	-19691.621094	1.000000
0.000000	-387.583771	-1061.394897	1.000000
0.000000	136.910904	-317.211517	1.000000
0.000000	-3667.309082	-12763.531250	1.000000
0.000000	80.520844	-280.452545	1.000000
0.000000	3189.318848	3036.078613	1.000000
0.000000	9.282161	219.774033	1.000000
0.000000	799228.937500	-982912.687500	1.000000
0.000000	-340.539398	401.199280	1.000000
0.000000	-3319.486572	-2079.525635	1.000000
0.000000	-18.290447	2857.914307	1.000000
0.000000	-287.496399	269.697968	1.000000
0.000000	19873.244141	10505.335938	1.000000
0.000000	30.874006	592.958191	1.000000
0.000000	-3323.839844	-1899.897583	1.000000
0.000000	65087.214844	112621.007812	1.000000
0.000000	235.768768	184.091858	1.000000
0.000000	484892.843750	100768.984375	1.000000
0.000000	-210.478424	201.807648	1.000000
0.000000	80.774483	248.795410	1.000000
0.000000	312.166656	72.163872	1.000000
0.000000	-245.887741	-93.056183	1.000000
0.000000	-52440.019531	-3050.654541	1.000000
0.000000	11373.811523	1340.128296	1.000000
0.000000	-89.694626	-139.808960	1.000000
0.000000	-22.941046	1785.974854	1.000000
0.000000	-7870.644043	-93101.421875	1.000000
0.000000	-539.026367	1146.904541	1.000000
0.000000	-12.579259	265.516113	1.000000
0.000000	283.767242	-62.342949	1.000000
0.000000	53.560696	293.598328	1.000000
0.000000	-42859.988281	-77750.195312	1.000000
0.000000	339.643463	-1059.970947	1.000000
0.000000	-40.139870	283.231750	1.000000
0.000000	-65.294151	-234.753510	1.000000
0.000000	-454.669922	663.328979	1.000000
0.000000	358.858978	100.341095	1.000000
0.000000	204.819550	952.632446	1.000000
0.000000	-157.228271	116.930290	1.000000
0.000000	201.720978	485.957245	1.000000
0.000000	-10947.000977	558.559021	1.000000
0.000000	28171368.000000	16549397.000000	1.000000
0.000000	270.879181	-597.559326	1.000000
0.000000	-32795.328125	266805.000000	1.000000
0.000000	-176.920654	6.591127	1.000000
0.000000	1438.868408	2703.772461	1.000000
0.000000	4594.646973	10666.852539	1.000000
0.000000	-48579.710938	-126250.796875	1.000000
0.000000	102.270874	-489.022308	1.000000
0.000000	1929694.125000	165195.921875	1.000000
0.000000	-180162.265625	-177937.812500	1.000000
0.000000	-70167.617188	13768.754883	1.000000
0.000000	231.635757	-75.070404	1.000000
0.000000	-131093.031250	14909.402344	1.000000
0.000000	-1022.627625	209.697449	1.000000
0.000000	-1292.030151	1044.108276	1.000000
0.000000	-1172.294678	1115.532104	1.000000
0.000000	49247.019531	57503.718750	1.000000
0.000000	83919.398438	3715.907471	1.000000
0.000000	1004.575867	-419.680664	1.000000
0.000000	-304.653290	-248.363815	1.000000
0.000000	-1589278.625000	-1200867.375000	1.000000
0.000000	-215.940140	128.349899	1.000000
0.000000	2590553.750000	19314.566406	1.000000
0.000000	115.557404	-129.570938	1.000000
0.000000	-10414.972656	13147.021484	1.000000
0.000000	1826645.375000	135423.796875	1.000000
0.000000	-1571.499390	735.210693	1.000000
0.000000	212.920868	36.569736	1.000000
0.000000	301.434082	-1.013899	1.000000
0.000000	496.187195	997.515564	1.000000
0.000000	-10577.452148	7373.595215	1.000000
0.000000	-313.571045	148.874786	1.000000
0.000000	27331.576172	25836.183594	1.000000
0.000000	30.000387	252.887497	1.000000
0.000000	270.303314	437.756317	1.000000
0.000000	13.615494	-9068.267578	1.000000
0.000000	-5540.960449	9772.216797	1.000000
0.000000	459114.656250	25628.343750	1.000000
0.000000	-958.541687	1078.849121	1.000000
0.000000	2127.972656	-5296.647949	1.000000
0.000000	3485.884277	-2028.643311	1.000000
0.000000	107.166702	20.866192	1.000000
0.000000	171.511810	147.888733	1.000000
0.000000	992.686890	-684.151855	1.000000
0.000000	1200.595825	11791.752930	1.000000
0.000000	18100.933594	-23773.376953	1.000000
0.000000	258.139984	-12.205547	1.000000
0.000000	-16.775623	-146.831146	1.000000
0.000000	1198.648682	1140.052490	1.000000
0.000000	348.606384	-44.065807	1.000000
0.000000	96.771629	109.575661	1.000000
0.000000	-1495.644043	113.451195	1.000000
0.000000	75254.328125	-7415.380859	1.000000
0.000000	64.869530	341.650940	1.000000
0.000000	-273.565063	-720.712036	1.000000
0.000000	1182.696045	-9663.738281	1.000000
0.000000	228.311920	242.650330	1.000000
0.000000	188.263367	177.458969	1.000000
0.000000	-3892.260986	-4662.609863	1.000000
0.000000	449.490326	221.870224	1.000000
0.000000	-1976.517700	-2929.447510	1.000000
0.000000	-21.638924	212.512772	1.000000
0.000000	22233.468750	39025.000000	1.000000
0.000000	283.996307	-24.115023	1.000000
0.000000	818.463196	-550.960510	1.000000
0.000000	1195.156982	666.853943	1.000000
0.000000	-316.981110	567.479736	1.000000
0.000000	99.424950	-263.280975	1.000000
0.000000	9550.084961	4901.691895	1.000000
0.000000	-92710.000000	-330172.406250	1.000000
0.000000	7918.571777	16946.531250	1.000000
0.000000	167.484070	-133.851944	1.000000
0.000000	3377.126221	-976.812744	1.000000
0.000000	-423389.250000	-81896.531250	1.000000
0.000000	-44105600.000000	-10494824.000000	1.000000
0.000000	5992.858398	-4644.652832	1.000000
0.000000	-262.408905	93.311539	1.000000
0.000000	966.644775	-1727.585815	1.000000
0.000000	5906.208008	398.781494	1.000000
0.000000	-198.131668	-74.230919	1.000000
0.000000	-415.378235	1019.963745	1.000000
0.000000	-18790.564453	137.390182	1.000000
0.000000	-559.832336	-155.089188	1.000000
0.000000	290.821259	-278.862030	1.000000
0.000000	14482.388672	-11065.823242	1.000000
