0.000000	31442.992188	455864.375000	1.000000
0.000000	215026.687500	175335.328125	1.000000
0.000000	1200.475830	-12871.760742	1.000000
0.000000	-426.896057	647.308167	1.000000
0.000000	16881.232422	27297.796875	1.000000
0.000000	-13601.743164	733.308533	1.000000
0.000000	-598.122009	-2496.346436	1.000000
0.000000	-595393.062500	1523932.125000	1.000000
0.000000	3622.175537	-2121.118164	1.000000
0.000000	9292453.000000	3386659.750000	1.000000
0.000000	78697400.000000	19959642.000000	1.000000
0.000000	-369.229736	-210.440430	1.000000
0.000000	-341.036438	182.239990	1.000000
0.000000	88.989494	-340.908844	1.000000
0.000000	-73337376.000000	-31090268.000000	1.000000
0.000000	819.734680	-4471.245605	1.000000
0.000000	397.434570	-503.411499	1.000000
0.000000	-6220.745605	7889.482422	1.000000
0.000000	-987.085388	119.409515	1.000000
0.000000	-336.834381	378.636383	1.000000
0.000000	942.746399	8104.577148	1.000000
0.000000	10333.632812	85083.664062	1.000000
0.000000	-66.526176	917.964966	1.000000
0.000000	303.475555	28.080894	1.000000
0.000000	-207057.203125	-53404.785156	1.000000
0.000000	512.186707	-51.250793	1.000000
0.000000	10385.866211	35277.628906	1.000000
0.000000	-4024.468506	11561.001953	1.000000
0.000000	494.888000	-227.952545	1.000000
0.000000	-61369.804688	-273296.843750	1.000000
0.000000	5114.280273	-8824.500000	1.000000
0.000000	4975.065430	930.815796	1.000000
0.000000	-355.441223	500.415009	1.000000
0.000000	-609.181580	-140.137009	1.000000
0.000000	-317.264984	-94.609390	1.000000
0.000000	4952.103516	2822.034424	1.000000
0.000000	-81.919838	-103.588936	1.000000
0.000000	-5815.225098	-1567.889038	1.000000
0.000000	-246247.953125	-73825.156250	1.000000
0.000000	-46659.324219	-6220.324707	1.000000
0.000000	542.371399	152.315414	1.000000
0.000000	596.357727	-67.007462	1.000000
0.000000	-2.726580	335.948242	1.000000
0.000000	-124.581139	-223.722458	1.000000
0.000000	59.959179	332.289642	1.000000
0.000000	-597.455139	-182.147873	1.000000
0.000000	-4000.702148	3298.464355	1.000000
0.000000	-882.564941	510.269196	1.000000
0.000000	-133.698563	-352.533081	1.000000
0.000000	-350.188416	-101.224648	1.000000
0.000000	7137.313965	6269.378906	1.000000
0.000000	-921.247986	1613.108521	1.000000
0.000000	-27.684540	1268.917969	1.000000
0.000000	-3452.390381	-11570.895508	1.000000
0.000000	389.248108	-7.945967	1.000000
0.000000	-14.195898	-361.356689	1.000000
0.000000	225.274826	114.489395	1.000000
0.000000	29405522.000000	-21550876.000000	1.000000
0.000000	-630.910461	1718.057251	1.000000
0.000000	435.709198	591.873596	1.000000
0.000000	1664.146118	26160.978516	1.000000
0.000000	3299.730957	-1736.856445	1.000000
0.000000	-139.665222	-332.557800	1.000000
0.000000	211.653656	-440.624664	1.000000
0.000000	5328.434082	-2973.969238	1.000000
0.000000	401154.687500	-1051564.750000	1.000000
0.000000	40126.812500	142493.625000	1.000000
0.000000	899154304.000000	-490293056.000000	1.000000
0.000000	5057.198242	-14942.251953	1.000000
0.000000	-11819835.000000	-661191.937500	1.000000
0.000000	10658.717773	-15036.868164	1.000000
0.000000	-46.728542	-447.012299	1.000000
0.000000	-339.217896	-827.732361	1.000000
0.000000	-413.999939	919.114990	1.000000
0.000000	424220.187500	2468.484131	1.000000
0.000000	-9431.552734	10618.512695	1.000000
0.000000	-260.631622	517.922180	1.000000
0.000000	24.815609	-373.352264	1.000000
0.000000	3430.458496	-13374.465820	1.000000
0.000000	-935690816.000000	516809408.000000	1.000000
0.000000	1333545.500000	80325.671875	1.000000
0.000000	370846.187500	-121745.671875	1.000000
0.000000	282360.750000	227422.843750	1.000000
0.000000	24824.142578	-23096.511719	1.000000
0.000000	2203343.750000	933555.687500	1.000000
0.000000	-196.963364	292.281921	1.000000
0.000000	5.013186	-52.407673	1.000000
0.000000	-3113.563721	-302.467041	1.000000
0.000000	-1680.963989	1803.314575	1.000000
0.000000	137.758820	353.761597	1.000000
0.000000	-9.769453	-128.350250	1.000000
0.000000	-1293.983276	1078.261108	1.000000
0.000000	983.325745	-231.803101	1.000000
0.000000	252.996933	-102.285660	1.000000
0.000000	-4355021.000000	2416277.250000	1.000000
0.000000	1178.008545	654.173279	1.000000
0.000000	-204.121933	-88069.000000	1.000000
0.000000	1711789.125000	-2028472.500000	1.000000
0.000000	827.642944	-1430.691406	1.000000
0.000000	-195.417175	-5348.872559	1.000000
0.000000	691415.187500	-227515.656250	1.000000
0.000000	12310197.000000	-6573529.500000	1.000000
0.000000	-21964.326172	-21587.472656	1.000000
0.000000	170750.640625	-24574.175781	1.000000
0.000000	-9.852364	257.293854	1.000000
0.000000	366.229462	-56.924652	1.000000
0.000000	544.045349	-1808.507568	1.000000
0.000000	-201.149780	-301.679840	1.000000
0.000000	135.459900	-341.778656	1.000000
0.000000	-905.308838	1144.992310	1.000000
0.000000	-286.626892	-3093.312744	1.000000
0.000000	-53946.617188	119833.890625	1.000000
0.000000	116.619629	319.934448	1.000000
0.000000	-426.718353	46.050419	1.000000
0.000000	-58.401936	-1055.720093	1.000000
0.000000	-64547.605469	15498.597656	1.000000
0.000000	2457.243896	857.768372	1.000000
0.000000	55842.363281	149630.859375	1.000000
0.000000	-13305.854492	6579.135742	1.000000
0.000000	-41839.691406	-29741.093750	1.000000
0.000000	-8394.364258	13854.039062	1.000000
0.000000	374.006348	373.160522	1.000000
0.000000	-364.615417	220.162796	1.000000
0.000000	1606.726562	3127.752686	1.000000
0.000000	701.354614	-433.597137	1.000000
0.000000	1877.469482	65.817482	1.000000
0.000000	580.432373	-606.268860	1.000000
0.000000	13975.685547	-14308.214844	1.000000
0.000000	-360.652344	-171.895798	1.000000
0.000000	-1193.217773	1458.769165	1.000000
0.000000	280.961456	304.865509	1.000000
0.000000	-13271.948242	-2998.216064	1.000000
0.000000	-28706.878906	-61566.515625	1.000000
0.000000	1736.547607	8111.247070	1.000000
0.000000	-2488.555664	1793.588379	1.000000
0.000000	154.814117	-176.982376	1.000000
0.000000	26.580406	161.812775	1.000000
0.000000	-3780.933838	-15983.063477	1.000000
0.000000	826.730774	-9.612328	1.000000
0.000000	-8844.564453	12937.488281	1.000000
0.000000	-876.878540	-3237.684570	1.000000
0.000000	935.680237	632.952576	1.000000
0.000000	347.684479	-266.943054	1.000000
0.000000	-5586.063965	-20501.568359	1.000000
0.000000	5.122588	-383.702911	1.000000
0.000000	22498.085938	-24657.115234	1.000000
0.000000	-340.639740	-220.513535	1.000000
0.000000	-3300464.250000	1376390.750000	1.000000
0.000000	-18010.470703	-1316.406860	1.000000
0.000000	-83.005180	631.684937	1.000000
0.000000	178.274750	-399.536835	1.000000
0.000000	6703.668457	2647.598633	1.000000
0.000000	-26078.818359	-23346.550781	1.000000
0.000000	-586712.625000	317498.906250	1.000000
0.000000	-108536.234375	249030.734375	1.000000
0.000000	37966.156250	-56191.003906	1.000000
0.000000	637.909668	-1766.085083	1.000000
0.000000	149.340652	219.166977	1.000000
0.000000	-233.410339	-368.135742	1.000000
0.000000	-403.502502	736.310425	1.000000
0.000000	4112436.000000	2116301.500000	1.000000
0.000000	224.881851	222.369186	1.000000
0.000000	-45298.167969	76014.812500	1.000000
0.000000	756.867371	1718.285400	1.000000
0.000000	4887.522949	12549.211914	1.000000
0.000000	613.573547	1550.423828	1.000000
0.000000	-44138.652344	2408.652100	1.000000
0.000000	245672.359375	-842228.687500	1.000000
0.000000	-277.972382	-165.847153	1.000000
0.000000	501.774384	-125.715401	1.000000
0.000000	-32959.207031	-140059.984375	1.000000
0.000000	-14356.358398	-13511.093750	1.000000
0.000000	-439.111084	-85.074074	1.000000
0.000000	-323669.531250	730136.875000	1.000000
0.000000	-31312.855469	-19642.363281	1.000000
0.000000	-475.265045	-1102.837769	1.000000
0.000000	163.108719	-410.576385	1.000000
0.000000	-3574.477051	-12791.949219	1.000000
0.000000	108.568787	-373.284576	1.000000
0.000000	3218.210449	2943.720215	1.000000
0.000000	55.472778	138.123581	1.000000
0.000000	799107.687500	-982912.687500	1.000000
0.000000	-436.213226	417.362000	1.000000
0.000000	-3226.654541	-2106.996338	1.000000
0.000000	-38.673946	2952.640869	1.000000
0.000000	-355.936340	338.433929	1.000000
0.000000	19823.986328	10588.695312	1.000000
0.000000	126.476395	576.617859	1.000000
0.000000	-3416.198242	-1930.210083	1.000000
0.000000	65117.527344	112711.945312	1.000000
0.000000	307.287323	249.601196	1.000000
0.000000	484892.843750	100859.921875	1.000000
0.000000	-280.635284	268.791443	1.000000
0.000000	79.545998	345.773926	1.000000
0.000000	328.803009	167.719299	1.000000
0.000000	-342.686462	-99.228210	1.000000
0.000000	-52402.128906	-2962.558838	1.000000
0.000000	11424.963867	1422.540405	1.000000
0.000000	-64.393333	-234.452667	1.000000
0.000000	33.698956	1707.114990	1.000000
0.000000	-7875.380371	-93192.359375	1.000000
0.000000	-597.164795	1069.228760	1.000000
0.000000	-76.661766	338.337158	1.000000
0.000000	376.480865	-90.864525	1.000000
0.000000	58.874264	390.456238	1.000000
0.000000	-42935.769531	-77689.570312	1.000000
0.000000	263.803009	-1120.595947	1.000000
0.000000	10.348843	366.058289	1.000000
0.000000	-108.705559	-148.019501	1.000000
0.000000	-463.550537	759.950073	1.000000
0.000000	426.647675	30.957413	1.000000
0.000000	227.879547	1046.885376	1.000000
0.000000	-202.608215	202.657822	1.000000
0.000000	279.849823	543.412048	1.000000
0.000000	-11043.622070	551.454529	1.000000
0.000000	28171368.000000	16549397.000000	1.000000
0.000000	336.299713	-669.196289	1.000000
0.000000	-32757.437500	266744.375000	1.000000
0.000000	-273.896973	4.126757	1.000000
0.000000	1519.622803	2650.251953	1.000000
0.000000	4499.920410	10689.586914	1.000000
0.000000	-48481.195312	-126250.796875	1.000000
0.000000	17.109852	-535.438354	1.000000
0.000000	1929694.125000	165256.546875	1.000000
0.000000	-180071.328125	-177937.812500	1.000000
0.000000	-70243.398438	13713.813477	1.000000
0.000000	289.951813	-152.578674	1.000000
0.000000	-131123.343750	15002.234375	1.000000
0.000000	-1109.067505	253.567688	1.000000
0.000000	-1352.891968	968.650757	1.000000
0.000000	-1197.397217	1209.311401	1.000000
0.000000	49269.753906	57594.656250	1.000000
0.000000	83843.617188	3657.650635	1.000000
0.000000	1096.959106	-390.197021	1.000000
0.000000	-390.854462	-292.821014	1.000000
0.000000	-1589278.625000	-1200867.375000	1.000000
0.000000	-309.541809	153.837265	1.000000
0.000000	2590553.750000	19401.714844	1.000000
0.000000	149.250000	-220.538040	1.000000
0.000000	-10471.808594	13226.591797	1.000000
0.000000	1826645.375000	135363.171875	1.000000
0.000000	-1560.369019	831.594971	1.000000
0.000000	306.482513	58.095886	1.000000
0.000000	380.338074	-50.098953	1.000000
0.000000	418.748230	939.140320	1.000000
0.000000	-10643.760742	7444.640137	1.000000
0.000000	-408.652832	168.086517	1.000000
0.000000	27335.365234	25934.699219	1.000000
0.000000	100.808388	319.196075	1.000000
0.000000	274.684418	534.659607	1.000000
0.000000	-80.747002	-9045.533203	1.000000
0.000000	-5637.581543	9774.111328	1.000000
0.000000	459175.281250	25556.351562	1.000000
0.000000	-1049.479248	1112.477051	1.000000
0.000000	2206.122070	-5238.864746	1.000000
0.000000	3487.778809	-2125.738037	1.000000
0.000000	160.219391	102.068039	1.000000
0.000000	254.456757	198.153015	1.000000
0.000000	950.888794	-771.655518	1.000000
0.000000	1211.726196	11695.131836	1.000000
0.000000	18006.207031	-23792.322266	1.000000
0.000000	354.879486	-19.257240	1.000000
0.000000	-11.342061	-243.689056	1.000000
0.000000	1118.131104	1194.046631	1.000000
0.000000	445.582703	-46.544979	1.000000
0.000000	112.327507	205.311539	1.000000
0.000000	-1403.285645	143.030914	1.000000
0.000000	75345.265625	-7404.960938	1.000000
0.000000	90.697319	435.134216	1.000000
0.000000	-176.564499	-720.712036	1.000000
0.000000	1176.538818	-9567.117188	1.000000
0.000000	286.969208	319.911682	1.000000
0.000000	262.241394	240.185715	1.000000
0.000000	-3847.739502	-4576.408691	1.000000
0.000000	545.164185	237.677719	1.000000
0.000000	-2054.410645	-2987.230713	1.000000
0.000000	19.242886	300.490051	1.000000
0.000000	22248.625000	39123.515625	1.000000
0.000000	380.972626	-23.796801	1.000000
0.000000	915.439514	-549.302795	1.000000
0.000000	1278.989990	715.638123	1.000000
0.000000	-321.006989	664.337646	1.000000
0.000000	160.612381	-338.529388	1.000000
0.000000	9599.342773	4818.332520	1.000000
0.000000	-92664.531250	-330233.031250	1.000000
0.000000	8015.192871	16950.320312	1.000000
0.000000	230.062805	-207.975479	1.000000
0.000000	3408.859619	-885.046387	1.000000
0.000000	-423328.625000	-81972.312500	1.000000
0.000000	-44105600.000000	-10494824.000000	1.000000
0.000000	6036.432617	-4558.451660	1.000000
0.000000	-299.233856	183.059235	1.000000
0.000000	1051.661865	-1680.932983	1.000000
0.000000	5830.426758	338.511719	1.000000
0.000000	-288.181091	-110.301018	1.000000
0.000000	-512.236145	1015.227417	1.000000
0.000000	-18775.408203	41.615929	1.000000
0.000000	-656.808655	-157.782974	1.000000
0.000000	301.892426	-375.246307	1.000000
0.000000	14571.431641	-11027.932617	1.000000
