0.000000	31417.425781	455888.437500	1.000000
0.000000	215038.718750	175371.421875	1.000000
0.000000	1206.209473	-12910.110352	1.000000
0.000000	-388.405457	646.744202	1.000000
0.000000	16878.224609	27258.695312	1.000000
0.000000	-13564.145508	724.614075	1.000000
0.000000	-563.579163	-2513.265381	1.000000
0.000000	-595441.187500	1523932.125000	1.000000
0.000000	3641.914307	-2088.032227	1.000000
0.000000	9292453.000000	3386659.750000	1.000000
0.000000	78697400.000000	19959642.000000	1.000000
0.000000	-406.380920	-220.521301	1.000000
0.000000	-359.271301	216.148376	1.000000
0.000000	87.573708	-379.375946	1.000000
0.000000	-73337376.000000	-31090268.000000	1.000000
0.000000	853.243591	-4452.446777	1.000000
0.000000	406.458008	-540.826538	1.000000
0.000000	-6240.672363	7922.568359	1.000000
0.000000	-986.991394	80.907166	1.000000
0.000000	-350.040558	414.800629	1.000000
0.000000	951.017883	8142.174805	1.000000
0.000000	10368.222656	85101.710938	1.000000
0.000000	-73.975212	955.750610	1.000000
0.000000	331.814789	2.022417	1.000000
0.000000	-207033.140625	-53431.855469	1.000000
0.000000	550.583313	-48.237106	1.000000
0.000000	10385.114258	35238.527344	1.000000
0.000000	-4062.254150	11553.482422	1.000000
0.000000	528.537903	-246.657379	1.000000
0.000000	-61330.703125	-273296.843750	1.000000
0.000000	5091.345703	-8793.669922	1.000000
0.000000	5012.287109	940.309204	1.000000
0.000000	-390.947510	515.313049	1.000000
0.000000	-637.332825	-113.900894	1.000000
0.000000	-347.343109	-118.624893	1.000000
0.000000	4987.069336	2838.013428	1.000000
0.000000	-117.725731	-117.740929	1.000000
0.000000	-5844.927246	-1592.233521	1.000000
0.000000	-246235.921875	-73861.250000	1.000000
0.000000	-46629.246094	-6243.635254	1.000000
0.000000	572.073547	176.824387	1.000000
0.000000	618.587341	-98.430878	1.000000
0.000000	-3.072265	374.438843	1.000000
0.000000	-141.924210	-258.089783	1.000000
0.000000	64.744522	370.498260	1.000000
0.000000	-611.977234	-146.488846	1.000000
0.000000	-3969.120117	3276.469727	1.000000
0.000000	-904.418579	541.990906	1.000000
0.000000	-142.169785	-390.083740	1.000000
0.000000	-387.856567	-109.143654	1.000000
0.000000	7175.663574	6265.243164	1.000000
0.000000	-942.255676	1580.868530	1.000000
0.000000	-49.567261	1237.241943	1.000000
0.000000	-3474.760986	-11539.313477	1.000000
0.000000	424.801392	6.818728	1.000000
0.000000	-13.244207	-399.847290	1.000000
0.000000	263.751312	113.155853	1.000000
0.000000	29405522.000000	-21550876.000000	1.000000
0.000000	-661.928528	1740.803833	1.000000
0.000000	410.354279	620.870789	1.000000
0.000000	1644.313354	26127.892578	1.000000
0.000000	3314.394043	-1772.480225	1.000000
0.000000	-159.920959	-365.291260	1.000000
0.000000	232.426361	-473.029144	1.000000
0.000000	5304.747559	-3004.235352	1.000000
0.000000	401178.750000	-1051564.750000	1.000000
0.000000	40093.726562	142469.562500	1.000000
0.000000	899154304.000000	-490293056.000000	1.000000
0.000000	5032.383789	-14971.578125	1.000000
0.000000	-11819835.000000	-661143.812500	1.000000
0.000000	10678.268555	-15003.782227	1.000000
0.000000	-58.101833	-483.787506	1.000000
0.000000	-368.285583	-852.969788	1.000000
0.000000	-375.532837	917.799072	1.000000
0.000000	424172.062500	2458.896729	1.000000
0.000000	-9469.150391	10609.489258	1.000000
0.000000	-297.994293	508.663757	1.000000
0.000000	21.443569	-411.701874	1.000000
0.000000	3434.218262	-13412.815430	1.000000
0.000000	-935690816.000000	516809408.000000	1.000000
0.000000	1333545.500000	80361.765625	1.000000
0.000000	370894.312500	-121751.687500	1.000000
0.000000	282312.625000	227434.875000	1.000000
0.000000	24789.552734	-23078.464844	1.000000
0.000000	2203343.750000	933507.562500	1.000000
0.000000	-217.242599	325.015381	1.000000
0.000000	-32.559933	-60.802525	1.000000
0.000000	-3089.501221	-272.388916	1.000000
0.000000	-1685.475708	1841.570190	1.000000
0.000000	155.511963	387.928467	1.000000
0.000000	-19.660868	-165.560181	1.000000
0.000000	-1331.110962	1068.109741	1.000000
0.000000	1015.847717	-252.423065	1.000000
0.000000	261.554504	-64.746750	1.000000
0.000000	-4355021.000000	2416277.250000	1.000000
0.000000	1211.282471	673.489075	1.000000
0.000000	-241.801834	-88075.015625	1.000000
0.000000	1711789.125000	-2028472.500000	1.000000
0.000000	834.833496	-1392.905762	1.000000
0.000000	-163.764648	-5370.679199	1.000000
0.000000	691415.187500	-227551.750000	1.000000
0.000000	12310197.000000	-6573529.500000	1.000000
0.000000	-21973.349609	-21625.070312	1.000000
0.000000	170786.734375	-24596.734375	1.000000
0.000000	-26.420300	292.048187	1.000000
0.000000	403.075165	-68.119850	1.000000
0.000000	506.776672	-1818.094971	1.000000
0.000000	-226.481201	-330.677032	1.000000
0.000000	149.476776	-377.637421	1.000000
0.000000	-916.353149	1181.838013	1.000000
0.000000	-323.942566	-3083.913330	1.000000
0.000000	-53985.718750	119833.890625	1.000000
0.000000	130.230194	355.957703	1.000000
0.000000	-463.963531	55.802311	1.000000
0.000000	-21.377056	-1045.192749	1.000000
0.000000	-64514.519531	15477.542969	1.000000
0.000000	2468.711182	894.520081	1.000000
0.000000	55872.441406	149654.921875	1.000000
0.000000	-13342.700195	6567.104492	1.000000
0.000000	-41869.769531	-29718.535156	1.000000
0.000000	-8362.782227	13875.845703	1.000000
0.000000	408.784180	389.656494	1.000000
0.000000	-392.978149	246.210922	1.000000
0.000000	1634.454834	3101.058350	1.000000
0.000000	738.529297	-443.631012	1.000000
0.000000	1852.749023	36.309196	1.000000
0.000000	587.951904	-644.007507	1.000000
0.000000	13967.414062	-14345.812500	1.000000
0.000000	-393.479797	-191.998795	1.000000
0.000000	-1207.786865	1423.145386	1.000000
0.000000	308.478241	331.794830	1.000000
0.000000	-13234.350586	-3006.675537	1.000000
0.000000	-28730.941406	-61596.593750	1.000000
0.000000	1757.602295	8143.581055	1.000000
0.000000	-2465.057129	1763.134277	1.000000
0.000000	190.038422	-192.514908	1.000000
0.000000	1.115337	132.933075	1.000000
0.000000	-3756.495361	-15952.985352	1.000000
0.000000	863.717468	1.131398	1.000000
0.000000	-8882.914062	12940.496094	1.000000
0.000000	-865.270264	-3274.342285	1.000000
0.000000	931.497498	671.208191	1.000000
0.000000	385.305634	-275.120544	1.000000
0.000000	-5548.090332	-20495.552734	1.000000
0.000000	7.147868	-422.146515	1.000000
0.000000	22487.558594	-24694.712891	1.000000
0.000000	-366.605621	-248.946762	1.000000
0.000000	-3300464.250000	1376390.750000	1.000000
0.000000	-18024.005859	-1352.312622	1.000000
0.000000	-99.195671	666.603760	1.000000
0.000000	191.104950	-435.842072	1.000000
0.000000	6716.075684	2611.128906	1.000000
0.000000	-26042.724609	-23334.519531	1.000000
0.000000	-586712.625000	317522.968750	1.000000
0.000000	-108536.234375	248994.640625	1.000000
0.000000	37927.054688	-56191.003906	1.000000
0.000000	662.818115	-1795.411255	1.000000
0.000000	167.834000	252.934372	1.000000
0.000000	-242.210541	-330.655579	1.000000
0.000000	-414.006348	773.344116	1.000000
0.000000	4112436.000000	2116301.500000	1.000000
0.000000	262.620514	229.970963	1.000000
0.000000	-45313.207031	76050.906250	1.000000
0.000000	791.598206	1734.922363	1.000000
0.000000	4924.744629	12539.436523	1.000000
0.000000	609.766785	1512.074219	1.000000
0.000000	-44165.722656	2436.850342	1.000000
0.000000	245636.265625	-842228.687500	1.000000
0.000000	-312.797211	-182.249130	1.000000
0.000000	540.170959	-122.748711	1.000000
0.000000	-32944.167969	-140096.078125	1.000000
0.000000	-14369.141602	-13475.000000	1.000000
0.000000	-477.554688	-87.024452	1.000000
0.000000	-323717.656250	730136.875000	1.000000
0.000000	-31279.769531	-19622.812500	1.000000
0.000000	-510.066376	-1119.286743	1.000000
0.000000	173.506821	-447.633575	1.000000
0.000000	-3537.631348	-12803.228516	1.000000
0.000000	119.701218	-410.130280	1.000000
0.000000	3229.677734	2907.062500	1.000000
0.000000	73.694519	104.207573	1.000000
0.000000	799059.562500	-982912.687500	1.000000
0.000000	-474.186859	423.777100	1.000000
0.000000	-3189.808838	-2117.899658	1.000000
0.000000	-46.763317	2990.238525	1.000000
0.000000	-383.100647	365.715729	1.000000
0.000000	19804.435547	10621.781250	1.000000
0.000000	164.426300	570.132263	1.000000
0.000000	-3452.855957	-1942.241333	1.000000
0.000000	65129.558594	112748.039062	1.000000
0.000000	335.673553	275.611176	1.000000
0.000000	484892.843750	100896.015625	1.000000
0.000000	-308.481049	295.368286	1.000000
0.000000	79.058403	384.264526	1.000000
0.000000	335.406097	205.645935	1.000000
0.000000	-381.106567	-101.677933	1.000000
0.000000	-52387.089844	-2927.593018	1.000000
0.000000	11445.266602	1455.250366	1.000000
0.000000	-53.930611	-271.503021	1.000000
0.000000	56.181179	1675.814941	1.000000
0.000000	-7877.260254	-93228.453125	1.000000
0.000000	-620.240356	1038.398682	1.000000
0.000000	-102.098930	367.240356	1.000000
0.000000	413.279572	-102.184944	1.000000
0.000000	60.983257	428.899841	1.000000
0.000000	-42965.847656	-77665.507812	1.000000
0.000000	233.710098	-1144.658447	1.000000
0.000000	30.388479	398.932739	1.000000
0.000000	-125.935860	-113.591682	1.000000
0.000000	-467.075317	798.299683	1.000000
0.000000	453.553497	3.419731	1.000000
0.000000	237.032227	1084.295044	1.000000
0.000000	-220.619843	236.683701	1.000000
0.000000	310.867889	566.205627	1.000000
0.000000	-11081.971680	548.634705	1.000000
0.000000	28171368.000000	16549397.000000	1.000000
0.000000	362.265594	-697.629517	1.000000
0.000000	-32742.398438	266720.312500	1.000000
0.000000	-312.387573	3.148470	1.000000
0.000000	1551.674805	2629.009277	1.000000
0.000000	4462.322754	10698.610352	1.000000
0.000000	-48442.093750	-126250.796875	1.000000
0.000000	-16.690416	-553.861206	1.000000
0.000000	1929694.125000	165280.609375	1.000000
0.000000	-180035.234375	-177937.812500	1.000000
0.000000	-70273.476562	13692.006836	1.000000
0.000000	313.097870	-183.338257	1.000000
0.000000	-131135.375000	15039.080078	1.000000
0.000000	-1143.375366	270.980103	1.000000
0.000000	-1377.048462	938.713623	1.000000
0.000000	-1207.360596	1246.533081	1.000000
0.000000	49278.777344	57630.750000	1.000000
0.000000	83813.539062	3634.528076	1.000000
0.000000	1133.616821	-378.494751	1.000000
0.000000	-425.068329	-310.468414	1.000000
0.000000	-1589278.625000	-1200867.375000	1.000000
0.000000	-346.692993	163.953384	1.000000
0.000000	2590553.750000	19436.304688	1.000000
0.000000	162.620667	-256.643341	1.000000
0.000000	-10494.367188	13258.173828	1.000000
0.000000	1826645.375000	135339.109375	1.000000
0.000000	-1555.951294	869.850586	1.000000
0.000000	344.009674	66.686623	1.000000
0.000000	412.366577	-71.470871	1.000000
0.000000	388.012146	915.970764	1.000000
0.000000	-10670.079102	7472.838379	1.000000
0.000000	-446.391479	175.711792	1.000000
0.000000	27336.869141	25973.800781	1.000000
0.000000	128.912628	345.514435	1.000000
0.000000	276.423309	573.103210	1.000000
0.000000	-118.197792	-9036.509766	1.000000
0.000000	-5675.931152	9774.863281	1.000000
0.000000	459199.343750	25527.777344	1.000000
0.000000	-1085.572998	1125.824219	1.000000
0.000000	2237.140137	-5215.930176	1.000000
0.000000	3488.530762	-2164.275635	1.000000
0.000000	181.274078	134.296280	1.000000
0.000000	287.378204	218.103271	1.000000
0.000000	934.298828	-806.386353	1.000000
0.000000	1216.143921	11656.782227	1.000000
0.000000	17968.609375	-23799.841797	1.000000
0.000000	393.276093	-22.056503	1.000000
0.000000	-9.185336	-282.132660	1.000000
0.000000	1086.173096	1215.477295	1.000000
0.000000	484.073303	-47.528980	1.000000
0.000000	118.501747	243.308670	1.000000
0.000000	-1366.627930	154.768433	1.000000
0.000000	75381.359375	-7400.825195	1.000000
0.000000	100.948555	472.238403	1.000000
0.000000	-138.062149	-720.712036	1.000000
0.000000	1174.094971	-9528.767578	1.000000
0.000000	310.256256	350.577271	1.000000
0.000000	291.614563	265.086700	1.000000
0.000000	-3830.068604	-4542.194824	1.000000
0.000000	583.137817	243.951828	1.000000
0.000000	-2085.240723	-3010.165283	1.000000
0.000000	35.468624	335.408875	1.000000
0.000000	22254.640625	39162.617188	1.000000
0.000000	419.463226	-23.670496	1.000000
0.000000	953.930115	-548.644836	1.000000
0.000000	1312.263916	735.000916	1.000000
0.000000	-322.604889	702.781250	1.000000
0.000000	184.898117	-368.396027	1.000000
0.000000	9618.893555	4785.246582	1.000000
0.000000	-92646.484375	-330257.093750	1.000000
0.000000	8053.542480	16951.824219	1.000000
0.000000	254.900757	-237.395645	1.000000
0.000000	3421.454834	-848.623657	1.000000
0.000000	-423304.562500	-82002.390625	1.000000
0.000000	-44105600.000000	-10494824.000000	1.000000
0.000000	6053.727539	-4524.237793	1.000000
0.000000	-313.849945	218.683014	1.000000
0.000000	1085.405762	-1662.416138	1.000000
0.000000	5800.348633	314.590210	1.000000
0.000000	-323.922363	-124.617500	1.000000
0.000000	-550.679749	1013.347534	1.000000
0.000000	-18769.392578	3.603913	1.000000
0.000000	-695.299255	-158.852158	1.000000
0.000000	306.286652	-413.501923	1.000000
0.000000	14606.773438	-11012.893555	1.000000
