0.000000	31542.269531	455770.937500	1.000000
0.000000	214979.968750	175195.171875	1.000000
0.000000	1178.211426	-12722.844727	1.000000
0.000000	-576.359558	649.498108	1.000000
0.000000	16892.912109	27449.632812	1.000000
0.000000	-13747.739258	767.070129	1.000000
0.000000	-732.255920	-2430.648193	1.000000
0.000000	-595206.187500	1523932.125000	1.000000
0.000000	3545.527588	-2249.594727	1.000000
0.000000	9292453.000000	3386659.750000	1.000000
0.000000	78697400.000000	19959642.000000	1.000000
0.000000	-224.967346	-171.295227	1.000000
0.000000	-270.228333	50.557514	1.000000
0.000000	94.487160	-191.516891	1.000000
0.000000	-73337376.000000	-31090268.000000	1.000000
0.000000	689.615662	-4544.243652	1.000000
0.000000	362.395508	-358.054138	1.000000
0.000000	-6143.367676	7761.005859	1.000000
0.000000	-987.450378	268.914703	1.000000
0.000000	-285.553253	238.206406	1.000000
0.000000	910.627258	7958.581055	1.000000
0.000000	10199.316406	85013.585938	1.000000
0.000000	-37.600704	771.238892	1.000000
0.000000	192.443115	129.153519	1.000000
0.000000	-207150.640625	-53299.667969	1.000000
0.000000	363.179352	-62.953293	1.000000
0.000000	10388.786133	35429.464844	1.000000
0.000000	-3877.742432	11590.201172	1.000000
0.000000	364.221497	-155.319489	1.000000
0.000000	-61521.640625	-273296.843750	1.000000
0.000000	5203.337891	-8944.216797	1.000000
0.000000	4830.529297	893.951782	1.000000
0.000000	-217.566162	442.564056	1.000000
0.000000	-499.856873	-242.014908	1.000000
0.000000	-200.446426	-1.347089	1.000000
0.000000	4816.327148	2759.986084	1.000000
0.000000	57.117973	-48.635094	1.000000
0.000000	-5699.888184	-1473.356567	1.000000
0.000000	-246294.671875	-73685.000000	1.000000
0.000000	-46776.121094	-6129.807129	1.000000
0.000000	427.101715	57.127232	1.000000
0.000000	510.035461	55.002819	1.000000
0.000000	-1.384243	186.463516	1.000000
0.000000	-58.279415	-91.571213	1.000000
0.000000	41.378895	183.943268	1.000000
0.000000	-541.064148	-320.594757	1.000000
0.000000	-4123.338867	3383.872070	1.000000
0.000000	-797.704712	387.176239	1.000000
0.000000	-100.803818	-206.719482	1.000000
0.000000	-203.902344	-70.474220	1.000000
0.000000	6988.397949	6285.438477	1.000000
0.000000	-839.672668	1738.300171	1.000000
0.000000	57.286552	1391.919678	1.000000
0.000000	-3365.522705	-11693.532227	1.000000
0.000000	249.400452	-60.519112	1.000000
0.000000	-17.891424	-211.893188	1.000000
0.000000	75.856956	119.667694	1.000000
0.000000	29405522.000000	-21550876.000000	1.000000
0.000000	-510.463684	1629.729614	1.000000
0.000000	534.144775	479.300629	1.000000
0.000000	1741.159058	26289.455078	1.000000
0.000000	3242.792480	-1598.525146	1.000000
0.000000	-61.009388	-205.431793	1.000000
0.000000	130.990814	-314.794281	1.000000
0.000000	5420.411621	-2856.442383	1.000000
0.000000	401061.250000	-1051564.750000	1.000000
0.000000	40255.289062	142587.062500	1.000000
0.000000	899154304.000000	-490293056.000000	1.000000
0.000000	5153.555664	-14828.375000	1.000000
0.000000	-11819835.000000	-661378.812500	1.000000
0.000000	10582.799805	-15165.344727	1.000000
0.000000	-2.564571	-304.209869	1.000000
0.000000	-226.356659	-729.732483	1.000000
0.000000	-563.403564	924.224854	1.000000
0.000000	424407.062500	2505.713135	1.000000
0.000000	-9285.556641	10653.551758	1.000000
0.000000	-115.505806	553.873718	1.000000
0.000000	37.909634	-224.436234	1.000000
0.000000	3415.858887	-13225.549805	1.000000
0.000000	-935690816.000000	516809408.000000	1.000000
0.000000	1333545.500000	80185.515625	1.000000
0.000000	370659.312500	-121722.312500	1.000000
0.000000	282547.625000	227376.125000	1.000000
0.000000	24958.458984	-23166.589844	1.000000
0.000000	2203343.750000	933742.562500	1.000000
0.000000	-118.216728	165.206665	1.000000
0.000000	150.917191	-19.807350	1.000000
0.000000	-3207.001221	-419.263916	1.000000
0.000000	-1663.444458	1654.763550	1.000000
0.000000	68.821297	221.087662	1.000000
0.000000	28.640038	16.134548	1.000000
0.000000	-1149.812134	1117.680054	1.000000
0.000000	857.039124	-151.733368	1.000000
0.000000	219.737198	-248.053635	1.000000
0.000000	-4355021.000000	2416277.250000	1.000000
0.000000	1048.802002	579.167786	1.000000
0.000000	-57.806957	-88045.640625	1.000000
0.000000	1711789.125000	-2028472.500000	1.000000
0.000000	799.721191	-1577.417480	1.000000
0.000000	-318.327637	-5264.194824	1.000000
0.000000	691415.187500	-227375.500000	1.000000
0.000000	12310197.000000	-6573529.500000	1.000000
0.000000	-21929.287109	-21441.476562	1.000000
0.000000	170610.484375	-24486.578125	1.000000
0.000000	54.769085	126.148743	1.000000
0.000000	223.163773	-13.454165	1.000000
0.000000	688.763977	-1771.278564	1.000000
0.000000	-102.784920	-189.080368	1.000000
0.000000	81.050415	-202.534866	1.000000
0.000000	-862.422485	1001.888000	1.000000
0.000000	-141.689774	-3129.811768	1.000000
0.000000	-53794.781250	119833.890625	1.000000
0.000000	68.017662	183.049484	1.000000
0.000000	-282.090973	8.179095	1.000000
0.000000	-202.173065	-1096.598999	1.000000
0.000000	-64676.082031	15580.355469	1.000000
0.000000	2412.715088	715.057190	1.000000
0.000000	55725.566406	149537.421875	1.000000
0.000000	-13162.778320	6625.854492	1.000000
0.000000	-41722.894531	-29828.691406	1.000000
0.000000	-8517.000977	13769.361328	1.000000
0.000000	238.959961	309.104736	1.000000
0.000000	-254.480240	119.014885	1.000000
0.000000	1499.054443	3231.409912	1.000000
0.000000	557.000977	-394.634430	1.000000
0.000000	1973.461914	180.391174	1.000000
0.000000	551.233154	-459.692749	1.000000
0.000000	14007.804688	-14162.218750	1.000000
0.000000	-233.179489	-93.823524	1.000000
0.000000	-1136.644287	1597.100464	1.000000
0.000000	174.110565	200.295822	1.000000
0.000000	-13417.944336	-2965.366943	1.000000
0.000000	-28613.441406	-61449.718750	1.000000
0.000000	1654.789795	7985.690430	1.000000
0.000000	-2579.803223	1911.845215	1.000000
0.000000	18.018942	-116.667747	1.000000
0.000000	121.216400	270.981567	1.000000
0.000000	-3875.831299	-16099.860352	1.000000
0.000000	683.107117	-51.332649	1.000000
0.000000	-8695.648438	12925.808594	1.000000
0.000000	-921.954834	-3095.338379	1.000000
0.000000	951.922302	484.384613	1.000000
0.000000	201.597122	-235.218811	1.000000
0.000000	-5733.520020	-20524.927734	1.000000
0.000000	-2.741800	-234.421890	1.000000
0.000000	22538.964844	-24511.119141	1.000000
0.000000	-239.818527	-110.103981	1.000000
0.000000	-3300464.250000	1376390.750000	1.000000
0.000000	-17957.912109	-1176.980591	1.000000
0.000000	-20.127657	496.091064	1.000000
0.000000	128.453583	-258.559357	1.000000
0.000000	6655.489746	2789.214844	1.000000
0.000000	-26218.974609	-23393.269531	1.000000
0.000000	-586712.625000	317405.468750	1.000000
0.000000	-108536.234375	249170.890625	1.000000
0.000000	38117.992188	-56191.003906	1.000000
0.000000	541.187256	-1652.208130	1.000000
0.000000	77.528816	88.044243	1.000000
0.000000	-199.238129	-513.674561	1.000000
0.000000	-362.714844	592.504272	1.000000
0.000000	4112436.000000	2116301.500000	1.000000
0.640613	78.442238	193.037857	1.000000
0.000000	-45239.769531	75874.656250	1.000000
0.000000	622.003479	1653.682129	1.000000
0.000000	4742.986816	12587.170898	1.000000
0.000000	628.355652	1699.339844	1.000000
0.000000	-44033.535156	2299.155029	1.000000
0.000000	245812.515625	-842228.687500	1.000000
0.000000	-142.743500	-102.147095	1.000000
0.000000	352.675873	-137.253693	1.000000
0.000000	-33017.605469	-139919.828125	1.000000
0.000000	-14306.719727	-13651.250000	1.000000
0.000000	-289.830078	-77.500526	1.000000
0.000000	-323482.656250	730136.875000	1.000000
0.000000	-31441.332031	-19718.281250	1.000000
0.000000	-340.127411	-1038.964478	1.000000
0.000000	122.728699	-266.678986	1.000000
0.000000	-3717.553223	-12748.150391	1.000000
0.000000	65.340256	-230.200180	1.000000
0.000000	3173.681641	3086.066406	1.000000
0.000000	-15.564782	266.025299	1.000000
0.000000	799294.562500	-982912.687500	1.000000
0.000000	-288.757172	392.451416	1.000000
0.000000	-3369.730713	-2064.657471	1.000000
0.000000	-7.257485	2806.644775	1.000000
0.000000	-250.454163	232.485397	1.000000
0.000000	19899.904297	10460.218750	1.000000
0.000000	-20.871704	601.802185	1.000000
0.000000	-3273.852051	-1883.491333	1.000000
0.000000	65070.808594	112571.789062	1.000000
0.000000	197.060272	148.635773	1.000000
0.000000	484892.843750	100719.765625	1.000000
0.000000	-172.506927	165.550476	1.000000
0.640613	81.335388	196.105225	1.000000
0.000000	303.162445	20.442356	1.000000
0.000000	-193.496689	-89.715652	1.000000
0.000000	-52460.527344	-3098.335205	1.000000
0.000000	11346.125977	1295.523804	1.000000
0.000000	-103.961975	-89.286308	1.000000
0.000000	-53.598030	1828.656738	1.000000
0.000000	-7868.080566	-93052.203125	1.000000
0.000000	-507.564240	1188.945557	1.000000
0.000000	22.103836	226.102661	1.000000
0.000000	233.587204	-46.906013	1.000000
0.000000	50.684795	241.175232	1.000000
0.000000	-42818.972656	-77783.007812	1.000000
0.000000	380.691132	-1027.158447	1.000000
0.000000	-67.464928	238.402954	1.000000
0.000000	-41.802071	-281.697174	1.000000
0.000000	-449.863403	611.034058	1.000000
0.000000	322.169220	137.896027	1.000000
0.000000	192.338623	901.619263	1.000000
0.000000	-132.666962	70.531364	1.000000
0.000000	159.439636	454.843048	1.000000
0.000000	-10894.706055	562.404236	1.000000
0.000000	28171368.000000	16549397.000000	1.000000
0.000000	235.480453	-558.786743	1.000000
0.000000	-32815.835938	266837.812500	1.000000
0.000000	-124.434013	7.924936	1.000000
0.000000	1395.161133	2732.739746	1.000000
0.000000	4645.916504	10654.547852	1.000000
0.000000	-48633.031250	-126250.796875	1.000000
0.000000	148.365387	-463.900238	1.000000
0.000000	1929694.125000	165163.109375	1.000000
0.000000	-180211.484375	-177937.812500	1.000000
0.000000	-70126.601562	13798.491211	1.000000
0.000000	200.072952	-33.120453	1.000000
0.000000	-131076.625000	14859.158203	1.000000
0.000000	-975.780090	185.953247	1.000000
0.000000	-1259.089478	1084.995728	1.000000
0.000000	-1158.708252	1064.775269	1.000000
0.000000	49234.714844	57454.500000	1.000000
0.000000	83960.414062	3747.438232	1.000000
0.000000	954.523987	-435.638306	1.000000
0.000000	-257.998016	-224.315201	1.000000
0.000000	-1589278.625000	-1200867.375000	1.000000
0.000000	-165.279434	114.547379	1.000000
0.000000	2590553.750000	19267.398438	1.000000
0.000000	97.316666	-80.343918	1.000000
0.000000	-10384.210938	13103.955078	1.000000
0.000000	1826645.375000	135456.609375	1.000000
0.000000	-1577.523560	683.043945	1.000000
0.000000	161.747467	24.853848	1.000000
0.000000	257.758850	28.130096	1.000000
0.000000	538.100037	1029.120728	1.000000
0.000000	-10541.563477	7335.143066	1.000000
0.000000	-262.109253	138.476685	1.000000
0.000000	27329.525391	25782.863281	1.000000
0.000000	-8.322051	216.998825	1.000000
0.000000	267.932098	385.301178	1.000000
0.000000	64.688705	-9080.572266	1.000000
0.000000	-5488.665527	9771.191406	1.000000
0.000000	459081.843750	25667.308594	1.000000
0.000000	-909.322937	1060.648438	1.000000
0.000000	2085.675293	-5327.922363	1.000000
0.000000	3484.858887	-1976.092041	1.000000
0.000000	78.447754	-23.083591	1.000000
0.000000	126.618675	120.681679	1.000000
0.000000	1015.309570	-636.791626	1.000000
0.000000	1194.571655	11844.047852	1.000000
0.000000	18152.203125	-23763.123047	1.000000
0.000000	205.780960	-8.389372	1.000000
0.000000	-19.715611	-94.413177	1.000000
0.000000	1242.227783	1110.828857	1.000000
0.000000	296.119202	-42.723988	1.000000
0.000000	88.352211	57.753380	1.000000
0.000000	-1545.631836	97.437477	1.000000
0.000000	75205.109375	-7421.020508	1.000000
0.000000	50.890572	291.054321	1.000000
0.000000	-326.052246	-720.712036	1.000000
0.000000	1186.028564	-9716.033203	1.000000
0.000000	196.572876	200.833618	1.000000
0.000000	148.225067	143.508926	1.000000
0.000000	-3916.357666	-4709.265137	1.000000
0.000000	397.708099	213.314621	1.000000
0.000000	-1934.348511	-2898.173096	1.000000
0.000000	-43.764931	164.896194	1.000000
0.000000	22225.265625	38971.679688	1.000000
0.000000	231.501648	-24.287256	1.000000
0.000000	765.976013	-551.857727	1.000000
0.000000	1149.783447	640.450134	1.000000
0.000000	-314.802155	515.056641	1.000000
0.000000	66.308037	-222.540588	1.000000
0.000000	9523.424805	4946.809082	1.000000
0.000000	-92734.609375	-330139.593750	1.000000
0.000000	7866.276855	16944.480469	1.000000
0.000000	133.614136	-93.740372	1.000000
0.000000	3359.950928	-1026.476929	1.000000
0.000000	-423422.062500	-81855.515625	1.000000
0.000000	-44105600.000000	-10494824.000000	1.000000
0.000000	5969.274414	-4691.308105	1.000000
0.000000	-242.477875	44.741665	1.000000
0.000000	920.630371	-1752.836060	1.000000
0.000000	5947.223633	431.401733	1.000000
0.000000	-149.393570	-54.710346	1.000000
0.000000	-362.955139	1022.527222	1.000000
0.000000	-18798.767578	189.220474	1.000000
0.000000	-507.345154	-153.631210	1.000000
0.000000	284.829132	-226.704285	1.000000
0.000000	14434.195312	-11086.331055	1.000000
