0.000000	31405.140625	455900.000000	1.000000
0.000000	215044.500000	175388.765625	1.000000
0.000000	1208.964600	-12928.538086	1.000000
0.000000	-369.909973	646.473206	1.000000
0.000000	16876.779297	27239.906250	1.000000
0.000000	-13546.079102	720.436218	1.000000
0.000000	-546.980652	-2521.395264	1.000000
0.000000	-595464.312500	1523932.125000	1.000000
0.000000	3651.399170	-2072.133789	1.000000
0.000000	9292453.000000	3386659.750000	1.000000
0.000000	78697400.000000	19959642.000000	1.000000
0.000000	-424.232788	-225.365356	1.000000
0.000000	-368.033508	232.442017	1.000000
0.000000	86.893394	-397.860138	1.000000
0.000000	-73337376.000000	-31090268.000000	1.000000
0.000000	869.345276	-4443.413574	1.000000
0.000000	410.793945	-558.802612	1.000000
0.000000	-6250.247559	7938.466797	1.000000
0.000000	-986.946228	62.406158	1.000000
0.000000	-356.386383	432.178253	1.000000
0.000000	954.992493	8160.241211	1.000000
0.000000	10384.843750	85110.382812	1.000000
0.000000	-77.554619	973.907349	1.000000
0.000000	345.432343	-10.499265	1.000000
0.000000	-207021.578125	-53444.863281	1.000000
0.000000	569.033630	-46.788971	1.000000
0.000000	10384.752930	35219.738281	1.000000
0.000000	-4080.410889	11549.869141	1.000000
0.000000	544.707336	-255.645416	1.000000
0.000000	-61311.914062	-273296.843750	1.000000
0.000000	5080.325195	-8778.855469	1.000000
0.000000	5030.172852	944.870972	1.000000
0.000000	-408.008972	522.471863	1.000000
0.000000	-650.860046	-101.293930	1.000000
0.000000	-361.796234	-130.164810	1.000000
0.000000	5003.871094	2845.691650	1.000000
0.000000	-134.930023	-124.541237	1.000000
0.000000	-5859.199707	-1603.931519	1.000000
0.000000	-246230.140625	-73878.593750	1.000000
0.000000	-46614.792969	-6254.836426	1.000000
0.000000	586.346008	188.601425	1.000000
0.000000	629.269104	-113.530441	1.000000
0.000000	-3.238374	392.934326	1.000000
0.000000	-150.257339	-274.609253	1.000000
0.000000	67.045166	388.858246	1.000000
0.000000	-618.955383	-129.353989	1.000000
0.000000	-3953.944336	3265.900879	1.000000
0.000000	-914.919678	557.234436	1.000000
0.000000	-146.240372	-408.127563	1.000000
0.000000	-405.956848	-112.948891	1.000000
0.000000	7194.091309	6263.255859	1.000000
0.000000	-952.350281	1565.376587	1.000000
0.000000	-60.082474	1222.020996	1.000000
0.000000	-3485.510498	-11524.137695	1.000000
0.000000	441.885437	13.913351	1.000000
0.000000	-12.786901	-418.342773	1.000000
0.000000	282.235504	112.515060	1.000000
0.000000	29405522.000000	-21550876.000000	1.000000
0.000000	-676.833313	1751.734009	1.000000
0.000000	398.170746	634.804504	1.000000
0.000000	1634.783325	26111.994141	1.000000
0.000000	3321.439941	-1789.598145	1.000000
0.000000	-169.654236	-381.020325	1.000000
0.000000	242.408051	-488.600128	1.000000
0.000000	5293.365723	-3018.778809	1.000000
0.000000	401190.312500	-1051564.750000	1.000000
0.000000	40077.828125	142458.000000	1.000000
0.000000	899154304.000000	-490293056.000000	1.000000
0.000000	5020.459961	-14985.669922	1.000000
0.000000	-11819835.000000	-661120.687500	1.000000
0.000000	10687.663086	-14987.883789	1.000000
0.000000	-63.566921	-501.458710	1.000000
0.000000	-382.253174	-865.096863	1.000000
0.000000	-357.048645	917.166748	1.000000
0.000000	424148.937500	2454.289795	1.000000
0.000000	-9487.216797	10605.153320	1.000000
0.000000	-315.947784	504.214905	1.000000
0.000000	19.823238	-430.129608	1.000000
0.000000	3436.024902	-13431.243164	1.000000
0.000000	-935690816.000000	516809408.000000	1.000000
0.000000	1333545.500000	80379.109375	1.000000
0.000000	370917.437500	-121754.578125	1.000000
0.000000	282289.500000	227440.656250	1.000000
0.000000	24772.931641	-23069.792969	1.000000
0.000000	2203343.750000	933484.437500	1.000000
0.000000	-226.987167	340.744446	1.000000
0.000000	-50.615047	-64.836418	1.000000
0.000000	-3077.938721	-257.935791	1.000000
0.000000	-1687.643677	1859.952759	1.000000
0.000000	164.042694	404.346313	1.000000
0.000000	-24.413885	-183.440277	1.000000
0.000000	-1348.951538	1063.231812	1.000000
0.000000	1031.475098	-262.327759	1.000000
0.000000	265.664612	-46.709927	1.000000
0.000000	-4355021.000000	2416277.250000	1.000000
0.000000	1227.271240	682.770691	1.000000
0.000000	-259.906555	-88077.906250	1.000000
0.000000	1711789.125000	-2028472.500000	1.000000
0.000000	838.288696	-1374.749023	1.000000
0.000000	-148.554993	-5381.157715	1.000000
0.000000	691415.187500	-227569.093750	1.000000
0.000000	12310197.000000	-6573529.500000	1.000000
0.000000	-21977.685547	-21643.136719	1.000000
0.000000	170804.078125	-24607.574219	1.000000
0.000000	-34.381725	308.748322	1.000000
0.000000	420.780243	-73.500252	1.000000
0.000000	488.868347	-1822.701904	1.000000
0.000000	-238.653442	-344.610748	1.000000
0.000000	156.212158	-394.868256	1.000000
0.000000	-921.660156	1199.543091	1.000000
0.000000	-341.873474	-3079.396729	1.000000
0.000000	-54004.507812	119833.890625	1.000000
0.000000	136.767975	373.267578	1.000000
0.000000	-481.860565	60.488285	1.000000
0.000000	-3.585677	-1040.134155	1.000000
0.000000	-64498.621094	15467.425781	1.000000
0.000000	2474.221436	912.179993	1.000000
0.000000	55886.894531	149666.484375	1.000000
0.000000	-13360.405273	6561.323242	1.000000
0.000000	-41884.222656	-29707.695312	1.000000
0.000000	-8347.606445	13886.324219	1.000000
0.000000	425.495605	397.583130	1.000000
0.000000	-406.606995	258.726318	1.000000
0.000000	1647.778809	3088.231201	1.000000
0.000000	756.392456	-448.452484	1.000000
0.000000	1840.870361	22.129890	1.000000
0.000000	591.565186	-662.141663	1.000000
0.000000	13963.439453	-14363.878906	1.000000
0.000000	-409.254028	-201.658676	1.000000
0.000000	-1214.787598	1406.027466	1.000000
0.000000	321.700592	344.734894	1.000000
0.000000	-13216.284180	-3010.740479	1.000000
0.000000	-28742.503906	-61611.046875	1.000000
0.000000	1767.719482	8159.118164	1.000000
0.000000	-2453.765625	1748.500488	1.000000
0.000000	206.964386	-199.978592	1.000000
0.000000	-11.121125	119.057640	1.000000
0.000000	-3744.752197	-15938.532227	1.000000
0.000000	881.490295	6.293951	1.000000
0.000000	-8901.341797	12941.941406	1.000000
0.000000	-859.692261	-3291.957031	1.000000
0.000000	929.487610	689.590759	1.000000
0.000000	403.383331	-279.049988	1.000000
0.000000	-5529.843262	-20492.662109	1.000000
0.000000	8.121054	-440.619415	1.000000
0.000000	22482.500000	-24712.779297	1.000000
0.000000	-379.082733	-262.609497	1.000000
0.000000	-3300464.250000	1376390.750000	1.000000
0.000000	-18030.509766	-1369.566040	1.000000
0.000000	-106.975517	683.382935	1.000000
0.000000	197.270111	-453.287445	1.000000
0.000000	6722.037598	2593.604492	1.000000
0.000000	-26025.380859	-23328.738281	1.000000
0.000000	-586712.625000	317534.531250	1.000000
0.000000	-108536.234375	248977.296875	1.000000
0.000000	37908.265625	-56191.003906	1.000000
0.000000	674.787109	-1809.503052	1.000000
0.000000	176.720413	269.160248	1.000000
0.000000	-246.439209	-312.645630	1.000000
0.000000	-419.053650	791.139526	1.000000
0.000000	4112436.000000	2116301.500000	1.000000
0.000000	280.754669	233.623764	1.000000
0.000000	-45320.433594	76068.250000	1.000000
0.000000	808.287048	1742.916748	1.000000
0.000000	4942.630371	12534.739258	1.000000
0.000000	607.937561	1493.646484	1.000000
0.000000	-44178.730469	2450.400146	1.000000
0.000000	245618.921875	-842228.687500	1.000000
0.000000	-329.531219	-190.130600	1.000000
0.000000	558.621277	-121.323158	1.000000
0.000000	-32936.941406	-140113.421875	1.000000
0.000000	-14375.284180	-13457.656250	1.000000
0.000000	-496.027588	-87.961647	1.000000
0.000000	-323740.781250	730136.875000	1.000000
0.000000	-31263.871094	-19613.417969	1.000000
0.000000	-526.799072	-1127.190796	1.000000
0.000000	178.503311	-465.440277	1.000000
0.000000	-3519.926270	-12808.648438	1.000000
0.000000	125.050568	-427.835358	1.000000
0.000000	3235.187988	2889.447754	1.000000
0.000000	82.451080	87.911110	1.000000
0.000000	799036.437500	-982912.687500	1.000000
0.000000	-492.433929	426.859680	1.000000
0.000000	-3172.103760	-2123.138916	1.000000
0.000000	-50.650417	3008.304932	1.000000
0.000000	-396.153625	378.825165	1.000000
0.000000	19795.041016	10637.679688	1.000000
0.000000	182.662079	567.015808	1.000000
0.000000	-3470.470703	-1948.022583	1.000000
0.000000	65135.339844	112765.382812	1.000000
0.000000	349.313690	288.110870	1.000000
0.000000	484892.843750	100913.359375	1.000000
0.000000	-321.861481	308.138977	1.000000
0.000000	78.824104	402.760010	1.000000
0.000000	338.579010	223.870422	1.000000
0.000000	-399.568176	-102.855072	1.000000
0.000000	-52379.863281	-2910.791260	1.000000
0.000000	11455.022461	1470.968140	1.000000
0.000000	-48.903069	-289.309723	1.000000
0.000000	66.984322	1660.774658	1.000000
0.000000	-7878.163574	-93245.796875	1.000000
0.000000	-631.328613	1023.584229	1.000000
0.000000	-114.321983	381.128906	1.000000
0.000000	430.962067	-107.624626	1.000000
0.000000	61.996670	447.372742	1.000000
0.000000	-42980.300781	-77653.945312	1.000000
0.000000	219.251328	-1156.220947	1.000000
0.000000	40.017426	414.729553	1.000000
0.000000	-134.213242	-97.046806	1.000000
0.000000	-468.769043	816.727417	1.000000
0.000000	466.482269	-9.812852	1.000000
0.000000	241.430267	1102.271118	1.000000
0.000000	-229.274780	253.033798	1.000000
0.000000	325.772675	577.158386	1.000000
0.000000	-11100.399414	547.279724	1.000000
0.000000	28171368.000000	16549397.000000	1.000000
0.000000	374.742706	-711.292236	1.000000
0.000000	-32735.171875	266708.750000	1.000000
0.000000	-330.883057	2.678373	1.000000
0.000000	1567.076416	2618.801758	1.000000
0.000000	4444.256348	10702.946289	1.000000
0.000000	-48423.304688	-126250.796875	1.000000
0.000000	-32.931835	-562.713745	1.000000
0.000000	1929694.125000	165292.171875	1.000000
0.000000	-180017.890625	-177937.812500	1.000000
0.000000	-70287.929688	13681.528320	1.000000
0.000000	324.220001	-198.118835	1.000000
0.000000	-131141.156250	15056.785156	1.000000
0.000000	-1159.860962	279.347107	1.000000
0.000000	-1388.656128	924.328247	1.000000
0.000000	-1212.148193	1264.418823	1.000000
0.000000	49283.113281	57648.093750	1.000000
0.000000	83799.085938	3623.417236	1.000000
0.000000	1151.231567	-372.871582	1.000000
0.000000	-441.508759	-318.948334	1.000000
0.000000	-1589278.625000	-1200867.375000	1.000000
0.000000	-364.544861	168.814377	1.000000
0.000000	2590553.750000	19452.925781	1.000000
0.000000	169.045532	-273.987091	1.000000
0.000000	-10505.207031	13273.349609	1.000000
0.000000	1826645.375000	135327.546875	1.000000
0.000000	-1553.828491	888.233154	1.000000
0.000000	362.042206	70.813667	1.000000
0.000000	427.756897	-81.740494	1.000000
0.000000	373.242859	904.837341	1.000000
0.000000	-10682.725586	7486.388184	1.000000
0.000000	-464.525635	179.375885	1.000000
0.000000	27337.591797	25992.589844	1.000000
0.000000	142.417267	358.160919	1.000000
0.000000	277.258881	591.576111	1.000000
0.000000	-136.194916	-9032.173828	1.000000
0.000000	-5694.358887	9775.224609	1.000000
0.000000	459210.906250	25514.046875	1.000000
0.000000	-1102.916748	1132.237793	1.000000
0.000000	2252.044922	-5204.909668	1.000000
0.000000	3488.892090	-2182.793701	1.000000
0.000000	191.391266	149.782578	1.000000
0.000000	303.197601	227.689758	1.000000
0.000000	926.327026	-823.075195	1.000000
0.000000	1218.266724	11638.354492	1.000000
0.000000	17950.542969	-23803.455078	1.000000
0.000000	411.726410	-23.401604	1.000000
0.000000	-8.148988	-300.605560	1.000000
0.000000	1070.816650	1225.775146	1.000000
0.000000	502.568787	-48.001812	1.000000
0.000000	121.468590	261.567047	1.000000
0.000000	-1349.013184	160.408539	1.000000
0.000000	75398.703125	-7398.837891	1.000000
0.000000	105.874474	490.067688	1.000000
0.000000	-119.561020	-720.712036	1.000000
0.000000	1172.920654	-9510.339844	1.000000
0.000000	321.446136	365.312683	1.000000
0.000000	305.728943	277.055695	1.000000
0.000000	-3821.577393	-4525.754395	1.000000
0.000000	601.384888	246.966660	1.000000
0.000000	-2100.055176	-3021.185791	1.000000
0.000000	43.265408	352.188049	1.000000
0.000000	22257.531250	39181.406250	1.000000
0.000000	437.958710	-23.609804	1.000000
0.000000	972.425598	-548.328674	1.000000
0.000000	1328.252686	744.305115	1.000000
0.000000	-323.372711	721.254150	1.000000
0.000000	196.567886	-382.747528	1.000000
0.000000	9628.288086	4769.348145	1.000000
0.000000	-92637.812500	-330268.656250	1.000000
0.000000	8071.970215	16952.546875	1.000000
0.000000	266.835876	-251.532608	1.000000
0.000000	3427.507080	-831.121826	1.000000
0.000000	-423293.000000	-82016.843750	1.000000
0.000000	-44105600.000000	-10494824.000000	1.000000
0.000000	6062.038086	-4507.797363	1.000000
0.000000	-320.873260	235.800934	1.000000
0.000000	1101.620361	-1653.518433	1.000000
0.000000	5785.895508	303.095459	1.000000
0.000000	-341.096741	-131.495407	1.000000
0.000000	-569.152649	1012.444214	1.000000
0.000000	-18766.501953	-14.661748	1.000000
0.000000	-713.794739	-159.365921	1.000000
0.000000	308.398163	-431.884491	1.000000
0.000000	14623.755859	-11005.666992	1.000000
