0.000000	31540.609375	455772.500000	1.000000
0.000000	214980.750000	175197.515625	1.000000
0.000000	1178.583740	-12725.334961	1.000000
0.000000	-573.860168	649.461487	1.000000
0.000000	16892.716797	27447.093750	1.000000
0.000000	-13745.297852	766.505554	1.000000
0.000000	-730.012878	-2431.746826	1.000000
0.000000	-595209.312500	1523932.125000	1.000000
0.000000	3546.809326	-2247.446289	1.000000
0.000000	9292453.000000	3386659.750000	1.000000
0.000000	78697400.000000	19959642.000000	1.000000
0.000000	-227.379761	-171.949829	1.000000
0.000000	-271.412415	52.759548	1.000000
0.000000	94.395226	-194.015518	1.000000
0.000000	-73337376.000000	-31090268.000000	1.000000
0.000000	691.791565	-4543.022949	1.000000
0.000000	362.981445	-360.484863	1.000000
0.000000	-6144.661621	7763.154297	1.000000
0.000000	-987.444275	266.415314	1.000000
0.000000	-286.410797	240.554733	1.000000
0.000000	911.164368	7961.022461	1.000000
0.000000	10201.562500	85014.757812	1.000000
0.000000	-38.084408	773.692505	1.000000
0.000000	194.283325	127.461319	1.000000
0.000000	-207149.078125	-53301.425781	1.000000
0.000000	365.671112	-62.757599	1.000000
0.000000	10388.737305	35426.925781	1.000000
0.000000	-3880.196045	11589.712891	1.000000
0.000000	366.406555	-156.534088	1.000000
0.000000	-61519.101562	-273296.843750	1.000000
0.000000	5201.848633	-8942.214844	1.000000
0.000000	4832.946289	894.568237	1.000000
0.000000	-219.871765	443.531464	1.000000
0.000000	-501.686401	-240.311264	1.000000
0.000000	-202.400314	-2.906692	1.000000
0.000000	4818.597656	2761.023682	1.000000
0.000000	54.792915	-49.554054	1.000000
0.000000	-5701.816895	-1474.937378	1.000000
0.000000	-246293.890625	-73687.343750	1.000000
0.000000	-46774.167969	-6131.320801	1.000000
0.000000	429.028900	58.719105	1.000000
0.000000	511.480469	52.962528	1.000000
0.000000	-1.406690	188.963669	1.000000
0.000000	-59.405704	-93.803192	1.000000
0.000000	41.689602	186.423584	1.000000
0.000000	-542.007141	-318.279999	1.000000
0.000000	-4121.288086	3382.443848	1.000000
0.000000	-799.123779	389.234650	1.000000
0.000000	-101.353897	-209.157837	1.000000
0.000000	-206.349091	-70.988441	1.000000
0.000000	6990.888184	6285.169922	1.000000
0.000000	-841.036804	1736.206665	1.000000
0.000000	55.865578	1389.862793	1.000000
0.000000	-3366.975342	-11691.481445	1.000000
0.000000	251.709106	-59.560287	1.000000
0.000000	-17.829626	-214.392578	1.000000
0.000000	78.355583	119.581100	1.000000
0.000000	29405522.000000	-21550876.000000	1.000000
0.000000	-512.477844	1631.206665	1.000000
0.000000	532.499878	481.182037	1.000000
0.000000	1739.871216	26287.306641	1.000000
0.000000	3243.744629	-1600.838379	1.000000
0.000000	-62.324886	-207.558105	1.000000
0.000000	132.339691	-316.898468	1.000000
0.000000	5418.873535	-2858.407715	1.000000
0.000000	401062.812500	-1051564.750000	1.000000
0.000000	40253.140625	142585.500000	1.000000
0.000000	899154304.000000	-490293056.000000	1.000000
0.000000	5151.944336	-14830.279297	1.000000
0.000000	-11819835.000000	-661375.687500	1.000000
0.000000	10584.069336	-15163.196289	1.000000
0.000000	-3.303109	-306.597870	1.000000
0.000000	-228.243408	-731.371277	1.000000
0.000000	-560.904175	924.139404	1.000000
0.000000	424403.937500	2505.090576	1.000000
0.000000	-9287.998047	10652.965820	1.000000
0.000000	-117.932335	553.272522	1.000000
0.000000	37.690670	-226.926468	1.000000
0.000000	3416.103027	-13228.040039	1.000000
0.000000	-935690816.000000	516809408.000000	1.000000
0.000000	1333545.500000	80187.859375	1.000000
0.000000	370662.437500	-121722.703125	1.000000
0.000000	282544.500000	227376.906250	1.000000
0.000000	24956.212891	-23165.417969	1.000000
0.000000	2203343.750000	933739.437500	1.000000
0.000000	-119.533562	167.331451	1.000000
0.000000	148.477310	-20.352566	1.000000
0.000000	-3205.438721	-417.310791	1.000000
0.000000	-1663.737427	1657.247681	1.000000
0.000000	69.974098	223.306290	1.000000
0.000000	27.997738	13.718464	1.000000
0.000000	-1152.223022	1117.020874	1.000000
0.000000	859.150940	-153.072327	1.000000
0.000000	220.293381	-245.616043	1.000000
0.000000	-4355021.000000	2416277.250000	1.000000
0.000000	1050.962646	580.422058	1.000000
0.000000	-60.253513	-88046.031250	1.000000
0.000000	1711789.125000	-2028472.500000	1.000000
0.000000	800.188110	-1574.963867	1.000000
0.000000	-316.272278	-5265.610840	1.000000
0.000000	691415.187500	-227377.843750	1.000000
0.000000	12310197.000000	-6573529.500000	1.000000
0.000000	-21929.873047	-21443.917969	1.000000
0.000000	170612.828125	-24488.042969	1.000000
0.000000	53.693150	128.405518	1.000000
0.000000	225.555588	-14.181150	1.000000
0.000000	686.343933	-1771.901123	1.000000
0.000000	-104.429817	-190.963303	1.000000
0.000000	81.960220	-204.863358	1.000000
0.000000	-863.139648	1004.283630	1.000000
0.000000	-144.113632	-3129.201416	1.000000
0.000000	-53797.320312	119833.890625	1.000000
0.000000	68.901527	185.387894	1.000000
0.000000	-284.509491	8.812430	1.000000
0.000000	-199.769043	-1095.915405	1.000000
0.000000	-64673.933594	15578.988281	1.000000
0.000000	2413.459717	717.443665	1.000000
0.000000	55727.519531	149538.984375	1.000000
0.000000	-13165.170898	6625.073242	1.000000
0.000000	-41724.847656	-29827.226562	1.000000
0.000000	-8514.950195	13770.777344	1.000000
0.000000	241.218262	310.175903	1.000000
0.000000	-256.321350	120.706322	1.000000
0.000000	1500.854980	3229.676514	1.000000
0.000000	559.414917	-395.285980	1.000000
0.000000	1971.856689	178.475433	1.000000
0.000000	551.721436	-462.144836	1.000000
0.000000	14007.267578	-14164.660156	1.000000
0.000000	-235.311142	-95.129295	1.000000
0.000000	-1137.590332	1594.787231	1.000000
0.000000	175.897369	202.044479	1.000000
0.000000	-13415.502930	-2965.916260	1.000000
0.000000	-28615.003906	-61451.671875	1.000000
0.000000	1656.156982	7987.790039	1.000000
0.000000	-2578.277344	1909.867676	1.000000
0.000000	20.306520	-117.676353	1.000000
0.000000	119.562729	269.106262	1.000000
0.000000	-3874.244385	-16097.907227	1.000000
0.000000	685.508850	-50.634941	1.000000
0.000000	-8698.138672	12926.003906	1.000000
0.000000	-921.201050	-3097.718750	1.000000
0.000000	951.650696	486.870270	1.000000
0.000000	204.040054	-235.749054	1.000000
0.000000	-5731.054199	-20524.537109	1.000000
0.000000	-2.610289	-236.918228	1.000000
0.000000	22538.281250	-24513.560547	1.000000
0.000000	-241.503860	-111.950294	1.000000
0.000000	-3300464.250000	1376390.750000	1.000000
0.000000	-17958.791016	-1179.312134	1.000000
0.000000	-21.179178	498.358521	1.000000
0.000000	129.286713	-260.916840	1.000000
0.000000	6656.295410	2786.846680	1.000000
0.000000	-26216.630859	-23392.488281	1.000000
0.000000	-586712.625000	317407.031250	1.000000
0.000000	-108536.234375	249168.546875	1.000000
0.000000	38115.453125	-56191.003906	1.000000
0.000000	542.804688	-1654.112427	1.000000
0.000000	78.729683	90.236931	1.000000
0.000000	-199.809570	-511.241821	1.000000
0.000000	-363.396912	594.909058	1.000000
0.000000	4112436.000000	2116301.500000	1.000000
0.651861	80.789398	193.354385	1.000000
0.000000	-45240.746094	75877.000000	1.000000
0.000000	624.258728	1654.762451	1.000000
0.000000	4745.403809	12586.536133	1.000000
0.000000	628.108459	1696.849609	1.000000
0.000000	-44035.292969	2300.986084	1.000000
0.000000	245810.171875	-842228.687500	1.000000
0.000000	-145.004852	-103.212540	1.000000
0.000000	355.169159	-137.060669	1.000000
0.000000	-33016.628906	-139922.171875	1.000000
0.000000	-14307.549805	-13648.906250	1.000000
0.000000	-292.326416	-77.627174	1.000000
0.000000	-323485.781250	730136.875000	1.000000
0.000000	-31439.183594	-19717.011719	1.000000
0.000000	-342.387238	-1040.032593	1.000000
0.000000	123.404282	-269.085297	1.000000
0.000000	-3715.160645	-12748.882812	1.000000
0.000000	66.063141	-232.593521	1.000000
0.000000	3174.426270	3083.686035	1.000000
0.000000	-14.381606	263.823456	1.000000
0.000000	799291.437500	-982912.687500	1.000000
0.000000	-291.222992	392.867981	1.000000
0.000000	-3367.338135	-2065.365479	1.000000
0.000000	-7.782864	2809.086182	1.000000
0.000000	-252.218079	234.257706	1.000000
0.000000	19898.634766	10462.367188	1.000000
0.000000	-18.407600	601.381042	1.000000
0.000000	-3276.232422	-1884.272583	1.000000
0.000000	65071.589844	112574.132812	1.000000
0.000000	198.903534	150.324158	1.000000
0.000000	484892.843750	100722.109375	1.000000
0.000000	-174.315094	167.277008	1.000000
0.651861	81.407158	198.782242	1.000000
0.000000	303.591217	22.905315	1.000000
0.000000	-195.991501	-89.874725	1.000000
0.000000	-52459.550781	-3096.064697	1.000000
0.000000	11347.444336	1297.647827	1.000000
0.000000	-103.282578	-91.692238	1.000000
0.000000	-52.138145	1826.624268	1.000000
0.000000	-7868.202637	-93054.546875	1.000000
0.000000	-509.061127	1186.943604	1.000000
0.000000	20.452263	227.979492	1.000000
0.000000	235.976730	-47.641106	1.000000
0.000000	50.821743	243.671570	1.000000
0.000000	-42820.925781	-77781.445312	1.000000
0.000000	378.736481	-1028.720947	1.000000
0.000000	-66.163734	240.537659	1.000000
0.000000	-42.920731	-279.461761	1.000000
0.000000	-450.092285	613.524292	1.000000
0.000000	323.916351	136.107697	1.000000
0.000000	192.932953	904.048462	1.000000
0.000000	-133.836548	72.740837	1.000000
0.000000	161.453033	456.324677	1.000000
0.000000	-10897.196289	562.221130	1.000000
0.000000	28171368.000000	16549397.000000	1.000000
0.000000	237.165787	-560.633057	1.000000
0.000000	-32814.859375	266836.250000	1.000000
0.000000	-126.933022	7.861422	1.000000
0.000000	1397.242432	2731.360352	1.000000
0.000000	4643.475098	10655.133789	1.000000
0.000000	-48630.492188	-126250.796875	1.000000
0.000000	146.170410	-465.096527	1.000000
0.000000	1929694.125000	165164.671875	1.000000
0.000000	-180209.140625	-177937.812500	1.000000
0.000000	-70128.554688	13797.075195	1.000000
0.000000	201.575943	-35.118019	1.000000
0.000000	-131077.406250	14861.550781	1.000000
0.000000	-978.010925	187.083923	1.000000
0.000000	-1260.658081	1083.048706	1.000000
0.000000	-1159.355225	1067.192261	1.000000
0.000000	49235.300781	57456.843750	1.000000
0.000000	83958.460938	3745.936768	1.000000
0.000000	956.907410	-434.878418	1.000000
0.000000	-260.219696	-225.460373	1.000000
0.000000	-1589278.625000	-1200867.375000	1.000000
0.000000	-167.691849	115.204651	1.000000
0.000000	2590553.750000	19269.644531	1.000000
0.000000	98.185272	-82.688049	1.000000
0.000000	-10385.675781	13106.005859	1.000000
0.000000	1826645.375000	135455.046875	1.000000
0.000000	-1577.236694	685.528076	1.000000
0.000000	164.184296	25.411747	1.000000
0.000000	259.838623	26.742310	1.000000
0.000000	536.104187	1027.613159	1.000000
0.000000	-10543.272461	7336.974121	1.000000
0.000000	-264.559814	138.971832	1.000000
0.000000	27329.623047	25785.402344	1.000000
0.000000	-6.497168	218.707809	1.000000
0.000000	268.045013	387.799042	1.000000
0.000000	62.256699	-9079.986328	1.000000
0.000000	-5491.155762	9771.240234	1.000000
0.000000	459083.406250	25665.453125	1.000000
0.000000	-911.666687	1061.515137	1.000000
0.000000	2087.689453	-5326.433105	1.000000
0.000000	3484.907715	-1978.594482	1.000000
0.000000	79.815323	-20.990753	1.000000
0.000000	128.756683	121.977531	1.000000
0.000000	1014.232300	-639.046875	1.000000
0.000000	1194.858521	11841.557617	1.000000
0.000000	18149.761719	-23763.611328	1.000000
0.000000	208.274246	-8.571095	1.000000
0.000000	-19.575611	-96.909134	1.000000
0.000000	1240.152588	1112.220459	1.000000
0.000000	298.618591	-42.787884	1.000000
0.000000	88.753136	60.221107	1.000000
0.000000	-1543.251465	98.200035	1.000000
0.000000	75207.453125	-7420.751953	1.000000
0.000000	51.556236	293.463684	1.000000
0.000000	-323.552856	-720.712036	1.000000
0.000000	1185.869873	-9713.542969	1.000000
0.000000	198.084259	202.824890	1.000000
0.000000	150.131653	145.125595	1.000000
0.000000	-3915.210205	-4707.043457	1.000000
0.000000	400.173920	213.722031	1.000000
0.000000	-1936.356567	-2899.662354	1.000000
0.000000	-42.711311	167.163651	1.000000
0.000000	22225.656250	38974.218750	1.000000
0.000000	234.001801	-24.279055	1.000000
0.000000	768.475403	-551.815002	1.000000
0.000000	1151.944092	641.707458	1.000000
0.000000	-314.905914	517.552979	1.000000
0.000000	67.885033	-224.480743	1.000000
0.000000	9524.694336	4944.660645	1.000000
0.000000	-92733.437500	-330141.156250	1.000000
0.000000	7868.767090	16944.578125	1.000000
0.000000	135.226990	-95.650391	1.000000
0.000000	3360.768799	-1024.114868	1.000000
0.000000	-423420.500000	-81857.468750	1.000000
0.000000	-44105600.000000	-10494824.000000	1.000000
0.000000	5970.397461	-4689.086426	1.000000
0.000000	-243.426971	47.054516	1.000000
0.000000	922.821533	-1751.633667	1.000000
0.000000	5945.270508	429.848389	1.000000
0.000000	-151.714432	-55.639797	1.000000
0.000000	-365.451477	1022.405151	1.000000
0.000000	-18798.376953	186.752365	1.000000
0.000000	-509.844543	-153.700638	1.000000
0.000000	285.114471	-229.187653	1.000000
0.000000	14436.490234	-11085.354492	1.000000
