0.000000	31577.132812	455738.125000	1.000000
0.000000	214963.562500	175145.953125	1.000000
0.000000	1170.392822	-12670.549805	1.000000
0.000000	-628.846741	650.267151	1.000000
0.000000	16897.013672	27502.953125	1.000000
0.000000	-13799.008789	778.926208	1.000000
0.000000	-779.359802	-2407.576904	1.000000
0.000000	-595140.562500	1523932.125000	1.000000
0.000000	3518.611084	-2294.711914	1.000000
0.000000	9292453.000000	3386659.750000	1.000000
0.000000	78697400.000000	19959642.000000	1.000000
0.000000	-174.306641	-157.548584	1.000000
0.000000	-245.369476	4.314587	1.000000
0.000000	96.417778	-139.045731	1.000000
0.000000	-73337376.000000	-31090268.000000	1.000000
0.000000	643.921692	-4569.878418	1.000000
0.000000	350.090820	-307.008911	1.000000
0.000000	-6116.194824	7715.888672	1.000000
0.000000	-987.578552	321.401886	1.000000
0.000000	-267.544830	188.891525	1.000000
0.000000	899.347961	7907.311523	1.000000
0.000000	10152.148438	84988.976562	1.000000
0.000000	-27.443827	719.713013	1.000000
0.000000	155.689606	162.251587	1.000000
0.000000	-207183.453125	-53262.753906	1.000000
0.000000	310.852386	-67.062866	1.000000
0.000000	10389.811523	35482.785156	1.000000
0.000000	-3826.216553	11600.455078	1.000000
0.000000	318.335266	-129.812897	1.000000
0.000000	-61574.960938	-273296.843750	1.000000
0.000000	5234.612305	-8986.257812	1.000000
0.000000	4779.772461	881.006226	1.000000
0.000000	-169.148499	422.248505	1.000000
0.000000	-461.436768	-277.801178	1.000000
0.000000	-159.414780	31.404903	1.000000
0.000000	4768.646484	2738.196533	1.000000
0.000000	105.944191	-29.337198	1.000000
0.000000	-5659.385254	-1440.159546	1.000000
0.000000	-246311.078125	-73635.781250	1.000000
0.000000	-46817.136719	-6098.020020	1.000000
0.000000	386.630829	23.698393	1.000000
0.000000	479.690308	97.852089	1.000000
0.000000	-0.912842	133.960312	1.000000
0.000000	-34.627338	-44.699650	1.000000
0.000000	34.854046	131.856628	1.000000
0.000000	-521.261292	-369.204681	1.000000
0.000000	-4166.405273	3413.864746	1.000000
0.000000	-767.904297	343.949615	1.000000
0.000000	-89.252151	-155.514038	1.000000
0.000000	-152.520660	-59.675571	1.000000
0.000000	6936.103027	6291.078125	1.000000
0.000000	-811.025818	1782.263794	1.000000
0.000000	87.127022	1435.114258	1.000000
0.000000	-3335.017334	-11736.598633	1.000000
0.000000	200.918701	-80.651108	1.000000
0.000000	-19.189184	-159.406006	1.000000
0.000000	23.388565	121.486160	1.000000
0.000000	29405522.000000	-21550876.000000	1.000000
0.000000	-468.166321	1598.711548	1.000000
0.000000	568.687622	439.791046	1.000000
0.000000	1768.203735	26334.572266	1.000000
0.000000	3222.797363	-1549.947266	1.000000
0.000000	-33.383923	-160.779236	1.000000
0.000000	102.664398	-270.606354	1.000000
0.000000	5452.711426	-2815.170410	1.000000
0.000000	401028.437500	-1051564.750000	1.000000
0.000000	40300.406250	142619.875000	1.000000
0.000000	899154304.000000	-490293056.000000	1.000000
0.000000	5187.393555	-14788.384766	1.000000
0.000000	-11819835.000000	-661444.437500	1.000000
0.000000	10556.139648	-15210.461914	1.000000
0.000000	12.944729	-254.061249	1.000000
0.000000	-186.734924	-695.317810	1.000000
0.000000	-615.890747	926.019287	1.000000
0.000000	424472.687500	2518.786865	1.000000
0.000000	-9234.287109	10665.856445	1.000000
0.000000	-64.548698	566.498840	1.000000
0.000000	42.507870	-172.141312	1.000000
0.000000	3410.731934	-13173.254883	1.000000
0.000000	-935690816.000000	516809408.000000	1.000000
0.000000	1333545.500000	80136.296875	1.000000
0.000000	370593.687500	-121714.109375	1.000000
0.000000	282613.250000	227359.718750	1.000000
0.000000	25005.626953	-23191.199219	1.000000
0.000000	2203343.750000	933808.187500	1.000000
0.000000	-90.563225	120.584816	1.000000
0.000000	200.658478	-5.865230	1.000000
0.000000	-3239.813721	-460.279541	1.000000
0.000000	-1657.292114	1602.596802	1.000000
0.000000	44.612465	174.496475	1.000000
0.000000	42.126827	66.871582	1.000000
0.000000	-1099.183472	1131.522827	1.000000
0.000000	812.690979	-123.616486	1.000000
0.000000	208.057358	-299.229523	1.000000
0.000000	-4355021.000000	2416277.250000	1.000000
0.000000	1003.399414	552.828064	1.000000
0.000000	-6.428285	-88037.437500	1.000000
0.000000	1711789.125000	-2028472.500000	1.000000
0.000000	789.915894	-1628.943359	1.000000
0.000000	-361.490173	-5234.458496	1.000000
0.000000	691415.187500	-227326.281250	1.000000
0.000000	12310197.000000	-6573529.500000	1.000000
0.000000	-21916.982422	-21390.207031	1.000000
0.000000	170561.265625	-24455.816406	1.000000
0.000000	77.361359	78.756470	1.000000
0.274053	172.495865	2.202863	1.000000
0.000000	739.584900	-1758.204834	1.000000
0.000000	-68.242073	-149.538742	1.000000
0.000000	61.944504	-153.636551	1.000000
0.000000	-847.362061	951.579773	1.000000
0.000000	-90.788742	-3142.629150	1.000000
0.000000	-53741.460938	119833.890625	1.000000
0.000000	49.456490	133.942886	1.000000
0.000000	-231.302109	-5.120793	1.000000
0.000000	-252.657532	-1110.954468	1.000000
0.000000	-64721.199219	15609.066406	1.000000
0.000000	2397.077881	664.941223	1.000000
0.000000	55684.550781	149504.609375	1.000000
0.000000	-13112.534180	6642.260742	1.000000
0.000000	-41681.878906	-29859.453125	1.000000
0.000000	-8560.067383	13739.625000	1.000000
0.000000	191.535645	286.610229	1.000000
0.000000	-215.819809	83.494713	1.000000
0.000000	1461.243164	3267.811279	1.000000
0.000000	506.308258	-380.951874	1.000000
0.000000	2007.171631	220.621735	1.000000
0.000000	540.979248	-408.198914	1.000000
0.000000	14019.083984	-14110.949219	1.000000
0.000000	-188.414780	-66.402336	1.000000
0.000000	-1116.777344	1645.678345	1.000000
0.000000	136.587677	163.574020	1.000000
0.000000	-13469.213867	-2953.831299	1.000000
0.000000	-28580.628906	-61408.703125	1.000000
0.000000	1626.078857	7941.598633	1.000000
0.000000	-2611.846680	1953.373535	1.000000
0.000000	-30.019581	-95.487022	1.000000
0.000000	155.937057	310.362976	1.000000
0.000000	-3909.156494	-16140.875977	1.000000
0.000000	632.670715	-65.984520	1.000000
0.000000	-8643.353516	12921.707031	1.000000
0.000000	-937.784302	-3045.350586	1.000000
0.000000	957.626038	432.185822	1.000000
0.000000	150.295547	-224.083710	1.000000
0.000000	-5785.302246	-20533.130859	1.000000
0.000000	-5.503546	-181.998795	1.000000
0.000000	22553.320312	-24459.849609	1.000000
0.000000	-204.426529	-71.331398	1.000000
0.000000	-3300464.250000	1376390.750000	1.000000
0.000000	-17939.455078	-1128.018188	1.000000
0.000000	1.954285	448.474487	1.000000
0.000000	110.950050	-209.067413	1.000000
0.000000	6638.570801	2838.946289	1.000000
0.000000	-26268.193359	-23409.675781	1.000000
0.000000	-586712.625000	317372.656250	1.000000
0.000000	-108536.234375	249220.109375	1.000000
0.000000	38171.312500	-56191.003906	1.000000
0.000000	507.221161	-1612.217896	1.000000
0.000000	52.308762	41.997799	1.000000
0.000000	-187.237854	-564.751831	1.000000
0.000000	-348.391418	542.003784	1.000000
0.000000	4112436.000000	2116301.500000	1.000000
0.000000	29.594534	182.603378	1.000000
0.000000	-45219.261719	75825.437500	1.000000
0.000000	574.643250	1630.995361	1.000000
0.000000	4692.229980	12600.500977	1.000000
0.000000	633.546692	1751.634766	1.000000
0.000000	-43996.621094	2260.702881	1.000000
0.000000	245861.734375	-842228.687500	1.000000
0.000000	-95.249573	-79.772751	1.000000
0.000000	300.316864	-141.307190	1.000000
0.000000	-33038.113281	-139870.609375	1.000000
0.000000	-14289.288086	-13700.468750	1.000000
0.000000	-237.401291	-74.840919	1.000000
0.000000	-323417.031250	730136.875000	1.000000
0.000000	-31486.449219	-19744.941406	1.000000
0.000000	-292.671051	-1016.534058	1.000000
0.000000	108.541458	-216.133804	1.000000
0.000000	-3767.797363	-12732.769531	1.000000
0.000000	50.156013	-179.940018	1.000000
0.000000	3158.044434	3136.054199	1.000000
0.000000	-40.411785	312.264008	1.000000
0.000000	799360.187500	-982912.687500	1.000000
0.000000	-236.980835	383.703552	1.000000
0.000000	-3419.974854	-2049.789307	1.000000
0.000000	3.775344	2755.375244	1.000000
0.000000	-213.411926	195.266922	1.000000
0.000000	19926.564453	10415.101562	1.000000
0.000000	-72.617218	610.646179	1.000000
0.000000	-3223.864258	-1867.085083	1.000000
0.000000	65054.402344	112522.570312	1.000000
0.000000	156.459335	115.613510	1.000000
0.000000	484892.843750	100670.546875	1.000000
0.000000	-134.535431	129.293304	1.000000
0.000000	79.383476	143.670883	1.000000
0.000000	294.158234	-31.279324	1.000000
0.000000	-141.105637	-86.375122	1.000000
0.000000	-52481.035156	-3146.015869	1.000000
0.000000	11318.440430	1250.919312	1.000000
0.000000	-118.229324	-38.761791	1.000000
0.000000	-84.255608	1871.338623	1.000000
0.000000	-7865.517090	-93002.984375	1.000000
0.000000	-476.129608	1230.986572	1.000000
0.103150	54.268417	187.807556	1.000000
0.000000	183.407150	-31.469076	1.000000
0.103150	50.327187	187.634674	1.000000
0.000000	-42777.957031	-77815.820312	1.000000
0.000000	421.738800	-994.403809	1.000000
0.000000	-94.789986	193.574158	1.000000
0.000000	-18.310209	-328.640839	1.000000
0.000000	-445.056885	558.739136	1.000000
0.000000	285.479462	175.450958	1.000000
0.000000	179.857697	850.606079	1.000000
0.000000	-108.099167	24.132780	1.000000
0.000000	117.156235	423.728851	1.000000
0.000000	-10842.411133	566.249451	1.000000
0.000000	28171368.000000	16549397.000000	1.000000
0.000000	200.088455	-520.014160	1.000000
0.000000	-32836.343750	266870.625000	1.000000
0.000000	-71.954842	9.258745	1.000000
0.000000	1351.453857	2761.707031	1.000000
0.000000	4697.186035	10642.243164	1.000000
0.000000	-48686.351562	-126250.796875	1.000000
0.000000	194.459900	-438.778168	1.000000
0.000000	1929694.125000	165130.296875	1.000000
0.000000	-180260.703125	-177937.812500	1.000000
0.000000	-70085.585938	13828.227539	1.000000
0.274053	170.444229	5.946364	1.000000
0.000000	-131060.218750	14808.914062	1.000000
0.000000	-928.932556	162.209045	1.000000
0.000000	-1226.148804	1125.883179	1.000000
0.000000	-1145.121826	1014.031006	1.000000
0.000000	49222.410156	57405.281250	1.000000
0.000000	84001.429688	3778.968994	1.000000
0.000000	904.472107	-451.595947	1.000000
0.000000	-211.327393	-200.266586	1.000000
0.000000	-1589278.625000	-1200867.375000	1.000000
0.000000	-114.620850	100.744659	1.000000
0.000000	2590553.750000	19220.230469	1.000000
0.000000	79.075928	-31.114481	1.000000
0.000000	-10353.449219	13060.888672	1.000000
0.000000	1826645.375000	135489.421875	1.000000
0.000000	-1583.547729	630.877197	1.000000
0.000000	110.574059	13.137959	1.000000
0.000000	214.083633	57.273621	1.000000
0.000000	580.012878	1060.779663	1.000000
0.000000	-10505.674805	7296.690918	1.000000
0.000000	-210.647476	128.078583	1.000000
0.000000	27327.474609	25729.542969	1.000000
0.000000	-46.644989	181.110153	1.000000
0.000000	265.560883	332.846039	1.000000
0.000000	115.757965	-9092.876953	1.000000
0.000000	-5436.370605	9770.166016	1.000000
0.000000	459049.031250	25706.273438	1.000000
0.000000	-860.104187	1042.447754	1.000000
0.000000	2043.391846	-5359.196777	1.000000
0.000000	3483.833496	-1923.540771	1.000000
0.000000	49.730797	-67.034515	1.000000
0.000000	81.717781	93.468773	1.000000
0.000000	1037.892822	-589.431396	1.000000
0.000000	1188.547485	11896.342773	1.000000
0.000000	18203.472656	-23752.869141	1.000000
0.000000	153.421951	-4.573196	1.000000
0.000000	-22.655598	-41.996410	1.000000
0.000000	1285.806885	1081.605225	1.000000
0.000000	243.632034	-41.382168	1.000000
0.000000	79.932793	5.931912	1.000000
0.000000	-1595.619629	81.423759	1.000000
0.000000	75155.890625	-7426.660156	1.000000
0.000000	36.911613	240.452789	1.000000
0.000000	-378.539429	-720.712036	1.000000
0.000000	1189.361084	-9768.328125	1.000000
0.000000	164.833832	159.016907	1.000000
0.000000	108.182808	109.558876	1.000000
0.000000	-3940.454346	-4755.920410	1.000000
0.000000	345.925873	204.759018	1.000000
0.000000	-1892.179321	-2866.898682	1.000000
0.000000	-65.890938	117.281425	1.000000
0.000000	22217.062500	38918.359375	1.000000
0.000000	178.998444	-24.459490	1.000000
0.000000	713.488831	-552.754944	1.000000
0.000000	1104.409912	614.046326	1.000000
0.000000	-312.623199	462.603394	1.000000
0.000000	33.191128	-181.797333	1.000000
0.000000	9496.764648	4991.926270	1.000000
0.000000	-92759.218750	-330106.781250	1.000000
0.000000	7813.981934	16942.429688	1.000000
0.000000	99.744202	-53.629971	1.000000
0.000000	3342.775635	-1076.080200	1.000000
0.000000	-423454.875000	-81814.500000	1.000000
0.000000	-44105600.000000	-10494824.000000	1.000000
0.000000	5945.690430	-4737.963379	1.000000
0.000000	-222.546844	-3.828606	1.000000
0.000000	874.615967	-1778.086304	1.000000
0.000000	5988.239258	464.021973	1.000000
0.000000	-100.655479	-35.191875	1.000000
0.000000	-310.532043	1025.090698	1.000000
0.000000	-18806.970703	241.050766	1.000000
0.000000	-454.857971	-152.173233	1.000000
0.000000	278.837006	-174.553558	1.000000
0.000000	14386.001953	-11106.838867	1.000000
