0.000000	31583.773438	455731.875000	1.000000
0.000000	214960.437500	175136.578125	1.000000
0.000000	1168.903564	-12660.588867	1.000000
0.000000	-638.844299	650.413635	1.000000
0.000000	16897.794922	27513.109375	1.000000
0.000000	-13808.774414	781.184509	1.000000
0.000000	-788.331970	-2403.182373	1.000000
0.000000	-595128.062500	1523932.125000	1.000000
0.000000	3513.484131	-2303.305664	1.000000
0.000000	9292453.000000	3386659.750000	1.000000
0.000000	78697400.000000	19959642.000000	1.000000
0.000000	-164.656982	-154.930176	1.000000
0.000000	-240.636200	-4.493677	1.000000
0.000000	96.785515	-129.051224	1.000000
0.000000	-73337376.000000	-31090268.000000	1.000000
0.000000	635.218079	-4574.761230	1.000000
0.000000	347.747070	-297.286011	1.000000
0.000000	-6111.019043	7707.294922	1.000000
0.000000	-987.602966	331.399445	1.000000
0.000000	-264.114655	179.498215	1.000000
0.000000	897.199524	7897.545898	1.000000
0.000000	10143.164062	84984.289062	1.000000
0.000000	-25.509394	709.898560	1.000000
0.000000	148.328766	169.020386	1.000000
0.000000	-207189.703125	-53255.722656	1.000000
0.000000	300.885345	-67.845642	1.000000
0.000000	10390.006836	35492.941406	1.000000
0.000000	-3816.402100	11602.408203	1.000000
0.000000	309.595032	-124.954506	1.000000
0.000000	-61585.117188	-273296.843750	1.000000
0.000000	5240.569336	-8994.265625	1.000000
0.000000	4770.104492	878.540405	1.000000
0.000000	-159.926086	418.378876	1.000000
0.000000	-454.118652	-284.618805	1.000000
0.000000	-151.599228	37.643459	1.000000
0.000000	4759.564453	2734.046143	1.000000
0.000000	115.244423	-25.661737	1.000000
0.000000	-5651.670410	-1433.836304	1.000000
0.000000	-246314.203125	-73626.406250	1.000000
0.000000	-46824.949219	-6091.965332	1.000000
0.000000	378.922089	17.331282	1.000000
0.000000	473.910278	106.014015	1.000000
0.000000	-0.823041	123.960312	1.000000
0.000000	-30.122181	-35.771732	1.000000
0.000000	33.611217	121.934425	1.000000
0.000000	-517.489319	-378.463715	1.000000
0.000000	-4174.608398	3419.577637	1.000000
0.000000	-762.228027	335.715973	1.000000
0.000000	-87.051834	-145.760620	1.000000
0.000000	-142.733673	-57.618687	1.000000
0.000000	6926.142090	6292.152344	1.000000
0.000000	-805.569275	1790.637817	1.000000
0.000000	92.810921	1443.341797	1.000000
0.000000	-3329.206787	-11744.801758	1.000000
0.000000	191.684082	-84.485641	1.000000
0.000000	-19.436377	-149.408447	1.000000
0.000000	13.394489	121.832535	1.000000
0.000000	29405522.000000	-21550876.000000	1.000000
0.000000	-460.109680	1592.803345	1.000000
0.000000	575.267212	432.265411	1.000000
0.000000	1773.355103	26343.166016	1.000000
0.000000	3218.988770	-1540.694336	1.000000
0.000000	-28.122211	-152.273987	1.000000
0.000000	97.268890	-262.189606	1.000000
0.000000	5458.863770	-2807.309082	1.000000
0.000000	401022.187500	-1051564.750000	1.000000
0.000000	40309.000000	142626.125000	1.000000
0.000000	899154304.000000	-490293056.000000	1.000000
0.000000	5193.838867	-14780.767578	1.000000
0.000000	-11819835.000000	-661456.937500	1.000000
0.000000	10551.061523	-15219.055664	1.000000
0.000000	15.898830	-244.506195	1.000000
0.000000	-179.187927	-688.762634	1.000000
0.000000	-625.888306	926.361084	1.000000
0.000000	424485.187500	2521.277100	1.000000
0.000000	-9224.521484	10668.200195	1.000000
0.000000	-54.841866	568.903625	1.000000
0.000000	43.383724	-162.180374	1.000000
0.000000	3409.755371	-13163.293945	1.000000
0.000000	-935690816.000000	516809408.000000	1.000000
0.000000	1333545.500000	80126.921875	1.000000
0.000000	370581.187500	-121712.546875	1.000000
0.000000	282625.750000	227356.593750	1.000000
0.000000	25014.611328	-23195.886719	1.000000
0.000000	2203343.750000	933820.687500	1.000000
0.000000	-85.295891	112.084145	1.000000
0.000000	210.417999	-3.684469	1.000000
0.000000	-3246.063721	-468.092041	1.000000
0.000000	-1656.120239	1592.660278	1.000000
0.000000	40.001259	165.621964	1.000000
0.000000	44.695644	76.536499	1.000000
0.000000	-1089.539917	1134.159546	1.000000
0.000000	804.243713	-118.262177	1.000000
0.000000	205.832626	-308.976837	1.000000
0.000000	-4355021.000000	2416277.250000	1.000000
0.000000	994.744629	547.810974	1.000000
0.000000	3.358318	-88035.875000	1.000000
0.000000	1711789.125000	-2028472.500000	1.000000
0.000000	788.048218	-1638.757812	1.000000
0.000000	-369.711609	-5228.794434	1.000000
0.000000	691415.187500	-227316.906250	1.000000
0.000000	12310197.000000	-6573529.500000	1.000000
0.000000	-21914.638672	-21380.441406	1.000000
0.000000	170551.890625	-24449.957031	1.000000
0.000000	81.664337	69.729370	1.000000
0.000000	162.753464	5.842386	1.000000
0.000000	749.265076	-1755.714600	1.000000
0.000000	-61.662758	-142.007004	1.000000
0.000000	58.305283	-144.322586	1.000000
0.000000	-844.493408	941.997253	1.000000
0.000000	-81.093307	-3145.070557	1.000000
0.000000	-53731.304688	119833.890625	1.000000
0.000000	45.921028	124.589249	1.000000
0.000000	-221.588242	-7.691158	1.000000
0.000000	-262.275604	-1113.688843	1.000000
0.000000	-64729.792969	15614.535156	1.000000
0.000000	2394.099365	655.395325	1.000000
0.000000	55676.738281	149498.359375	1.000000
0.000000	-13102.963867	6645.385742	1.000000
0.000000	-41674.066406	-29865.312500	1.000000
0.000000	-8568.270508	13733.960938	1.000000
0.000000	182.502441	282.325562	1.000000
0.000000	-208.455917	76.728966	1.000000
0.000000	1454.041016	3274.744873	1.000000
0.000000	496.652496	-378.345673	1.000000
0.000000	2013.592529	228.284698	1.000000
0.000000	539.026123	-398.390564	1.000000
0.000000	14021.232422	-14101.183594	1.000000
0.000000	-179.888168	-61.179665	1.000000
0.000000	-1112.993164	1654.931274	1.000000
0.000000	129.440460	156.579391	1.000000
0.000000	-13478.979492	-2951.634033	1.000000
0.000000	-28574.378906	-61400.890625	1.000000
0.000000	1620.610107	7933.200195	1.000000
0.000000	-2617.950195	1961.283691	1.000000
0.000000	-39.169598	-91.452599	1.000000
0.000000	162.550217	317.864197	1.000000
0.000000	-3915.504150	-16148.688477	1.000000
0.000000	623.063782	-68.775352	1.000000
0.000000	-8633.392578	12920.925781	1.000000
0.000000	-940.799438	-3035.829102	1.000000
0.000000	958.712463	422.243195	1.000000
0.000000	140.523819	-221.962738	1.000000
0.000000	-5795.165527	-20534.693359	1.000000
0.000000	-6.029593	-172.013443	1.000000
0.000000	22556.054688	-24450.083984	1.000000
0.000000	-197.685196	-63.946136	1.000000
0.000000	-3300464.250000	1376390.750000	1.000000
0.000000	-17935.939453	-1118.692017	1.000000
0.000000	6.160370	439.404663	1.000000
0.000000	107.616005	-199.640533	1.000000
0.000000	6635.348145	2848.418945	1.000000
0.000000	-26277.568359	-23412.800781	1.000000
0.000000	-586712.625000	317366.406250	1.000000
0.000000	-108536.234375	249229.484375	1.000000
0.000000	38181.468750	-56191.003906	1.000000
0.000000	500.751434	-1604.600708	1.000000
0.000000	47.504532	33.227047	1.000000
0.000000	-184.952087	-574.480835	1.000000
0.000000	-345.663147	532.384644	1.000000
0.000000	4112436.000000	2116301.500000	1.000000
0.000000	19.791525	180.628891	1.000000
0.000000	-45215.355469	75816.062500	1.000000
0.000000	565.622253	1626.674072	1.000000
0.000000	4682.562012	12603.040039	1.000000
0.000000	634.535461	1761.595703	1.000000
0.000000	-43989.589844	2253.378662	1.000000
0.000000	245871.109375	-842228.687500	1.000000
0.000000	-86.202637	-75.510971	1.000000
0.000000	290.343719	-142.079285	1.000000
0.000000	-33042.019531	-139861.234375	1.000000
0.000000	-14285.967773	-13709.843750	1.000000
0.000000	-227.412888	-74.334328	1.000000
0.000000	-323404.531250	730136.875000	1.000000
0.000000	-31495.042969	-19750.019531	1.000000
0.000000	-283.631744	-1012.261597	1.000000
0.000000	105.839127	-206.505508	1.000000
0.000000	-3777.367676	-12729.839844	1.000000
0.000000	47.263710	-170.366653	1.000000
0.000000	3155.065918	3145.575684	1.000000
0.000000	-45.144299	321.071381	1.000000
0.000000	799372.687500	-982912.687500	1.000000
0.000000	-227.120605	382.037292	1.000000
0.000000	-3429.545166	-2046.957397	1.000000
0.000000	5.876856	2745.609619	1.000000
0.000000	-206.356262	188.177689	1.000000
0.000000	19931.642578	10406.507812	1.000000
0.000000	-82.472870	612.330750	1.000000
0.000000	-3214.342773	-1863.960083	1.000000
0.000000	65051.277344	112513.195312	1.000000
0.000000	149.086288	108.858444	1.000000
0.000000	484892.843750	100661.171875	1.000000
0.000000	-127.302773	122.387184	1.000000
0.000000	79.510124	133.670273	1.000000
0.000000	292.443146	-41.131161	1.000000
0.000000	-131.126389	-85.738831	1.000000
0.000000	-52484.941406	-3155.097900	1.000000
0.000000	11313.166992	1242.423218	1.000000
0.000000	-120.946915	-29.138075	1.000000
0.000000	-90.095146	1879.468506	1.000000
0.000000	-7865.028809	-92993.609375	1.000000
0.000000	-470.142059	1238.994385	1.000000
0.000000	60.065216	180.214279	1.000000
0.000000	173.849045	-28.528708	1.000000
0.000000	50.588799	177.735504	1.000000
0.000000	-42770.144531	-77822.070312	1.000000
0.000000	429.557404	-988.166016	1.000000
0.000000	-99.994759	185.035339	1.000000
0.000000	-13.835569	-337.582489	1.000000
0.000000	-444.141357	548.778198	1.000000
0.000000	278.490936	182.604279	1.000000
0.000000	177.480377	840.889282	1.000000
0.000000	-103.419296	15.295257	1.000000
0.000000	109.101120	417.802338	1.000000
0.000000	-10832.450195	566.981873	1.000000
0.000000	28171368.000000	16549397.000000	1.000000
0.000000	193.347122	-512.628906	1.000000
0.000000	-32840.250000	266876.875000	1.000000
0.000000	-61.958652	9.512804	1.000000
0.000000	1343.128662	2767.224609	1.000000
0.000000	4706.951660	10639.899414	1.000000
0.000000	-48696.507812	-126250.796875	1.000000
0.000000	203.239807	-433.993011	1.000000
0.000000	1929694.125000	165124.046875	1.000000
0.000000	-180270.078125	-177937.812500	1.000000
0.000000	-70077.773438	13833.891602	1.000000
0.000000	164.606384	13.205238	1.000000
0.000000	-131057.093750	14799.343750	1.000000
0.000000	-920.009216	157.686340	1.000000
0.000000	-1219.874390	1133.671265	1.000000
0.000000	-1142.533936	1004.375244	1.000000
0.000000	49220.066406	57395.906250	1.000000
0.000000	84009.242188	3784.974854	1.000000
0.000000	894.938416	-454.635498	1.000000
0.000000	-202.437622	-195.685898	1.000000
0.000000	-1589278.625000	-1200867.375000	1.000000
0.000000	-104.972717	98.115570	1.000000
0.000000	2590553.750000	19211.246094	1.000000
0.000000	75.601501	-21.737192	1.000000
0.000000	-10347.589844	13052.685547	1.000000
0.000000	1826645.375000	135495.671875	1.000000
0.000000	-1584.695190	620.940674	1.000000
0.000000	100.826744	10.906362	1.000000
0.000000	205.764542	62.824768	1.000000
0.000000	587.996277	1066.809937	1.000000
0.000000	-10498.838867	7289.366699	1.000000
0.000000	-200.845230	126.099457	1.000000
0.000000	27327.083984	25719.386719	1.000000
0.000000	-53.944794	174.274216	1.000000
0.000000	265.109222	322.854584	1.000000
0.000000	125.485443	-9095.220703	1.000000
0.000000	-5426.409668	9769.970703	1.000000
0.000000	459042.781250	25713.695312	1.000000
0.000000	-850.729187	1038.980957	1.000000
0.000000	2035.359619	-5365.153809	1.000000
0.000000	3483.638184	-1913.531006	1.000000
0.000000	44.261284	-75.405487	1.000000
0.000000	73.165230	88.285362	1.000000
0.000000	1042.189697	-580.410400	1.000000
0.000000	1187.400024	11906.303711	1.000000
0.000000	18213.238281	-23750.916016	1.000000
0.000000	143.448807	-3.846295	1.000000
0.000000	-23.215595	-32.011822	1.000000
0.000000	1294.107666	1076.038818	1.000000
0.000000	233.634476	-41.126583	1.000000
0.000000	78.329094	-3.938770	1.000000
0.000000	-1605.141113	78.373528	1.000000
0.000000	75146.515625	-7427.734375	1.000000
0.000000	34.248955	230.812286	1.000000
0.000000	-388.536987	-720.712036	1.000000
0.000000	1189.995850	-9778.289062	1.000000
0.000000	158.788300	151.051819	1.000000
0.000000	100.554939	103.092201	1.000000
0.000000	-3945.044189	-4764.807129	1.000000
0.000000	336.062592	203.129379	1.000000
0.000000	-1884.147095	-2860.941650	1.000000
0.000000	-70.105415	108.213127	1.000000
0.000000	22215.500000	38908.203125	1.000000
0.000000	168.997833	-24.492296	1.000000
0.000000	703.491272	-552.925842	1.000000
0.000000	1095.767334	609.017029	1.000000
0.000000	-312.208160	452.611938	1.000000
0.000000	26.883455	-174.036713	1.000000
0.000000	9491.686523	5000.520020	1.000000
0.000000	-92763.906250	-330100.531250	1.000000
0.000000	7804.020996	16942.039062	1.000000
0.000000	93.292786	-45.989895	1.000000
0.000000	3339.504150	-1085.528442	1.000000
0.000000	-423461.125000	-81806.687500	1.000000
0.000000	-44105600.000000	-10494824.000000	1.000000
0.000000	5941.198242	-4746.850098	1.000000
0.000000	-218.790680	-13.043152	1.000000
0.000000	865.851318	-1782.895874	1.000000
0.000000	5996.051758	470.235352	1.000000
0.000000	-91.372032	-31.474018	1.000000
0.000000	-300.546692	1025.578979	1.000000
0.000000	-18808.533203	250.923203	1.000000
0.000000	-444.860413	-151.895523	1.000000
0.000000	277.695648	-164.620087	1.000000
0.000000	14376.822266	-11110.745117	1.000000
