0.000000	31629.261719	455689.062500	1.000000
0.000000	214939.031250	175072.359375	1.000000
0.000000	1158.702148	-12592.356445	1.000000
0.000000	-707.327576	651.417053	1.000000
0.000000	16903.146484	27582.679688	1.000000
0.000000	-13875.668945	796.653870	1.000000
0.000000	-849.791321	-2373.079834	1.000000
0.000000	-595042.437500	1523932.125000	1.000000
0.000000	3478.364502	-2362.172852	1.000000
0.000000	9292453.000000	3386659.750000	1.000000
0.000000	78697400.000000	19959642.000000	1.000000
0.000000	-98.552162	-136.994080	1.000000
0.000000	-208.213257	-64.829689	1.000000
0.000000	99.304512	-60.599133	1.000000
0.000000	-73337376.000000	-31090268.000000	1.000000
0.000000	575.598328	-4608.208496	1.000000
0.000000	331.692383	-230.692093	1.000000
0.000000	-6075.564941	7648.427734	1.000000
0.000000	-987.770203	399.882721	1.000000
0.000000	-240.604263	115.154045	1.000000
0.000000	882.482727	7830.651367	1.000000
0.000000	10081.621094	84952.179688	1.000000
0.000000	-12.258527	642.669556	1.000000
0.000000	97.907013	215.386658	1.000000
0.000000	-207232.515625	-53207.558594	1.000000
0.000000	232.603943	-73.207657	1.000000
0.000000	10391.344727	35562.511719	1.000000
0.000000	-3749.173096	11615.787109	1.000000
0.000000	249.724411	-91.674477	1.000000
0.000000	-61654.687500	-273296.843750	1.000000
0.000000	5281.375000	-9049.119141	1.000000
0.000000	4703.878906	861.649536	1.000000
0.000000	-96.757736	391.871918	1.000000
0.000000	-403.989563	-331.319550	1.000000
0.000000	-98.062698	80.375565	1.000000
0.000000	4697.352539	2705.615967	1.000000
0.000000	178.944061	-0.500961	1.000000
0.000000	-5598.823730	-1390.522095	1.000000
0.000000	-246335.609375	-73562.187500	1.000000
0.000000	-46878.464844	-6050.490723	1.000000
0.000000	326.117218	-26.284378	1.000000
0.000000	434.317078	161.916870	1.000000
0.000000	-0.207927	55.465931	1.000000
0.000000	-2.421602	26.027016	1.000000
0.106734	25.004141	54.943245	1.000000
0.000000	-491.651337	-441.888092	1.000000
0.000000	-4230.799805	3458.710938	1.000000
0.000000	-723.345581	279.315521	1.000000
0.000000	-71.917343	-78.892731	1.000000
0.617399	-75.554695	-43.554558	1.000000
0.000000	6857.909668	6299.510742	1.000000
0.000000	-768.191956	1847.999878	1.000000
0.000000	131.744629	1499.700439	1.000000
0.000000	-3289.404541	-11800.993164	1.000000
0.000000	128.426941	-110.752197	1.000000
0.000000	-20.536827	-82.624275	1.000000
0.000000	-55.063946	124.205200	1.000000
0.000000	29405522.000000	-21550876.000000	1.000000
0.000000	-404.921692	1552.332153	1.000000
0.000000	620.337402	380.714813	1.000000
0.000000	1808.641968	26402.033203	1.000000
0.000000	3192.899902	-1477.311768	1.000000
0.000000	7.325328	-92.329987	1.000000
0.000000	60.309658	-204.516235	1.000000
0.000000	5501.007324	-2753.458984	1.000000
0.000000	400979.375000	-1051564.750000	1.000000
0.000000	40367.867188	142668.937500	1.000000
0.000000	899154304.000000	-490293056.000000	1.000000
0.000000	5237.989258	-14728.589844	1.000000
0.000000	-11819835.000000	-661542.562500	1.000000
0.000000	10516.276367	-15277.922852	1.000000
0.000000	36.134426	-179.054077	1.000000
0.000000	-127.490997	-643.859680	1.000000
0.000000	-694.371582	928.702393	1.000000
0.000000	424570.812500	2538.335205	1.000000
0.000000	-9157.626953	10684.254883	1.000000
0.000000	11.650242	585.376404	1.000000
0.000000	49.383327	-93.947952	1.000000
0.000000	3403.065918	-13095.061523	1.000000
0.000000	-935690816.000000	516809408.000000	1.000000
0.000000	1333545.500000	80062.703125	1.000000
0.000000	370495.562500	-121701.843750	1.000000
0.000000	282711.375000	227335.187500	1.000000
0.000000	25076.154297	-23227.996094	1.000000
0.000000	2203343.750000	933906.312500	1.000000
0.000000	-52.090382	57.038273	1.000000
0.000000	277.270721	11.253508	1.000000
0.000000	-3288.876221	-521.607666	1.000000
0.000000	-1648.092896	1524.595093	1.000000
0.000000	8.416136	104.835548	1.000000
0.000000	62.292042	142.741180	1.000000
0.000000	-1023.481567	1152.221069	1.000000
0.000000	746.379944	-81.585159	1.000000
0.000000	190.593216	-375.745941	1.000000
0.000000	-4355021.000000	2416277.250000	1.000000
0.000000	935.459351	513.443909	1.000000
0.000000	70.395569	-88025.171875	1.000000
0.000000	1711789.125000	-2028472.500000	1.000000
0.000000	775.254639	-1705.986816	1.000000
0.000000	-426.028442	-5189.995605	1.000000
0.000000	691415.187500	-227252.687500	1.000000
0.000000	12310197.000000	-6573529.500000	1.000000
0.000000	-21898.583984	-21313.546875	1.000000
0.000000	170487.671875	-24409.820312	1.000000
0.000000	110.899033	10.306299	1.000000
0.000000	97.458359	23.353014	1.000000
0.000000	815.574280	-1738.656494	1.000000
0.000000	-16.595060	-90.416588	1.000000
0.000000	33.376617	-80.521927	1.000000
0.000000	-824.843140	876.356995	1.000000
0.000000	-14.682808	-3161.794189	1.000000
0.000000	-53661.734375	119833.890625	1.000000
0.106734	21.795984	59.536011	1.000000
0.000000	-155.320847	-25.044540	1.000000
0.000000	-328.166718	-1132.419312	1.000000
0.000000	-64788.660156	15651.996094	1.000000
0.000000	2373.696533	590.005920	1.000000
0.000000	55623.222656	149455.546875	1.000000
0.000000	-13037.407227	6666.791992	1.000000
0.000000	-41620.550781	-29905.449219	1.000000
0.000000	-8624.461914	13695.162109	1.000000
0.000000	120.623756	252.973419	1.000000
0.000000	-158.013260	30.383688	1.000000
0.000000	1404.706299	3322.239990	1.000000
0.000000	430.510529	-360.493195	1.000000
0.000000	2057.612061	280.785858	1.000000
0.000000	525.647217	-331.203369	1.000000
0.000000	14035.949219	-14034.289062	1.000000
0.000000	-121.479721	-25.406288	1.000000
0.000000	-1087.071533	1718.313843	1.000000
0.000000	80.482025	108.666183	1.000000
0.000000	-13545.874023	-2936.582764	1.000000
0.000000	-28531.566406	-61347.375000	1.000000
0.000000	1583.149170	7875.670898	1.000000
0.000000	-2659.759277	2015.468262	1.000000
0.000000	-101.849792	-63.816795	1.000000
0.000000	207.850357	369.247559	1.000000
0.000000	-3958.985596	-16202.204102	1.000000
0.000000	557.256287	-87.892555	1.000000
0.000000	-8565.160156	12915.574219	1.000000
0.000000	-961.453125	-2970.606934	1.000000
0.000000	966.154480	354.136200	1.000000
0.000000	73.587479	-207.434082	1.000000
0.000000	-5862.729004	-20545.396484	1.000000
0.000000	-9.633013	-103.610062	1.000000
0.000000	22574.785156	-24383.189453	1.000000
0.000000	-151.507065	-13.352882	1.000000
0.000000	-3300464.250000	1376390.750000	1.000000
0.000000	-17911.857422	-1054.807739	1.000000
0.000000	34.972054	377.276367	1.000000
0.033662	84.816727	-135.160446	1.000000
0.000000	6613.272949	2913.306641	1.000000
0.000000	-26341.787109	-23434.207031	1.000000
0.000000	-586712.625000	317323.593750	1.000000
0.000000	-108536.234375	249293.703125	1.000000
0.000000	38251.039062	-56191.003906	1.000000
0.000000	456.433807	-1552.422974	1.000000
0.000000	14.596939	-26.851906	1.000000
0.000000	-169.294586	-641.124512	1.000000
0.000000	-326.974487	466.493500	1.000000
0.000000	4112436.000000	2116301.500000	1.000000
0.000000	-47.359055	167.103653	1.000000
0.000000	-45188.597656	75751.843750	1.000000
0.000000	503.833984	1597.073242	1.000000
0.000000	4616.336426	12620.432617	1.000000
0.000000	641.308533	1829.828125	1.000000
0.000000	-43941.425781	2203.207764	1.000000
0.000000	245935.328125	-842228.687500	1.000000
0.000000	-24.234156	-46.317780	1.000000
0.000000	226.429474	-145.417770	1.000000
0.000000	-33068.777344	-139797.015625	1.000000
0.000000	-14263.223633	-13774.062500	1.000000
0.000000	-158.992325	-70.864174	1.000000
0.000000	-323318.906250	730136.875000	1.000000
0.000000	-31553.910156	-19784.804688	1.000000
0.000000	-221.712479	-982.995239	1.000000
0.033662	87.289978	-140.456833	1.000000
0.000000	-3842.924316	-12709.771484	1.000000
0.000000	27.452030	-104.789108	1.000000
0.000000	3134.663086	3210.797852	1.000000
0.000000	-77.564201	381.401886	1.000000
0.000000	799458.312500	-982912.687500	1.000000
0.000000	-159.578033	370.623413	1.000000
0.000000	-3495.101807	-2027.557983	1.000000
0.000000	20.272245	2678.715088	1.000000
0.000000	-158.024963	139.616440	1.000000
0.000000	19966.427734	10347.640625	1.000000
0.000000	-149.987488	623.870056	1.000000
0.000000	-3149.120605	-1842.553833	1.000000
0.000000	65029.871094	112448.976562	1.000000
0.000000	98.574829	62.586403	1.000000
0.000000	484892.843750	100596.953125	1.000000
0.000000	-77.759010	75.080208	1.000000
0.000000	80.377663	65.175682	1.000000
0.000000	280.694794	-108.612793	1.000000
0.000000	-62.830181	-81.429970	1.000000
0.000000	-52511.699219	-3217.309814	1.000000
0.000000	11277.043945	1184.224976	1.000000
0.000000	-139.568893	36.783798	1.000000
0.000000	-130.095444	1935.158203	1.000000
0.000000	-7861.684082	-92929.390625	1.000000
0.000000	-429.127350	1293.847900	1.000000
0.000000	105.323090	128.789108	1.000000
0.000000	105.722740	-10.947544	1.000000
0.000000	46.836433	109.335846	1.000000
0.000000	-42716.628906	-77864.882812	1.000000
0.000000	483.114838	-945.437134	1.000000
0.000000	-135.649689	126.544434	1.000000
0.000000	16.815990	-398.832794	1.000000
0.000000	-437.869995	480.545776	1.000000
0.000000	230.619553	231.604523	1.000000
0.000000	161.195740	774.329224	1.000000
0.617399	-71.508408	-45.217281	1.000000
0.000000	53.923584	377.205719	1.000000
0.000000	-10764.217773	571.998962	1.000000
0.000000	28171368.000000	16549397.000000	1.000000
0.000000	147.168991	-462.039948	1.000000
0.000000	-32867.007812	266919.687500	1.000000
0.000000	3.461673	14.007778	1.000000
0.000000	1286.101074	2805.020020	1.000000
0.000000	4773.846191	10623.844727	1.000000
0.000000	-48766.078125	-126250.796875	1.000000
0.000000	263.379608	-401.214691	1.000000
0.000000	1929694.125000	165081.234375	1.000000
0.000000	-180334.296875	-177937.812500	1.000000
0.000000	-70024.257812	13872.690430	1.000000
0.000000	123.424431	67.939758	1.000000
0.000000	-131035.687500	14733.787109	1.000000
0.000000	-858.884338	126.705818	1.000000
0.000000	-1176.894653	1187.019653	1.000000
0.000000	-1124.806885	938.233276	1.000000
0.000000	49204.011719	57331.687500	1.000000
0.000000	84062.757812	3826.114990	1.000000
0.000000	829.632629	-475.456421	1.000000
0.000000	-141.542694	-164.308182	1.000000
0.000000	-1589278.625000	-1200867.375000	1.000000
0.000000	-40.834755	72.500221	1.000000
0.000000	2590553.750000	19149.703125	1.000000
0.000000	53.359322	36.516537	1.000000
0.000000	-10307.453125	12996.494141	1.000000
0.000000	1826645.375000	135538.484375	1.000000
0.000000	-1592.555298	552.875488	1.000000
0.000000	34.167309	0.347315	1.000000
0.000000	148.778763	100.850128	1.000000
0.000000	642.682556	1108.117310	1.000000
0.000000	-10452.012695	7239.195801	1.000000
0.000000	-133.699844	112.542862	1.000000
0.000000	27324.408203	25649.816406	1.000000
0.000000	-103.948456	127.448174	1.000000
0.000000	262.015350	254.413605	1.000000
0.000000	192.128723	-9111.275391	1.000000
0.000000	-5358.177246	9768.632812	1.000000
0.000000	458999.968750	25764.535156	1.000000
0.000000	-786.510437	1015.233398	1.000000
0.000000	1980.338867	-5405.959473	1.000000
0.000000	3482.300293	-1844.964111	1.000000
0.000000	6.793383	-132.746643	1.000000
0.000000	14.581036	52.780647	1.000000
0.000000	1071.623291	-518.616577	1.000000
0.000000	1179.539917	11974.536133	1.000000
0.000000	18280.132812	-23737.537109	1.000000
0.000000	75.132767	1.133225	1.000000
0.000000	-20.834444	32.981682	1.000000
0.000000	1350.968018	1037.908936	1.000000
0.000000	165.151199	-39.375828	1.000000
0.000000	66.280762	-69.915039	1.000000
0.000000	-1670.363281	57.481071	1.000000
0.000000	75082.296875	-7435.092773	1.000000
0.000000	16.012035	164.774841	1.000000
0.000000	-457.020264	-720.712036	1.000000
0.000000	1194.343994	-9846.521484	1.000000
0.000000	117.373726	96.490967	1.000000
0.000000	48.305607	58.794865	1.000000
0.000000	-3976.484619	-4825.681152	1.000000
0.000000	268.499115	191.966354	1.000000
0.000000	-1829.126343	-2820.135986	1.000000
0.000000	-94.150330	50.517986	1.000000
0.000000	22204.796875	38838.632812	1.000000
0.000000	103.149696	-22.139591	1.000000
0.000000	635.007996	-554.096497	1.000000
0.000000	1036.565674	574.566345	1.000000
0.000000	-309.365143	384.170471	1.000000
0.000000	-16.324528	-120.877861	1.000000
0.000000	9456.901367	5059.387207	1.000000
0.000000	-92796.015625	-330057.718750	1.000000
0.000000	7735.788574	16939.363281	1.000000
0.000000	48.497192	5.960803	1.000000
0.000000	3317.094482	-1150.248901	1.000000
0.000000	-423503.937500	-81753.171875	1.000000
0.000000	-44105600.000000	-10494824.000000	1.000000
0.000000	5910.426758	-4807.724121	1.000000
0.000000	-192.785431	-76.415329	1.000000
0.000000	805.813477	-1815.841431	1.000000
0.000000	6049.567383	512.796997	1.000000
0.000000	-27.780596	-6.004909	1.000000
0.000000	-232.139740	1028.923706	1.000000
0.000000	-18819.236328	318.568726	1.000000
0.000000	-376.377136	-149.993210	1.000000
0.000000	265.490967	-98.517838	1.000000
0.000000	14313.941406	-11137.502930	1.000000
