0.000000	31654.164062	455665.625000	1.000000
0.000000	214927.312500	175037.203125	1.000000
0.000000	1153.117432	-12555.002930	1.000000
0.000000	-744.818420	651.966370	1.000000
0.000000	16906.076172	27620.765625	1.000000
0.000000	-13912.290039	805.122498	1.000000
0.000000	-883.436951	-2356.600342	1.000000
0.000000	-594995.562500	1523932.125000	1.000000
0.000000	3459.138428	-2394.399414	1.000000
0.000000	9292453.000000	3386659.750000	1.000000
0.000000	78697400.000000	19959642.000000	1.000000
0.000000	-62.360226	-127.174561	1.000000
0.000000	-190.463470	-97.863060	1.000000
0.000000	100.683525	-23.125114	1.000000
0.000000	-73337376.000000	-31090268.000000	1.000000
0.000000	542.959778	-4626.519043	1.000000
0.000000	322.903320	-194.242661	1.000000
0.000000	-6056.155762	7616.201172	1.000000
0.000000	-987.861755	437.373566	1.000000
0.000000	-227.729660	79.929131	1.000000
0.000000	874.426086	7794.030273	1.000000
0.000000	10047.929688	84934.601562	1.000000
0.000000	-5.004255	605.865356	1.000000
0.000000	70.303864	240.769653	1.000000
0.000000	-207255.953125	-53181.191406	1.000000
0.000000	195.216095	-76.143066	1.000000
0.000000	10392.077148	35600.597656	1.000000
0.000000	-3712.368896	11623.111328	1.000000
0.000000	216.948532	-73.455482	1.000000
0.000000	-61692.773438	-273296.843750	1.000000
0.000000	5303.713867	-9079.148438	1.000000
0.000000	4667.624023	852.402710	1.000000
0.000000	-62.127529	377.421295	1.000000
0.000000	-376.546631	-356.885651	1.000000
0.000000	-68.754379	103.767288	1.000000
0.000000	4663.294922	2690.052002	1.000000
0.000000	213.814209	13.282019	1.000000
0.000000	-5569.893066	-1366.809937	1.000000
0.000000	-246347.328125	-73527.031250	1.000000
0.000000	-46907.761719	-6027.785645	1.000000
0.000000	297.209442	-50.162132	1.000000
0.000000	412.641968	192.518372	1.000000
0.000000	2.461977	20.126236	1.000000
0.000000	12.120430	57.812508	1.000000
0.000000	20.322964	17.759121	1.000000
0.000000	-477.506439	-476.609467	1.000000
0.000000	-4261.561523	3480.134277	1.000000
0.000000	-702.059570	248.439346	1.000000
0.000000	-62.356468	-42.920536	1.000000
0.000000	-38.167629	-37.934887	1.000000
0.000000	6820.556152	6303.539062	1.000000
0.000000	-747.729919	1879.402466	1.000000
0.000000	153.053528	1530.553711	1.000000
0.000000	-3267.614990	-11831.754883	1.000000
0.000000	93.791466	-125.131699	1.000000
0.000000	-21.463799	-45.134869	1.000000
0.000000	-92.542664	125.504105	1.000000
0.000000	29405522.000000	-21550876.000000	1.000000
0.000000	-374.709290	1530.176392	1.000000
0.000000	645.010864	352.493683	1.000000
0.000000	1827.959595	26434.259766	1.000000
0.000000	3178.617676	-1442.613281	1.000000
0.000000	27.056385	-60.441021	1.000000
0.000000	40.076504	-172.941986	1.000000
0.000000	5524.078613	-2723.979004	1.000000
0.000000	400955.937500	-1051564.750000	1.000000
0.000000	40400.093750	142692.375000	1.000000
0.000000	899154304.000000	-490293056.000000	1.000000
0.000000	5262.159180	-14700.025391	1.000000
0.000000	-11819835.000000	-661589.437500	1.000000
0.000000	10497.233398	-15310.149414	1.000000
0.000000	47.212307	-143.222626	1.000000
0.000000	-99.189758	-619.277771	1.000000
0.000000	-731.862427	929.984131	1.000000
0.000000	424617.687500	2547.673584	1.000000
0.000000	-9121.005859	10693.043945	1.000000
0.000000	48.051037	594.394348	1.000000
0.000000	52.667782	-56.593868	1.000000
0.000000	3399.403809	-13057.708008	1.000000
0.000000	-935690816.000000	516809408.000000	1.000000
0.000000	1333545.500000	80027.546875	1.000000
0.000000	370448.687500	-121695.984375	1.000000
0.000000	282758.250000	227323.468750	1.000000
0.000000	25109.845703	-23245.574219	1.000000
0.000000	2203343.750000	933953.187500	1.000000
0.000000	-32.340740	25.160755	1.000000
0.000000	313.868927	19.431326	1.000000
0.000000	-3312.313721	-550.904541	1.000000
0.000000	-1643.698364	1487.333130	1.000000
0.000000	-8.875093	71.561852	1.000000
0.000000	71.927460	178.984619	1.000000
0.000000	-987.318237	1162.108765	1.000000
0.000000	714.702698	-61.506142	1.000000
0.000000	182.250473	-412.298370	1.000000
0.000000	-4355021.000000	2416277.250000	1.000000
0.000000	903.003906	494.650940	1.000000
0.000000	107.096771	-88019.312500	1.000000
0.000000	1711789.125000	-2028472.500000	1.000000
0.000000	768.250854	-1742.791016	1.000000
0.000000	-456.858826	-5168.755371	1.000000
0.000000	691415.187500	-227217.531250	1.000000
0.000000	12310197.000000	-6573529.500000	1.000000
0.000000	-21889.794922	-21276.925781	1.000000
0.000000	170452.515625	-24387.847656	1.000000
0.000000	127.035202	-23.543758	1.000000
0.000000	61.580940	34.257507	1.000000
0.000000	851.874939	-1729.318115	1.000000
0.000000	8.076782	-62.178104	1.000000
0.000000	19.728252	-45.594555	1.000000
0.000000	-814.085693	840.422546	1.000000
0.000000	21.673077	-3170.949463	1.000000
0.000000	-53623.648438	119833.890625	1.000000
0.000000	8.558588	24.431335	1.000000
0.000000	-119.043076	-34.544186	1.000000
0.000000	-364.238495	-1142.673218	1.000000
0.000000	-64820.886719	15672.503906	1.000000
0.000000	2362.527100	554.208801	1.000000
0.000000	55593.925781	149432.109375	1.000000
0.000000	-13001.518555	6678.510742	1.000000
0.000000	-41591.253906	-29927.421875	1.000000
0.000000	-8655.223633	13673.921875	1.000000
0.000000	86.743523	236.894470	1.000000
0.000000	-129.199799	5.831316	1.000000
0.000000	1377.698242	3348.240967	1.000000
0.000000	394.301422	-350.719940	1.000000
0.000000	2081.781982	309.533417	1.000000
0.000000	518.322998	-294.422058	1.000000
0.000000	14044.005859	-13997.667969	1.000000
0.000000	-89.499207	-5.821156	1.000000
0.000000	-1072.880859	1753.012329	1.000000
0.000000	53.679966	82.436325	1.000000
0.000000	-13582.495117	-2928.343018	1.000000
0.000000	-28508.128906	-61318.078125	1.000000
0.000000	1562.641357	7844.176758	1.000000
0.000000	-2682.647461	2045.131348	1.000000
0.000000	-136.163544	-48.687706	1.000000
0.000000	232.649704	397.377136	1.000000
0.000000	-3982.789307	-16231.500977	1.000000
0.000000	521.230286	-98.358177	1.000000
0.000000	-8527.806641	12912.644531	1.000000
0.000000	-972.759888	-2934.901367	1.000000
0.000000	970.228577	316.851349	1.000000
0.000000	36.941383	-199.480438	1.000000
0.000000	-5899.716309	-20551.255859	1.000000
0.000000	-11.605688	-66.159271	1.000000
0.000000	22585.039062	-24346.568359	1.000000
0.000000	-127.425446	13.525503	1.000000
0.000000	-3300464.250000	1376390.750000	1.000000
0.000000	-17898.673828	-1019.834595	1.000000
0.000000	50.685623	344.073059	1.000000
0.028562	72.693367	-100.286911	1.000000
0.000000	6601.187988	2948.829102	1.000000
0.000000	-26376.943359	-23445.925781	1.000000
0.000000	-586712.625000	317300.156250	1.000000
0.000000	-108536.234375	249328.859375	1.000000
0.000000	38289.125000	-56191.003906	1.000000
0.000000	432.172333	-1523.858521	1.000000
0.000000	-3.417546	-59.742226	1.000000
0.000000	-160.722961	-677.608276	1.000000
0.000000	-316.743469	430.421722	1.000000
0.000000	4112436.000000	2116301.500000	1.000000
0.000000	-84.118774	159.699326	1.000000
0.000000	-45173.949219	75716.687500	1.000000
0.000000	470.028137	1580.868408	1.000000
0.000000	4580.081543	12629.954102	1.000000
0.000000	645.016418	1867.181641	1.000000
0.000000	-43915.058594	2175.741943	1.000000
0.000000	245970.484375	-842228.687500	1.000000
0.000000	9.689922	-30.336105	1.000000
0.000000	189.041626	-148.313126	1.000000
0.000000	-33083.425781	-139761.859375	1.000000
0.000000	-14250.772461	-13809.218750	1.000000
0.000000	-121.536804	-68.964455	1.000000
0.000000	-323272.031250	730136.875000	1.000000
0.000000	-31586.136719	-19803.847656	1.000000
0.000000	-187.815079	-966.973511	1.000000
0.028562	76.779922	-103.870544	1.000000
0.000000	-3878.812988	-12698.785156	1.000000
0.000000	16.607323	-68.888992	1.000000
0.000000	3123.493652	3246.503418	1.000000
0.000000	-95.365303	414.370087	1.000000
0.000000	799505.187500	-982912.687500	1.000000
0.000000	-122.602165	364.374939	1.000000
0.000000	-3530.990479	-2016.937866	1.000000
0.000000	28.152933	2642.093994	1.000000
0.000000	-131.566223	113.035034	1.000000
0.000000	19985.470703	10315.414062	1.000000
0.000000	-186.951904	630.187195	1.000000
0.000000	-3113.415039	-1830.835083	1.000000
0.000000	65018.152344	112413.820312	1.000000
0.000000	71.729141	35.025070	1.000000
0.000000	484892.843750	100561.796875	1.000000
0.000000	-50.636517	49.183865	1.000000
0.000000	80.045509	29.911314	1.000000
0.000000	274.263214	-145.554321	1.000000
0.000000	-25.405392	-79.043877	1.000000
0.000000	-52526.347656	-3251.367432	1.000000
0.000000	11257.268555	1152.364624	1.000000
0.000000	-149.765579	72.872742	1.000000
0.000000	-151.987991	1965.645264	1.000000
0.000000	-7859.853027	-92894.234375	1.000000
0.000000	-406.674042	1323.877197	1.000000
0.000000	130.099548	100.636650	1.000000
0.000000	69.879845	0.078903	1.000000
0.953307	44.556957	71.825966	1.000000
0.000000	-42687.332031	-77888.320312	1.000000
0.000000	512.434265	-922.045410	1.000000
0.000000	-155.173309	94.523865	1.000000
0.000000	33.595890	-432.363983	1.000000
0.000000	-434.436768	443.192261	1.000000
0.000000	204.412582	258.429474	1.000000
0.000000	152.280792	737.891235	1.000000
0.000000	-55.958546	-75.656631	1.000000
0.000000	23.776178	354.171448	1.000000
0.000000	-10726.864258	574.745544	1.000000
0.000000	28171368.000000	16549397.000000	1.000000
0.000000	121.887604	-434.345245	1.000000
0.000000	-32881.656250	266943.125000	1.000000
0.000000	40.949654	14.960499	1.000000
0.000000	1254.881592	2825.710938	1.000000
0.000000	4810.467285	10615.055664	1.000000
0.000000	-48804.164062	-126250.796875	1.000000
0.000000	296.292816	-383.270355	1.000000
0.000000	1929694.125000	165057.796875	1.000000
0.000000	-180369.453125	-177937.812500	1.000000
0.000000	-69994.960938	13893.930664	1.000000
0.000000	100.879570	97.906113	1.000000
0.000000	-131023.968750	14697.898438	1.000000
0.000000	-825.421814	109.745674	1.000000
0.000000	-1153.365601	1216.224976	1.000000
0.000000	-1115.102295	902.024170	1.000000
0.000000	49195.222656	57296.531250	1.000000
0.000000	84092.054688	3848.636963	1.000000
0.000000	793.881287	-486.854736	1.000000
0.000000	-108.206055	-147.130600	1.000000
0.000000	-1589278.625000	-1200867.375000	1.000000
0.000000	-4.654066	62.641140	1.000000
0.000000	2590553.750000	19116.011719	1.000000
0.953307	40.558258	71.745804	1.000000
0.000000	-10285.480469	12965.732422	1.000000
0.000000	1826645.375000	135561.921875	1.000000
0.000000	-1596.858276	515.613525	1.000000
0.000000	-2.386919	-8.021109	1.000000
0.000000	117.584084	121.666931	1.000000
0.000000	672.620300	1130.730835	1.000000
0.000000	-10426.377930	7211.729980	1.000000
0.000000	-96.941429	105.121368	1.000000
0.000000	27322.943359	25611.730469	1.000000
0.000000	-131.322723	101.819130	1.000000
0.000000	260.321625	216.957092	1.000000
0.000000	228.612488	-9120.064453	1.000000
0.000000	-5320.823730	9767.900391	1.000000
0.000000	458976.531250	25792.367188	1.000000
0.000000	-751.354187	1002.232910	1.000000
0.000000	1950.218018	-5428.298340	1.000000
0.000000	3481.567871	-1807.427490	1.000000
0.000000	-13.718515	-164.137787	1.000000
0.000000	-17.470448	32.880432	1.000000
0.000000	1087.736572	-484.769440	1.000000
0.000000	1175.236938	12011.889648	1.000000
0.000000	18316.753906	-23730.212891	1.000000
0.000000	37.731468	3.859244	1.000000
0.000000	-22.934435	70.423401	1.000000
0.000000	1382.095947	1017.019653	1.000000
0.000000	127.660408	-38.417385	1.000000
0.000000	60.268665	-106.930954	1.000000
0.000000	-1706.068848	46.045563	1.000000
0.000000	75047.140625	-7439.121094	1.000000
0.000000	6.028495	128.622955	1.000000
0.000000	-494.511108	-720.712036	1.000000
0.000000	1196.724365	-9883.875000	1.000000
0.000000	94.697258	66.621887	1.000000
0.699685	19.940781	34.489273	1.000000
0.000000	-3993.696533	-4859.006348	1.000000
0.000000	231.504242	185.855209	1.000000
0.000000	-1799.005493	-2797.797119	1.000000
0.000000	-109.954620	16.511868	1.000000
0.000000	22198.937500	38800.546875	1.000000
0.000000	65.647408	-22.262615	1.000000
0.000000	597.517151	-554.737366	1.000000
0.000000	1004.156006	555.706482	1.000000
0.000000	-307.808746	346.702515	1.000000
0.000000	-39.978516	-91.781258	1.000000
0.000000	9437.858398	5091.613770	1.000000
0.000000	-92813.593750	-330034.281250	1.000000
0.000000	7698.435059	16937.898438	1.000000
0.699685	24.067083	34.665237	1.000000
0.000000	3304.826416	-1185.679810	1.000000
0.000000	-423527.375000	-81723.875000	1.000000
0.000000	-44105600.000000	-10494824.000000	1.000000
0.000000	5893.581055	-4841.049316	1.000000
0.000000	-178.548981	-111.108093	1.000000
0.000000	772.946045	-1833.877319	1.000000
0.000000	6078.864258	536.097168	1.000000
0.000000	7.030943	7.937826	1.000000
0.000000	-194.683228	1030.754761	1.000000
0.000000	-18825.095703	355.601807	1.000000
0.000000	-338.886292	-148.951797	1.000000
0.000000	261.210876	-61.261597	1.000000
0.000000	14279.517578	-11152.151367	1.000000
