0.000000	31662.132812	455658.125000	1.000000
0.000000	214923.562500	175025.953125	1.000000
0.000000	1151.330322	-12543.049805	1.000000
0.000000	-756.815491	652.142151	1.000000
0.000000	16907.013672	27632.953125	1.000000
0.000000	-13924.008789	807.832458	1.000000
0.000000	-894.203552	-2351.326904	1.000000
0.000000	-594980.562500	1523932.125000	1.000000
0.000000	3452.986084	-2404.711914	1.000000
0.000000	9292453.000000	3386659.750000	1.000000
0.000000	78697400.000000	19959642.000000	1.000000
0.000000	-50.778805	-124.030640	1.000000
0.000000	-184.783539	-108.433739	1.000000
0.000000	101.124809	-11.133173	1.000000
0.000000	-73337376.000000	-31090268.000000	1.000000
0.000000	532.515442	-4632.378418	1.000000
0.000000	320.090820	-182.578842	1.000000
0.000000	-6049.944824	7605.888672	1.000000
0.000000	-987.891052	449.370636	1.000000
0.000000	-223.609787	68.657158	1.000000
0.000000	871.847961	7782.311523	1.000000
0.000000	10037.148438	84928.976562	1.000000
0.000000	-2.682822	594.088013	1.000000
0.000000	61.470592	248.892212	1.000000
0.000000	-207263.453125	-53172.753906	1.000000
0.000000	183.251984	-77.082397	1.000000
0.000000	10392.311523	35612.785156	1.000000
0.000000	-3700.591553	11625.455078	1.000000
0.000000	206.460251	-67.625404	1.000000
0.000000	-61704.960938	-273296.843750	1.000000
0.000000	5310.862305	-9088.757812	1.000000
0.000000	4656.022461	849.443726	1.000000
0.000000	-51.061550	372.777740	1.000000
0.000000	-367.764893	-365.066803	1.000000
0.000000	-59.375717	111.252640	1.000000
0.000000	4652.396484	2685.071533	1.000000
0.000000	224.972656	17.692572	1.000000
0.000000	-5560.635254	-1359.222046	1.000000
0.000000	-246351.078125	-73515.781250	1.000000
0.000000	-46917.136719	-6020.520020	1.000000
0.000000	287.958954	-57.803123	1.000000
0.000000	405.705933	202.310852	1.000000
0.191156	2.615720	8.217645	1.000000
0.000000	17.526619	68.526009	1.000000
0.858747	18.493002	6.252272	1.000000
0.000000	-472.980072	-487.720306	1.000000
0.000000	-4271.405273	3486.989746	1.000000
0.000000	-695.248047	238.558975	1.000000
0.000000	-59.715172	-31.214605	1.000000
0.655590	-26.403151	-35.458473	1.000000
0.000000	6808.603027	6304.828125	1.000000
0.000000	-741.182068	1889.451294	1.000000
0.000000	159.872375	1540.426758	1.000000
0.000000	-3260.642334	-11841.598633	1.000000
0.000000	82.708092	-129.733826	1.000000
0.655590	-21.781462	-33.146820	1.000000
0.000000	-104.536072	125.919754	1.000000
0.000000	29405522.000000	-21550876.000000	1.000000
0.000000	-365.041321	1523.086548	1.000000
0.000000	652.906372	343.462921	1.000000
0.000000	1834.141235	26444.572266	1.000000
0.000000	3174.047363	-1431.509766	1.000000
0.000000	33.370419	-50.236553	1.000000
0.000000	33.601894	-162.838226	1.000000
0.000000	5531.461426	-2714.545410	1.000000
0.000000	400948.437500	-1051564.750000	1.000000
0.000000	40410.406250	142699.875000	1.000000
0.000000	899154304.000000	-490293056.000000	1.000000
0.000000	5269.893555	-14690.884766	1.000000
0.000000	-11819835.000000	-661604.437500	1.000000
0.000000	10491.139648	-15320.461914	1.000000
0.000000	50.757229	-131.756561	1.000000
0.000000	-90.133362	-611.411560	1.000000
0.000000	-743.859497	930.394287	1.000000
0.000000	424632.687500	2550.661865	1.000000
0.000000	-9109.287109	10695.856445	1.000000
0.000000	59.699291	597.280090	1.000000
0.000000	53.718807	-44.639828	1.000000
0.000000	3398.231934	-13045.754883	1.000000
0.000000	-935690816.000000	516809408.000000	1.000000
0.000000	1333545.500000	80016.296875	1.000000
0.000000	370433.687500	-121694.109375	1.000000
0.000000	282773.250000	227319.718750	1.000000
0.000000	25120.626953	-23251.199219	1.000000
0.000000	2203343.750000	933968.187500	1.000000
0.000000	-26.020420	14.959950	1.000000
0.000000	325.580353	22.048361	1.000000
0.000000	-3319.813721	-560.279541	1.000000
0.000000	-1642.292114	1475.409302	1.000000
0.000000	-14.408312	60.914001	1.000000
0.000000	75.010956	190.582520	1.000000
0.000000	-975.745972	1165.272827	1.000000
0.000000	704.565979	-55.080055	1.000000
0.000000	179.580795	-423.995148	1.000000
0.000000	-4355021.000000	2416277.250000	1.000000
0.000000	892.618164	488.637756	1.000000
0.000000	118.841156	-88017.437500	1.000000
0.000000	1711789.125000	-2028472.500000	1.000000
0.000000	766.009644	-1754.568359	1.000000
0.000000	-466.724548	-5161.958496	1.000000
0.000000	691415.187500	-227206.281250	1.000000
0.000000	12310197.000000	-6573529.500000	1.000000
0.000000	-21886.982422	-21265.207031	1.000000
0.000000	170441.265625	-24380.816406	1.000000
0.000000	132.198776	-34.375721	1.000000
0.000000	50.099312	37.746582	1.000000
0.000000	863.491150	-1726.329834	1.000000
0.426430	15.800221	-53.661583	1.000000
0.000000	15.360763	-34.417797	1.000000
0.000000	-810.643311	828.923523	1.000000
0.000000	33.307091	-3173.879150	1.000000
0.000000	-53611.460938	119833.890625	1.000000
0.191156	4.270477	13.115224	1.000000
0.000000	-107.434189	-37.583736	1.000000
0.000000	-375.781464	-1145.954468	1.000000
0.000000	-64831.199219	15679.066406	1.000000
0.000000	2358.952881	542.753723	1.000000
0.000000	55584.550781	149424.609375	1.000000
0.000000	-12990.034180	6682.260742	1.000000
0.000000	-41581.878906	-29934.453125	1.000000
0.000000	-8665.067383	13667.125000	1.000000
0.000000	75.901848	231.749207	1.000000
0.000000	-120.363129	-2.287164	1.000000
0.000000	1369.055664	3356.561279	1.000000
0.000000	382.714508	-347.592499	1.000000
0.000000	2089.516357	318.732635	1.000000
0.000000	515.979248	-282.652039	1.000000
0.000000	14046.583984	-13985.949219	1.000000
0.000000	-79.265442	0.446057	1.000000
0.000000	-1068.339844	1764.115845	1.000000
0.000000	45.103306	74.042770	1.000000
0.000000	-13594.213867	-2925.706299	1.000000
0.000000	-28500.628906	-61308.703125	1.000000
0.000000	1556.078857	7834.098633	1.000000
0.000000	-2689.971680	2054.623535	1.000000
0.000000	-147.142548	-43.846397	1.000000
0.000000	240.585495	406.378601	1.000000
0.000000	-3990.406494	-16240.875977	1.000000
0.000000	509.703400	-101.707176	1.000000
0.000000	-8515.853516	12911.707031	1.000000
0.000000	-976.378052	-2923.475586	1.000000
0.000000	971.532288	304.920197	1.000000
0.000000	25.214394	-196.935272	1.000000
0.000000	-5911.552246	-20553.130859	1.000000
0.000000	-12.236944	-54.175770	1.000000
0.000000	22588.320312	-24334.849609	1.000000
0.000000	-119.335846	22.388266	1.000000
0.000000	-3300464.250000	1376390.750000	1.000000
0.000000	-17894.455078	-1008.643188	1.000000
0.000000	55.732925	333.189270	1.000000
0.026196	68.904243	-89.136391	1.000000
0.000000	6597.320801	2960.196289	1.000000
0.000000	-26388.193359	-23449.675781	1.000000
0.000000	-586712.625000	317292.656250	1.000000
0.000000	-108536.234375	249340.109375	1.000000
0.000000	38301.312500	-56191.003906	1.000000
0.000000	424.408661	-1514.717896	1.000000
0.000000	-9.182170	-70.267128	1.000000
0.000000	-157.980042	-689.283081	1.000000
0.000000	-313.469543	418.878754	1.000000
0.000000	4112436.000000	2116301.500000	1.000000
0.000000	-95.881470	157.329941	1.000000
0.000000	-45169.261719	75705.437500	1.000000
0.000000	459.210266	1575.682861	1.000000
0.000000	4568.479980	12633.000977	1.000000
0.000000	646.202942	1879.134766	1.000000
0.000000	-43906.621094	2166.952881	1.000000
0.000000	245981.734375	-842228.687500	1.000000
0.000000	20.545654	-25.221970	1.000000
0.000000	177.077515	-149.239639	1.000000
0.000000	-33088.113281	-139750.609375	1.000000
0.000000	-14246.788086	-13820.468750	1.000000
0.000000	-109.552551	-68.356544	1.000000
0.000000	-323257.031250	730136.875000	1.000000
0.000000	-31596.449219	-19809.941406	1.000000
0.000000	-176.967911	-961.846558	1.000000
0.026196	73.326355	-92.153801	1.000000
0.000000	-3890.297363	-12695.269531	1.000000
0.426430	13.308542	-56.880802	1.000000
0.000000	3119.919434	3257.929199	1.000000
0.000000	-101.045235	424.938934	1.000000
0.000000	799520.187500	-982912.687500	1.000000
0.000000	-110.769890	362.375427	1.000000
0.000000	-3542.474854	-2013.539429	1.000000
0.000000	30.674753	2630.375244	1.000000
0.000000	-123.100479	104.529785	1.000000
0.000000	19991.564453	10305.101562	1.000000
0.000000	-198.780518	632.208679	1.000000
0.000000	-3101.989258	-1827.085083	1.000000
0.000000	65014.402344	112402.570312	1.000000
0.000000	62.879768	26.919621	1.000000
0.000000	484892.843750	100550.546875	1.000000
0.000000	-41.957317	40.897427	1.000000
0.000000	80.197487	17.912413	1.000000
0.000000	272.205109	-157.375610	1.000000
0.000000	-13.429787	-78.280327	1.000000
0.000000	-52531.035156	-3262.265869	1.000000
0.000000	11250.940430	1142.169312	1.000000
0.000000	-153.028519	84.421204	1.000000
0.000000	-158.993607	1975.401123	1.000000
0.000000	-7859.267090	-92882.984375	1.000000
0.000000	-399.488983	1333.486572	1.000000
0.000000	138.028015	91.627861	1.000000
0.000000	58.410122	3.607402	1.000000
0.000000	42.546463	60.833057	1.000000
0.000000	-42677.957031	-77895.820312	1.000000
0.000000	521.809265	-914.560059	1.000000
0.000000	-161.420868	84.277283	1.000000
0.000000	38.965458	-443.093964	1.000000
0.000000	-433.338135	431.239136	1.000000
0.000000	196.026352	267.013458	1.000000
0.000000	149.428009	726.231079	1.000000
0.854040	-49.976997	-85.970497	1.000000
0.000000	14.110042	347.059631	1.000000
0.000000	-10714.911133	575.624451	1.000000
0.000000	28171368.000000	16549397.000000	1.000000
0.000000	113.796173	-425.482941	1.000000
0.000000	-32886.343750	266950.625000	1.000000
0.000000	52.945808	15.265369	1.000000
0.000000	1244.891357	2832.332031	1.000000
0.000000	4822.186035	10612.243164	1.000000
0.000000	-48816.351562	-126250.796875	1.000000
0.000000	306.825043	-377.528168	1.000000
0.000000	1929694.125000	165050.296875	1.000000
0.000000	-180380.703125	-177937.812500	1.000000
0.000000	-69985.585938	13900.727539	1.000000
0.000000	93.665215	107.495346	1.000000
0.000000	-131020.218750	14686.414062	1.000000
0.000000	-814.713806	104.318428	1.000000
0.000000	-1145.836304	1225.570679	1.000000
0.000000	-1111.996826	890.437256	1.000000
0.000000	49192.410156	57285.281250	1.000000
0.000000	84101.429688	3855.843994	1.000000
0.000000	782.440857	-490.502197	1.000000
0.000000	-97.538330	-141.633774	1.000000
0.000000	-1589278.625000	-1200867.375000	1.000000
0.000000	6.923808	59.486233	1.000000
0.000000	2590553.750000	19105.230469	1.000000
0.000000	37.742840	82.008568	1.000000
0.000000	-10278.449219	12955.888672	1.000000
0.000000	1826645.375000	135569.421875	1.000000
0.000000	-1598.235229	503.689697	1.000000
0.000000	-14.084335	-10.699026	1.000000
0.000000	107.603004	128.328308	1.000000
0.000000	682.200378	1137.967163	1.000000
0.000000	-10418.174805	7202.940918	1.000000
0.000000	-85.178734	102.746490	1.000000
0.000000	27322.474609	25599.542969	1.000000
0.000000	-140.082489	93.617836	1.000000
0.000000	259.779633	204.971008	1.000000
0.000000	240.287292	-9122.876953	1.000000
0.000000	-5308.870605	9767.666016	1.000000
0.000000	458969.031250	25801.273438	1.000000
0.000000	-740.104187	998.072754	1.000000
0.000000	1940.579346	-5435.446777	1.000000
0.000000	3481.333496	-1795.415771	1.000000
0.000000	-20.282389	-174.182953	1.000000
0.000000	-27.733051	26.661255	1.000000
0.000000	1092.892822	-473.936920	1.000000
0.000000	1173.859985	12023.842773	1.000000
0.000000	18328.472656	-23727.869141	1.000000
0.000000	25.763018	4.731522	1.000000
0.000000	-23.606432	82.403992	1.000000
0.000000	1392.056885	1010.325317	1.000000
0.000000	115.665169	-38.110683	1.000000
0.000000	58.345142	-118.776047	1.000000
0.000000	-1717.494629	42.386200	1.000000
0.000000	75035.890625	-7440.410156	1.000000
0.000000	2.833763	117.056091	1.000000
0.000000	-506.508179	-720.712036	1.000000
0.000000	1197.486084	-9895.828125	1.000000
0.000000	87.440788	57.064445	1.000000
0.000000	12.433661	28.485958	1.000000
0.000000	-3999.204346	-4869.670410	1.000000
0.000000	219.664642	183.899643	1.000000
0.000000	-1789.366821	-2790.648682	1.000000
0.000000	-115.011993	5.629693	1.000000
0.000000	22197.062500	38788.359375	1.000000
0.000000	53.647469	-22.301983	1.000000
0.000000	585.520081	-554.942444	1.000000
0.000000	993.784912	549.671326	1.000000
0.000000	-307.310699	334.712769	1.000000
0.854040	-47.914577	-82.761772	1.000000
0.000000	9431.764648	5101.926270	1.000000
0.000000	-92819.218750	-330026.781250	1.000000
0.000000	7686.481934	16937.429688	1.000000
0.000000	14.679369	42.076248	1.000000
0.000000	3300.900635	-1197.017700	1.000000
0.000000	-423534.875000	-81714.500000	1.000000
0.000000	-44105600.000000	-10494824.000000	1.000000
0.000000	5888.190430	-4851.713379	1.000000
0.000000	-173.993317	-122.209778	1.000000
0.000000	762.428467	-1839.648804	1.000000
0.000000	6088.239258	543.553223	1.000000
0.858747	18.508802	11.999393	1.000000
0.000000	-182.697144	1031.340698	1.000000
0.000000	-18826.970703	367.452393	1.000000
0.000000	-326.889221	-148.618546	1.000000
0.000000	259.841248	-49.339600	1.000000
0.000000	14268.501953	-11156.838867	1.000000
