0.000000	31622.289062	455695.625000	1.000000
0.000000	214942.312500	175082.203125	1.000000
0.000000	1160.265869	-12602.815430	1.000000
0.000000	-696.830139	651.263245	1.000000
0.000000	16902.326172	27572.015625	1.000000
0.000000	-13865.415039	794.282654	1.000000
0.000000	-840.370544	-2377.694092	1.000000
0.000000	-595055.562500	1523932.125000	1.000000
0.000000	3483.747803	-2353.149414	1.000000
0.000000	9292453.000000	3386659.750000	1.000000
0.000000	78697400.000000	19959642.000000	1.000000
0.000000	-108.685905	-139.743408	1.000000
0.000000	-213.183197	-55.581078	1.000000
0.000000	98.918388	-71.091766	1.000000
0.000000	-73337376.000000	-31090268.000000	1.000000
0.000000	584.737122	-4603.081543	1.000000
0.000000	334.153320	-240.897934	1.000000
0.000000	-6080.999512	7657.451172	1.000000
0.000000	-987.744568	389.385284	1.000000
0.000000	-244.209152	125.017021	1.000000
0.000000	884.738586	7840.905273	1.000000
0.000000	10091.054688	84957.101562	1.000000
0.000000	-14.289681	652.974731	1.000000
0.000000	105.635895	208.279419	1.000000
0.000000	-207225.953125	-53214.941406	1.000000
0.000000	243.072540	-72.385742	1.000000
0.000000	10391.139648	35551.847656	1.000000
0.000000	-3759.478271	11613.736328	1.000000
0.000000	258.901672	-96.775795	1.000000
0.000000	-61644.023438	-273296.843750	1.000000
0.000000	5275.120117	-9040.710938	1.000000
0.000000	4714.030273	864.238647	1.000000
0.000000	-106.439667	395.935028	1.000000
0.000000	-411.673584	-324.161041	1.000000
0.000000	-106.269028	73.825882	1.000000
0.000000	4706.888672	2709.973877	1.000000
0.000000	169.180420	-4.360195	1.000000
0.000000	-5606.924316	-1397.161499	1.000000
0.000000	-246332.328125	-73572.031250	1.000000
0.000000	-46870.261719	-6056.848145	1.000000
0.000000	334.211395	-19.598911	1.000000
0.000000	440.386108	153.348450	1.000000
0.000000	-0.302212	65.965622	1.000000
0.239095	-7.226750	17.133543	1.000000
0.104437	26.463421	64.998642	1.000000
0.000000	-495.611908	-432.166107	1.000000
0.000000	-4222.186523	3452.712402	1.000000
0.000000	-729.305664	287.960846	1.000000
0.000000	-74.289993	-89.184731	1.000000
0.000000	-85.975693	-45.688755	1.000000
0.000000	6868.368652	6298.382812	1.000000
0.000000	-773.921326	1839.207153	1.000000
0.000000	125.777534	1491.061523	1.000000
0.000000	-3295.505615	-11792.379883	1.000000
0.000000	138.123291	-106.725937	1.000000
0.000000	-20.275427	-93.116081	1.000000
0.000000	-44.570515	123.841507	1.000000
0.000000	29405522.000000	-21550876.000000	1.000000
0.000000	-413.381165	1558.535767	1.000000
0.000000	613.428833	388.616730	1.000000
0.000000	1803.233032	26393.009766	1.000000
0.000000	3196.898926	-1487.027344	1.000000
0.000000	1.800554	-101.258896	1.000000
0.000000	65.974945	-213.357025	1.000000
0.000000	5494.547363	-2761.713379	1.000000
0.000000	400985.937500	-1051564.750000	1.000000
0.000000	40358.843750	142662.375000	1.000000
0.000000	899154304.000000	-490293056.000000	1.000000
0.000000	5231.221680	-14736.587891	1.000000
0.000000	-11819835.000000	-661529.437500	1.000000
0.000000	10521.608398	-15268.899414	1.000000
0.000000	33.032619	-189.086884	1.000000
0.000000	-135.415344	-650.742615	1.000000
0.000000	-683.874146	928.343506	1.000000
0.000000	424557.687500	2535.720459	1.000000
0.000000	-9167.880859	10681.793945	1.000000
0.000000	1.458021	582.851379	1.000000
0.000000	48.463680	-104.406937	1.000000
0.000000	3404.091309	-13105.520508	1.000000
0.000000	-935690816.000000	516809408.000000	1.000000
0.000000	1333545.500000	80072.546875	1.000000
0.000000	370508.687500	-121703.484375	1.000000
0.000000	282698.250000	227338.468750	1.000000
0.000000	25066.720703	-23223.074219	1.000000
0.000000	2203343.750000	933893.187500	1.000000
0.000000	-57.620281	65.963974	1.000000
0.000000	267.023224	8.963802	1.000000
0.000000	-3282.313721	-513.404541	1.000000
0.000000	-1649.323364	1535.028442	1.000000
0.000000	13.257702	114.152184	1.000000
0.000000	59.594784	132.593018	1.000000
0.000000	-1033.607300	1149.452515	1.000000
0.000000	755.249573	-87.207184	1.000000
0.000000	192.929184	-365.511261	1.000000
0.000000	-4355021.000000	2416277.250000	1.000000
0.000000	944.546875	518.711853	1.000000
0.000000	60.119537	-88026.812500	1.000000
0.000000	1711789.125000	-2028472.500000	1.000000
0.000000	777.215698	-1695.681641	1.000000
0.000000	-417.395935	-5195.942871	1.000000
0.000000	691415.187500	-227262.531250	1.000000
0.000000	12310197.000000	-6573529.500000	1.000000
0.000000	-21901.044922	-21323.800781	1.000000
0.000000	170497.515625	-24415.972656	1.000000
0.630391	106.950302	18.178106	1.000000
0.630391	106.934608	21.905899	1.000000
0.000000	805.410095	-1741.271240	1.000000
0.000000	-23.505068	-98.328941	1.000000
0.000000	37.197800	-90.301590	1.000000
0.000000	-827.855225	886.418640	1.000000
0.000000	-24.862587	-3159.230713	1.000000
0.000000	-53672.398438	119833.890625	1.000000
0.104437	25.353868	69.721130	1.000000
0.000000	-165.478622	-22.384533	1.000000
0.000000	-318.066620	-1129.548218	1.000000
0.000000	-64779.636719	15646.253906	1.000000
0.000000	2376.823975	600.029114	1.000000
0.000000	55631.425781	149462.109375	1.000000
0.000000	-13047.456055	6663.510742	1.000000
0.000000	-41628.753906	-29899.296875	1.000000
0.000000	-8615.848633	13701.109375	1.000000
0.000000	130.109863	257.474487	1.000000
0.000000	-165.745346	37.487633	1.000000
0.000000	1412.268555	3314.959717	1.000000
0.000000	440.649078	-363.229706	1.000000
0.000000	2050.844482	272.736542	1.000000
0.000000	527.697998	-341.502136	1.000000
0.000000	14033.693359	-14044.542969	1.000000
0.000000	-130.433823	-30.890125	1.000000
0.000000	-1091.044922	1708.598267	1.000000
0.000000	87.986603	116.010544	1.000000
0.000000	-13535.620117	-2938.889893	1.000000
0.000000	-28538.128906	-61355.578125	1.000000
0.000000	1588.891357	7884.489258	1.000000
0.000000	-2653.350586	2007.162598	1.000000
0.000000	-92.241562	-68.052940	1.000000
0.000000	200.906540	361.371277	1.000000
0.000000	-3952.320557	-16194.000977	1.000000
0.000000	567.343567	-84.962181	1.000000
0.000000	-8575.619141	12916.394531	1.000000
0.000000	-958.287231	-2980.604492	1.000000
0.000000	965.013733	364.575958	1.000000
0.000000	83.847794	-209.661102	1.000000
0.000000	-5852.372559	-20543.755859	1.000000
0.000000	-9.080664	-114.096283	1.000000
0.000000	22571.914062	-24393.443359	1.000000
0.000000	-158.585464	-21.107800	1.000000
0.000000	-3300464.250000	1376390.750000	1.000000
0.000000	-17915.548828	-1064.600220	1.000000
0.000000	30.555664	386.799683	1.000000
0.000000	88.278694	-144.965088	1.000000
0.000000	6616.656738	2903.360352	1.000000
0.000000	-26331.943359	-23430.925781	1.000000
0.000000	-586712.625000	317330.156250	1.000000
0.000000	-108536.234375	249283.859375	1.000000
0.000000	38240.375000	-56191.003906	1.000000
0.000000	463.227020	-1560.421021	1.000000
0.000000	19.640980	-17.642616	1.000000
0.000000	-171.694641	-630.909058	1.000000
0.000000	-329.839172	476.593597	1.000000
0.000000	4112436.000000	2116301.500000	1.000000
0.000000	-37.065895	169.176865	1.000000
0.000000	-45192.699219	75761.687500	1.000000
0.000000	513.300476	1601.610596	1.000000
0.000000	4626.487793	12617.766602	1.000000
0.000000	640.270325	1819.369141	1.000000
0.000000	-43948.808594	2210.898193	1.000000
0.000000	245925.484375	-842228.687500	1.000000
0.000000	-33.732964	-50.792648	1.000000
0.000000	236.898071	-144.607071	1.000000
0.000000	-33064.675781	-139806.859375	1.000000
0.000000	-14266.709961	-13764.218750	1.000000
0.000000	-169.480148	-71.396095	1.000000
0.000000	-323332.031250	730136.875000	1.000000
0.000000	-31544.886719	-19779.472656	1.000000
0.000000	-231.203751	-987.481323	1.000000
0.000000	90.165451	-150.660934	1.000000
0.000000	-3832.875488	-12712.847656	1.000000
0.000000	30.488548	-114.841141	1.000000
0.000000	3137.790527	3200.800293	1.000000
0.000000	-72.594261	372.154144	1.000000
0.000000	799445.187500	-982912.687500	1.000000
0.000000	-169.931274	372.372986	1.000000
0.000000	-3485.052979	-2030.531616	1.000000
0.000000	18.065653	2688.968994	1.000000
0.000000	-165.433411	147.060135	1.000000
0.000000	19961.095703	10356.664062	1.000000
0.000000	-139.637451	622.101257	1.000000
0.000000	-3159.118164	-1845.835083	1.000000
0.000000	65033.152344	112458.820312	1.000000
0.000000	106.318130	69.679062	1.000000
0.000000	484892.843750	100606.796875	1.000000
0.000000	-85.353310	82.331642	1.000000
0.000000	80.244682	75.674721	1.000000
0.000000	282.495636	-98.269165	1.000000
0.000000	-73.246742	-82.048340	1.000000
0.000000	-52507.597656	-3207.773682	1.000000
0.000000	11282.581055	1193.145874	1.000000
0.000000	-136.713821	26.678894	1.000000
0.000000	-123.964470	1926.621826	1.000000
0.000000	-7862.196777	-92939.234375	1.000000
0.000000	-435.414276	1285.439697	1.000000
0.000000	98.385681	136.671799	1.000000
0.000000	115.758751	-14.034931	1.000000
0.000000	47.411613	119.820465	1.000000
0.000000	-42724.832031	-77858.320312	1.000000
0.000000	474.905304	-951.986816	1.000000
0.000000	-130.183075	135.510193	1.000000
0.000000	12.117619	-389.444061	1.000000
0.000000	-438.831299	491.004761	1.000000
0.000000	237.957504	224.093536	1.000000
0.000000	163.691925	784.531860	1.000000
0.000000	-76.276047	-35.963131	1.000000
0.000000	62.381454	383.428558	1.000000
0.000000	-10774.676758	571.229919	1.000000
0.000000	28171368.000000	16549397.000000	1.000000
0.000000	154.247391	-469.794464	1.000000
0.000000	-32862.906250	266913.125000	1.000000
0.239095	-6.960222	13.260517	1.000000
0.000000	1294.842529	2799.226562	1.000000
0.000000	4763.592285	10626.305664	1.000000
0.000000	-48755.414062	-126250.796875	1.000000
0.000000	254.163269	-406.239105	1.000000
0.000000	1929694.125000	165087.796875	1.000000
0.000000	-180324.453125	-177937.812500	1.000000
0.000000	-70032.460938	13866.743164	1.000000
0.000000	129.737000	59.549606	1.000000
0.000000	-131038.968750	14743.835938	1.000000
0.000000	-868.253845	131.454651	1.000000
0.000000	-1183.482788	1178.842163	1.000000
0.000000	-1127.524170	948.371826	1.000000
0.000000	49206.472656	57341.531250	1.000000
0.000000	84054.554688	3819.808838	1.000000
0.000000	839.643005	-472.264893	1.000000
0.000000	-150.876953	-169.117905	1.000000
0.000000	-1589278.625000	-1200867.375000	1.000000
0.000000	-50.965294	75.260765	1.000000
0.000000	2590553.750000	19159.136719	1.000000
0.000000	57.006668	26.670383	1.000000
0.000000	-10313.605469	13005.107422	1.000000
0.000000	1826645.375000	135531.921875	1.000000
0.000000	-1591.350464	563.308838	1.000000
0.000000	44.402790	2.690460	1.000000
0.000000	157.513809	95.021423	1.000000
0.000000	634.299988	1101.785522	1.000000
0.000000	-10459.190430	7246.886230	1.000000
0.000000	-143.992203	114.620880	1.000000
0.000000	27324.818359	25660.480469	1.000000
0.000000	-96.283661	134.625778	1.000000
0.000000	262.489594	264.904144	1.000000
0.000000	181.913269	-9108.814453	1.000000
0.000000	-5368.636230	9768.837891	1.000000
0.000000	459006.531250	25756.742188	1.000000
0.000000	-796.354187	1018.873535	1.000000
0.000000	1988.772705	-5399.704590	1.000000
0.000000	3482.505371	-1855.474365	1.000000
0.000000	12.536751	-123.957123	1.000000
0.000000	23.560814	58.222427	1.000000
0.000000	1067.111572	-528.088623	1.000000
0.000000	1180.744751	11964.077148	1.000000
0.000000	18269.878906	-23739.587891	1.000000
0.000000	85.604568	0.369941	1.000000
0.000000	-20.246447	22.498228	1.000000
0.000000	1342.252197	1043.753662	1.000000
0.000000	175.648636	-39.644192	1.000000
0.000000	67.964645	-59.550583	1.000000
0.000000	-1660.365723	60.683014	1.000000
0.000000	75092.140625	-7433.964844	1.000000
0.000000	18.807426	174.897369	1.000000
0.000000	-446.522827	-720.712036	1.000000
0.000000	1193.677490	-9836.062500	1.000000
0.000000	123.723137	104.854309	1.000000
0.000000	56.314068	65.585487	1.000000
0.000000	-3971.665283	-4816.350098	1.000000
0.000000	278.855560	193.677475	1.000000
0.000000	-1837.560181	-2826.390869	1.000000
0.000000	-89.725128	60.039700	1.000000
0.000000	22206.437500	38849.296875	1.000000
0.000000	113.650337	-22.105145	1.000000
0.000000	645.505432	-553.917053	1.000000
0.000000	1045.640381	579.847107	1.000000
0.000000	-309.800934	394.661499	1.000000
0.000000	-9.701355	-129.025116	1.000000
0.000000	9462.233398	5050.363770	1.000000
0.000000	-92791.093750	-330064.281250	1.000000
0.000000	7746.247559	16939.773438	1.000000
0.000000	55.271179	-2.061580	1.000000
0.000000	3320.529541	-1140.328247	1.000000
0.000000	-423497.375000	-81761.375000	1.000000
0.000000	-44105600.000000	-10494824.000000	1.000000
0.000000	5915.143555	-4798.393066	1.000000
0.000000	-196.771637	-66.701355	1.000000
0.000000	815.016357	-1810.791382	1.000000
0.000000	6041.364258	506.272949	1.000000
0.000000	-37.528042	-9.908854	1.000000
0.000000	-242.627563	1028.411011	1.000000
0.000000	-18817.595703	308.199463	1.000000
0.000000	-386.874573	-150.284805	1.000000
0.000000	266.689392	-108.949585	1.000000
0.000000	14323.580078	-11133.401367	1.000000
