0.000000	31386.546875	455917.500000	1.000000
0.000000	215053.250000	175415.015625	1.000000
0.000000	1213.134521	-12956.428711	1.000000
0.000000	-341.916809	646.063049	1.000000
0.000000	16874.591797	27211.468750	1.000000
0.000000	-13518.735352	714.112976	1.000000
0.000000	-521.858582	-2533.699951	1.000000
0.000000	-595499.312500	1523932.125000	1.000000
0.000000	3665.754639	-2048.071289	1.000000
0.000000	9292453.000000	3386659.750000	1.000000
0.000000	78697400.000000	19959642.000000	1.000000
0.000000	-451.251831	-232.696899	1.000000
0.000000	-381.295227	257.102661	1.000000
0.000000	85.863731	-425.836212	1.000000
0.000000	-73337376.000000	-31090268.000000	1.000000
0.000000	893.715393	-4429.741699	1.000000
0.000000	417.356445	-586.009644	1.000000
0.000000	-6264.739746	7962.529297	1.000000
0.000000	-986.877869	34.406586	1.000000
0.000000	-365.990875	458.479523	1.000000
0.000000	961.008118	8187.584961	1.000000
0.000000	10410.000000	85123.507812	1.000000
0.000000	-82.972099	1001.387817	1.000000
0.000000	366.042694	-29.450834	1.000000
0.000000	-207004.078125	-53464.550781	1.000000
0.000000	596.958435	-44.597198	1.000000
0.000000	10384.206055	35191.300781	1.000000
0.000000	-4107.832031	11544.400391	1.000000
0.000000	569.179993	-269.248932	1.000000
0.000000	-61283.476562	-273296.843750	1.000000
0.000000	5063.645508	-8756.433594	1.000000
0.000000	5057.243164	951.775269	1.000000
0.000000	-433.831726	533.306824	1.000000
0.000000	-671.333679	-82.213120	1.000000
0.000000	-383.671234	-147.630630	1.000000
0.000000	5029.300781	2857.312744	1.000000
0.000000	-160.966400	-134.830765	1.000000
0.000000	-5880.801270	-1621.636597	1.000000
0.000000	-246221.390625	-73904.843750	1.000000
0.000000	-46592.917969	-6271.789551	1.000000
0.000000	607.947571	206.426132	1.000000
0.000000	645.436096	-136.382263	1.000000
0.000000	-3.489781	420.927490	1.000000
0.000000	-162.869644	-299.611694	1.000000
0.000000	70.527222	416.646332	1.000000
0.000000	-629.516907	-103.420151	1.000000
0.000000	-3930.975586	3249.904785	1.000000
0.000000	-930.813232	580.305725	1.000000
0.000000	-152.401260	-435.437134	1.000000
0.000000	-433.351868	-118.708168	1.000000
0.000000	7221.981934	6260.248047	1.000000
0.000000	-967.628601	1541.929321	1.000000
0.000000	-75.997391	1198.983887	1.000000
0.000000	-3501.780029	-11501.168945	1.000000
0.000000	467.742371	24.651114	1.000000
0.000000	-12.094763	-446.335938	1.000000
0.000000	310.211578	111.545212	1.000000
0.000000	29405522.000000	-21550876.000000	1.000000
0.000000	-699.391907	1768.276978	1.000000
0.000000	379.730804	655.893372	1.000000
0.000000	1620.359497	26087.931641	1.000000
0.000000	3332.104004	-1815.506348	1.000000
0.000000	-184.385681	-404.826477	1.000000
0.000000	257.515472	-512.167114	1.000000
0.000000	5276.139160	-3040.790527	1.000000
0.000000	401207.812500	-1051564.750000	1.000000
0.000000	40053.765625	142440.500000	1.000000
0.000000	899154304.000000	-490293056.000000	1.000000
0.000000	5002.413086	-15006.998047	1.000000
0.000000	-11819835.000000	-661085.687500	1.000000
0.000000	10701.881836	-14963.821289	1.000000
0.000000	-71.838409	-528.214661	1.000000
0.000000	-403.393311	-883.451355	1.000000
0.000000	-329.072571	916.209717	1.000000
0.000000	424113.937500	2447.317139	1.000000
0.000000	-9514.560547	10598.590820	1.000000
0.000000	-343.120636	497.481506	1.000000
0.000000	17.370846	-458.020233	1.000000
0.000000	3438.759277	-13459.133789	1.000000
0.000000	-935690816.000000	516809408.000000	1.000000
0.000000	1333545.500000	80405.359375	1.000000
0.000000	370952.437500	-121758.953125	1.000000
0.000000	282254.500000	227449.406250	1.000000
0.000000	24747.775391	-23056.667969	1.000000
0.000000	2203343.750000	933449.437500	1.000000
0.000000	-241.735703	364.550598	1.000000
0.000000	-77.941704	-70.941765	1.000000
0.000000	-3060.438721	-236.068588	1.000000
0.000000	-1690.924927	1887.775024	1.000000
0.000000	176.954071	429.194946	1.000000
0.000000	-31.607641	-210.502045	1.000000
0.000000	-1375.953491	1055.848999	1.000000
0.000000	1055.127441	-277.315552	1.000000
0.000000	271.885315	-19.411037	1.000000
0.000000	-4355021.000000	2416277.250000	1.000000
0.000000	1251.470459	696.818542	1.000000
0.000000	-287.301575	-88082.281250	1.000000
0.000000	1711789.125000	-2028472.500000	1.000000
0.000000	843.518188	-1347.268555	1.000000
0.000000	-125.534515	-5397.017090	1.000000
0.000000	691415.187500	-227595.343750	1.000000
0.000000	12310197.000000	-6573529.500000	1.000000
0.000000	-21984.248047	-21670.480469	1.000000
0.000000	170830.328125	-24623.980469	1.000000
0.000000	-46.432201	334.024200	1.000000
0.000000	447.577118	-81.643562	1.000000
0.000000	461.763855	-1829.674561	1.000000
0.000000	-257.076294	-365.699615	1.000000
0.000000	166.406250	-420.947357	1.000000
0.000000	-929.692383	1226.339966	1.000000
0.000000	-369.012146	-3072.560791	1.000000
0.000000	-54032.945312	119833.890625	1.000000
0.000000	146.662994	399.466309	1.000000
0.000000	-508.947968	67.580574	1.000000
0.000000	23.341791	-1032.477905	1.000000
0.000000	-64474.558594	15452.113281	1.000000
0.000000	2482.561279	938.908508	1.000000
0.000000	55908.769531	149683.984375	1.000000
0.000000	-13387.202148	6552.573242	1.000000
0.000000	-41906.097656	-29691.289062	1.000000
0.000000	-8324.637695	13902.183594	1.000000
0.000000	450.788574	409.580200	1.000000
0.000000	-427.234436	277.661865	1.000000
0.000000	1667.944824	3068.817139	1.000000
0.000000	783.428589	-455.749847	1.000000
0.000000	1822.891846	0.669698	1.000000
0.000000	597.033936	-689.587952	1.000000
0.000000	13957.423828	-14391.222656	1.000000
0.000000	-433.128540	-216.279037	1.000000
0.000000	-1225.383301	1380.119263	1.000000
0.000000	341.712799	364.319855	1.000000
0.000000	-13188.940430	-3016.892822	1.000000
0.000000	-28760.003906	-61632.921875	1.000000
0.000000	1783.031982	8182.633789	1.000000
0.000000	-2436.675781	1726.352051	1.000000
0.000000	232.582062	-211.274979	1.000000
0.000000	-29.641176	98.058495	1.000000
0.000000	-3726.978760	-15916.657227	1.000000
0.000000	908.389709	14.107690	1.000000
0.000000	-8929.232422	12944.128906	1.000000
0.000000	-851.249878	-3318.617188	1.000000
0.000000	926.445618	717.413025	1.000000
0.000000	430.744171	-284.997253	1.000000
0.000000	-5502.226074	-20488.287109	1.000000
0.000000	9.593985	-468.578400	1.000000
0.000000	22474.843750	-24740.123047	1.000000
0.000000	-397.967010	-283.288208	1.000000
0.000000	-3300464.250000	1376390.750000	1.000000
0.000000	-18040.353516	-1395.679321	1.000000
0.000000	-118.750420	708.778442	1.000000
0.000000	206.601166	-479.691254	1.000000
0.000000	6731.061035	2567.081055	1.000000
0.000000	-25999.130859	-23319.988281	1.000000
0.000000	-586712.625000	317552.031250	1.000000
0.000000	-108536.234375	248951.046875	1.000000
0.000000	37879.828125	-56191.003906	1.000000
0.000000	692.902344	-1830.831177	1.000000
0.000000	190.170120	293.718353	1.000000
0.000000	-252.839355	-285.387329	1.000000
0.000000	-426.692810	818.073120	1.000000
0.000000	4112436.000000	2116301.500000	1.000000
0.000000	308.200958	239.152328	1.000000
0.000000	-45331.371094	76094.500000	1.000000
0.000000	833.545837	1755.016357	1.000000
0.000000	4969.700684	12527.629883	1.000000
0.000000	605.169006	1465.755859	1.000000
0.000000	-44198.417969	2470.907959	1.000000
0.000000	245592.671875	-842228.687500	1.000000
0.000000	-354.858368	-202.059311	1.000000
0.000000	586.546082	-119.165565	1.000000
0.000000	-32926.003906	-140139.671875	1.000000
0.000000	-14384.581055	-13431.406250	1.000000
0.000000	-523.986572	-89.380104	1.000000
0.000000	-323775.781250	730136.875000	1.000000
0.000000	-31239.808594	-19599.199219	1.000000
0.000000	-552.126221	-1139.153687	1.000000
0.000000	186.065567	-492.390961	1.000000
0.000000	-3493.129395	-12816.851562	1.000000
0.000000	133.149597	-454.632233	1.000000
0.000000	3243.527832	2862.787598	1.000000
0.000000	95.704254	63.246193	1.000000
0.000000	799001.437500	-982912.687500	1.000000
0.000000	-520.051086	431.525208	1.000000
0.000000	-3145.306885	-2131.068604	1.000000
0.000000	-56.533596	3035.648682	1.000000
0.000000	-415.909485	398.666473	1.000000
0.000000	19780.822266	10661.742188	1.000000
0.000000	210.262177	562.299011	1.000000
0.000000	-3497.130859	-1956.772583	1.000000
0.000000	65144.089844	112791.632812	1.000000
0.000000	369.958221	307.029327	1.000000
0.000000	484892.843750	100939.609375	1.000000
0.000000	-342.112946	327.467590	1.000000
0.000000	78.469490	430.753174	1.000000
0.000000	343.381256	251.453430	1.000000
0.000000	-427.510071	-104.636688	1.000000
0.000000	-52368.925781	-2885.361572	1.000000
0.000000	11469.788086	1494.757202	1.000000
0.000000	-41.293816	-316.260406	1.000000
0.000000	83.335030	1638.010986	1.000000
0.000000	-7879.530762	-93272.046875	1.000000
0.000000	-648.110840	1001.162354	1.000000
0.000000	-132.821732	402.149414	1.000000
0.000000	457.724762	-115.857658	1.000000
0.000000	63.530483	475.331726	1.000000
0.000000	-43002.175781	-77636.445312	1.000000
0.000000	197.367783	-1173.720947	1.000000
0.000000	54.590790	438.638245	1.000000
0.000000	-146.740097	-72.005913	1.000000
0.000000	-471.332520	844.618042	1.000000
0.000000	486.050140	-29.840178	1.000000
0.000000	248.086761	1129.478149	1.000000
0.000000	-242.374146	277.779877	1.000000
0.000000	348.331268	593.735535	1.000000
0.000000	-11128.290039	545.228943	1.000000
0.000000	28171368.000000	16549397.000000	1.000000
0.000000	393.626984	-731.970947	1.000000
0.000000	-32724.234375	266691.250000	1.000000
0.000000	-358.876221	1.966878	1.000000
0.000000	1590.386963	2603.352539	1.000000
0.000000	4416.912598	10709.508789	1.000000
0.000000	-48394.867188	-126250.796875	1.000000
0.000000	-57.513439	-576.112183	1.000000
0.000000	1929694.125000	165309.671875	1.000000
0.000000	-179991.640625	-177937.812500	1.000000
0.000000	-70309.804688	13665.668945	1.000000
0.000000	341.053497	-220.489441	1.000000
0.000000	-131149.906250	15083.582031	1.000000
0.000000	-1184.812134	292.010681	1.000000
0.000000	-1406.224487	902.555786	1.000000
0.000000	-1219.394287	1291.489136	1.000000
0.000000	49289.675781	57674.343750	1.000000
0.000000	83777.210938	3606.600830	1.000000
0.000000	1177.891724	-364.360840	1.000000
0.000000	-466.391571	-331.782806	1.000000
0.000000	-1589278.625000	-1200867.375000	1.000000
0.000000	-391.563904	176.171555	1.000000
0.000000	2590553.750000	19478.082031	1.000000
0.000000	178.769653	-300.237091	1.000000
0.000000	-10521.613281	13296.318359	1.000000
0.000000	1826645.375000	135310.046875	1.000000
0.000000	-1550.615601	916.055420	1.000000
0.000000	389.334686	77.060005	1.000000
0.000000	451.050354	-97.283707	1.000000
0.000000	350.889343	887.986755	1.000000
0.000000	-10701.866211	7506.895996	1.000000
0.000000	-491.971924	184.921539	1.000000
0.000000	27338.685547	26021.027344	1.000000
0.000000	162.856720	377.301544	1.000000
0.000000	278.523529	619.535095	1.000000
0.000000	-163.436127	-9025.611328	1.000000
0.000000	-5722.249512	9775.771484	1.000000
0.000000	459228.406250	25493.265625	1.000000
0.000000	-1129.166748	1141.944824	1.000000
0.000000	2274.603516	-5188.229980	1.000000
0.000000	3489.438965	-2210.821045	1.000000
0.000000	206.703766	173.221298	1.000000
0.000000	327.140472	242.199036	1.000000
0.000000	914.261597	-848.333984	1.000000
0.000000	1221.479614	11610.463867	1.000000
0.000000	17923.199219	-23808.923828	1.000000
0.000000	439.651215	-25.437431	1.000000
0.000000	-6.580702	-328.564545	1.000000
0.000000	1047.574463	1241.361084	1.000000
0.000000	530.561951	-48.717449	1.000000
0.000000	125.958946	289.201324	1.000000
0.000000	-1322.353027	168.944916	1.000000
0.000000	75424.953125	-7395.830078	1.000000
0.000000	113.329918	517.055725	1.000000
0.000000	-91.559311	-720.712036	1.000000
0.000000	1171.143311	-9482.449219	1.000000
0.000000	338.382172	387.614929	1.000000
0.000000	327.091248	295.170929	1.000000
0.000000	-3808.725830	-4500.871582	1.000000
0.000000	629.002075	251.529648	1.000000
0.000000	-2122.477051	-3037.865479	1.000000
0.000000	55.065945	377.583557	1.000000
0.000000	22261.906250	39209.843750	1.000000
0.000000	465.951874	-23.517946	1.000000
0.000000	1000.418762	-547.850159	1.000000
0.000000	1352.451904	758.387146	1.000000
0.000000	-324.534821	749.213135	1.000000
0.000000	214.230240	-404.468719	1.000000
0.000000	9642.506836	4745.285645	1.000000
0.000000	-92624.687500	-330286.156250	1.000000
0.000000	8099.860840	16953.640625	1.000000
0.000000	284.899841	-272.929077	1.000000
0.000000	3436.667236	-804.632568	1.000000
0.000000	-423275.500000	-82038.718750	1.000000
0.000000	-44105600.000000	-10494824.000000	1.000000
0.000000	6074.616211	-4482.914551	1.000000
0.000000	-331.503143	261.709137	1.000000
0.000000	1126.161377	-1640.051636	1.000000
0.000000	5764.020508	285.697998	1.000000
0.000000	-367.090393	-141.903122	1.000000
0.000000	-597.111633	1011.077026	1.000000
0.000000	-18762.126953	-42.306732	1.000000
0.000000	-741.787903	-160.143509	1.000000
0.000000	311.593964	-459.706757	1.000000
0.000000	14649.458984	-10994.729492	1.000000
