0.000000	31544.925781	455768.437500	1.000000
0.000000	214978.718750	175191.421875	1.000000
0.000000	1177.615723	-12718.860352	1.000000
0.000000	-580.358582	649.556702	1.000000
0.000000	16893.224609	27453.695312	1.000000
0.000000	-13751.645508	767.973450	1.000000
0.000000	-735.844788	-2428.890381	1.000000
0.000000	-595201.187500	1523932.125000	1.000000
0.000000	3543.476807	-2253.032227	1.000000
0.000000	9292453.000000	3386659.750000	1.000000
0.000000	78697400.000000	19959642.000000	1.000000
0.000000	-221.107483	-170.247864	1.000000
0.000000	-268.333801	47.034260	1.000000
0.000000	94.634254	-187.519089	1.000000
0.000000	-73337376.000000	-31090268.000000	1.000000
0.000000	686.134216	-4546.196777	1.000000
0.000000	361.458008	-354.164978	1.000000
0.000000	-6141.297363	7757.568359	1.000000
0.000000	-987.460144	272.913727	1.000000
0.000000	-284.181183	234.449081	1.000000
0.000000	909.767883	7954.674805	1.000000
0.000000	10195.722656	85011.710938	1.000000
0.000000	-36.826778	767.313110	1.000000
0.000000	189.498779	131.861038	1.000000
0.000000	-207153.140625	-53296.855469	1.000000
0.000000	359.192535	-63.266403	1.000000
0.000000	10388.864258	35433.527344	1.000000
0.000000	-3873.816650	11590.982422	1.000000
0.000000	360.725403	-153.376129	1.000000
0.000000	-61525.703125	-273296.843750	1.000000
0.000000	5205.720703	-8947.419922	1.000000
0.000000	4826.662109	892.965454	1.000000
0.000000	-213.877197	441.016205	1.000000
0.000000	-496.929626	-244.740738	1.000000
0.000000	-197.320206	1.148279	1.000000
0.000000	4812.694336	2758.325928	1.000000
0.000000	60.838066	-47.164757	1.000000
0.000000	-5696.802246	-1470.827271	1.000000
0.000000	-246295.921875	-73681.250000	1.000000
0.000000	-46779.246094	-6127.385254	1.000000
0.000000	424.018219	54.580235	1.000000
0.000000	507.723450	58.267284	1.000000
0.000000	-1.348327	182.463272	1.000000
0.000000	-56.477352	-88.000046	1.000000
0.000000	40.881763	179.974762	1.000000
0.000000	-539.555359	-324.298370	1.000000
0.000000	-4126.620117	3386.157227	1.000000
0.000000	-795.434204	383.882782	1.000000
0.000000	-99.923691	-202.818115	1.000000
0.000000	-199.987549	-69.651466	1.000000
0.000000	6984.413574	6285.868164	1.000000
0.000000	-837.490051	1741.649780	1.000000
0.000000	59.560112	1395.210693	1.000000
0.000000	-3363.198486	-11696.813477	1.000000
0.000000	245.706604	-62.053230	1.000000
0.000000	-17.990301	-207.894165	1.000000
0.000000	71.859154	119.806244	1.000000
0.000000	29405522.000000	-21550876.000000	1.000000
0.000000	-507.241028	1627.366333	1.000000
0.000000	536.776611	476.290375	1.000000
0.000000	1743.219604	26292.892578	1.000000
0.000000	3241.269043	-1594.823975	1.000000
0.000000	-58.904591	-202.029694	1.000000
0.000000	128.832611	-311.427582	1.000000
0.000000	5422.872559	-2853.297852	1.000000
0.000000	401058.750000	-1051564.750000	1.000000
0.000000	40258.726562	142589.562500	1.000000
0.000000	899154304.000000	-490293056.000000	1.000000
0.000000	5156.133789	-14825.328125	1.000000
0.000000	-11819835.000000	-661383.812500	1.000000
0.000000	10580.768555	-15168.782227	1.000000
0.000000	-1.382907	-300.389069	1.000000
0.000000	-223.337860	-727.110413	1.000000
0.000000	-567.402588	924.361572	1.000000
0.000000	424412.062500	2506.709229	1.000000
0.000000	-9281.650391	10654.489258	1.000000
0.000000	-111.623360	554.835632	1.000000
0.000000	38.259975	-220.451859	1.000000
0.000000	3415.468262	-13221.565430	1.000000
0.000000	-935690816.000000	516809408.000000	1.000000
0.000000	1333545.500000	80181.765625	1.000000
0.000000	370654.312500	-121721.687500	1.000000
0.000000	282552.625000	227374.875000	1.000000
0.000000	24962.052734	-23168.464844	1.000000
0.000000	2203343.750000	933747.562500	1.000000
0.000000	-116.109795	161.807007	1.000000
0.000000	154.820999	-18.935005	1.000000
0.000000	-3209.501221	-422.388916	1.000000
0.000000	-1662.975708	1650.788940	1.000000
0.000000	66.976814	217.537857	1.000000
0.000000	29.667717	20.000210	1.000000
0.000000	-1145.954712	1118.734741	1.000000
0.000000	853.660217	-149.591034	1.000000
0.000000	218.847305	-251.953781	1.000000
0.000000	-4355021.000000	2416277.250000	1.000000
0.000000	1045.344971	577.160950	1.000000
0.000000	-53.892467	-88045.015625	1.000000
0.000000	1711789.125000	-2028472.500000	1.000000
0.000000	798.974121	-1581.343262	1.000000
0.000000	-321.616211	-5261.929199	1.000000
0.000000	691415.187500	-227371.750000	1.000000
0.000000	12310197.000000	-6573529.500000	1.000000
0.000000	-21928.349609	-21437.570312	1.000000
0.000000	170606.734375	-24484.234375	1.000000
0.000000	56.490582	122.537903	1.000000
0.000000	219.336868	-12.290987	1.000000
0.000000	692.636047	-1770.282471	1.000000
0.000000	-100.153084	-186.067673	1.000000
0.000000	79.594727	-198.809280	1.000000
0.000000	-861.275024	998.054993	1.000000
0.000000	-137.811600	-3130.788330	1.000000
0.000000	-53790.718750	119833.890625	1.000000
0.000000	66.603477	179.308029	1.000000
0.000000	-278.221344	7.165760	1.000000
0.000000	-206.019501	-1097.692749	1.000000
0.000000	-64679.519531	15582.542969	1.000000
0.000000	2411.523682	711.238831	1.000000
0.000000	55722.441406	149534.921875	1.000000
0.000000	-13158.950195	6627.104492	1.000000
0.000000	-41719.769531	-29831.035156	1.000000
0.000000	-8520.282227	13767.095703	1.000000
0.000000	235.346680	307.390869	1.000000
0.000000	-251.534683	116.308586	1.000000
0.000000	1496.173584	3234.183350	1.000000
0.000000	553.138672	-393.591949	1.000000
0.000000	1976.030273	183.456360	1.000000
0.000000	550.451904	-455.769409	1.000000
0.000000	14008.664062	-14158.312500	1.000000
0.000000	-229.768845	-91.734291	1.000000
0.000000	-1135.130615	1600.801636	1.000000
0.000000	171.251678	197.497971	1.000000
0.000000	-13421.850586	-2964.488037	1.000000
0.000000	-28610.941406	-61446.593750	1.000000
0.000000	1652.602295	7982.331055	1.000000
0.000000	-2582.244629	1915.009277	1.000000
0.000000	14.358850	-115.053978	1.000000
0.000000	123.862274	273.982056	1.000000
0.000000	-3878.370361	-16102.985352	1.000000
0.000000	679.264343	-52.448982	1.000000
0.000000	-8691.664062	12925.496094	1.000000
0.000000	-923.160889	-3091.529785	1.000000
0.000000	952.356873	480.407562	1.000000
0.000000	197.688431	-234.370422	1.000000
0.000000	-5737.465332	-20525.552734	1.000000
0.000000	-2.952219	-230.427750	1.000000
0.000000	22540.058594	-24507.212891	1.000000
0.000000	-237.121994	-107.149879	1.000000
0.000000	-3300464.250000	1376390.750000	1.000000
0.000000	-17956.505859	-1173.250122	1.000000
0.000000	-18.445223	492.463135	1.000000
0.000000	127.120171	-254.787781	1.000000
0.000000	6654.200684	2793.003906	1.000000
0.000000	-26222.724609	-23394.519531	1.000000
0.000000	-586712.625000	317402.968750	1.000000
0.000000	-108536.234375	249174.640625	1.000000
0.000000	38122.054688	-56191.003906	1.000000
0.000000	538.599365	-1649.161255	1.000000
0.000000	75.607430	84.535942	1.000000
0.000000	-198.323822	-517.566162	1.000000
0.000000	-361.623535	588.656616	1.000000
0.000000	4112436.000000	2116301.500000	1.000000
0.279439	76.099808	192.523178	1.000000
0.000000	-45238.207031	75870.906250	1.000000
0.000000	618.395081	1651.953613	1.000000
0.000000	4739.119629	12588.186523	1.000000
0.000000	628.751160	1703.324219	1.000000
0.000000	-44030.722656	2296.225342	1.000000
0.000000	245816.265625	-842228.687500	1.000000
0.000000	-139.125336	-100.442383	1.000000
0.000000	348.686615	-137.562531	1.000000
0.000000	-33019.167969	-139916.078125	1.000000
0.000000	-14305.391602	-13655.000000	1.000000
0.000000	-285.835938	-77.297890	1.000000
0.000000	-323477.656250	730136.875000	1.000000
0.000000	-31444.769531	-19720.312500	1.000000
0.000000	-336.511688	-1037.255493	1.000000
0.000000	121.647766	-262.828888	1.000000
0.000000	-3721.381348	-12746.978516	1.000000
0.000000	64.183640	-226.370834	1.000000
0.000000	3172.490234	3089.875000	1.000000
0.000000	-17.457922	269.548248	1.000000
0.000000	799299.562500	-982912.687500	1.000000
0.000000	-284.811859	391.784912	1.000000
0.000000	-3373.558838	-2063.524658	1.000000
0.000000	-6.416878	2802.738525	1.000000
0.000000	-247.631897	229.649704	1.000000
0.000000	19901.935547	10456.781250	1.000000
0.000000	-24.814270	602.476013	1.000000
0.000000	-3270.043457	-1882.241333	1.000000
0.000000	65069.558594	112568.039062	1.000000
0.000000	194.111053	145.934357	1.000000
0.000000	484892.843750	100716.015625	1.000000
0.000000	-169.613861	162.788025	1.000000
0.279439	79.807533	191.830063	1.000000
0.000000	302.476410	16.501621	1.000000
0.000000	-189.504990	-89.461136	1.000000
0.000000	-52462.089844	-3101.968018	1.000000
0.000000	11344.016602	1292.125366	1.000000
0.000000	-105.049011	-85.436821	1.000000
0.000000	-55.933846	1831.908691	1.000000
0.000000	-7867.885254	-93048.453125	1.000000
0.000000	-505.169220	1192.148682	1.000000
0.000000	24.746353	223.099731	1.000000
0.000000	229.763962	-45.729866	1.000000
0.000000	50.465679	237.181091	1.000000
0.000000	-42815.847656	-77785.507812	1.000000
0.000000	383.818573	-1024.658447	1.000000
0.000000	-69.546837	234.987427	1.000000
0.000000	-40.012215	-285.273834	1.000000
0.000000	-449.497192	607.049683	1.000000
0.000000	319.373810	140.757355	1.000000
0.000000	191.387695	897.732544	1.000000
0.000000	-130.795624	66.996208	1.000000
0.000000	156.218201	452.472443	1.000000
0.000000	-10890.721680	562.697205	1.000000
0.000000	28171368.000000	16549397.000000	1.000000
0.000000	232.783920	-555.832642	1.000000
0.000000	-32817.398438	266840.312500	1.000000
0.000000	-120.435600	8.026560	1.000000
0.000000	1391.831055	2734.946777	1.000000
0.000000	4649.822754	10653.610352	1.000000
0.000000	-48637.093750	-126250.796875	1.000000
0.000000	151.877350	-461.986176	1.000000
0.000000	1929694.125000	165160.609375	1.000000
0.000000	-180215.234375	-177937.812500	1.000000
0.000000	-70123.476562	13800.756836	1.000000
0.000000	197.668167	-29.924248	1.000000
0.000000	-131075.375000	14855.330078	1.000000
0.000000	-972.210754	184.144165	1.000000
0.000000	-1256.579712	1088.110962	1.000000
0.000000	-1157.673096	1060.908081	1.000000
0.000000	49233.777344	57450.750000	1.000000
0.000000	83963.539062	3749.840576	1.000000
0.000000	950.710510	-436.854126	1.000000
0.000000	-254.442780	-222.482925	1.000000
0.000000	-1589278.625000	-1200867.375000	1.000000
0.000000	-161.419571	113.495743	1.000000
0.000000	2590553.750000	19263.804688	1.000000
0.000000	95.926895	-76.593307	1.000000
0.000000	-10381.867188	13100.673828	1.000000
0.000000	1826645.375000	135459.109375	1.000000
0.000000	-1577.982544	679.069336	1.000000
0.000000	157.848541	23.961208	1.000000
0.000000	254.431229	30.350555	1.000000
0.000000	541.293396	1031.532837	1.000000
0.000000	-10538.829102	7332.213379	1.000000
0.000000	-258.188354	137.684448	1.000000
0.000000	27329.369141	25778.800781	1.000000
0.000000	-11.241897	214.264450	1.000000
0.000000	267.751434	381.304596	1.000000
0.000000	68.579697	-9081.509766	1.000000
0.000000	-5484.681152	9771.113281	1.000000
0.000000	459079.343750	25670.277344	1.000000
0.000000	-905.572937	1059.261719	1.000000
0.000000	2082.452637	-5330.305176	1.000000
0.000000	3484.780762	-1972.088135	1.000000
0.000000	76.259644	-26.432133	1.000000
0.000000	123.197655	118.608315	1.000000
0.000000	1017.033203	-633.183228	1.000000
0.000000	1194.112671	11848.032227	1.000000
0.000000	18156.109375	-23762.341797	1.000000
0.000000	201.791702	-8.098616	1.000000
0.000000	-19.939610	-90.419647	1.000000
0.000000	1245.548096	1108.602295	1.000000
0.000000	292.120178	-42.621754	1.000000
0.000000	87.710732	53.805016	1.000000
0.000000	-1549.440430	96.217384	1.000000
0.000000	75201.359375	-7421.450195	1.000000
0.000000	49.825508	287.199341	1.000000
0.000000	-330.051270	-720.712036	1.000000
0.000000	1186.282471	-9720.017578	1.000000
0.000000	194.154663	197.647583	1.000000
0.000000	145.174530	140.922256	1.000000
0.000000	-3918.193604	-4712.819824	1.000000
0.000000	393.762787	212.662766	1.000000
0.000000	-1931.135620	-2895.790283	1.000000
0.000000	-45.450722	161.268265	1.000000
0.000000	22224.640625	38967.617188	1.000000
0.000000	227.501404	-24.300379	1.000000
0.000000	761.976990	-551.926086	1.000000
0.000000	1146.326416	638.438416	1.000000
0.000000	-314.636139	511.061951	1.000000
0.000000	63.784847	-219.436340	1.000000
0.000000	9521.393555	4950.246582	1.000000
0.000000	-92736.484375	-330137.093750	1.000000
0.000000	7862.292480	16944.324219	1.000000
0.000000	131.033569	-90.684341	1.000000
0.000000	3358.642334	-1030.256226	1.000000
0.000000	-423424.562500	-81852.390625	1.000000
0.000000	-44105600.000000	-10494824.000000	1.000000
0.000000	5967.477539	-4694.862793	1.000000
0.000000	-240.959320	41.041103	1.000000
0.000000	917.124512	-1754.759888	1.000000
0.000000	5950.348633	433.887085	1.000000
0.000000	-145.680191	-53.223225	1.000000
0.000000	-358.960999	1022.722534	1.000000
0.000000	-18799.392578	193.169449	1.000000
0.000000	-503.346130	-153.520126	1.000000
0.000000	284.372589	-222.730896	1.000000
0.000000	14430.523438	-11087.893555	1.000000
