0.000000	31429.046875	455877.500000	1.000000
0.000000	215033.250000	175355.015625	1.000000
0.000000	1203.603271	-12892.678711	1.000000
0.000000	-405.901184	647.000549	1.000000
0.000000	16879.591797	27276.468750	1.000000
0.000000	-13581.235352	728.566101	1.000000
0.000000	-579.280457	-2505.574951	1.000000
0.000000	-595419.312500	1523932.125000	1.000000
0.000000	3632.942139	-2103.071289	1.000000
0.000000	9292453.000000	3386659.750000	1.000000
0.000000	78697400.000000	19959642.000000	1.000000
0.000000	-389.494019	-215.939087	1.000000
0.000000	-350.982727	200.735474	1.000000
0.000000	88.217247	-361.890900	1.000000
0.000000	-73337376.000000	-31090268.000000	1.000000
0.000000	838.012268	-4460.991699	1.000000
0.000000	402.356445	-523.822144	1.000000
0.000000	-6231.614746	7907.529297	1.000000
0.000000	-987.034119	98.408234	1.000000
0.000000	-344.037750	398.362335	1.000000
0.000000	947.258118	8125.084961	1.000000
0.000000	10352.500000	85093.507812	1.000000
0.000000	-70.589287	938.575317	1.000000
0.000000	318.933319	13.867218	1.000000
0.000000	-207044.078125	-53419.550781	1.000000
0.000000	533.130310	-49.606964	1.000000
0.000000	10385.456055	35256.300781	1.000000
0.000000	-4045.078857	11556.900391	1.000000
0.000000	513.242493	-238.155182	1.000000
0.000000	-61348.476562	-273296.843750	1.000000
0.000000	5101.770508	-8807.683594	1.000000
0.000000	4995.368164	935.994019	1.000000
0.000000	-374.808289	508.541229	1.000000
0.000000	-624.536804	-125.826401	1.000000
0.000000	-333.671234	-107.708755	1.000000
0.000000	4971.175781	2830.750244	1.000000
0.000000	-101.450325	-111.308205	1.000000
0.000000	-5831.426270	-1581.167847	1.000000
0.000000	-246241.390625	-73844.843750	1.000000
0.000000	-46642.917969	-6233.039551	1.000000
0.000000	558.572571	165.683945	1.000000
0.000000	608.482971	-84.147507	1.000000
0.000000	-2.915135	356.943115	1.000000
0.000000	-134.041519	-242.467880	1.000000
0.000000	62.569118	353.130707	1.000000
0.000000	-605.376282	-162.697495	1.000000
0.000000	-3983.475586	3286.467285	1.000000
0.000000	-894.485107	527.571350	1.000000
0.000000	-138.319229	-373.015259	1.000000
0.000000	-370.734680	-105.544106	1.000000
0.000000	7158.231934	6267.123047	1.000000
0.000000	-932.706726	1595.523071	1.000000
0.000000	-39.620438	1251.640137	1.000000
0.000000	-3464.592529	-11553.668945	1.000000
0.000000	408.640808	0.107506	1.000000
0.000000	-13.676794	-382.351562	1.000000
0.000000	246.263290	113.762009	1.000000
0.000000	29405522.000000	-21550876.000000	1.000000
0.000000	-647.829407	1730.464478	1.000000
0.000000	421.879242	607.690247	1.000000
0.000000	1653.328247	26142.931641	1.000000
0.000000	3307.729004	-1756.287598	1.000000
0.000000	-150.713806	-350.412415	1.000000
0.000000	222.984222	-458.299835	1.000000
0.000000	5315.514160	-2990.478027	1.000000
0.000000	401167.812500	-1051564.750000	1.000000
0.000000	40108.765625	142480.500000	1.000000
0.000000	899154304.000000	-490293056.000000	1.000000
0.000000	5043.663086	-14958.248047	1.000000
0.000000	-11819835.000000	-661165.687500	1.000000
0.000000	10669.381836	-15018.821289	1.000000
0.000000	-52.932156	-467.071503	1.000000
0.000000	-355.072998	-841.498230	1.000000
0.000000	-393.017883	918.397217	1.000000
0.000000	424193.937500	2463.254639	1.000000
0.000000	-9452.060547	10613.590820	1.000000
0.000000	-281.011261	512.872131	1.000000
0.000000	22.976315	-394.270233	1.000000
0.000000	3432.509277	-13395.383789	1.000000
0.000000	-935690816.000000	516809408.000000	1.000000
0.000000	1333545.500000	80345.359375	1.000000
0.000000	370872.437500	-121748.953125	1.000000
0.000000	282334.500000	227429.406250	1.000000
0.000000	24805.275391	-23086.667969	1.000000
0.000000	2203343.750000	933529.437500	1.000000
0.000000	-208.024765	310.136536	1.000000
0.000000	-15.481407	-56.986683	1.000000
0.000000	-3100.438721	-286.060791	1.000000
0.000000	-1683.424927	1824.181274	1.000000
0.000000	147.442352	372.398071	1.000000
0.000000	-15.164770	-148.646576	1.000000
0.000000	-1314.234741	1072.723999	1.000000
0.000000	1001.065002	-243.050354	1.000000
0.000000	257.666565	-81.809891	1.000000
0.000000	-4355021.000000	2416277.250000	1.000000
0.000000	1196.157959	664.709167	1.000000
0.000000	-224.674606	-88072.281250	1.000000
0.000000	1711789.125000	-2028472.500000	1.000000
0.000000	831.565063	-1410.081055	1.000000
0.000000	-178.152161	-5360.767090	1.000000
0.000000	691415.187500	-227535.343750	1.000000
0.000000	12310197.000000	-6573529.500000	1.000000
0.000000	-21969.248047	-21607.980469	1.000000
0.000000	170770.328125	-24586.480469	1.000000
0.000000	-18.889420	276.250763	1.000000
0.000000	386.327118	-63.030533	1.000000
0.000000	523.716980	-1813.737061	1.000000
0.000000	-214.966919	-317.496490	1.000000
0.000000	143.105469	-361.337982	1.000000
0.000000	-911.333008	1165.089966	1.000000
0.000000	-306.980896	-3088.185791	1.000000
0.000000	-53967.945312	119833.890625	1.000000
0.000000	124.044098	339.583496	1.000000
0.000000	-447.033905	51.369633	1.000000
0.000000	-38.206547	-1049.977905	1.000000
0.000000	-64529.558594	15487.113281	1.000000
0.000000	2463.498779	877.814758	1.000000
0.000000	55858.769531	149643.984375	1.000000
0.000000	-13325.952148	6572.573242	1.000000
0.000000	-41856.097656	-29728.789062	1.000000
0.000000	-8377.137695	13865.933594	1.000000
0.000000	392.976074	382.158325	1.000000
0.000000	-380.085999	234.370865	1.000000
0.000000	1621.851074	3113.192139	1.000000
0.000000	721.631714	-439.070160	1.000000
0.000000	1863.985596	49.722054	1.000000
0.000000	584.533936	-626.853577	1.000000
0.000000	13971.173828	-14328.722656	1.000000
0.000000	-378.558228	-182.861069	1.000000
0.000000	-1201.164551	1439.338013	1.000000
0.000000	295.970612	319.554230	1.000000
0.000000	-13251.440430	-3002.830322	1.000000
0.000000	-28720.003906	-61582.921875	1.000000
0.000000	1748.031982	8128.883789	1.000000
0.000000	-2475.738281	1776.977051	1.000000
0.000000	174.027374	-185.454666	1.000000
0.000000	12.690369	146.060211	1.000000
0.000000	-3767.603760	-15966.657227	1.000000
0.000000	846.905334	-3.752121	1.000000
0.000000	-8865.482422	12939.128906	1.000000
0.000000	-870.546753	-3257.679688	1.000000
0.000000	933.398743	653.819275	1.000000
0.000000	368.205109	-271.403503	1.000000
0.000000	-5565.351074	-20498.287109	1.000000
0.000000	6.227286	-404.672150	1.000000
0.000000	22492.343750	-24677.623047	1.000000
0.000000	-354.802948	-236.022568	1.000000
0.000000	-3300464.250000	1376390.750000	1.000000
0.000000	-18017.853516	-1335.991821	1.000000
0.000000	-91.836357	650.731567	1.000000
0.000000	185.273041	-419.339691	1.000000
0.000000	6710.436035	2627.706055	1.000000
0.000000	-26059.130859	-23339.988281	1.000000
0.000000	-586712.625000	317512.031250	1.000000
0.000000	-108536.234375	249011.046875	1.000000
0.000000	37944.828125	-56191.003906	1.000000
0.000000	651.496094	-1782.081177	1.000000
0.000000	159.427933	237.585556	1.000000
0.000000	-238.210449	-347.692017	1.000000
0.000000	-409.231873	756.510620	1.000000
0.000000	4112436.000000	2116301.500000	1.000000
0.000000	245.466568	226.515610	1.000000
0.000000	-45306.371094	76034.500000	1.000000
0.000000	775.811462	1727.360107	1.000000
0.000000	4907.825684	12543.879883	1.000000
0.000000	611.497131	1529.505859	1.000000
0.000000	-44153.417969	2424.032959	1.000000
0.000000	245652.671875	-842228.687500	1.000000
0.000000	-296.967743	-174.793686	1.000000
0.000000	522.717957	-124.097206	1.000000
0.000000	-32951.003906	-140079.671875	1.000000
0.000000	-14363.331055	-13491.406250	1.000000
0.000000	-460.080322	-86.137917	1.000000
0.000000	-323695.781250	730136.875000	1.000000
0.000000	-31294.808594	-19631.699219	1.000000
0.000000	-494.247589	-1111.809937	1.000000
0.000000	168.780411	-430.789398	1.000000
0.000000	-3554.379395	-12798.101562	1.000000
0.000000	114.641022	-393.382233	1.000000
0.000000	3224.465332	2923.725098	1.000000
0.000000	65.411285	119.623146	1.000000
0.000000	799081.437500	-982912.687500	1.000000
0.000000	-456.926117	420.861145	1.000000
0.000000	-3206.556885	-2112.943604	1.000000
0.000000	-43.086330	2973.148682	1.000000
0.000000	-370.753235	353.314911	1.000000
0.000000	19813.322266	10606.742188	1.000000
0.000000	147.176239	573.080261	1.000000
0.000000	-3436.193359	-1936.772583	1.000000
0.000000	65124.089844	112731.632812	1.000000
0.000000	322.770721	263.787140	1.000000
0.000000	484892.843750	100879.609375	1.000000
0.000000	-295.823883	283.287903	1.000000
0.000000	79.280037	366.768799	1.000000
0.000000	332.404694	188.406555	1.000000
0.000000	-363.642883	-100.564423	1.000000
0.000000	-52393.925781	-2943.486572	1.000000
0.000000	11436.038086	1440.382202	1.000000
0.000000	-58.686394	-254.659271	1.000000
0.000000	45.961987	1690.042236	1.000000
0.000000	-7876.405762	-93212.046875	1.000000
0.000000	-609.751465	1052.412354	1.000000
0.000000	-90.536583	354.102539	1.000000
0.000000	396.552887	-97.039299	1.000000
0.000000	60.024624	411.425476	1.000000
0.000000	-42952.175781	-77676.445312	1.000000
0.000000	247.387314	-1133.720947	1.000000
0.000000	21.279459	383.989807	1.000000
0.000000	-118.103905	-129.242035	1.000000
0.000000	-465.473145	780.868042	1.000000
0.000000	441.323578	15.937040	1.000000
0.000000	232.871918	1067.290649	1.000000
0.000000	-212.432739	221.217392	1.000000
0.000000	296.768768	555.844910	1.000000
0.000000	-11064.540039	549.916443	1.000000
0.000000	28171368.000000	16549397.000000	1.000000
0.000000	350.462921	-684.705322	1.000000
0.000000	-32749.234375	266731.250000	1.000000
0.000000	-294.891846	3.593157	1.000000
0.000000	1537.105713	2638.665039	1.000000
0.000000	4479.412598	10694.508789	1.000000
0.000000	-48459.867188	-126250.796875	1.000000
0.000000	-1.326653	-545.487183	1.000000
0.000000	1929694.125000	165269.671875	1.000000
0.000000	-180051.640625	-177937.812500	1.000000
0.000000	-70259.804688	13701.918945	1.000000
0.000000	302.576935	-169.356628	1.000000
0.000000	-131129.906250	15022.332031	1.000000
0.000000	-1127.780884	263.065369	1.000000
0.000000	-1366.068237	952.321411	1.000000
0.000000	-1202.831787	1229.614136	1.000000
0.000000	49274.675781	57614.343750	1.000000
0.000000	83827.210938	3645.038330	1.000000
0.000000	1116.954224	-383.813965	1.000000
0.000000	-409.516571	-302.446869	1.000000
0.000000	-1589278.625000	-1200867.375000	1.000000
0.000000	-329.806091	159.355148	1.000000
0.000000	2590553.750000	19420.582031	1.000000
0.000000	156.543091	-240.231949	1.000000
0.000000	-10484.113281	13243.818359	1.000000
0.000000	1826645.375000	135350.046875	1.000000
0.000000	-1557.959351	852.461670	1.000000
0.000000	326.951874	62.782242	1.000000
0.000000	397.808167	-61.756363	1.000000
0.000000	401.983093	926.502380	1.000000
0.000000	-10658.116211	7460.020996	1.000000
0.000000	-429.237549	172.245758	1.000000
0.000000	27336.185547	25956.027344	1.000000
0.000000	116.137978	333.551544	1.000000
0.000000	275.632904	555.628845	1.000000
0.000000	-101.174706	-9040.611328	1.000000
0.000000	-5658.499512	9774.521484	1.000000
0.000000	459188.406250	25540.765625	1.000000
0.000000	-1069.166748	1119.757324	1.000000
0.000000	2223.041016	-5226.354980	1.000000
0.000000	3488.188965	-2146.758545	1.000000
0.000000	171.703766	119.647079	1.000000
0.000000	272.413910	209.034973	1.000000
0.000000	941.839722	-790.599609	1.000000
0.000000	1214.135864	11674.213867	1.000000
0.000000	17985.699219	-23796.423828	1.000000
0.000000	375.823090	-20.784111	1.000000
0.000000	-10.165666	-264.658295	1.000000
0.000000	1100.699463	1205.736084	1.000000
0.000000	466.577576	-47.081707	1.000000
0.000000	115.695274	226.037247	1.000000
0.000000	-1383.290527	149.433197	1.000000
0.000000	75364.953125	-7402.705078	1.000000
0.000000	96.288902	455.372864	1.000000
0.000000	-155.563217	-720.712036	1.000000
0.000000	1175.205811	-9546.199219	1.000000
0.000000	299.671234	336.638367	1.000000
0.000000	278.263123	253.765732	1.000000
0.000000	-3838.100830	-4557.746582	1.000000
0.000000	565.877075	241.099960	1.000000
0.000000	-2071.227051	-2999.740479	1.000000
0.000000	28.093288	319.536682	1.000000
0.000000	22251.906250	39144.843750	1.000000
0.000000	401.967499	-23.727907	1.000000
0.000000	936.434387	-548.943909	1.000000
0.000000	1297.139404	726.199646	1.000000
0.000000	-321.878571	685.306885	1.000000
0.000000	173.859146	-354.820282	1.000000
0.000000	9610.006836	4800.285645	1.000000
0.000000	-92654.687500	-330246.156250	1.000000
0.000000	8036.110840	16951.140625	1.000000
0.000000	243.610779	-224.022842	1.000000
0.000000	3415.729736	-865.179443	1.000000
0.000000	-423315.500000	-81988.718750	1.000000
0.000000	-44105600.000000	-10494824.000000	1.000000
0.000000	6045.866211	-4539.789551	1.000000
0.000000	-307.206268	202.490387	1.000000
0.000000	1070.067627	-1670.832886	1.000000
0.000000	5814.020508	325.463623	1.000000
0.000000	-307.676331	-118.110008	1.000000
0.000000	-533.205383	1014.202026	1.000000
0.000000	-18772.126953	20.882210	1.000000
0.000000	-677.803528	-158.366165	1.000000
0.000000	304.289276	-396.113007	1.000000
0.000000	14590.708984	-11019.729492	1.000000
