0.000000	31476.195312	455833.125000	1.000000
0.000000	215011.062500	175288.453125	1.000000
0.000000	1193.029541	-12821.956055	1.000000
0.000000	-476.883850	648.040588	1.000000
0.000000	16885.138672	27348.578125	1.000000
0.000000	-13650.571289	744.600037	1.000000
0.000000	-642.982849	-2474.373779	1.000000
0.000000	-595330.562500	1523932.125000	1.000000
0.000000	3596.540771	-2164.086914	1.000000
0.000000	9292453.000000	3386659.750000	1.000000
0.000000	78697400.000000	19959642.000000	1.000000
0.000000	-320.981445	-197.348389	1.000000
0.000000	-317.354797	138.203125	1.000000
0.000000	90.828178	-290.951569	1.000000
0.000000	-73337376.000000	-31090268.000000	1.000000
0.000000	776.216614	-4495.659668	1.000000
0.000000	385.715820	-454.796997	1.000000
0.000000	-6194.866699	7846.513672	1.000000
0.000000	-987.207458	169.412567	1.000000
0.000000	-319.683502	331.669830	1.000000
0.000000	932.004211	8055.749023	1.000000
0.000000	10288.710938	85060.226562	1.000000
0.000000	-56.852108	868.892700	1.000000
0.000000	265.683472	61.803970	1.000000
0.000000	-207088.453125	-53369.628906	1.000000
0.000000	462.351410	-55.164673	1.000000
0.000000	10386.842773	35328.410156	1.000000
0.000000	-3975.396240	11570.767578	1.000000
0.000000	451.186829	-203.660553	1.000000
0.000000	-61420.585938	-273296.843750	1.000000
0.000000	5144.065430	-8864.539062	1.000000
0.000000	4926.725586	918.486694	1.000000
0.000000	-309.329163	481.066864	1.000000
0.000000	-572.621521	-174.209885	1.000000
0.000000	-278.202484	-63.420353	1.000000
0.000000	4906.693359	2801.282471	1.000000
0.000000	-35.418678	-85.209724	1.000000
0.000000	-5776.650879	-1536.272827	1.000000
0.000000	-246263.578125	-73778.281250	1.000000
0.000000	-46698.386719	-6190.051270	1.000000
0.000000	503.803680	120.483780	1.000000
0.000000	567.488098	-26.201365	1.000000
0.000000	-2.277637	285.960449	1.000000
0.000000	-102.051537	-179.090500	1.000000
0.000000	53.745037	282.668060	1.000000
0.000000	-578.595276	-228.458298	1.000000
0.000000	-4041.717773	3327.028809	1.000000
0.000000	-854.183594	469.100983	1.000000
0.000000	-122.696976	-303.765991	1.000000
0.000000	-301.268738	-90.940224	1.000000
0.000000	7087.509277	6274.750000	1.000000
0.000000	-893.965271	1654.978638	1.000000
0.000000	0.733467	1310.055664	1.000000
0.000000	-3423.337646	-11611.911133	1.000000
0.273627	341.948242	-26.390060	1.000000
0.000000	-15.431860	-311.368896	1.000000
0.000000	175.302292	116.221268	1.000000
0.000000	29405522.000000	-21550876.000000	1.000000
0.000000	-590.627258	1688.516235	1.000000
0.000000	468.637665	554.214905	1.000000
0.000000	1689.902954	26203.947266	1.000000
0.000000	3280.687988	-1690.591797	1.000000
0.000000	-113.359062	-290.046814	1.000000
0.000000	184.676117	-398.540924	1.000000
0.000000	5359.195801	-2934.662598	1.000000
0.000000	401123.437500	-1051564.750000	1.000000
0.000000	40169.781250	142524.875000	1.000000
0.000000	899154304.000000	-490293056.000000	1.000000
0.000000	5089.424805	-14904.166016	1.000000
0.000000	-11819835.000000	-661254.437500	1.000000
0.000000	10633.327148	-15079.836914	1.000000
0.000000	-31.958035	-399.252289	1.000000
0.000000	-301.467651	-794.956482	1.000000
0.000000	-463.957214	920.823975	1.000000
0.000000	424282.687500	2480.935303	1.000000
0.000000	-9382.724609	10630.231445	1.000000
0.000000	-212.094879	529.946106	1.000000
0.000000	29.194881	-323.547577	1.000000
0.000000	3425.575684	-13324.661133	1.000000
0.000000	-935690816.000000	516809408.000000	1.000000
0.000000	1333545.500000	80278.796875	1.000000
0.000000	370783.687500	-121737.859375	1.000000
0.000000	282423.250000	227407.218750	1.000000
0.000000	24869.064453	-23119.949219	1.000000
0.000000	2203343.750000	933618.187500	1.000000
0.000000	-170.626694	249.773163	1.000000
0.000000	53.809952	-41.505268	1.000000
0.000000	-3144.813721	-341.529541	1.000000
0.000000	-1675.104614	1753.631958	1.000000
0.000000	114.702797	309.389038	1.000000
0.000000	3.076511	-80.025673	1.000000
0.000000	-1245.765503	1091.444702	1.000000
0.000000	941.089417	-205.023926	1.000000
0.000000	241.873276	-151.037491	1.000000
0.000000	-4355021.000000	2416277.250000	1.000000
0.000000	1134.795654	629.087830	1.000000
0.000000	-155.186996	-88061.187500	1.000000
0.000000	1711789.125000	-2028472.500000	1.000000
0.000000	818.304565	-1479.763672	1.000000
0.000000	-236.524353	-5320.552246	1.000000
0.000000	691415.187500	-227468.781250	1.000000
0.000000	12310197.000000	-6573529.500000	1.000000
0.000000	-21952.607422	-21538.644531	1.000000
0.000000	170703.765625	-24544.878906	1.000000
0.000000	11.664768	212.158371	1.000000
0.000000	318.377899	-42.386841	1.000000
0.000000	592.446228	-1796.056396	1.000000
0.000000	-168.251831	-264.021149	1.000000
0.000000	117.260666	-295.208832	1.000000
0.000000	-890.965576	1097.140747	1.000000
0.000000	-238.159348	-3105.519775	1.000000
0.000000	-53895.835938	119833.890625	1.000000
0.000000	98.942322	273.151001	1.000000
0.000000	-378.347992	33.385624	1.000000
0.000000	-106.489563	-1069.391968	1.000000
0.000000	-64590.574219	15525.941406	1.000000
0.000000	2442.351318	810.038879	1.000000
0.000000	55803.300781	149599.609375	1.000000
0.000000	-13258.002930	6594.760742	1.000000
0.000000	-41800.628906	-29770.390625	1.000000
0.000000	-8435.379883	13825.718750	1.000000
0.000000	328.840332	351.737183	1.000000
0.000000	-327.780701	186.334061	1.000000
0.000000	1570.715820	3162.420654	1.000000
0.000000	653.075806	-420.566132	1.000000
0.000000	1909.573975	104.139931	1.000000
0.000000	570.666748	-557.257629	1.000000
0.000000	13986.427734	-14259.386719	1.000000
0.000000	-318.019287	-145.788010	1.000000
0.000000	-1174.296875	1505.033813	1.000000
0.000000	245.225372	269.892365	1.000000
0.000000	-13320.776367	-2987.229736	1.000000
0.000000	-28675.628906	-61527.453125	1.000000
0.000000	1709.203857	8069.254883	1.000000
0.000000	-2519.073242	1833.139160	1.000000
0.000000	109.065109	-156.810257	1.000000
0.000000	59.653519	199.318878	1.000000
0.000000	-3812.672119	-16022.125977	1.000000
0.000000	778.696106	-23.565020	1.000000
0.000000	-8794.759766	12933.582031	1.000000
0.000000	-891.954224	-3190.077148	1.000000
0.000000	941.112366	583.269958	1.000000
0.000000	298.825836	-256.322937	1.000000
0.000000	-5635.380371	-20509.380859	1.000000
0.000000	2.492354	-333.776154	1.000000
0.000000	22511.757812	-24608.287109	1.000000
0.000000	-306.917816	-183.587265	1.000000
0.000000	-3300464.250000	1376390.750000	1.000000
0.000000	-17992.892578	-1269.776001	1.000000
0.000000	-61.978203	586.335815	1.000000
0.000000	161.612152	-352.387177	1.000000
0.000000	6687.555176	2694.961914	1.000000
0.000000	-26125.693359	-23362.175781	1.000000
0.000000	-586712.625000	317467.656250	1.000000
0.000000	-108536.234375	249077.609375	1.000000
0.000000	38016.937500	-56191.003906	1.000000
0.000000	605.561035	-1727.999146	1.000000
0.000000	125.323311	175.313217	1.000000
0.000000	-221.981506	-416.811279	1.000000
0.000000	-389.861145	688.214722	1.000000
0.000000	4112436.000000	2116301.500000	1.000000
0.000000	175.870621	212.496750	1.000000
0.000000	-45278.636719	75967.937500	1.000000
0.000000	711.762390	1696.678955	1.000000
0.000000	4839.183105	12561.907227	1.000000
0.000000	618.517395	1600.228516	1.000000
0.000000	-44103.496094	2372.031006	1.000000
0.000000	245719.234375	-842228.687500	1.000000
0.000000	-232.745331	-144.545883	1.000000
0.000000	451.908661	-129.571350	1.000000
0.000000	-32978.738281	-140013.109375	1.000000
0.000000	-14339.756836	-13557.968750	1.000000
0.000000	-389.184326	-82.541115	1.000000
0.000000	-323607.031250	730136.875000	1.000000
0.000000	-31355.824219	-19667.753906	1.000000
0.000000	-430.068512	-1081.475464	1.000000
0.000000	149.604691	-362.450165	1.000000
0.000000	-3622.328613	-12777.300781	1.000000
0.000000	94.111084	-325.433014	1.000000
0.000000	3203.317871	2991.327637	1.000000
0.000000	31.810194	182.175705	1.000000
0.000000	799170.187500	-982912.687500	1.000000
0.000000	-386.896820	409.030701	1.000000
0.000000	-3274.506104	-2092.836182	1.000000
0.000000	-28.167576	2903.812744	1.000000
0.000000	-320.658020	303.003021	1.000000
0.000000	19849.376953	10545.726562	1.000000
0.000000	77.198135	585.040710	1.000000
0.000000	-3368.590820	-1914.585083	1.000000
0.000000	65101.902344	112665.070312	1.000000
0.000000	270.422089	215.833496	1.000000
0.000000	484892.843750	100813.046875	1.000000
0.000000	-244.471954	234.266449	1.000000
0.000000	80.179237	295.786133	1.000000
0.000000	320.227570	118.463921	1.000000
0.000000	-292.790222	-96.046753	1.000000
0.000000	-52421.660156	-3007.968994	1.000000
0.000000	11398.596680	1380.059937	1.000000
0.000000	-77.981285	-186.341705	1.000000
0.000000	4.503058	1747.764404	1.000000
0.000000	-7872.938965	-93145.484375	1.000000
0.000000	-567.196533	1109.267822	1.000000
0.000000	-43.628838	300.800537	1.000000
0.000000	328.690338	-76.162682	1.000000
0.000000	56.135311	340.529480	1.000000
0.000000	-42896.707031	-77720.820312	1.000000
0.000000	302.896027	-1089.345947	1.000000
0.000000	-15.676251	323.364197	1.000000
0.000000	-86.328545	-192.727753	1.000000
0.000000	-458.972900	710.145386	1.000000
0.000000	391.705048	66.720490	1.000000
0.000000	215.992950	998.301392	1.000000
0.000000	-179.216492	158.468369	1.000000
0.000000	239.572845	513.809998	1.000000
0.000000	-10993.817383	555.116638	1.000000
0.000000	28171368.000000	16549397.000000	1.000000
0.000000	302.577789	-632.270020	1.000000
0.000000	-32776.968750	266775.625000	1.000000
0.000000	-223.909180	5.397051	1.000000
0.000000	1477.996826	2677.839844	1.000000
0.000000	4548.748535	10677.868164	1.000000
0.000000	-48531.976562	-126250.796875	1.000000
0.000000	61.005573	-511.512543	1.000000
0.000000	1929694.125000	165225.296875	1.000000
0.000000	-180118.203125	-177937.812500	1.000000
0.000000	-70204.335938	13742.133789	1.000000
0.000000	259.891998	-112.628235	1.000000
0.000000	-131107.718750	14954.382812	1.000000
0.000000	-1064.511841	230.954163	1.000000
0.000000	-1321.519897	1007.530151	1.000000
0.000000	-1184.457764	1160.971558	1.000000
0.000000	49258.035156	57547.781250	1.000000
0.000000	83882.679688	3687.679932	1.000000
0.000000	1049.351685	-405.394775	1.000000
0.000000	-346.420868	-269.902313	1.000000
0.000000	-1589278.625000	-1200867.375000	1.000000
0.000000	-261.293518	140.699448	1.000000
0.000000	2590553.750000	19356.792969	1.000000
0.000000	131.885498	-173.647781	1.000000
0.000000	-10442.511719	13185.576172	1.000000
0.000000	1826645.375000	135394.421875	1.000000
0.000000	-1566.106323	781.912354	1.000000
0.000000	258.733246	47.058247	1.000000
0.273627	339.869904	-23.073624	1.000000
0.000000	458.665222	969.230652	1.000000
0.000000	-10609.581055	7408.019043	1.000000
0.000000	-359.641602	158.183563	1.000000
0.000000	27333.412109	25883.917969	1.000000
0.000000	64.309364	285.016388	1.000000
0.000000	272.426117	484.716156	1.000000
0.000000	-32.107113	-9057.251953	1.000000
0.000000	-5587.776855	9773.134766	1.000000
0.000000	459144.031250	25593.460938	1.000000
0.000000	-1002.604187	1095.143066	1.000000
0.000000	2165.838867	-5268.649902	1.000000
0.000000	3486.802246	-2075.689209	1.000000
0.000000	132.875641	60.212837	1.000000
0.000000	211.701630	172.243591	1.000000
0.000000	972.434204	-726.550537	1.000000
0.000000	1205.988892	11744.936523	1.000000
0.000000	18055.035156	-23782.556641	1.000000
0.000000	305.013763	-15.621933	1.000000
0.000000	-14.143003	-193.762299	1.000000
0.000000	1159.635010	1166.214600	1.000000
0.000000	395.594910	-45.267056	1.000000
0.000000	104.309013	155.964615	1.000000
0.000000	-1450.893066	127.787285	1.000000
0.000000	75298.390625	-7410.332031	1.000000
0.000000	77.384026	386.946960	1.000000
0.000000	-226.567551	-720.712036	1.000000
0.000000	1179.712646	-9616.921875	1.000000
0.000000	256.726288	280.086243	1.000000
0.000000	224.107178	207.852341	1.000000
0.000000	-3870.688721	-4620.842285	1.000000
0.000000	495.847748	229.529526	1.000000
0.000000	-2014.269165	-2957.445557	1.000000
0.000000	-1.830261	255.140945	1.000000
0.000000	22240.812500	39072.734375	1.000000
0.000000	330.984833	-23.960833	1.000000
0.000000	865.451721	-550.157288	1.000000
0.000000	1235.777100	690.491638	1.000000
0.000000	-318.931793	614.410889	1.000000
0.000000	129.072464	-299.741547	1.000000
0.000000	9573.952148	4861.301270	1.000000
0.000000	-92687.968750	-330201.781250	1.000000
0.000000	7965.388184	16948.367188	1.000000
0.000000	197.805725	-169.767471	1.000000
0.000000	3392.502197	-932.348633	1.000000
0.000000	-423359.875000	-81933.250000	1.000000
0.000000	-44105600.000000	-10494824.000000	1.000000
0.000000	6013.971680	-4602.885254	1.000000
0.000000	-280.251923	136.794586	1.000000
0.000000	1007.838623	-1704.980835	1.000000
0.000000	5869.489258	369.578613	1.000000
0.000000	-241.763870	-91.708183	1.000000
0.000000	-462.309387	1017.668823	1.000000
0.000000	-18783.220703	90.984009	1.000000
0.000000	-606.820862	-156.394424	1.000000
0.000000	296.185638	-325.563690	1.000000
0.000000	14525.533203	-11047.463867	1.000000
