0.000000	31638.890625	455680.000000	1.000000
0.000000	214934.500000	175058.765625	1.000000
0.000000	1156.542725	-12577.913086	1.000000
0.000000	-721.824036	651.629456	1.000000
0.000000	16904.279297	27597.406250	1.000000
0.000000	-13889.829102	799.928406	1.000000
0.000000	-862.800964	-2366.707764	1.000000
0.000000	-595024.312500	1523932.125000	1.000000
0.000000	3470.930420	-2374.633789	1.000000
0.000000	9292453.000000	3386659.750000	1.000000
0.000000	78697400.000000	19959642.000000	1.000000
0.000000	-84.557945	-133.197388	1.000000
0.000000	-201.350006	-77.602592	1.000000
0.000000	99.837730	-46.109310	1.000000
0.000000	-73337376.000000	-31090268.000000	1.000000
0.000000	562.978088	-4615.288574	1.000000
0.000000	328.293945	-216.598312	1.000000
0.000000	-6068.060059	7635.966797	1.000000
0.000000	-987.805603	414.379181	1.000000
0.000000	-235.626083	101.533745	1.000000
0.000000	879.367493	7816.491211	1.000000
0.000000	10068.593750	84945.382812	1.000000
0.000000	-9.453599	628.438599	1.000000
0.000000	87.233795	225.201416	1.000000
0.000000	-207241.578125	-53197.363281	1.000000
0.000000	218.147308	-74.342682	1.000000
0.000000	10391.627930	35577.238281	1.000000
0.000000	-3734.942139	11618.619141	1.000000
0.000000	237.051071	-84.629799	1.000000
0.000000	-61669.414062	-273296.843750	1.000000
0.000000	5290.012695	-9060.730469	1.000000
0.000000	4689.860352	858.074097	1.000000
0.000000	-83.335724	386.321442	1.000000
0.000000	-393.378296	-341.205109	1.000000
0.000000	-86.730148	89.420364	1.000000
0.000000	4684.183594	2699.597900	1.000000
0.000000	192.427185	4.828459	1.000000
0.000000	-5587.637207	-1381.353394	1.000000
0.000000	-246340.140625	-73548.593750	1.000000
0.000000	-46889.792969	-6041.711426	1.000000
0.000000	314.939545	-35.516899	1.000000
0.000000	425.936035	173.749451	1.000000
1.019367	0.075852	41.043915	1.000000
0.958772	4.057615	39.011646	1.000000
0.000000	23.182346	40.580990	1.000000
0.000000	-486.181976	-455.313690	1.000000
0.000000	-4242.694336	3466.994629	1.000000
0.000000	-715.114990	267.376740	1.000000
0.000000	-68.726883	-64.748062	1.000000
0.000000	-60.675945	-42.665722	1.000000
0.000000	6843.466309	6301.068359	1.000000
0.000000	-760.279968	1860.142212	1.000000
0.000000	139.984070	1511.630371	1.000000
0.000000	-3280.979248	-11812.887695	1.000000
0.000000	115.034599	-116.312271	1.000000
0.000000	-20.895256	-68.127815	1.000000
0.000000	-69.555298	124.707443	1.000000
0.000000	29405522.000000	-21550876.000000	1.000000
0.000000	-393.239563	1543.765259	1.000000
0.000000	629.877808	369.802643	1.000000
0.000000	1816.111450	26414.494141	1.000000
0.000000	3187.377441	-1463.895020	1.000000
0.000000	14.954678	-79.999588	1.000000
0.000000	52.486172	-192.307526	1.000000
0.000000	5509.928223	-2742.060059	1.000000
0.000000	400970.312500	-1051564.750000	1.000000
0.000000	40380.328125	142678.000000	1.000000
0.000000	899154304.000000	-490293056.000000	1.000000
0.000000	5247.334961	-14717.544922	1.000000
0.000000	-11819835.000000	-661560.687500	1.000000
0.000000	10508.913086	-15290.383789	1.000000
0.000000	40.417873	-165.199249	1.000000
0.000000	-116.547852	-634.354675	1.000000
0.000000	-708.868042	929.197998	1.000000
0.000000	424588.937500	2541.946045	1.000000
0.000000	-9143.466797	10687.653320	1.000000
0.000000	25.725216	588.863342	1.000000
0.000000	50.653316	-79.504593	1.000000
0.000000	3401.649902	-13080.618164	1.000000
0.000000	-935690816.000000	516809408.000000	1.000000
0.000000	1333545.500000	80049.109375	1.000000
0.000000	370477.437500	-121699.578125	1.000000
0.000000	282729.500000	227330.656250	1.000000
0.000000	25089.181641	-23234.792969	1.000000
0.000000	2203343.750000	933924.437500	1.000000
0.000000	-44.453854	44.712299	1.000000
0.000000	291.422028	14.415482	1.000000
0.000000	-3297.938721	-532.935791	1.000000
0.000000	-1646.393677	1510.187134	1.000000
0.000000	1.730188	91.969719	1.000000
0.000000	66.017426	156.755310	1.000000
0.000000	-1009.498413	1156.044312	1.000000
0.000000	734.131409	-73.821411	1.000000
0.000000	187.367355	-389.879547	1.000000
0.000000	-4355021.000000	2416277.250000	1.000000
0.000000	922.909912	506.176208	1.000000
0.000000	84.586700	-88022.906250	1.000000
0.000000	1711789.125000	-2028472.500000	1.000000
0.000000	772.546509	-1720.217773	1.000000
0.000000	-437.949524	-5181.782715	1.000000
0.000000	691415.187500	-227239.093750	1.000000
0.000000	12310197.000000	-6573529.500000	1.000000
0.000000	-21895.185547	-21299.386719	1.000000
0.000000	170474.078125	-24401.324219	1.000000
0.000000	117.138351	-2.782356	1.000000
0.000000	83.585831	27.569532	1.000000
0.000000	829.610535	-1735.045654	1.000000
0.000000	-7.055223	-79.497780	1.000000
0.000000	28.099339	-67.016678	1.000000
0.000000	-820.683594	862.462341	1.000000
0.000000	-0.625241	-3165.334229	1.000000
0.000000	-53647.007812	119833.890625	1.000000
0.000000	16.689272	45.946457	1.000000
0.000000	-141.293442	-28.717884	1.000000
0.000000	-342.114471	-1136.384155	1.000000
0.000000	-64801.121094	15659.925781	1.000000
0.000000	2369.377686	576.164368	1.000000
0.000000	55611.894531	149446.484375	1.000000
0.000000	-13023.530273	6671.323242	1.000000
0.000000	-41609.222656	-29913.945312	1.000000
0.000000	-8636.356445	13686.949219	1.000000
0.000000	107.523399	246.756226	1.000000
0.000000	-147.335617	20.573908	1.000000
0.000000	1394.263184	3332.293701	1.000000
0.000000	416.509674	-356.714203	1.000000
0.000000	2066.957764	291.901581	1.000000
0.000000	522.815186	-316.981262	1.000000
0.000000	14039.064453	-14020.128906	1.000000
0.000000	-109.113922	-17.833370	1.000000
0.000000	-1081.584473	1731.730591	1.000000
0.000000	70.118561	98.523972	1.000000
0.000000	-13560.034180	-2933.396729	1.000000
0.000000	-28522.503906	-61336.046875	1.000000
0.000000	1575.219482	7863.493164	1.000000
0.000000	-2668.609375	2026.937988	1.000000
0.000000	-115.118301	-57.966881	1.000000
0.000000	217.439438	380.124329	1.000000
0.000000	-3968.189697	-16213.532227	1.000000
0.000000	543.326233	-91.939262	1.000000
0.000000	-8550.716797	12914.441406	1.000000
0.000000	-965.825073	-2956.800781	1.000000
0.000000	967.729797	339.719391	1.000000
0.000000	59.418114	-204.358673	1.000000
0.000000	-5877.030762	-20547.662109	1.000000
0.000000	-10.395781	-89.129089	1.000000
0.000000	22578.750000	-24369.029297	1.000000
0.000000	-141.732132	-2.643711	1.000000
0.000000	-3300464.250000	1376390.750000	1.000000
0.000000	-17906.759766	-1041.284790	1.000000
0.641668	41.150028	364.279694	1.000000
0.032207	80.081436	-121.661057	1.000000
0.000000	6608.600098	2927.041992	1.000000
0.000000	-26355.380859	-23438.738281	1.000000
0.000000	-586712.625000	317314.531250	1.000000
0.000000	-108536.234375	249307.296875	1.000000
0.000000	38265.765625	-56191.003906	1.000000
0.000000	447.052704	-1541.378052	1.000000
0.000000	7.631359	-39.569496	1.000000
0.000000	-165.980225	-655.231567	1.000000
0.000000	-323.018494	452.545746	1.000000
0.000000	4112436.000000	2116301.500000	1.000000
0.000000	-61.573418	164.240646	1.000000
0.000000	-45182.933594	75738.250000	1.000000
0.000000	490.762390	1590.807373	1.000000
0.000000	4602.317871	12624.114258	1.000000
0.000000	642.742249	1844.271484	1.000000
0.000000	-43931.230469	2192.587646	1.000000
0.000000	245948.921875	-842228.687500	1.000000
0.000000	-11.116755	-40.138199	1.000000
0.000000	211.972839	-146.537308	1.000000
0.000000	-33074.441406	-139783.421875	1.000000
0.000000	-14258.409180	-13787.656250	1.000000
0.000000	-144.509140	-70.129616	1.000000
0.000000	-323300.781250	730136.875000	1.000000
0.000000	-31566.371094	-19792.167969	1.000000
0.000000	-208.605484	-976.800171	1.000000
0.032207	83.273682	-126.324883	1.000000
0.000000	-3856.801270	-12705.523438	1.000000
0.000000	23.258743	-90.907730	1.000000
0.000000	3130.344238	3224.604004	1.000000
0.000000	-84.478767	394.113129	1.000000
0.000000	799476.437500	-982912.687500	1.000000
0.000000	-145.280701	368.207336	1.000000
0.000000	-3508.978760	-2023.451538	1.000000
0.000000	23.319445	2664.554932	1.000000
0.000000	-147.794250	129.337051	1.000000
0.000000	19973.791016	10335.179688	1.000000
0.000000	-164.280396	626.312683	1.000000
0.000000	-3135.314453	-1838.022583	1.000000
0.000000	65025.339844	112435.382812	1.000000
0.000000	87.881699	52.792664	1.000000
0.000000	484892.843750	100583.359375	1.000000
0.000000	-67.271645	65.066322	1.000000
0.000000	80.561302	50.677006	1.000000
0.000000	278.207916	-122.896851	1.000000
0.000000	-48.359165	-80.507347	1.000000
0.000000	-52517.363281	-3230.478760	1.000000
0.000000	11269.397461	1171.905640	1.000000
0.000000	-143.511612	50.738190	1.000000
0.000000	-138.560562	1946.946533	1.000000
0.000000	-7860.976074	-92915.796875	1.000000
0.000000	-420.445404	1305.459229	1.000000
0.000000	114.903320	117.903496	1.000000
0.000000	91.863487	-6.684010	1.000000
0.000000	46.042137	94.857086	1.000000
0.000000	-42705.300781	-77873.945312	1.000000
0.000000	494.451813	-936.392334	1.000000
0.000000	-143.198822	114.163147	1.000000
0.000000	23.304218	-411.798187	1.000000
0.000000	-436.542480	466.102417	1.000000
0.000000	220.486191	241.976837	1.000000
0.000000	157.748627	760.239868	1.000000
0.000000	-65.412079	-55.938347	1.000000
0.641668	42.164528	368.457092	1.000000
0.000000	-10749.774414	573.060974	1.000000
0.000000	28171368.000000	16549397.000000	1.000000
0.000000	137.394058	-451.331329	1.000000
0.000000	-32872.671875	266928.750000	1.000000
0.000000	17.957024	14.376163	1.000000
0.000000	1274.029541	2813.020508	1.000000
0.000000	4788.006348	10620.446289	1.000000
0.000000	-48780.804688	-126250.796875	1.000000
0.000000	276.106049	-394.276215	1.000000
0.000000	1929694.125000	165072.171875	1.000000
0.000000	-180347.890625	-177937.812500	1.000000
0.000000	-70012.929688	13880.903320	1.000000
0.000000	114.707085	79.526749	1.000000
0.000000	-131031.156250	14719.910156	1.000000
0.000000	-845.945496	120.147896	1.000000
0.000000	-1167.796753	1198.312378	1.000000
0.000000	-1121.054443	924.232422	1.000000
0.000000	49200.613281	57318.093750	1.000000
0.000000	84074.085938	3834.823486	1.000000
0.000000	815.808777	-479.863770	1.000000
0.000000	-128.652527	-157.666183	1.000000
0.000000	-1589278.625000	-1200867.375000	1.000000
0.000000	-26.844961	68.688042	1.000000
0.000000	2590553.750000	19136.675781	1.000000
0.000000	48.322510	50.113605	1.000000
0.000000	-10298.957031	12984.599609	1.000000
0.000000	1826645.375000	135547.546875	1.000000
0.000000	-1594.219116	538.467529	1.000000
0.000000	20.033064	-2.888457	1.000000
0.000000	136.716080	108.899292	1.000000
0.000000	654.258484	1116.861206	1.000000
0.000000	-10442.100586	7228.575684	1.000000
0.000000	-119.486595	109.673218	1.000000
0.000000	27323.841797	25635.089844	1.000000
0.000000	-114.533173	117.538277	1.000000
0.000000	261.360443	239.930420	1.000000
0.000000	206.235779	-9114.673828	1.000000
0.000000	-5343.733887	9768.349609	1.000000
0.000000	458990.906250	25775.296875	1.000000
0.000000	-772.916687	1010.206543	1.000000
0.000000	1968.692139	-5414.597168	1.000000
0.000000	3482.017090	-1830.449951	1.000000
0.000000	-1.137857	-144.884552	1.000000
0.570279	2.080112	45.148712	1.000000
0.000000	1077.853760	-505.531769	1.000000
0.000000	1177.876099	11988.979492	1.000000
0.000000	18294.292969	-23734.705078	1.000000
0.000000	60.671455	2.187286	1.000000
0.000000	-21.646441	47.459335	1.000000
0.000000	1363.004150	1029.837646	1.000000
0.000000	150.654739	-39.005230	1.000000
0.000000	63.955418	-84.227859	1.000000
0.000000	-1684.169434	53.059341	1.000000
0.000000	75068.703125	-7436.650391	1.000000
0.000000	12.151733	150.796112	1.000000
0.000000	-471.516724	-720.712036	1.000000
0.000000	1195.264404	-9860.964844	1.000000
0.000000	108.605492	84.941589	1.000000
0.000000	37.246304	49.417080	1.000000
0.000000	-3983.139893	-4838.566895	1.000000
0.000000	254.196808	189.603378	1.000000
0.000000	-1817.479614	-2811.498291	1.000000
0.000000	-100.261322	37.368954	1.000000
0.000000	22202.531250	38823.906250	1.000000
0.000000	88.648811	-22.187160	1.000000
0.000000	620.511536	-554.344299	1.000000
0.000000	1024.033936	567.273865	1.000000
0.000000	-308.763336	369.682861	1.000000
0.000000	-25.470551	-109.627174	1.000000
0.000000	9449.538086	5071.848145	1.000000
0.000000	-92802.812500	-330048.656250	1.000000
0.000000	7721.345215	16938.796875	1.000000
0.000000	39.142639	17.039440	1.000000
0.000000	3312.350830	-1163.948853	1.000000
0.000000	-423513.000000	-81741.843750	1.000000
0.000000	-44105600.000000	-10494824.000000	1.000000
0.000000	5903.913086	-4820.609863	1.000000
0.000000	-187.280670	-89.829865	1.000000
0.000000	793.104736	-1822.815308	1.000000
0.000000	6060.895508	521.806396	1.000000
0.000000	-14.320149	-0.613722	1.000000
0.000000	-217.656555	1029.631714	1.000000
0.000000	-18821.501953	332.888184	1.000000
0.000000	-361.880676	-149.590530	1.000000
0.000000	263.835999	-84.112091	1.000000
0.000000	14300.630859	-11143.166992	1.000000
