0.000000	31485.492188	455824.375000	1.000000
0.000000	215006.687500	175275.328125	1.000000
0.000000	1190.944580	-12808.010742	1.000000
0.000000	-490.880432	648.245667	1.000000
0.000000	16886.232422	27362.796875	1.000000
0.000000	-13664.243164	747.761658	1.000000
0.000000	-655.543884	-2468.221436	1.000000
0.000000	-595313.062500	1523932.125000	1.000000
0.000000	3589.363037	-2176.118164	1.000000
0.000000	9292453.000000	3386659.750000	1.000000
0.000000	78697400.000000	19959642.000000	1.000000
0.000000	-307.471924	-193.682617	1.000000
0.000000	-310.723938	125.872437	1.000000
0.000000	91.343010	-276.963531	1.000000
0.000000	-73337376.000000	-31090268.000000	1.000000
0.000000	764.031555	-4502.495605	1.000000
0.000000	382.434570	-441.184937	1.000000
0.000000	-6187.620605	7834.482422	1.000000
0.000000	-987.241638	183.413422	1.000000
0.000000	-314.881256	318.519196	1.000000
0.000000	928.996399	8042.077148	1.000000
0.000000	10276.132812	85053.664062	1.000000
0.000000	-54.143368	855.152466	1.000000
0.000000	255.378296	71.280289	1.000000
0.000000	-207097.203125	-53359.785156	1.000000
0.000000	448.397552	-56.260559	1.000000
0.000000	10387.116211	35342.628906	1.000000
0.000000	-3961.656006	11573.501953	1.000000
0.000000	438.950500	-196.858795	1.000000
0.000000	-61434.804688	-273296.843750	1.000000
0.000000	5152.405273	-8875.750000	1.000000
0.000000	4913.190430	915.034546	1.000000
0.000000	-296.417786	475.649384	1.000000
0.000000	-562.384705	-183.750290	1.000000
0.000000	-267.264984	-54.686375	1.000000
0.000000	4893.978516	2795.471924	1.000000
0.000000	-22.398355	-80.063545	1.000000
0.000000	-5765.850098	-1527.420288	1.000000
0.000000	-246267.953125	-73765.156250	1.000000
0.000000	-46709.324219	-6181.574707	1.000000
0.000000	493.011444	111.569290	1.000000
0.000000	559.404602	-14.775706	1.000000
0.000000	-2.151934	271.963867	1.000000
0.000000	-95.743248	-166.593552	1.000000
0.000000	52.005077	268.774017	1.000000
0.000000	-573.314514	-241.425217	1.000000
0.000000	-4053.202148	3335.026855	1.000000
0.000000	-846.236816	457.573883	1.000000
0.000000	-119.616531	-290.111206	1.000000
0.000000	-287.571228	-88.060585	1.000000
0.000000	7073.563965	6276.253906	1.000000
0.000000	-886.326111	1666.702271	1.000000
0.000000	8.690536	1321.574219	1.000000
0.000000	-3415.202881	-11623.395508	1.000000
0.000000	328.356445	-27.727751	1.000000
0.000000	-15.777929	-297.372314	1.000000
0.000000	161.309982	116.706192	1.000000
0.000000	29405522.000000	-21550876.000000	1.000000
0.000000	-579.347961	1680.244751	1.000000
0.000000	477.857635	543.670471	1.000000
0.000000	1697.114868	26215.978516	1.000000
0.000000	3275.355957	-1677.637695	1.000000
0.000000	-105.993340	-278.143738	1.000000
0.000000	177.122406	-386.757477	1.000000
0.000000	5367.809082	-2923.656738	1.000000
0.000000	401114.687500	-1051564.750000	1.000000
0.000000	40181.812500	142533.625000	1.000000
0.000000	899154304.000000	-490293056.000000	1.000000
0.000000	5098.448242	-14893.501953	1.000000
0.000000	-11819835.000000	-661271.937500	1.000000
0.000000	10626.217773	-15091.868164	1.000000
0.000000	-27.822292	-385.879486	1.000000
0.000000	-290.897583	-785.779236	1.000000
0.000000	-477.945251	921.302490	1.000000
0.000000	424300.187500	2484.421631	1.000000
0.000000	-9369.052734	10633.512695	1.000000
0.000000	-198.504181	533.312805	1.000000
0.000000	30.421078	-309.602264	1.000000
0.000000	3424.208496	-13310.715820	1.000000
0.000000	-935690816.000000	516809408.000000	1.000000
0.000000	1333545.500000	80265.671875	1.000000
0.000000	370766.187500	-121735.671875	1.000000
0.000000	282440.750000	227402.843750	1.000000
0.000000	24881.642578	-23126.511719	1.000000
0.000000	2203343.750000	933635.687500	1.000000
0.000000	-163.252426	237.874359	1.000000
0.000000	67.473282	-38.452595	1.000000
0.000000	-3153.563721	-352.467041	1.000000
0.000000	-1673.463989	1739.720825	1.000000
0.000000	108.247108	296.964722	1.000000
0.000000	6.673389	-66.494789	1.000000
0.000000	-1232.264526	1095.136108	1.000000
0.000000	929.263245	-197.525757	1.000000
0.000000	238.758652	-164.688004	1.000000
0.000000	-4355021.000000	2416277.250000	1.000000
0.000000	1122.696045	622.063904	1.000000
0.000000	-141.485214	-88059.000000	1.000000
0.000000	1711789.125000	-2028472.500000	1.000000
0.000000	815.689819	-1493.503906	1.000000
0.000000	-248.034363	-5312.622559	1.000000
0.000000	691415.187500	-227455.656250	1.000000
0.000000	12310197.000000	-6573529.500000	1.000000
0.000000	-21949.326172	-21524.972656	1.000000
0.000000	170690.640625	-24536.675781	1.000000
0.000000	17.689472	199.520432	1.000000
0.000000	304.979462	-38.316254	1.000000
0.000000	605.998474	-1792.570068	1.000000
0.000000	-159.040405	-253.476730	1.000000
0.000000	112.165756	-282.169281	1.000000
0.000000	-886.949463	1083.742310	1.000000
0.000000	-224.585739	-3108.937744	1.000000
0.000000	-53881.617188	119833.890625	1.000000
0.000000	93.992676	260.051636	1.000000
0.000000	-364.804291	29.839155	1.000000
0.000000	-119.954224	-1073.220093	1.000000
0.000000	-64602.605469	15533.597656	1.000000
0.000000	2438.181396	796.674622	1.000000
0.000000	55792.363281	149590.859375	1.000000
0.000000	-13244.604492	6599.135742	1.000000
0.000000	-41789.691406	-29778.593750	1.000000
0.000000	-8446.864258	13817.789062	1.000000
0.000000	316.193848	345.738647	1.000000
0.000000	-317.466980	176.862015	1.000000
0.000000	1560.632812	3172.127686	1.000000
0.000000	639.557739	-416.917450	1.000000
0.000000	1918.563232	114.870216	1.000000
0.000000	567.932373	-543.534485	1.000000
0.000000	13989.435547	-14245.714844	1.000000
0.000000	-306.082031	-138.477829	1.000000
0.000000	-1168.999023	1517.987915	1.000000
0.000000	235.219269	260.099884	1.000000
0.000000	-13334.448242	-2984.153564	1.000000
0.000000	-28666.878906	-61516.515625	1.000000
0.000000	1701.547607	8057.497070	1.000000
0.000000	-2527.618164	1844.213379	1.000000
0.000000	96.254135	-151.162064	1.000000
0.000000	68.914078	209.820587	1.000000
0.000000	-3821.558838	-16033.063477	1.000000
0.000000	765.246399	-27.471651	1.000000
0.000000	-8780.814453	12932.488281	1.000000
0.000000	-896.175415	-3176.747070	1.000000
0.000000	942.633362	569.358826	1.000000
0.000000	285.145416	-253.353119	1.000000
0.000000	-5649.188965	-20511.568359	1.000000
0.000000	1.755889	-319.796661	1.000000
0.000000	22515.585938	-24594.615234	1.000000
0.000000	-297.475677	-173.247910	1.000000
0.000000	-3300464.250000	1376390.750000	1.000000
0.000000	-17987.970703	-1256.719360	1.000000
0.000000	-56.089684	573.638062	1.000000
0.000000	156.946625	-339.185272	1.000000
0.000000	6683.043457	2708.223633	1.000000
0.000000	-26138.818359	-23366.550781	1.000000
0.000000	-586712.625000	317458.906250	1.000000
0.000000	-108536.234375	249090.734375	1.000000
0.000000	38031.156250	-56191.003906	1.000000
0.000000	596.503418	-1717.335083	1.000000
0.000000	118.598457	163.034164	1.000000
0.000000	-218.781433	-430.440430	1.000000
0.000000	-386.041565	674.747925	1.000000
0.000000	4112436.000000	2116301.500000	1.000000
0.000000	162.147476	209.732468	1.000000
0.000000	-45273.167969	75954.812500	1.000000
0.000000	699.132996	1690.629150	1.000000
0.000000	4825.647949	12565.461914	1.000000
0.000000	619.901672	1614.173828	1.000000
0.000000	-44093.652344	2361.777100	1.000000
0.000000	245732.359375	-842228.687500	1.000000
0.000000	-220.081757	-138.581528	1.000000
0.000000	437.946259	-130.652283	1.000000
0.000000	-32984.207031	-139999.984375	1.000000
0.000000	-14335.108398	-13571.093750	1.000000
0.000000	-375.204834	-81.831886	1.000000
0.000000	-323589.531250	730136.875000	1.000000
0.000000	-31367.855469	-19674.863281	1.000000
0.000000	-417.413483	-1075.494019	1.000000
0.000000	145.823563	-348.974823	1.000000
0.000000	-3635.727051	-12773.199219	1.000000
0.000000	90.062927	-312.034576	1.000000
0.000000	3199.147949	3004.657715	1.000000
0.000000	25.184141	194.510300	1.000000
0.000000	799187.687500	-982912.687500	1.000000
0.000000	-373.088226	406.697937	1.000000
0.000000	-3287.904541	-2088.871338	1.000000
0.000000	-25.225452	2890.140869	1.000000
0.000000	-310.780090	293.082367	1.000000
0.000000	19856.486328	10533.695312	1.000000
0.000000	63.400173	587.399109	1.000000
0.000000	-3355.260742	-1910.210083	1.000000
0.000000	65097.527344	112651.945312	1.000000
0.000000	260.099823	206.378540	1.000000
0.000000	484892.843750	100799.921875	1.000000
0.000000	-234.346222	224.597870	1.000000
0.000000	80.356544	281.789551	1.000000
0.000000	317.826447	104.672417	1.000000
0.000000	-278.819275	-95.155945	1.000000
0.000000	-52427.128906	-3020.683838	1.000000
0.000000	11391.213867	1368.165405	1.000000
0.000000	-81.785912	-172.870636	1.000000
0.000000	-3.671824	1759.146240	1.000000
0.000000	-7872.255371	-93132.359375	1.000000
0.000000	-558.805420	1120.478760	1.000000
0.000000	-34.380028	290.290283	1.000000
0.000000	315.308990	-72.046165	1.000000
0.000000	55.368404	326.549988	1.000000
0.000000	-42885.769531	-77729.570312	1.000000
0.000000	313.842072	-1080.595947	1.000000
0.000000	-22.963455	311.409851	1.000000
0.000000	-80.062981	-205.246063	1.000000
0.000000	-457.691162	696.200073	1.000000
0.000000	381.921112	76.735138	1.000000
0.000000	212.664703	984.697876	1.000000
0.000000	-172.666809	146.095322	1.000000
0.000000	228.297821	505.514740	1.000000
0.000000	-10979.872070	556.142029	1.000000
0.000000	28171368.000000	16549397.000000	1.000000
0.000000	293.135651	-621.930664	1.000000
0.000000	-32782.437500	266784.375000	1.000000
0.000000	-209.912598	5.752733	1.000000
0.000000	1466.341553	2685.564453	1.000000
0.000000	4562.420410	10674.586914	1.000000
0.000000	-48546.195312	-126250.796875	1.000000
0.000000	73.297180	-504.813324	1.000000
0.000000	1929694.125000	165216.546875	1.000000
0.000000	-180131.328125	-177937.812500	1.000000
0.000000	-70193.398438	13750.063477	1.000000
0.000000	251.475235	-101.440796	1.000000
0.000000	-131103.343750	14940.984375	1.000000
0.000000	-1052.036255	224.622375	1.000000
0.000000	-1312.735718	1018.416382	1.000000
0.000000	-1180.834717	1147.436401	1.000000
0.000000	49254.753906	57534.656250	1.000000
0.000000	83893.617188	3696.088135	1.000000
0.000000	1036.021606	-409.650146	1.000000
0.000000	-333.979462	-263.485077	1.000000
0.000000	-1589278.625000	-1200867.375000	1.000000
0.000000	-247.784012	137.020859	1.000000
0.000000	2590553.750000	19344.214844	1.000000
0.000000	127.023010	-160.518509	1.000000
0.000000	-10434.308594	13174.091797	1.000000
0.000000	1826645.375000	135403.171875	1.000000
0.000000	-1567.712769	768.001221	1.000000
0.000000	245.087006	43.934010	1.000000
0.000000	328.887085	-19.333107	1.000000
0.000000	469.841980	977.655945	1.000000
0.000000	-10600.010742	7397.765137	1.000000
0.000000	-345.918457	155.410736	1.000000
0.000000	27332.865234	25869.699219	1.000000
0.000000	54.089638	275.446075	1.000000
0.000000	271.793793	470.728119	1.000000
0.000000	-18.487576	-9060.533203	1.000000
0.000000	-5573.831543	9772.861328	1.000000
0.000000	459135.281250	25603.851562	1.000000
0.000000	-989.479187	1090.289551	1.000000
0.000000	2154.559570	-5276.989746	1.000000
0.000000	3486.528809	-2061.675537	1.000000
0.000000	125.218613	48.492409	1.000000
0.000000	199.730194	164.988953	1.000000
0.000000	978.466919	-713.921143	1.000000
0.000000	1204.382446	11758.881836	1.000000
0.000000	18068.707031	-23779.822266	1.000000
0.000000	291.051361	-14.604286	1.000000
0.000000	-14.927266	-179.782806	1.000000
0.000000	1171.256104	1158.421631	1.000000
0.000000	381.598328	-44.909237	1.000000
0.000000	102.063835	142.147476	1.000000
0.000000	-1464.223145	123.516960	1.000000
0.000000	75285.265625	-7411.835938	1.000000
0.000000	73.656303	373.454529	1.000000
0.000000	-240.568405	-720.712036	1.000000
0.000000	1180.601318	-9630.867188	1.000000
0.000000	248.262177	268.935120	1.000000
0.000000	213.430298	198.798996	1.000000
0.000000	-3877.114502	-4633.283691	1.000000
0.000000	482.039154	227.248032	1.000000
0.000000	-2003.024048	-2949.105713	1.000000
0.000000	-7.730773	242.443192	1.000000
0.000000	22238.625000	39058.515625	1.000000
0.000000	316.988251	-24.006762	1.000000
0.000000	851.455139	-550.396545	1.000000
0.000000	1223.677490	683.450623	1.000000
0.000000	-318.350739	600.431396	1.000000
0.000000	120.241295	-288.880951	1.000000
0.000000	9566.842773	4873.332520	1.000000
0.000000	-92694.531250	-330193.031250	1.000000
0.000000	7951.442871	16947.820312	1.000000
0.000000	188.773743	-159.069229	1.000000
0.000000	3387.922119	-945.593262	1.000000
0.000000	-423368.625000	-81922.312500	1.000000
0.000000	-44105600.000000	-10494824.000000	1.000000
0.000000	6007.682617	-4615.326660	1.000000
0.000000	-274.936981	123.841171	1.000000
0.000000	995.568115	-1711.714233	1.000000
0.000000	5880.426758	378.277344	1.000000
0.000000	-228.767044	-86.502190	1.000000
0.000000	-448.329895	1018.352417	1.000000
0.000000	-18785.408203	104.807556	1.000000
0.000000	-592.824280	-156.005630	1.000000
0.000000	294.587738	-311.652557	1.000000
0.000000	14512.681641	-11052.932617	1.000000
