0.000000	31591.410156	455724.687500	1.000000
0.000000	214956.843750	175125.796875	1.000000
0.000000	1167.190918	-12649.133789	1.000000
0.000000	-650.341492	650.582092	1.000000
0.000000	16898.693359	27524.789062	1.000000
0.000000	-13820.004883	783.781555	1.000000
0.000000	-798.649963	-2398.128662	1.000000
0.000000	-595113.687500	1523932.125000	1.000000
0.000000	3507.588135	-2313.188477	1.000000
0.000000	9292453.000000	3386659.750000	1.000000
0.000000	78697400.000000	19959642.000000	1.000000
0.000000	-153.559875	-151.919006	1.000000
0.000000	-235.192932	-14.623215	1.000000
0.000000	97.208412	-117.559128	1.000000
0.000000	-73337376.000000	-31090268.000000	1.000000
0.000000	625.208923	-4580.376465	1.000000
0.000000	345.051758	-286.104675	1.000000
0.000000	-6105.066895	7697.412109	1.000000
0.000000	-987.631042	342.896637	1.000000
0.000000	-260.169952	168.695908	1.000000
0.000000	894.728821	7886.315430	1.000000
0.000000	10132.832031	84978.898438	1.000000
0.000000	-23.284796	698.611938	1.000000
0.000000	139.863800	176.804504	1.000000
0.000000	-207196.890625	-53247.636719	1.000000
0.000000	289.423248	-68.745834	1.000000
0.000000	10390.231445	35504.621094	1.000000
0.000000	-3805.115479	11604.654297	1.000000
0.000000	299.543762	-119.367348	1.000000
0.000000	-61596.796875	-273296.843750	1.000000
0.000000	5247.419922	-9003.474609	1.000000
0.000000	4758.986328	875.704712	1.000000
0.000000	-149.320312	413.928802	1.000000
0.000000	-445.702820	-292.459076	1.000000
0.000000	-142.611343	44.817799	1.000000
0.000000	4749.120117	2729.273193	1.000000
0.000000	125.939690	-21.434958	1.000000
0.000000	-5642.798340	-1426.564575	1.000000
0.000000	-246317.796875	-73615.625000	1.000000
0.000000	-46833.933594	-6085.002441	1.000000
0.000000	370.057037	10.008924	1.000000
0.000000	467.263245	115.400230	1.000000
0.000000	-0.719771	112.461365	1.000000
0.266034	-24.863890	-25.327784	1.000000
0.000000	32.181965	110.523216	1.000000
0.000000	-513.151550	-389.111603	1.000000
0.000000	-4184.041992	3426.147461	1.000000
0.000000	-755.700317	326.247284	1.000000
0.000000	-84.521469	-134.544189	1.000000
0.000000	-131.478638	-55.253269	1.000000
0.000000	6914.687012	6293.387695	1.000000
0.000000	-799.294250	1800.267944	1.000000
0.000000	99.347404	1452.803467	1.000000
0.000000	-3322.524658	-11754.235352	1.000000
0.000000	181.064270	-88.895355	1.000000
0.297108	-19.771931	-137.983627	1.000000
0.000000	1.901416	122.230865	1.000000
0.000000	29405522.000000	-21550876.000000	1.000000
0.000000	-450.844543	1586.008911	1.000000
0.000000	582.833740	423.610931	1.000000
0.000000	1779.279175	26353.048828	1.000000
0.000000	3214.608887	-1530.053467	1.000000
0.297108	-22.020084	-142.421387	1.000000
0.000000	91.064056	-252.509094	1.000000
0.000000	5465.938965	-2798.268555	1.000000
0.000000	401015.000000	-1051564.750000	1.000000
0.000000	40318.882812	142633.312500	1.000000
0.000000	899154304.000000	-490293056.000000	1.000000
0.000000	5201.250977	-14772.007812	1.000000
0.000000	-11819835.000000	-661471.312500	1.000000
0.000000	10545.221680	-15228.938477	1.000000
0.000000	19.296047	-233.517883	1.000000
0.000000	-170.508881	-681.224182	1.000000
0.000000	-637.385498	926.754150	1.000000
0.000000	424499.562500	2524.140869	1.000000
0.000000	-9213.291016	10670.895508	1.000000
0.000000	-43.678955	571.669128	1.000000
0.000000	44.390957	-150.725296	1.000000
0.000000	3408.632324	-13151.838867	1.000000
0.000000	-935690816.000000	516809408.000000	1.000000
0.000000	1333545.500000	80116.140625	1.000000
0.000000	370566.812500	-121710.750000	1.000000
0.000000	282640.125000	227353.000000	1.000000
0.000000	25024.943359	-23201.277344	1.000000
0.000000	2203343.750000	933835.062500	1.000000
0.000000	-79.238457	102.308372	1.000000
0.000000	221.641449	-1.176633	1.000000
0.000000	-3253.251221	-477.076416	1.000000
0.000000	-1654.772583	1581.233276	1.000000
0.000000	34.698372	155.416275	1.000000
0.000000	47.649784	87.651154	1.000000
0.000000	-1078.449829	1137.191772	1.000000
0.000000	794.529358	-112.104721	1.000000
0.000000	203.274185	-320.186249	1.000000
0.000000	-4355021.000000	2416277.250000	1.000000
0.000000	984.791626	542.041321	1.000000
0.000000	14.612915	-88034.078125	1.000000
0.000000	1711789.125000	-2028472.500000	1.000000
0.000000	785.900391	-1650.044434	1.000000
0.000000	-379.166260	-5222.280762	1.000000
0.000000	691415.187500	-227306.125000	1.000000
0.000000	12310197.000000	-6573529.500000	1.000000
0.000000	-21911.943359	-21369.210938	1.000000
0.000000	170541.109375	-24443.218750	1.000000
0.000000	86.612762	59.348602	1.000000
0.000000	151.751114	9.186522	1.000000
0.000000	760.397278	-1752.850830	1.000000
0.000000	-54.097107	-133.345505	1.000000
0.000000	54.120178	-133.611526	1.000000
0.000000	-841.194458	930.977356	1.000000
0.000000	-69.943558	-3147.878174	1.000000
0.000000	-53719.625000	119833.890625	1.000000
0.000000	41.855247	113.832565	1.000000
0.000000	-210.463058	-10.604500	1.000000
0.000000	-273.337616	-1116.833374	1.000000
0.000000	-64739.675781	15620.824219	1.000000
0.000000	2390.674072	644.417542	1.000000
0.000000	55667.753906	149491.171875	1.000000
0.000000	-13091.958008	6648.979492	1.000000
0.000000	-41665.082031	-29872.050781	1.000000
0.000000	-8577.704102	13727.447266	1.000000
0.000000	172.114258	277.398193	1.000000
0.000000	-199.987442	68.948357	1.000000
0.000000	1445.758545	3282.718506	1.000000
0.000000	485.548370	-375.348541	1.000000
0.000000	2020.976562	237.097107	1.000000
0.000000	536.780029	-387.110962	1.000000
0.000000	14023.703125	-14089.953125	1.000000
0.000000	-170.082565	-55.173996	1.000000
0.000000	-1108.641357	1665.572144	1.000000
0.000000	121.221161	148.535568	1.000000
0.000000	-13490.209961	-2949.107178	1.000000
0.000000	-28567.191406	-61391.906250	1.000000
0.000000	1614.321045	7923.541992	1.000000
0.000000	-2624.969238	1970.380371	1.000000
0.000000	-49.692020	-86.813011	1.000000
0.000000	170.155350	326.490601	1.000000
0.000000	-3922.803955	-16157.672852	1.000000
0.000000	612.015808	-71.984810	1.000000
0.000000	-8621.937500	12920.027344	1.000000
0.000000	-944.266846	-3024.879395	1.000000
0.000000	959.961853	410.809174	1.000000
0.000000	129.286331	-219.523621	1.000000
0.000000	-5806.508301	-20536.490234	1.000000
0.000000	-6.634546	-160.530289	1.000000
0.000000	22559.199219	-24438.853516	1.000000
0.000000	-189.932663	-55.452217	1.000000
0.000000	-3300464.250000	1376390.750000	1.000000
0.000000	-17931.896484	-1107.966919	1.000000
0.000000	10.997368	428.974365	1.000000
0.000000	103.781853	-188.799622	1.000000
0.000000	6631.642090	2859.312500	1.000000
0.000000	-26288.349609	-23416.394531	1.000000
0.000000	-586712.625000	317359.218750	1.000000
0.000000	-108536.234375	249240.265625	1.000000
0.000000	38193.148438	-56191.003906	1.000000
0.000000	493.311249	-1595.840942	1.000000
0.000000	41.979668	23.140684	1.000000
0.000000	-182.323456	-585.669189	1.000000
0.000000	-342.525635	521.322632	1.000000
0.000000	4112436.000000	2116301.500000	1.000000
0.000000	8.518065	178.358231	1.000000
0.000000	-45210.863281	75805.281250	1.000000
0.000000	555.248108	1621.704590	1.000000
0.000000	4671.443848	12605.959961	1.000000
0.000000	635.672546	1773.050781	1.000000
0.000000	-43981.503906	2244.955811	1.000000
0.000000	245881.890625	-842228.687500	1.000000
0.000000	-75.798660	-70.609924	1.000000
0.000000	278.874603	-142.967194	1.000000
0.000000	-33046.511719	-139850.453125	1.000000
0.000000	-14282.149414	-13720.625000	1.000000
0.000000	-215.926224	-73.751747	1.000000
0.000000	-323390.156250	730136.875000	1.000000
0.000000	-31504.925781	-19755.859375	1.000000
0.000000	-273.236542	-1007.348267	1.000000
0.000000	102.731445	-195.432968	1.000000
0.000000	-3788.373535	-12726.470703	1.000000
0.000000	43.937561	-159.357285	1.000000
0.000000	3151.640625	3156.525391	1.000000
0.000000	-50.586689	331.199860	1.000000
0.000000	799387.062500	-982912.687500	1.000000
0.000000	-215.781342	380.121094	1.000000
0.000000	-3440.551025	-2043.700562	1.000000
0.000000	8.293600	2734.379150	1.000000
0.000000	-198.242249	180.025070	1.000000
0.000000	19937.482422	10396.625000	1.000000
0.000000	-93.806870	614.268005	1.000000
0.000000	-3203.393066	-1860.366333	1.000000
0.000000	65047.683594	112502.414062	1.000000
0.000000	140.607285	101.090118	1.000000
0.000000	484892.843750	100650.390625	1.000000
0.000000	-118.985207	114.445137	1.000000
0.000000	79.655769	122.170464	1.000000
0.000000	290.470795	-52.460773	1.000000
0.000000	-119.650246	-85.007095	1.000000
0.000000	-52489.433594	-3165.542236	1.000000
0.000000	11307.102539	1232.652710	1.000000
0.000000	-124.072144	-18.070799	1.000000
0.000000	-96.810616	1888.817871	1.000000
0.000000	-7864.467285	-92982.828125	1.000000
0.000000	-463.256378	1248.203369	1.000000
0.000000	67.662872	171.580856	1.000000
0.154168	162.644333	-25.081318	1.000000
0.000000	49.958839	166.252350	1.000000
0.000000	-42761.160156	-77829.257812	1.000000
0.000000	438.548798	-980.992554	1.000000
0.000000	-105.980247	175.215698	1.000000
0.000000	-8.689734	-347.865387	1.000000
0.000000	-443.088501	537.323120	1.000000
0.000000	270.454132	190.830597	1.000000
0.000000	174.746460	829.714966	1.000000
0.000000	-98.037445	5.131902	1.000000
0.000000	99.837738	410.986847	1.000000
0.000000	-10820.995117	567.824158	1.000000
0.000000	28171368.000000	16549397.000000	1.000000
0.000000	185.594589	-504.135895	1.000000
0.000000	-32844.742188	266884.062500	1.000000
0.000000	-50.462337	9.804972	1.000000
0.000000	1333.554688	2773.569824	1.000000
0.000000	4718.182129	10637.204102	1.000000
0.000000	-48708.187500	-126250.796875	1.000000
0.000000	213.336700	-428.490082	1.000000
0.000000	1929694.125000	165116.859375	1.000000
0.000000	-180280.859375	-177937.812500	1.000000
0.000000	-70068.789062	13840.405273	1.000000
0.000000	157.692627	22.394415	1.000000
0.000000	-131053.500000	14788.337891	1.000000
0.000000	-909.747375	152.485229	1.000000
0.000000	-1212.658813	1142.627563	1.000000
0.000000	-1139.557861	993.271118	1.000000
0.000000	49217.371094	57385.125000	1.000000
0.000000	84018.226562	3791.881592	1.000000
0.000000	883.974670	-458.130981	1.000000
0.000000	-192.214386	-190.418106	1.000000
0.000000	-1589278.625000	-1200867.375000	1.000000
0.000000	-93.877365	95.092117	1.000000
0.000000	2590553.750000	19200.914062	1.000000
0.452144	72.953232	-11.663393	1.000000
0.000000	-10340.851562	13043.251953	1.000000
0.000000	1826645.375000	135502.859375	1.000000
0.000000	-1586.014771	609.513672	1.000000
0.000000	89.617332	8.340024	1.000000
0.000000	196.197586	69.208588	1.000000
0.000000	597.177185	1073.744751	1.000000
0.000000	-10490.977539	7280.943848	1.000000
0.000000	-189.572647	123.823532	1.000000
0.000000	27326.634766	25707.707031	1.000000
0.000000	-62.339569	166.412888	1.000000
0.000000	264.589813	311.364410	1.000000
0.000000	136.673401	-9097.916016	1.000000
0.000000	-5414.954590	9769.746094	1.000000
0.000000	459035.593750	25722.230469	1.000000
0.000000	-839.947937	1034.994141	1.000000
0.000000	2026.122559	-5372.004395	1.000000
0.000000	3483.413574	-1902.019775	1.000000
0.000000	37.971344	-85.032104	1.000000
0.000000	63.329800	82.324440	1.000000
0.000000	1047.131104	-570.036255	1.000000
0.000000	1186.080444	11917.758789	1.000000
0.000000	18224.468750	-23748.669922	1.000000
0.000000	131.979691	-3.010316	1.000000
0.266034	-23.936995	-20.706955	1.000000
0.000000	1303.653564	1069.637451	1.000000
0.000000	222.137283	-40.832661	1.000000
0.452144	75.138000	-14.580034	1.000000
0.000000	-1616.090820	74.865761	1.000000
0.000000	75135.734375	-7428.969727	1.000000
0.000000	31.187016	219.725708	1.000000
0.000000	-400.034180	-720.712036	1.000000
0.000000	1190.725830	-9789.744141	1.000000
0.000000	151.835938	141.891968	1.000000
0.000000	91.782890	95.655525	1.000000
0.000000	-3950.322510	-4775.026855	1.000000
0.000000	324.719818	201.255295	1.000000
0.000000	-1874.910034	-2854.091064	1.000000
0.000000	-74.952065	97.784584	1.000000
0.000000	22213.703125	38896.523438	1.000000
0.154168	157.710724	-24.595791	1.000000
0.000000	691.994080	-553.122375	1.000000
0.000000	1085.828369	603.233337	1.000000
0.000000	-311.730865	441.121765	1.000000
0.000000	19.629713	-165.112000	1.000000
0.000000	9485.846680	5010.402832	1.000000
0.000000	-92769.296875	-330093.343750	1.000000
0.000000	7792.565918	16941.589844	1.000000
0.000000	85.873657	-37.203808	1.000000
0.000000	3335.741943	-1096.393921	1.000000
0.000000	-423468.312500	-81797.703125	1.000000
0.000000	-44105600.000000	-10494824.000000	1.000000
0.000000	5936.032227	-4757.069824	1.000000
0.000000	-214.424835	-23.682327	1.000000
0.000000	855.771973	-1788.426880	1.000000
0.000000	6005.036133	477.380737	1.000000
0.000000	-80.696068	-27.198105	1.000000
0.000000	-289.063538	1026.140503	1.000000
0.000000	-18810.330078	262.278442	1.000000
0.000000	-433.363220	-151.576157	1.000000
0.000000	276.383087	-153.196594	1.000000
0.000000	14366.265625	-11115.237305	1.000000
