0.000000	31382.562500	455921.250000	1.000000
0.000000	215055.125000	175420.640625	1.000000
0.000000	1214.028076	-12962.405273	1.000000
0.000000	-335.918274	645.975159	1.000000
0.000000	16874.123047	27205.375000	1.000000
0.000000	-13512.875977	712.757996	1.000000
0.000000	-516.475281	-2536.336670	1.000000
0.000000	-595506.812500	1523932.125000	1.000000
0.000000	3668.830811	-2042.915039	1.000000
0.000000	9292453.000000	3386659.750000	1.000000
0.000000	78697400.000000	19959642.000000	1.000000
0.000000	-457.041626	-234.267944	1.000000
0.000000	-384.137024	262.387085	1.000000
0.000000	85.643089	-431.831085	1.000000
0.000000	-73337376.000000	-31090268.000000	1.000000
0.000000	898.937561	-4426.812012	1.000000
0.000000	418.762695	-591.839722	1.000000
0.000000	-6267.845215	7967.685547	1.000000
0.000000	-986.863220	28.406677	1.000000
0.000000	-368.048981	464.115509	1.000000
0.000000	962.297180	8193.444336	1.000000
0.000000	10415.390625	85126.320312	1.000000
0.000000	-84.132988	1007.276489	1.000000
0.000000	370.459198	-33.511971	1.000000
0.000000	-207000.328125	-53468.769531	1.000000
0.000000	602.942322	-44.127533	1.000000
0.000000	10384.088867	35185.207031	1.000000
0.000000	-4113.691406	11543.228516	1.000000
0.000000	574.424133	-272.163971	1.000000
0.000000	-61277.382812	-273296.843750	1.000000
0.000000	5060.071289	-8751.628906	1.000000
0.000000	5063.043945	953.254761	1.000000
0.000000	-439.365173	535.628601	1.000000
0.000000	-675.720886	-78.124374	1.000000
0.000000	-388.358734	-151.373306	1.000000
0.000000	5034.750000	2859.802979	1.000000
0.000000	-166.545624	-137.035355	1.000000
0.000000	-5885.430176	-1625.430542	1.000000
0.000000	-246219.515625	-73910.468750	1.000000
0.000000	-46588.230469	-6275.422363	1.000000
0.000000	612.576477	210.245712	1.000000
0.000000	648.900452	-141.278503	1.000000
0.000000	-3.543654	426.926025	1.000000
0.000000	-165.572281	-304.969360	1.000000
0.000000	71.273376	422.600922	1.000000
0.000000	-631.780090	-97.862900	1.000000
0.000000	-3926.053711	3246.477051	1.000000
0.000000	-934.218994	585.249573	1.000000
0.000000	-153.721451	-441.289185	1.000000
0.000000	-439.222229	-119.942299	1.000000
0.000000	7227.958496	6259.603516	1.000000
0.000000	-970.902527	1536.904907	1.000000
0.000000	-79.407730	1194.047363	1.000000
0.000000	-3505.266357	-11496.247070	1.000000
0.000000	473.283142	26.952063	1.000000
0.000000	-11.946447	-452.334473	1.000000
0.000000	316.206451	111.337387	1.000000
0.000000	29405522.000000	-21550876.000000	1.000000
0.000000	-704.225891	1771.821899	1.000000
0.000000	375.779388	660.412415	1.000000
0.000000	1617.268677	26082.775391	1.000000
0.000000	3334.389160	-1821.058105	1.000000
0.000000	-187.542419	-409.927795	1.000000
0.000000	260.752777	-517.220825	1.000000
0.000000	5272.447754	-3045.507324	1.000000
0.000000	401211.562500	-1051564.750000	1.000000
0.000000	40048.609375	142436.750000	1.000000
0.000000	899154304.000000	-490293056.000000	1.000000
0.000000	4998.545898	-15011.568359	1.000000
0.000000	-11819835.000000	-661078.187500	1.000000
0.000000	10704.928711	-14958.665039	1.000000
0.000000	-73.610870	-533.949524	1.000000
0.000000	-407.923340	-887.384460	1.000000
0.000000	-323.077698	916.004639	1.000000
0.000000	424106.437500	2445.822998	1.000000
0.000000	-9520.419922	10597.184570	1.000000
0.000000	-348.943390	496.038635	1.000000
0.000000	16.845333	-463.996796	1.000000
0.000000	3439.345215	-13465.110352	1.000000
0.000000	-935690816.000000	516809408.000000	1.000000
0.000000	1333545.500000	80410.984375	1.000000
0.000000	370959.937500	-121759.890625	1.000000
0.000000	282247.000000	227451.281250	1.000000
0.000000	24742.384766	-23053.855469	1.000000
0.000000	2203343.750000	933441.937500	1.000000
0.000000	-244.896103	369.651917	1.000000
0.000000	-83.797417	-72.250053	1.000000
0.000000	-3056.688721	-231.382919	1.000000
0.000000	-1691.628052	1893.736938	1.000000
0.000000	179.720795	434.519653	1.000000
0.000000	-33.148991	-216.300995	1.000000
0.000000	-1381.739624	1054.266968	1.000000
0.000000	1060.195801	-280.527222	1.000000
0.000000	273.218323	-13.561227	1.000000
0.000000	-4355021.000000	2416277.250000	1.000000
0.000000	1256.656006	699.828796	1.000000
0.000000	-293.171936	-88083.218750	1.000000
0.000000	1711789.125000	-2028472.500000	1.000000
0.000000	844.638794	-1341.379883	1.000000
0.000000	-120.600739	-5400.415527	1.000000
0.000000	691415.187500	-227600.968750	1.000000
0.000000	12310197.000000	-6573529.500000	1.000000
0.000000	-21985.654297	-21676.339844	1.000000
0.000000	170835.953125	-24627.496094	1.000000
0.000000	-49.014446	339.440460	1.000000
0.000000	453.319305	-83.388557	1.000000
0.000000	455.955750	-1831.168701	1.000000
0.000000	-261.024048	-370.218658	1.000000
0.000000	168.590698	-426.535736	1.000000
0.000000	-931.413574	1232.082153	1.000000
0.000000	-374.827576	-3071.095947	1.000000
0.000000	-54039.039062	119833.890625	1.000000
0.000000	148.783356	405.080322	1.000000
0.000000	-514.750671	69.100349	1.000000
0.000000	29.111902	-1030.837280	1.000000
0.000000	-64469.402344	15448.832031	1.000000
0.000000	2484.348389	944.636047	1.000000
0.000000	55913.457031	149687.734375	1.000000
0.000000	-13392.944336	6550.698242	1.000000
0.000000	-41910.785156	-29687.773438	1.000000
0.000000	-8319.715820	13905.582031	1.000000
0.000000	456.208496	412.151001	1.000000
0.000000	-431.654602	281.719482	1.000000
0.000000	1672.266113	3064.656982	1.000000
0.000000	789.222046	-457.313568	1.000000
0.000000	1819.039307	-3.928888	1.000000
0.000000	598.205811	-695.469299	1.000000
0.000000	13956.134766	-14397.082031	1.000000
0.000000	-438.244507	-219.411972	1.000000
0.000000	-1227.653809	1374.567505	1.000000
0.000000	346.001129	368.516632	1.000000
0.000000	-13183.081055	-3018.211182	1.000000
0.000000	-28763.753906	-61637.609375	1.000000
0.000000	1786.313232	8187.672852	1.000000
0.000000	-2433.013672	1721.605957	1.000000
0.000000	238.071564	-213.695633	1.000000
0.000000	-33.609852	93.558678	1.000000
0.000000	-3723.170166	-15911.969727	1.000000
0.000000	914.153870	15.782075	1.000000
0.000000	-8935.208984	12944.597656	1.000000
0.000000	-849.440796	-3324.330078	1.000000
0.000000	925.793762	723.374939	1.000000
0.000000	436.607208	-286.271667	1.000000
0.000000	-5496.308105	-20487.349609	1.000000
0.000000	9.909613	-474.569611	1.000000
0.000000	22473.203125	-24745.982422	1.000000
0.000000	-402.013641	-287.719360	1.000000
0.000000	-3300464.250000	1376390.750000	1.000000
0.000000	-18042.462891	-1401.275024	1.000000
0.000000	-121.273613	714.220337	1.000000
0.000000	208.600677	-485.349213	1.000000
0.000000	6732.994629	2561.397461	1.000000
0.000000	-25993.505859	-23318.113281	1.000000
0.000000	-586712.625000	317555.781250	1.000000
0.000000	-108536.234375	248945.421875	1.000000
0.000000	37873.734375	-56191.003906	1.000000
0.000000	696.784180	-1835.401489	1.000000
0.000000	193.052200	298.980804	1.000000
0.000000	-254.210815	-279.546265	1.000000
0.000000	-428.329773	823.844604	1.000000
0.000000	4112436.000000	2116301.500000	1.000000
0.000000	314.082306	240.337021	1.000000
0.000000	-45333.714844	76100.125000	1.000000
0.000000	838.958435	1757.609131	1.000000
0.000000	4975.501465	12526.106445	1.000000
0.000000	604.575745	1459.779297	1.000000
0.000000	-44202.636719	2475.302490	1.000000
0.000000	245587.046875	-842228.687500	1.000000
0.000000	-360.285614	-204.615463	1.000000
0.000000	592.529968	-118.703224	1.000000
0.000000	-32923.660156	-140145.296875	1.000000
0.000000	-14386.573242	-13425.781250	1.000000
0.000000	-529.977783	-89.684059	1.000000
0.000000	-323783.281250	730136.875000	1.000000
0.000000	-31234.652344	-19596.152344	1.000000
0.000000	-557.553467	-1141.717163	1.000000
0.000000	187.686050	-498.166107	1.000000
0.000000	-3487.387207	-12818.609375	1.000000
0.000000	134.885437	-460.374420	1.000000
0.000000	3245.314941	2857.074707	1.000000
0.000000	98.544220	57.960854	1.000000
0.000000	798993.937500	-982912.687500	1.000000
0.000000	-525.969055	432.524963	1.000000
0.000000	-3139.564697	-2132.767822	1.000000
0.000000	-57.794277	3041.508057	1.000000
0.000000	-420.142883	402.918182	1.000000
0.000000	19777.775391	10666.898438	1.000000
0.000000	216.176483	561.288269	1.000000
0.000000	-3502.843750	-1958.647583	1.000000
0.000000	65145.964844	112797.257812	1.000000
0.000000	374.382050	311.083282	1.000000
0.000000	484892.843750	100945.234375	1.000000
0.000000	-346.452545	331.609436	1.000000
0.000000	78.393501	436.751709	1.000000
0.000000	344.410309	257.364075	1.000000
0.000000	-433.497620	-105.018463	1.000000
0.000000	-52366.582031	-2879.912354	1.000000
0.000000	11472.952148	1499.854858	1.000000
0.000000	-39.663261	-322.035553	1.000000
0.000000	86.838753	1633.133057	1.000000
0.000000	-7879.823730	-93277.671875	1.000000
0.000000	-651.707031	996.357666	1.000000
0.000000	-136.785965	406.653809	1.000000
0.000000	463.459625	-117.621880	1.000000
0.000000	63.859158	481.322937	1.000000
0.000000	-43006.863281	-77632.695312	1.000000
0.000000	192.678452	-1177.470947	1.000000
0.000000	57.713654	443.761536	1.000000
0.000000	-149.424423	-66.640007	1.000000
0.000000	-471.881836	850.594604	1.000000
0.000000	490.243256	-34.131714	1.000000
0.000000	249.513153	1135.308228	1.000000
0.000000	-245.181152	283.082611	1.000000
0.000000	353.165253	597.287781	1.000000
0.000000	-11134.266602	544.789490	1.000000
0.000000	28171368.000000	16549397.000000	1.000000
0.000000	397.673615	-736.402100	1.000000
0.000000	-32721.890625	266687.500000	1.000000
0.000000	-364.874756	1.814428	1.000000
0.000000	1595.382080	2600.041992	1.000000
0.000000	4411.053223	10710.915039	1.000000
0.000000	-48388.773438	-126250.796875	1.000000
0.000000	-62.780926	-578.983276	1.000000
0.000000	1929694.125000	165313.421875	1.000000
0.000000	-179986.015625	-177937.812500	1.000000
0.000000	-70314.492188	13662.270508	1.000000
0.000000	344.660675	-225.283142	1.000000
0.000000	-131151.781250	15089.324219	1.000000
0.000000	-1190.158813	294.724304	1.000000
0.000000	-1409.989136	897.890259	1.000000
0.000000	-1220.947021	1297.289917	1.000000
0.000000	49291.082031	57679.968750	1.000000
0.000000	83772.523438	3602.997314	1.000000
0.000000	1183.604614	-362.537109	1.000000
0.000000	-471.723602	-334.533051	1.000000
0.000000	-1589278.625000	-1200867.375000	1.000000
0.000000	-397.353699	177.748093	1.000000
0.000000	2590553.750000	19483.472656	1.000000
0.000000	180.853394	-305.862091	1.000000
0.000000	-10525.128906	13301.240234	1.000000
0.000000	1826645.375000	135306.296875	1.000000
0.000000	-1549.927124	922.017334	1.000000
0.000000	395.183075	78.398506	1.000000
0.000000	456.041809	-100.614395	1.000000
0.000000	346.099304	884.375916	1.000000
0.000000	-10705.967773	7511.290527	1.000000
0.000000	-497.853271	186.109894	1.000000
0.000000	27338.919922	26027.121094	1.000000
0.000000	167.236603	381.403107	1.000000
0.000000	278.794525	625.526306	1.000000
0.000000	-169.273529	-9024.205078	1.000000
0.000000	-5728.226074	9775.888672	1.000000
0.000000	459232.156250	25488.812500	1.000000
0.000000	-1134.791748	1144.024902	1.000000
0.000000	2279.437500	-5184.655762	1.000000
0.000000	3489.556152	-2216.826904	1.000000
0.000000	209.985016	178.243881	1.000000
0.000000	332.271088	245.308167	1.000000
0.000000	911.676147	-853.746582	1.000000
0.000000	1222.168091	11604.487305	1.000000
0.000000	17917.339844	-23810.095703	1.000000
0.000000	445.635101	-25.873680	1.000000
0.000000	-6.244647	-334.555756	1.000000
0.000000	1042.593994	1244.700928	1.000000
0.000000	536.560486	-48.870800	1.000000
0.000000	126.921165	295.122955	1.000000
0.000000	-1316.640137	170.774139	1.000000
0.000000	75430.578125	-7395.185547	1.000000
0.000000	114.927513	522.841858	1.000000
0.000000	-85.558945	-720.712036	1.000000
0.000000	1170.762451	-9476.472656	1.000000
0.000000	342.011322	392.393982	1.000000
0.000000	331.668884	299.052765	1.000000
0.000000	-3805.971924	-4495.539551	1.000000
0.000000	634.920044	252.507431	1.000000
0.000000	-2127.281738	-3041.439697	1.000000
0.000000	57.594631	383.025452	1.000000
0.000000	22262.843750	39215.937500	1.000000
0.000000	471.950409	-23.498262	1.000000
0.000000	1006.417297	-547.747620	1.000000
0.000000	1357.637451	761.404724	1.000000
0.000000	-324.783844	755.204346	1.000000
0.000000	218.015030	-409.123260	1.000000
0.000000	9645.553711	4740.129395	1.000000
0.000000	-92621.875000	-330289.906250	1.000000
0.000000	8105.837402	16953.875000	1.000000
0.000000	288.770691	-277.514038	1.000000
0.000000	3438.630127	-798.956299	1.000000
0.000000	-423271.750000	-82043.406250	1.000000
0.000000	-44105600.000000	-10494824.000000	1.000000
0.000000	6077.311523	-4477.582520	1.000000
0.000000	-333.780975	267.260895	1.000000
0.000000	1131.420166	-1637.165894	1.000000
0.000000	5759.333008	281.969971	1.000000
0.000000	-372.660461	-144.133347	1.000000
0.000000	-603.102844	1010.784058	1.000000
0.000000	-18761.189453	-48.230652	1.000000
0.000000	-747.786438	-160.310135	1.000000
0.000000	312.278778	-465.668671	1.000000
0.000000	14654.966797	-10992.385742	1.000000
