0.000000	31505.746094	455805.312500	1.000000
0.000000	214997.156250	175246.734375	1.000000
0.000000	1186.402344	-12777.629883	1.000000
0.000000	-521.372986	648.692444	1.000000
0.000000	16888.615234	27393.773438	1.000000
0.000000	-13694.028320	754.649475	1.000000
0.000000	-682.908997	-2454.818115	1.000000
0.000000	-595274.937500	1523932.125000	1.000000
0.000000	3573.725830	-2202.329102	1.000000
0.000000	9292453.000000	3386659.750000	1.000000
0.000000	78697400.000000	19959642.000000	1.000000
0.000000	-278.040466	-185.696472	1.000000
0.000000	-296.278137	99.005295	1.000000
0.000000	92.464607	-246.486679	1.000000
0.000000	-73337376.000000	-31090268.000000	1.000000
0.000000	737.485535	-4517.388184	1.000000
0.000000	375.286133	-411.530090	1.000000
0.000000	-6171.834473	7808.271484	1.000000
0.000000	-987.316101	213.915283	1.000000
0.000000	-304.419220	289.869598	1.000000
0.000000	922.443665	8012.291992	1.000000
0.000000	10248.730469	85039.367188	1.000000
0.000000	-48.242184	825.218384	1.000000
0.000000	232.927734	91.925125	1.000000
0.000000	-207116.265625	-53338.339844	1.000000
0.000000	417.998077	-58.648026	1.000000
0.000000	10387.711914	35373.605469	1.000000
0.000000	-3931.721924	11579.458984	1.000000
0.000000	412.292786	-182.040680	1.000000
0.000000	-61465.781250	-273296.843750	1.000000
0.000000	5170.574219	-8900.173828	1.000000
0.000000	4883.703125	907.513794	1.000000
0.000000	-268.289429	463.847015	1.000000
0.000000	-540.083069	-204.534744	1.000000
0.000000	-243.431961	-35.658779	1.000000
0.000000	4866.278320	2782.813232	1.000000
0.000000	5.966904	-68.852226	1.000000
0.000000	-5742.319824	-1508.134399	1.000000
0.000000	-246277.484375	-73736.562500	1.000000
0.000000	-46733.152344	-6163.107910	1.000000
0.000000	469.499786	92.148438	1.000000
0.000000	541.794128	10.116282	1.000000
0.000000	-1.878079	241.466873	1.000000
0.000000	-83.061012	-140.672592	1.000000
0.000000	48.214451	238.510223	1.000000
0.000000	-561.809998	-269.670074	1.000000
0.000000	-4078.221680	3352.451172	1.000000
0.000000	-828.924194	432.461273	1.000000
0.000000	-112.905563	-260.363281	1.000000
0.000000	-257.730225	-81.787086	1.000000
0.000000	7043.183105	6279.530273	1.000000
0.000000	-869.683655	1692.243042	1.000000
0.000000	26.025511	1346.668213	1.000000
0.000000	-3397.480713	-11648.415039	1.000000
0.000000	300.190857	-39.424980	1.000000
0.000000	-16.531866	-266.879761	1.000000
0.000000	130.826736	117.762634	1.000000
0.000000	29405522.000000	-21550876.000000	1.000000
0.000000	-554.775208	1662.224731	1.000000
0.000000	497.944000	520.698669	1.000000
0.000000	1712.826538	26242.189453	1.000000
0.000000	3263.739746	-1649.416260	1.000000
0.000000	-89.946587	-252.210663	1.000000
0.000000	160.666107	-361.086395	1.000000
0.000000	5386.573730	-2899.679688	1.000000
0.000000	401095.625000	-1051564.750000	1.000000
0.000000	40208.023438	142552.687500	1.000000
0.000000	899154304.000000	-490293056.000000	1.000000
0.000000	5118.106445	-14870.269531	1.000000
0.000000	-11819835.000000	-661310.062500	1.000000
0.000000	10610.729492	-15118.079102	1.000000
0.000000	-18.812283	-356.745880	1.000000
0.000000	-267.869934	-765.785950	1.000000
0.000000	-508.419189	922.344971	1.000000
0.000000	424338.312500	2492.016846	1.000000
0.000000	-9339.267578	10640.661133	1.000000
0.000000	-168.895874	540.647400	1.000000
0.000000	33.092434	-279.221405	1.000000
0.000000	3421.229980	-13280.334961	1.000000
0.000000	-935690816.000000	516809408.000000	1.000000
0.000000	1333545.500000	80237.078125	1.000000
0.000000	370728.062500	-121730.906250	1.000000
0.000000	282478.875000	227393.312500	1.000000
0.000000	24909.044922	-23140.808594	1.000000
0.000000	2203343.750000	933673.812500	1.000000
0.000000	-147.187057	211.951965	1.000000
0.000000	97.239822	-31.802094	1.000000
0.000000	-3172.626221	-376.295166	1.000000
0.000000	-1669.889771	1709.414429	1.000000
0.000000	94.182930	269.897461	1.000000
0.000000	14.509445	-37.018925	1.000000
0.000000	-1202.851685	1103.178101	1.000000
0.000000	903.499084	-181.190460	1.000000
0.000000	231.973221	-194.426620	1.000000
0.000000	-4355021.000000	2416277.250000	1.000000
0.000000	1096.336182	606.761780	1.000000
0.000000	-111.634903	-88054.234375	1.000000
0.000000	1711789.125000	-2028472.500000	1.000000
0.000000	809.993408	-1523.437988	1.000000
0.000000	-273.109741	-5295.347168	1.000000
0.000000	691415.187500	-227427.062500	1.000000
0.000000	12310197.000000	-6573529.500000	1.000000
0.000000	-21942.177734	-21495.187500	1.000000
0.000000	170662.046875	-24518.804688	1.000000
0.000000	31.098587	175.797791	1.000000
0.000000	275.790009	-29.447855	1.000000
0.000000	635.523010	-1784.974854	1.000000
0.000000	-138.972656	-230.504929	1.000000
0.000000	101.066132	-253.761673	1.000000
0.000000	-878.200073	1054.552856	1.000000
0.000000	-195.014664	-3116.384033	1.000000
0.000000	-53850.640625	119833.890625	1.000000
0.535436	84.445213	231.450699	1.000000
0.000000	-335.298370	22.112467	1.000000
0.000000	-149.284576	-1081.559937	1.000000
0.000000	-64628.816406	15550.277344	1.000000
0.000000	2429.096924	767.559631	1.000000
0.000000	55768.535156	149571.796875	1.000000
0.000000	-13215.415039	6608.666992	1.000000
0.000000	-41765.863281	-29796.464844	1.000000
0.000000	-8471.883789	13800.513672	1.000000
0.000000	288.642578	332.670410	1.000000
0.000000	-294.997803	156.226486	1.000000
0.000000	1538.666260	3193.275146	1.000000
0.000000	610.107666	-408.968536	1.000000
0.000000	1938.146973	138.244873	1.000000
0.000000	561.975342	-513.637634	1.000000
0.000000	13995.988281	-14215.929688	1.000000
0.000000	-280.075867	-122.550484	1.000000
0.000000	-1157.457275	1546.209351	1.000000
0.000000	213.420258	238.766281	1.000000
0.000000	-13364.233398	-2977.451904	1.000000
0.000000	-28647.816406	-61492.687500	1.000000
0.000000	1684.867920	8031.881836	1.000000
0.000000	-2546.233887	1868.339355	1.000000
0.000000	68.344513	-138.857071	1.000000
0.535436	87.853134	232.769684	1.000000
0.000000	-3840.919189	-16056.891602	1.000000
0.000000	735.945251	-35.983070	1.000000
0.000000	-8750.433594	12930.105469	1.000000
0.000000	-905.371582	-3147.706543	1.000000
0.000000	945.946960	539.052429	1.000000
0.000000	255.341629	-246.884155	1.000000
0.000000	-5679.271973	-20516.333984	1.000000
0.000000	0.151450	-289.341339	1.000000
0.000000	22523.925781	-24564.830078	1.000000
0.000000	-276.905304	-150.722885	1.000000
0.000000	-3300464.250000	1376390.750000	1.000000
0.000000	-17977.248047	-1228.274536	1.000000
0.000000	-43.261124	545.975098	1.000000
0.000000	146.782440	-310.423981	1.000000
0.000000	6673.214355	2737.115234	1.000000
0.000000	-26167.412109	-23376.082031	1.000000
0.000000	-586712.625000	317439.843750	1.000000
0.000000	-108536.234375	249119.328125	1.000000
0.000000	38062.132812	-56191.003906	1.000000
0.000000	576.770752	-1694.102661	1.000000
0.000000	103.947884	136.283371	1.000000
0.000000	-211.809845	-460.132507	1.000000
0.000000	-377.720337	645.409546	1.000000
0.000000	4112436.000000	2116301.500000	1.000000
0.000000	132.250626	203.710281	1.000000
0.000000	-45261.253906	75926.218750	1.000000
0.000000	671.618958	1677.449219	1.000000
0.000000	4796.160645	12573.206055	1.000000
0.000000	622.917419	1644.554688	1.000000
0.000000	-44072.207031	2339.438232	1.000000
0.000000	245760.953125	-842228.687500	1.000000
0.000000	-192.493256	-125.586884	1.000000
0.000000	407.528168	-133.007172	1.000000
0.000000	-32996.121094	-139971.390625	1.000000
0.000000	-14324.981445	-13599.687500	1.000000
0.000000	-344.749512	-80.286781	1.000000
0.000000	-323551.406250	730136.875000	1.000000
0.000000	-31394.066406	-19690.351562	1.000000
0.000000	-389.843597	-1062.463013	1.000000
0.000000	137.586105	-319.617828	1.000000
0.000000	-3664.916504	-12764.263672	1.000000
0.000000	81.243729	-282.845123	1.000000
0.000000	3190.063477	3033.698242	1.000000
0.000000	10.465337	217.571426	1.000000
0.000000	799225.812500	-982912.687500	1.000000
0.000000	-343.005219	401.615845	1.000000
0.000000	-3317.093994	-2080.233643	1.000000
0.000000	-18.815826	2860.355713	1.000000
0.000000	-289.260315	271.469513	1.000000
0.000000	19871.974609	10507.484375	1.000000
0.000000	33.338108	592.537048	1.000000
0.000000	-3326.220215	-1900.678833	1.000000
0.000000	65087.996094	112623.351562	1.000000
0.000000	237.612030	185.780243	1.000000
0.000000	484892.843750	100771.328125	1.000000
0.000000	-212.286591	203.534180	1.000000
0.000000	80.742821	251.295563	1.000000
0.000000	312.595428	74.626640	1.000000
0.000000	-248.382553	-93.215256	1.000000
0.000000	-52439.042969	-3048.384033	1.000000
0.000000	11375.129883	1342.252319	1.000000
0.000000	-89.015228	-142.214508	1.000000
0.000000	-21.481256	1783.942383	1.000000
0.000000	-7870.766113	-93103.765625	1.000000
0.000000	-540.524780	1144.902588	1.000000
0.000000	-14.230832	267.392944	1.000000
0.000000	286.156769	-63.078041	1.000000
0.000000	53.697643	296.094666	1.000000
0.000000	-42861.941406	-77748.632812	1.000000
0.000000	337.688812	-1061.533447	1.000000
0.000000	-38.838676	285.366455	1.000000
0.000000	-66.413002	-232.518097	1.000000
0.000000	-454.898804	665.819214	1.000000
0.000000	360.606110	98.552765	1.000000
0.000000	205.413879	955.061646	1.000000
0.000000	-158.397858	119.139763	1.000000
0.000000	203.734375	487.438873	1.000000
0.000000	-10949.491211	558.375916	1.000000
0.000000	28171368.000000	16549397.000000	1.000000
0.000000	272.565277	-599.405640	1.000000
0.000000	-32794.351562	266803.437500	1.000000
0.000000	-179.420044	6.527613	1.000000
0.000000	1440.949707	2702.393066	1.000000
0.000000	4592.205566	10667.438477	1.000000
0.000000	-48577.171875	-126250.796875	1.000000
0.000000	100.075897	-490.218597	1.000000
0.000000	1929694.125000	165197.484375	1.000000
0.000000	-180159.921875	-177937.812500	1.000000
0.000000	-70169.570312	13767.338867	1.000000
0.000000	233.138748	-77.068161	1.000000
0.000000	-131093.812500	14911.794922	1.000000
0.000000	-1024.857300	210.828125	1.000000
0.000000	-1293.598755	1042.161255	1.000000
0.000000	-1172.941650	1117.949097	1.000000
0.000000	49247.605469	57506.062500	1.000000
0.000000	83917.445312	3714.406006	1.000000
0.000000	1006.959290	-418.920776	1.000000
0.000000	-306.874969	-249.508987	1.000000
0.000000	-1589278.625000	-1200867.375000	1.000000
0.000000	-218.352554	129.006790	1.000000
0.000000	2590553.750000	19316.812500	1.000000
0.000000	116.426010	-131.915451	1.000000
0.000000	-10416.437500	13149.072266	1.000000
0.000000	1826645.375000	135422.234375	1.000000
0.000000	-1571.212524	737.694824	1.000000
0.000000	215.357697	37.127636	1.000000
0.000000	303.513855	-2.401722	1.000000
0.000000	494.191345	996.011047	1.000000
0.000000	-10579.161133	7375.426270	1.000000
0.000000	-316.021606	149.369934	1.000000
0.000000	27331.673828	25838.722656	1.000000
0.000000	31.825243	254.596481	1.000000
0.000000	270.416229	440.254181	1.000000
0.000000	11.183434	-9067.681641	1.000000
0.000000	-5543.450684	9772.265625	1.000000
0.000000	459116.218750	25626.488281	1.000000
0.000000	-960.885437	1079.715820	1.000000
0.000000	2129.986816	-5295.158691	1.000000
0.000000	3485.933105	-2031.145752	1.000000
0.000000	108.534271	22.959030	1.000000
0.000000	173.649567	149.184204	1.000000
0.000000	991.609619	-686.407104	1.000000
0.000000	1200.882690	11789.262695	1.000000
0.000000	18098.492188	-23773.865234	1.000000
0.000000	260.633270	-12.387270	1.000000
0.000000	-16.635624	-149.327484	1.000000
0.000000	1196.573486	1141.444092	1.000000
0.000000	351.105774	-44.129704	1.000000
0.000000	97.172554	112.043388	1.000000
0.000000	-1493.263672	114.213753	1.000000
0.000000	75256.671875	-7415.112305	1.000000
0.000000	65.535194	344.060303	1.000000
0.000000	-271.065674	-720.712036	1.000000
0.000000	1182.537354	-9661.248047	1.000000
0.000000	229.823303	244.641602	1.000000
0.000000	190.169952	179.075638	1.000000
0.000000	-3891.113525	-4660.388184	1.000000
0.000000	451.956146	222.277634	1.000000
0.000000	-1978.525757	-2930.936768	1.000000
0.000000	-20.585304	214.780228	1.000000
0.000000	22233.859375	39027.539062	1.000000
0.000000	286.495697	-24.106821	1.000000
0.000000	820.962585	-550.917786	1.000000
0.000000	1197.317627	668.111267	1.000000
0.000000	-317.084869	569.976074	1.000000
0.000000	101.001945	-265.220367	1.000000
0.000000	9551.354492	4899.543457	1.000000
0.000000	-92708.828125	-330173.968750	1.000000
0.000000	7921.062012	16946.628906	1.000000
0.000000	169.096924	-135.762344	1.000000
0.000000	3377.944092	-974.447632	1.000000
0.000000	-423387.687500	-81898.484375	1.000000
0.000000	-44105600.000000	-10494824.000000	1.000000
0.000000	5993.981445	-4642.431152	1.000000
0.000000	-263.358002	95.624390	1.000000
0.000000	968.835938	-1726.383423	1.000000
0.000000	5904.254883	397.228149	1.000000
0.000000	-200.452530	-75.160561	1.000000
0.000000	-417.874573	1019.841675	1.000000
0.000000	-18790.173828	134.922073	1.000000
0.000000	-562.331726	-155.158615	1.000000
0.000000	291.106598	-281.346161	1.000000
0.000000	14484.683594	-11064.846680	1.000000
