0.000000	31389.535156	455914.687500	1.000000
0.000000	215051.843750	175410.796875	1.000000
0.000000	1212.464355	-12951.946289	1.000000
0.000000	-346.415710	646.128967	1.000000
0.000000	16874.943359	27216.039062	1.000000
0.000000	-13523.129883	715.129211	1.000000
0.000000	-525.896057	-2531.722412	1.000000
0.000000	-595493.687500	1523932.125000	1.000000
0.000000	3663.447510	-2051.938477	1.000000
0.000000	9292453.000000	3386659.750000	1.000000
0.000000	78697400.000000	19959642.000000	1.000000
0.000000	-446.909485	-231.518616	1.000000
0.000000	-379.163879	253.139343	1.000000
0.000000	86.029213	-421.340057	1.000000
0.000000	-73337376.000000	-31090268.000000	1.000000
0.000000	889.798767	-4431.938965	1.000000
0.000000	416.301758	-581.637085	1.000000
0.000000	-6262.410645	7958.662109	1.000000
0.000000	-986.888855	38.906517	1.000000
0.000000	-364.447296	454.252533	1.000000
0.000000	960.041321	8183.190430	1.000000
0.000000	10405.957031	85121.398438	1.000000
0.000000	-82.101433	996.971313	1.000000
0.000000	362.730316	-26.405046	1.000000
0.000000	-207006.890625	-53461.386719	1.000000
0.000000	592.470520	-44.949448	1.000000
0.000000	10384.293945	35195.871094	1.000000
0.000000	-4103.437500	11545.279297	1.000000
0.000000	565.246887	-267.062653	1.000000
0.000000	-61288.046875	-273296.843750	1.000000
0.000000	5066.326172	-8760.037109	1.000000
0.000000	5052.892578	950.665649	1.000000
0.000000	-429.681641	531.565491	1.000000
0.000000	-668.043274	-85.279678	1.000000
0.000000	-380.155609	-144.823624	1.000000
0.000000	5025.213867	2855.445068	1.000000
0.000000	-156.781982	-133.177322	1.000000
0.000000	-5877.329590	-1618.791138	1.000000
0.000000	-246222.796875	-73900.625000	1.000000
0.000000	-46596.433594	-6269.064941	1.000000
0.000000	604.475891	203.561447	1.000000
0.000000	642.837830	-132.710083	1.000000
0.000000	-3.449377	416.428589	1.000000
0.000000	-160.842667	-295.593445	1.000000
0.000000	69.967606	412.180389	1.000000
0.000000	-627.819519	-107.588089	1.000000
0.000000	-3934.666992	3252.475586	1.000000
0.000000	-928.258911	576.597839	1.000000
0.000000	-151.411118	-431.048096	1.000000
0.000000	-428.949097	-117.782570	1.000000
0.000000	7217.499512	6260.731445	1.000000
0.000000	-965.173157	1545.697632	1.000000
0.000000	-73.439636	1202.686279	1.000000
0.000000	-3499.165283	-11504.860352	1.000000
0.000000	463.586792	22.925402	1.000000
0.000000	-12.205999	-441.837036	1.000000
0.000000	305.715424	111.701080	1.000000
0.000000	29405522.000000	-21550876.000000	1.000000
0.000000	-695.766418	1765.618286	1.000000
0.000000	382.694366	652.504089	1.000000
0.000000	1622.677612	26091.798828	1.000000
0.000000	3330.390137	-1811.342529	1.000000
0.000000	-182.018127	-401.000488	1.000000
0.000000	255.087494	-508.379486	1.000000
0.000000	5278.907715	-3037.252930	1.000000
0.000000	401205.000000	-1051564.750000	1.000000
0.000000	40057.632812	142443.312500	1.000000
0.000000	899154304.000000	-490293056.000000	1.000000
0.000000	5005.313477	-15003.570312	1.000000
0.000000	-11819835.000000	-661091.312500	1.000000
0.000000	10699.596680	-14967.688477	1.000000
0.000000	-70.509064	-523.913513	1.000000
0.000000	-399.995789	-880.501526	1.000000
0.000000	-333.568726	916.363525	1.000000
0.000000	424119.562500	2448.437744	1.000000
0.000000	-9510.166016	10599.645508	1.000000
0.000000	-338.753571	498.563660	1.000000
0.000000	17.764980	-453.537811	1.000000
0.000000	3438.319824	-13454.651367	1.000000
0.000000	-935690816.000000	516809408.000000	1.000000
0.000000	1333545.500000	80401.140625	1.000000
0.000000	370946.812500	-121758.250000	1.000000
0.000000	282260.125000	227448.000000	1.000000
0.000000	24751.818359	-23058.777344	1.000000
0.000000	2203343.750000	933455.062500	1.000000
0.000000	-239.365402	360.724609	1.000000
0.000000	-73.549919	-69.960548	1.000000
0.000000	-3063.251221	-239.582840	1.000000
0.000000	-1690.397583	1883.303589	1.000000
0.000000	174.879028	425.201416	1.000000
0.000000	-30.451502	-206.152832	1.000000
0.000000	-1371.613892	1057.035522	1.000000
0.000000	1051.326172	-274.906799	1.000000
0.000000	270.885559	-23.798359	1.000000
0.000000	-4355021.000000	2416277.250000	1.000000
0.000000	1247.581299	694.560852	1.000000
0.000000	-282.898804	-88081.578125	1.000000
0.000000	1711789.125000	-2028472.500000	1.000000
0.000000	842.677734	-1351.685059	1.000000
0.000000	-129.234619	-5394.468262	1.000000
0.000000	691415.187500	-227591.125000	1.000000
0.000000	12310197.000000	-6573529.500000	1.000000
0.000000	-21983.193359	-21666.085938	1.000000
0.000000	170826.109375	-24621.343750	1.000000
0.000000	-44.495518	329.962006	1.000000
0.000000	443.270477	-80.334816	1.000000
0.000000	466.119934	-1828.553955	1.000000
0.000000	-254.115479	-362.310333	1.000000
0.000000	164.767914	-416.756073	1.000000
0.000000	-928.401489	1222.033325	1.000000
0.000000	-364.650574	-3073.659424	1.000000
0.000000	-54028.375000	119833.890625	1.000000
0.000000	145.072723	395.255798	1.000000
0.000000	-504.594635	66.440742	1.000000
0.000000	19.014208	-1033.708374	1.000000
0.000000	-64478.425781	15454.574219	1.000000
0.000000	2481.220947	934.612854	1.000000
0.000000	55905.253906	149681.171875	1.000000
0.000000	-13382.895508	6553.979492	1.000000
0.000000	-41902.582031	-29693.925781	1.000000
0.000000	-8328.329102	13899.634766	1.000000
0.000000	446.723633	407.652100	1.000000
0.000000	-423.919312	274.618652	1.000000
0.000000	1664.703857	3071.937256	1.000000
0.000000	779.083496	-454.577057	1.000000
0.000000	1825.781250	4.118636	1.000000
0.000000	596.155029	-685.176941	1.000000
0.000000	13958.390625	-14386.828125	1.000000
0.000000	-429.291565	-213.929337	1.000000
0.000000	-1223.680420	1384.283081	1.000000
0.000000	338.496552	361.172272	1.000000
0.000000	-13193.334961	-3015.904053	1.000000
0.000000	-28757.191406	-61629.406250	1.000000
0.000000	1780.571045	8178.854492	1.000000
0.000000	-2439.422363	1729.911621	1.000000
0.000000	228.464935	-209.459488	1.000000
0.000000	-26.664740	101.433357	1.000000
0.000000	-3729.835205	-15920.172852	1.000000
0.000000	904.066589	12.851901	1.000000
0.000000	-8924.750000	12943.777344	1.000000
0.000000	-852.606689	-3314.332520	1.000000
0.000000	926.934509	712.941589	1.000000
0.000000	426.346893	-284.041443	1.000000
0.000000	-5506.664551	-20488.990234	1.000000
0.000000	9.357264	-464.084991	1.000000
0.000000	22476.074219	-24735.728516	1.000000
0.000000	-394.932037	-279.964844	1.000000
0.000000	-3300464.250000	1376390.750000	1.000000
0.000000	-18038.771484	-1391.482544	1.000000
0.000000	-116.858025	704.697021	1.000000
0.000000	205.101532	-475.447784	1.000000
0.000000	6729.610840	2571.343750	1.000000
0.000000	-26003.349609	-23321.394531	1.000000
0.000000	-586712.625000	317549.218750	1.000000
0.000000	-108536.234375	248955.265625	1.000000
0.000000	37884.398438	-56191.003906	1.000000
0.000000	689.990967	-1827.403442	1.000000
0.000000	188.008560	289.771515	1.000000
0.000000	-251.810760	-289.768127	1.000000
0.000000	-425.465088	813.744507	1.000000
0.000000	4112436.000000	2116301.500000	1.000000
0.000000	303.789948	238.263809	1.000000
0.000000	-45329.613281	76090.281250	1.000000
0.000000	829.486389	1753.071777	1.000000
0.000000	4965.350098	12528.772461	1.000000
0.000000	605.613953	1470.238281	1.000000
0.000000	-44195.253906	2467.612061	1.000000
0.000000	245596.890625	-842228.687500	1.000000
0.000000	-350.787933	-200.142197	1.000000
0.000000	582.058167	-119.512321	1.000000
0.000000	-32927.761719	-140135.453125	1.000000
0.000000	-14383.086914	-13435.625000	1.000000
0.000000	-519.493164	-89.152138	1.000000
0.000000	-323770.156250	730136.875000	1.000000
0.000000	-31243.675781	-19601.484375	1.000000
0.000000	-548.055786	-1137.231079	1.000000
0.000000	184.850204	-488.059601	1.000000
0.000000	-3497.436035	-12815.533203	1.000000
0.000000	131.847717	-450.325592	1.000000
0.000000	3242.187500	2867.072266	1.000000
0.000000	93.574280	67.210197	1.000000
0.000000	799007.062500	-982912.687500	1.000000
0.000000	-515.612610	430.775391	1.000000
0.000000	-3149.613525	-2129.794189	1.000000
0.000000	-55.588085	3031.254150	1.000000
0.000000	-412.734436	395.477692	1.000000
0.000000	19783.107422	10657.875000	1.000000
0.000000	205.826447	563.057068	1.000000
0.000000	-3492.846191	-1955.366333	1.000000
0.000000	65142.683594	112787.414062	1.000000
0.000000	366.640350	303.988861	1.000000
0.000000	484892.843750	100935.390625	1.000000
0.000000	-338.858246	324.361206	1.000000
0.000000	78.526482	426.254272	1.000000
0.000000	342.609467	247.020447	1.000000
0.000000	-423.019409	-104.350357	1.000000
0.000000	-52370.683594	-2889.448486	1.000000
0.000000	11467.415039	1490.933960	1.000000
0.000000	-42.516731	-311.929047	1.000000
0.000000	80.707237	1641.669434	1.000000
0.000000	-7879.311035	-93267.828125	1.000000
0.000000	-645.413696	1004.765869	1.000000
0.000000	-129.848557	398.771118	1.000000
0.000000	453.423615	-114.534492	1.000000
0.000000	63.283978	470.838318	1.000000
0.000000	-42998.660156	-77639.257812	1.000000
0.000000	200.884781	-1170.908447	1.000000
0.000000	52.248642	434.795776	1.000000
0.000000	-144.726852	-76.030342	1.000000
0.000000	-470.920532	840.135620	1.000000
0.000000	482.905304	-26.621527	1.000000
0.000000	247.016968	1125.105591	1.000000
0.000000	-240.268890	273.802826	1.000000
0.000000	344.705780	591.071350	1.000000
0.000000	-11123.807617	545.558533	1.000000
0.000000	28171368.000000	16549397.000000	1.000000
0.000000	390.592010	-728.647583	1.000000
0.000000	-32725.992188	266694.062500	1.000000
0.000000	-354.377319	2.081223	1.000000
0.000000	1586.640625	2605.835449	1.000000
0.000000	4421.307129	10708.454102	1.000000
0.000000	-48399.437500	-126250.796875	1.000000
0.000000	-53.562824	-573.958862	1.000000
0.000000	1929694.125000	165306.859375	1.000000
0.000000	-179995.859375	-177937.812500	1.000000
0.000000	-70306.289062	13668.217773	1.000000
0.000000	338.348114	-216.894165	1.000000
0.000000	-131148.500000	15079.275391	1.000000
0.000000	-1180.802124	289.975464	1.000000
0.000000	-1403.401001	906.054932	1.000000
0.000000	-1218.229736	1287.138550	1.000000
0.000000	49288.621094	57670.125000	1.000000
0.000000	83780.726562	3609.303467	1.000000
0.000000	1173.607056	-365.728638	1.000000
0.000000	-462.392548	-329.720123	1.000000
0.000000	-1589278.625000	-1200867.375000	1.000000
0.000000	-387.221558	174.989151	1.000000
0.000000	2590553.750000	19474.039062	1.000000
0.000000	177.206848	-296.018341	1.000000
0.000000	-10518.976562	13292.626953	1.000000
0.000000	1826645.375000	135312.859375	1.000000
0.000000	-1551.131958	911.583984	1.000000
0.000000	384.948395	76.056129	1.000000
0.000000	447.306763	-94.785690	1.000000
0.000000	354.481873	890.694885	1.000000
0.000000	-10698.790039	7503.600098	1.000000
0.000000	-487.560913	184.030273	1.000000
0.000000	27338.509766	26016.457031	1.000000
0.000000	159.571808	374.225372	1.000000
0.000000	278.320282	615.041687	1.000000
0.000000	-159.058075	-9026.666016	1.000000
0.000000	-5717.767090	9775.683594	1.000000
0.000000	459225.593750	25496.605469	1.000000
0.000000	-1124.947998	1140.384766	1.000000
0.000000	2270.978027	-5190.910645	1.000000
0.000000	3489.351074	-2206.316650	1.000000
0.000000	204.242828	169.454361	1.000000
0.000000	323.292511	239.867188	1.000000
0.000000	916.200684	-844.274536	1.000000
0.000000	1220.963257	11614.946289	1.000000
0.000000	17927.593750	-23808.044922	1.000000
0.000000	435.163300	-25.110245	1.000000
0.000000	-6.832744	-324.071136	1.000000
0.000000	1051.309814	1238.856201	1.000000
0.000000	526.063049	-48.602436	1.000000
0.000000	125.237282	284.760101	1.000000
0.000000	-1326.637695	167.572998	1.000000
0.000000	75420.734375	-7396.313477	1.000000
0.000000	112.131721	512.716125	1.000000
0.000000	-96.059586	-720.712036	1.000000
0.000000	1171.428955	-9486.931641	1.000000
0.000000	335.660309	384.030640	1.000000
0.000000	323.658020	292.259552	1.000000
0.000000	-3810.791260	-4504.870605	1.000000
0.000000	624.563599	250.796310	1.000000
0.000000	-2118.873535	-3035.184814	1.000000
0.000000	53.169430	373.502136	1.000000
0.000000	22261.203125	39205.273438	1.000000
0.000000	461.452972	-23.532709	1.000000
0.000000	995.919861	-547.927063	1.000000
0.000000	1348.562744	756.123962	1.000000
0.000000	-324.348053	744.719727	1.000000
0.000000	211.391647	-400.977814	1.000000
0.000000	9640.221680	4749.152832	1.000000
0.000000	-92626.796875	-330283.343750	1.000000
0.000000	8095.378418	16953.464844	1.000000
0.000000	281.996704	-269.490356	1.000000
0.000000	3435.195068	-808.889771	1.000000
0.000000	-423278.312500	-82035.203125	1.000000
0.000000	-44105600.000000	-10494824.000000	1.000000
0.000000	6072.594727	-4486.913574	1.000000
0.000000	-329.794769	257.545319	1.000000
0.000000	1122.217285	-1642.215942	1.000000
0.000000	5767.536133	288.494019	1.000000
0.000000	-362.912842	-140.230453	1.000000
0.000000	-592.618225	1011.296753	1.000000
0.000000	-18762.830078	-37.863792	1.000000
0.000000	-737.289001	-160.018539	1.000000
0.000000	311.080353	-455.235321	1.000000
0.000000	14645.328125	-10996.487305	1.000000
