0.000000	31535.296875	455777.500000	1.000000
0.000000	214983.250000	175205.015625	1.000000
0.000000	1179.775146	-12733.303711	1.000000
0.000000	-565.862122	649.344299	1.000000
0.000000	16892.091797	27438.968750	1.000000
0.000000	-13737.485352	764.698914	1.000000
0.000000	-722.835144	-2435.262451	1.000000
0.000000	-595219.312500	1523932.125000	1.000000
0.000000	3550.910889	-2240.571289	1.000000
0.000000	9292453.000000	3386659.750000	1.000000
0.000000	78697400.000000	19959642.000000	1.000000
0.000000	-235.099487	-174.044556	1.000000
0.000000	-275.201477	59.806057	1.000000
0.000000	94.101036	-202.011124	1.000000
0.000000	-73337376.000000	-31090268.000000	1.000000
0.000000	698.754456	-4539.116699	1.000000
0.000000	364.856445	-368.263184	1.000000
0.000000	-6148.802246	7770.029297	1.000000
0.000000	-987.424744	258.417267	1.000000
0.000000	-289.154938	248.069382	1.000000
0.000000	912.883118	7968.834961	1.000000
0.000000	10208.750000	85018.507812	1.000000
0.000000	-39.632259	781.544067	1.000000
0.000000	200.171997	122.046280	1.000000
0.000000	-207144.078125	-53307.050781	1.000000
0.000000	373.644745	-62.131378	1.000000
0.000000	10388.581055	35418.800781	1.000000
0.000000	-3888.047607	11588.150391	1.000000
0.000000	373.398743	-160.420807	1.000000
0.000000	-61510.976562	-273296.843750	1.000000
0.000000	5197.083008	-8935.808594	1.000000
0.000000	4840.680664	896.540894	1.000000
0.000000	-227.249695	446.627167	1.000000
0.000000	-507.540894	-234.859604	1.000000
0.000000	-208.652756	-7.897452	1.000000
0.000000	4825.863281	2764.343994	1.000000
0.000000	47.352730	-52.494728	1.000000
0.000000	-5707.988770	-1479.995972	1.000000
0.000000	-246291.390625	-73694.843750	1.000000
0.000000	-46767.917969	-6136.164551	1.000000
0.000000	435.195892	63.813099	1.000000
0.000000	516.100159	46.433598	1.000000
0.000000	-1.478520	196.964157	1.000000
0.000000	-63.009830	-100.945526	1.000000
0.000000	42.683865	194.360596	1.000000
0.000000	-545.024719	-310.872772	1.000000
0.000000	-4114.725586	3377.873535	1.000000
0.000000	-803.664795	395.821564	1.000000
0.000000	-103.114151	-216.960571	1.000000
0.000000	-214.178680	-72.633949	1.000000
0.000000	6998.856934	6284.310547	1.000000
0.000000	-845.402039	1729.507446	1.000000
0.000000	51.318459	1383.280762	1.000000
0.000000	-3371.623779	-11684.918945	1.000000
0.000000	259.096802	-56.492050	1.000000
0.000000	-17.631872	-222.390625	1.000000
0.000000	86.351189	119.304001	1.000000
0.000000	29405522.000000	-21550876.000000	1.000000
0.000000	-518.923157	1635.933228	1.000000
0.000000	527.236206	487.202545	1.000000
0.000000	1735.750122	26280.431641	1.000000
0.000000	3246.791504	-1608.240723	1.000000
0.000000	-66.534111	-214.362305	1.000000
0.000000	136.656097	-323.631866	1.000000
0.000000	5413.951660	-2864.696777	1.000000
0.000000	401067.812500	-1051564.750000	1.000000
0.000000	40246.265625	142580.500000	1.000000
0.000000	899154304.000000	-490293056.000000	1.000000
0.000000	5146.788086	-14836.373047	1.000000
0.000000	-11819835.000000	-661365.687500	1.000000
0.000000	10588.131836	-15156.321289	1.000000
0.000000	-5.666455	-314.239471	1.000000
0.000000	-234.281006	-736.615417	1.000000
0.000000	-552.906128	923.865967	1.000000
0.000000	424393.937500	2503.098389	1.000000
0.000000	-9295.810547	10651.090820	1.000000
0.000000	-125.697227	551.348694	1.000000
0.000000	36.989986	-234.895218	1.000000
0.000000	3416.884277	-13236.008789	1.000000
0.000000	-935690816.000000	516809408.000000	1.000000
0.000000	1333545.500000	80195.359375	1.000000
0.000000	370672.437500	-121723.953125	1.000000
0.000000	282534.500000	227379.406250	1.000000
0.000000	24949.025391	-23161.667969	1.000000
0.000000	2203343.750000	933729.437500	1.000000
0.000000	-123.747429	174.130768	1.000000
0.000000	140.669693	-22.097256	1.000000
0.000000	-3200.438721	-411.060791	1.000000
0.000000	-1664.674927	1665.196899	1.000000
0.000000	73.663063	230.405899	1.000000
0.000000	25.942379	5.986988	1.000000
0.000000	-1159.937866	1114.911499	1.000000
0.000000	865.908752	-157.356995	1.000000
0.000000	222.073166	-237.815750	1.000000
0.000000	-4355021.000000	2416277.250000	1.000000
0.000000	1057.876709	584.435730	1.000000
0.000000	-68.082809	-88047.281250	1.000000
0.000000	1711789.125000	-2028472.500000	1.000000
0.000000	801.682251	-1567.112305	1.000000
0.000000	-309.695129	-5270.142090	1.000000
0.000000	691415.187500	-227385.343750	1.000000
0.000000	12310197.000000	-6573529.500000	1.000000
0.000000	-21931.748047	-21451.730469	1.000000
0.000000	170620.328125	-24492.730469	1.000000
0.000000	50.250156	135.627197	1.000000
0.000000	233.209396	-16.507505	1.000000
0.000000	678.599792	-1773.893311	1.000000
0.000000	-109.693489	-196.988693	1.000000
0.000000	84.871597	-212.314529	1.000000
0.000000	-865.434570	1011.949646	1.000000
0.000000	-151.869980	-3127.248291	1.000000
0.000000	-53805.445312	119833.890625	1.000000
0.000000	71.729897	192.870804	1.000000
0.000000	-292.248749	10.839103	1.000000
0.000000	-192.076172	-1093.727905	1.000000
0.000000	-64667.058594	15574.613281	1.000000
0.000000	2415.842529	725.080383	1.000000
0.000000	55733.769531	149543.984375	1.000000
0.000000	-13172.827148	6622.573242	1.000000
0.000000	-41731.097656	-29822.539062	1.000000
0.000000	-8508.387695	13775.308594	1.000000
0.000000	248.444824	313.603638	1.000000
0.000000	-262.214905	126.118919	1.000000
0.000000	1506.616699	3224.129639	1.000000
0.000000	567.139526	-397.370941	1.000000
0.000000	1966.719971	172.345062	1.000000
0.000000	553.283936	-469.991516	1.000000
0.000000	14005.548828	-14172.472656	1.000000
0.000000	-242.132431	-99.307762	1.000000
0.000000	-1140.617676	1587.384888	1.000000
0.000000	181.615143	207.640182	1.000000
0.000000	-13407.690430	-2967.674072	1.000000
0.000000	-28620.003906	-61457.921875	1.000000
0.000000	1660.531982	7994.508789	1.000000
0.000000	-2573.394531	1903.539551	1.000000
0.000000	27.626772	-120.903893	1.000000
0.000000	114.270981	263.105286	1.000000
0.000000	-3869.166260	-16091.657227	1.000000
0.000000	693.194397	-48.402275	1.000000
0.000000	-8706.107422	12926.628906	1.000000
0.000000	-918.788940	-3105.335938	1.000000
0.000000	950.781555	494.824371	1.000000
0.000000	211.857437	-237.445831	1.000000
0.000000	-5723.163574	-20523.287109	1.000000
0.000000	-2.189451	-244.906509	1.000000
0.000000	22536.093750	-24521.373047	1.000000
0.000000	-246.896927	-117.858498	1.000000
0.000000	-3300464.250000	1376390.750000	1.000000
0.000000	-17961.603516	-1186.773071	1.000000
0.000000	-24.544046	505.614380	1.000000
0.000000	131.952728	-268.460785	1.000000
0.000000	6658.873535	2779.268555	1.000000
0.000000	-26209.130859	-23389.988281	1.000000
0.000000	-586712.625000	317412.031250	1.000000
0.000000	-108536.234375	249161.046875	1.000000
0.000000	38107.328125	-56191.003906	1.000000
0.000000	547.980469	-1660.206177	1.000000
0.000000	82.572456	97.253532	1.000000
0.000000	-201.638184	-503.453735	1.000000
0.000000	-365.579529	602.604370	1.000000
0.000000	4112436.000000	2116301.500000	1.000000
0.000000	88.630630	194.923813	1.000000
0.000000	-45243.871094	75884.500000	1.000000
0.000000	631.475525	1658.219482	1.000000
0.000000	4753.138184	12584.504883	1.000000
0.000000	627.317444	1688.880859	1.000000
0.000000	-44040.917969	2306.845459	1.000000
0.000000	245802.671875	-842228.687500	1.000000
0.000000	-152.241180	-106.621964	1.000000
0.000000	363.147675	-136.442993	1.000000
0.000000	-33013.503906	-139929.671875	1.000000
0.000000	-14310.206055	-13641.406250	1.000000
0.000000	-300.314697	-78.032448	1.000000
0.000000	-323495.781250	730136.875000	1.000000
0.000000	-31432.308594	-19712.949219	1.000000
0.000000	-349.618683	-1043.450562	1.000000
0.000000	125.566147	-276.785492	1.000000
0.000000	-3707.504395	-12751.226562	1.000000
0.000000	68.376373	-240.252213	1.000000
0.000000	3176.809082	3076.068848	1.000000
0.000000	-10.595443	256.777557	1.000000
0.000000	799281.437500	-982912.687500	1.000000
0.000000	-299.113617	394.200989	1.000000
0.000000	-3359.681885	-2067.631104	1.000000
0.000000	-9.464077	2816.898682	1.000000
0.000000	-257.862610	239.929092	1.000000
0.000000	19894.572266	10469.242188	1.000000
0.000000	-10.522575	600.033386	1.000000
0.000000	-3283.849609	-1886.772583	1.000000
0.000000	65074.089844	112581.632812	1.000000
0.000000	204.801971	155.726990	1.000000
0.000000	484892.843750	100729.609375	1.000000
0.000000	-180.101227	172.801910	1.000000
0.000000	81.306404	206.792847	1.000000
0.000000	304.963287	30.786785	1.000000
0.000000	-203.974899	-90.383759	1.000000
0.000000	-52456.425781	-3088.799072	1.000000
0.000000	11351.663086	1304.444702	1.000000
0.000000	-101.108505	-99.391212	1.000000
0.000000	-47.466515	1820.120361	1.000000
0.000000	-7868.593262	-93062.046875	1.000000
0.000000	-513.853027	1180.537354	1.000000
0.000000	15.167229	233.985352	1.000000
0.000000	243.623215	-49.993401	1.000000
0.000000	51.259975	251.659851	1.000000
0.000000	-42827.175781	-77776.445312	1.000000
0.000000	372.481598	-1033.720947	1.000000
0.000000	-61.999916	247.368713	1.000000
0.000000	-46.500443	-272.308441	1.000000
0.000000	-450.824707	621.493042	1.000000
0.000000	329.507172	130.385040	1.000000
0.000000	194.834808	911.821899	1.000000
0.000000	-137.579224	79.811150	1.000000
0.000000	167.895905	461.065887	1.000000
0.000000	-10905.165039	561.635193	1.000000
0.000000	28171368.000000	16549397.000000	1.000000
0.000000	242.558853	-566.541260	1.000000
0.000000	-32811.734375	266831.250000	1.000000
0.000000	-134.930908	7.658175	1.000000
0.000000	1403.902588	2726.946289	1.000000
0.000000	4635.662598	10657.008789	1.000000
0.000000	-48622.367188	-126250.796875	1.000000
0.000000	139.146484	-468.924652	1.000000
0.000000	1929694.125000	165169.671875	1.000000
0.000000	-180201.640625	-177937.812500	1.000000
0.000000	-70134.804688	13792.543945	1.000000
0.000000	206.385513	-41.510231	1.000000
0.000000	-131079.906250	14869.207031	1.000000
0.000000	-985.149597	190.702087	1.000000
0.000000	-1265.677612	1076.818237	1.000000
0.000000	-1161.425537	1074.926636	1.000000
0.000000	49237.175781	57464.343750	1.000000
0.000000	83952.210938	3741.132080	1.000000
0.000000	964.534363	-432.446777	1.000000
0.000000	-267.329071	-229.124924	1.000000
0.000000	-1589278.625000	-1200867.375000	1.000000
0.000000	-175.411575	117.307922	1.000000
0.000000	2590553.750000	19276.832031	1.000000
0.000000	100.964813	-90.189270	1.000000
0.000000	-10390.363281	13112.568359	1.000000
0.000000	1826645.375000	135450.046875	1.000000
0.000000	-1576.318726	693.477295	1.000000
0.000000	171.982147	27.197025	1.000000
0.000000	266.493896	22.301392	1.000000
0.000000	529.717468	1022.791443	1.000000
0.000000	-10548.741211	7342.833496	1.000000
0.000000	-272.401611	140.556305	1.000000
0.000000	27329.935547	25793.527344	1.000000
0.000000	-0.657535	224.176559	1.000000
0.000000	268.406342	395.792206	1.000000
0.000000	54.474106	-9078.111328	1.000000
0.000000	-5499.124512	9771.396484	1.000000
0.000000	459088.406250	25659.515625	1.000000
0.000000	-919.166687	1064.288574	1.000000
0.000000	2094.134766	-5321.667480	1.000000
0.000000	3485.063965	-1986.602295	1.000000
0.000000	84.191544	-14.293671	1.000000
0.000000	135.597504	126.124260	1.000000
0.000000	1010.785034	-646.263672	1.000000
0.000000	1195.776489	11833.588867	1.000000
0.000000	18141.949219	-23765.173828	1.000000
0.000000	216.252762	-9.152607	1.000000
0.000000	-19.127613	-104.896194	1.000000
0.000000	1233.511963	1116.673584	1.000000
0.000000	306.616638	-42.992352	1.000000
0.000000	90.036095	68.117836	1.000000
0.000000	-1535.634277	100.640221	1.000000
0.000000	75214.953125	-7419.892578	1.000000
0.000000	53.686363	301.173645	1.000000
0.000000	-315.554810	-720.712036	1.000000
0.000000	1185.362061	-9705.574219	1.000000
0.000000	202.920685	209.196960	1.000000
0.000000	156.232727	150.298935	1.000000
0.000000	-3911.538330	-4699.934082	1.000000
0.000000	408.064545	215.025742	1.000000
0.000000	-1942.782349	-2904.427979	1.000000
0.000000	-39.339729	174.419510	1.000000
0.000000	22226.906250	38982.343750	1.000000
0.000000	242.002289	-24.252810	1.000000
0.000000	776.473450	-551.678284	1.000000
0.000000	1158.858154	645.730896	1.000000
0.000000	-315.237946	525.541260	1.000000
0.000000	72.931419	-230.689240	1.000000
0.000000	9528.756836	4937.785645	1.000000
0.000000	-92729.687500	-330146.156250	1.000000
0.000000	7876.735840	16944.890625	1.000000
0.000000	140.388123	-101.762451	1.000000
0.000000	3363.385986	-1016.546631	1.000000
0.000000	-423415.500000	-81863.718750	1.000000
0.000000	-44105600.000000	-10494824.000000	1.000000
0.000000	5973.991211	-4681.977051	1.000000
0.000000	-246.464081	54.455639	1.000000
0.000000	929.833252	-1747.786011	1.000000
0.000000	5939.020508	424.877686	1.000000
0.000000	-159.141190	-58.614040	1.000000
0.000000	-373.439758	1022.014526	1.000000
0.000000	-18797.126953	178.854416	1.000000
0.000000	-517.842590	-153.922806	1.000000
0.000000	286.027557	-237.134430	1.000000
0.000000	14443.833984	-11082.229492	1.000000
