0.000000	31633.246094	455685.312500	1.000000
0.000000	214937.156250	175066.734375	1.000000
0.000000	1157.808594	-12586.379883	1.000000
0.000000	-713.326111	651.504944	1.000000
0.000000	16903.615234	27588.773438	1.000000
0.000000	-13881.528320	798.008850	1.000000
0.000000	-855.174622	-2370.443115	1.000000
0.000000	-595034.937500	1523932.125000	1.000000
0.000000	3475.288330	-2367.329102	1.000000
0.000000	9292453.000000	3386659.750000	1.000000
0.000000	78697400.000000	19959642.000000	1.000000
0.000000	-92.761452	-135.423035	1.000000
0.000000	-205.373291	-70.115028	1.000000
0.000000	99.525154	-54.603344	1.000000
0.000000	-73337376.000000	-31090268.000000	1.000000
0.000000	570.376160	-4611.138184	1.000000
0.000000	330.286133	-224.860184	1.000000
0.000000	-6072.459473	7643.271484	1.000000
0.000000	-987.784851	405.881256	1.000000
0.000000	-238.544327	109.518059	1.000000
0.000000	881.193665	7824.791992	1.000000
0.000000	10076.230469	84949.367188	1.000000
0.000000	-11.097867	636.780884	1.000000
0.000000	93.490509	219.447937	1.000000
0.000000	-207236.265625	-53203.339844	1.000000
0.000000	226.621887	-73.677322	1.000000
0.000000	10391.461914	35568.605469	1.000000
0.000000	-3743.284424	11616.958984	1.000000
0.000000	244.480270	-88.759438	1.000000
0.000000	-61660.781250	-273296.843750	1.000000
0.000000	5284.949219	-9053.923828	1.000000
0.000000	4698.078125	860.170044	1.000000
0.000000	-91.225204	389.550140	1.000000
0.000000	-399.598694	-335.410126	1.000000
0.000000	-93.373367	84.118240	1.000000
0.000000	4691.903320	2703.125732	1.000000
0.000000	184.523285	1.704317	1.000000
0.000000	-5594.194824	-1386.728149	1.000000
0.000000	-246337.484375	-73556.562500	1.000000
0.000000	-46883.152344	-6046.857910	1.000000
0.000000	321.491974	-30.104645	1.000000
0.000000	430.849060	166.813110	1.000000
0.000000	-0.154048	49.466022	1.000000
0.000000	0.281510	31.383537	1.000000
0.000000	24.239075	49.015362	1.000000
0.000000	-489.388153	-447.443512	1.000000
0.000000	-4235.721680	3462.138672	1.000000
0.000000	-719.939819	274.375336	1.000000
0.000000	-70.597153	-73.039764	1.000000
0.492350	-68.981049	-44.322140	1.000000
0.000000	6851.933105	6300.155273	1.000000
0.000000	-764.918030	1853.024292	1.000000
0.000000	135.154053	1504.636963	1.000000
0.000000	-3285.918213	-11805.915039	1.000000
0.000000	122.885323	-113.052917	1.000000
0.000000	-20.685143	-76.625740	1.000000
0.000000	-61.060192	124.413025	1.000000
0.000000	29405522.000000	-21550876.000000	1.000000
0.000000	-400.087708	1548.787231	1.000000
0.000000	624.285156	376.199432	1.000000
0.000000	1811.732788	26407.189453	1.000000
0.000000	3190.614746	-1471.760010	1.000000
0.000000	10.482307	-87.227753	1.000000
0.000000	57.072353	-199.464355	1.000000
0.000000	5504.698730	-2748.742188	1.000000
0.000000	400975.625000	-1051564.750000	1.000000
0.000000	40373.023438	142672.687500	1.000000
0.000000	899154304.000000	-490293056.000000	1.000000
0.000000	5241.856445	-14724.019531	1.000000
0.000000	-11819835.000000	-661550.062500	1.000000
0.000000	10513.229492	-15283.079102	1.000000
0.000000	37.906887	-173.321045	1.000000
0.000000	-122.962799	-639.926575	1.000000
0.000000	-700.370117	928.907471	1.000000
0.000000	424578.312500	2539.829346	1.000000
0.000000	-9151.767578	10685.661133	1.000000
0.000000	17.474369	586.819275	1.000000
0.000000	49.908840	-87.971390	1.000000
0.000000	3402.479980	-13089.084961	1.000000
0.000000	-935690816.000000	516809408.000000	1.000000
0.000000	1333545.500000	80057.078125	1.000000
0.000000	370488.062500	-121700.906250	1.000000
0.000000	282718.875000	227333.312500	1.000000
0.000000	25081.544922	-23230.808594	1.000000
0.000000	2203343.750000	933913.812500	1.000000
0.000000	-48.930439	51.937870	1.000000
0.000000	283.126434	12.561911	1.000000
0.000000	-3292.626221	-526.295166	1.000000
0.000000	-1647.389771	1518.633179	1.000000
0.000000	5.649527	99.511757	1.000000
0.000000	63.833332	148.540131	1.000000
0.000000	-1017.695435	1153.803101	1.000000
0.000000	741.311584	-78.372574	1.000000
0.000000	189.258377	-381.594330	1.000000
0.000000	-4355021.000000	2416277.250000	1.000000
0.000000	930.266479	510.435547	1.000000
0.000000	76.267761	-88024.234375	1.000000
0.000000	1711789.125000	-2028472.500000	1.000000
0.000000	774.134033	-1711.875488	1.000000
0.000000	-430.961304	-5186.597168	1.000000
0.000000	691415.187500	-227247.062500	1.000000
0.000000	12310197.000000	-6573529.500000	1.000000
0.000000	-21897.177734	-21307.687500	1.000000
0.000000	170482.046875	-24406.304688	1.000000
0.000000	113.480820	4.890301	1.000000
0.000000	91.718002	25.097780	1.000000
0.000000	821.382385	-1737.162354	1.000000
0.000000	-12.647536	-85.898460	1.000000
0.000000	31.193001	-74.933548	1.000000
0.000000	-823.121948	870.607483	1.000000
0.000000	-8.865891	-3163.259033	1.000000
0.000000	-53655.640625	119833.890625	1.000000
0.000000	19.694090	53.897697	1.000000
0.000000	-149.516403	-26.564545	1.000000
0.000000	-333.938202	-1134.059937	1.000000
0.000000	-64793.816406	15655.277344	1.000000
0.000000	2371.909424	584.278381	1.000000
0.000000	55618.535156	149451.796875	1.000000
0.000000	-13031.665039	6668.666992	1.000000
0.000000	-41615.863281	-29908.964844	1.000000
0.000000	-8629.383789	13691.763672	1.000000
0.000000	115.202919	250.400787	1.000000
0.000000	-153.594925	26.324469	1.000000
0.000000	1400.385010	3326.400146	1.000000
0.000000	424.717072	-358.929474	1.000000
0.000000	2061.479248	285.385468	1.000000
0.000000	524.475342	-325.318359	1.000000
0.000000	14037.238281	-14028.429688	1.000000
0.000000	-116.362839	-22.272667	1.000000
0.000000	-1084.801025	1723.865601	1.000000
0.000000	76.193695	104.469406	1.000000
0.000000	-13551.733398	-2935.264404	1.000000
0.000000	-28527.816406	-61342.687500	1.000000
0.000000	1579.867920	7870.631836	1.000000
0.000000	-2663.421387	2020.214355	1.000000
0.000000	-107.340210	-61.396141	1.000000
0.000000	211.818253	373.748291	1.000000
0.000000	-3962.794189	-16206.891602	1.000000
0.000000	551.492126	-89.567055	1.000000
0.000000	-8559.183594	12915.105469	1.000000
0.000000	-963.262207	-2964.894043	1.000000
0.000000	966.806335	348.170624	1.000000
0.000000	67.724442	-206.161499	1.000000
0.000000	-5868.646973	-20546.333984	1.000000
0.000000	-9.948641	-97.617935	1.000000
0.000000	22576.425781	-24377.330078	1.000000
0.000000	-147.462265	-8.921501	1.000000
0.000000	-3300464.250000	1376390.750000	1.000000
0.000000	-17909.748047	-1049.212036	1.000000
0.000000	37.495705	371.834473	1.000000
0.033142	82.850868	-129.571060	1.000000
0.000000	6611.339355	2918.990234	1.000000
0.000000	-26347.412109	-23436.082031	1.000000
0.000000	-586712.625000	317319.843750	1.000000
0.000000	-108536.234375	249299.328125	1.000000
0.000000	38257.132812	-56191.003906	1.000000
0.000000	452.551971	-1547.852661	1.000000
0.000000	11.714630	-32.114357	1.000000
0.000000	-167.923126	-646.961914	1.000000
0.000000	-325.337524	460.722015	1.000000
0.000000	4112436.000000	2116301.500000	1.000000
0.000000	-53.240860	165.918961	1.000000
0.000000	-45186.253906	75746.218750	1.000000
0.000000	498.425049	1594.480469	1.000000
0.000000	4610.535645	12621.956055	1.000000
0.000000	641.901794	1835.804688	1.000000
0.000000	-43937.207031	2198.813232	1.000000
0.000000	245940.953125	-842228.687500	1.000000
0.000000	-18.806223	-43.760712	1.000000
0.000000	220.447418	-145.881027	1.000000
0.000000	-33071.121094	-139791.390625	1.000000
0.000000	-14261.231445	-13779.687500	1.000000
0.000000	-152.999283	-70.560219	1.000000
0.000000	-323311.406250	730136.875000	1.000000
0.000000	-31559.066406	-19787.851562	1.000000
0.000000	-216.288895	-980.431763	1.000000
0.033142	85.634476	-134.612579	1.000000
0.000000	-3848.666504	-12708.013672	1.000000
0.000000	25.716877	-99.045090	1.000000
0.000000	3132.875977	3216.510742	1.000000
0.000000	-80.404167	386.686310	1.000000
0.000000	799465.812500	-982912.687500	1.000000
0.000000	-153.661896	369.623657	1.000000
0.000000	-3500.843994	-2025.858765	1.000000
0.000000	21.533155	2672.855713	1.000000
0.000000	-153.791565	135.362900	1.000000
0.000000	19969.474609	10342.484375	1.000000
0.000000	-155.901794	624.880798	1.000000
0.000000	-3143.407715	-1840.678833	1.000000
0.000000	65027.996094	112443.351562	1.000000
0.000000	94.150085	58.533821	1.000000
0.000000	484892.843750	100591.328125	1.000000
0.000000	-73.419411	70.936531	1.000000
0.000000	80.453651	59.176228	1.000000
0.000000	279.665741	-114.523438	1.000000
0.000000	-56.842175	-81.048195	1.000000
0.000000	-52514.042969	-3222.759033	1.000000
0.000000	11273.879883	1179.127319	1.000000
0.000000	-141.200363	42.558029	1.000000
0.000000	-133.598251	1940.036133	1.000000
0.000000	-7861.391113	-92923.765625	1.000000
0.000000	-425.534821	1298.652588	1.000000
0.000000	109.287323	124.284721	1.000000
0.000000	99.987877	-9.183323	1.000000
0.000000	46.507759	103.344635	1.000000
0.000000	-42711.941406	-77868.632812	1.000000
0.000000	487.806000	-941.694458	1.000000
0.000000	-138.773468	121.421143	1.000000
0.000000	19.500774	-404.197784	1.000000
0.000000	-437.320679	474.569214	1.000000
0.000000	226.426437	235.896515	1.000000
0.000000	159.769348	768.499146	1.000000
0.492350	-69.402779	-48.518127	1.000000
0.000000	49.090515	373.649811	1.000000
0.000000	-10758.241211	572.438416	1.000000
0.000000	28171368.000000	16549397.000000	1.000000
0.000000	143.124191	-457.608795	1.000000
0.000000	-32869.351562	266923.437500	1.000000
0.000000	9.459747	14.160213	1.000000
0.000000	1281.105957	2808.330566	1.000000
0.000000	4779.705566	10622.438477	1.000000
0.000000	-48772.171875	-126250.796875	1.000000
0.000000	268.645721	-398.343597	1.000000
0.000000	1929694.125000	165077.484375	1.000000
0.000000	-180339.921875	-177937.812500	1.000000
0.000000	-70019.570312	13876.088867	1.000000
0.000000	119.817253	72.734375	1.000000
0.000000	-131033.812500	14728.044922	1.000000
0.000000	-853.530334	123.992195	1.000000
0.000000	-1173.130005	1191.692505	1.000000
0.000000	-1123.254150	932.439819	1.000000
0.000000	49202.605469	57326.062500	1.000000
0.000000	84067.445312	3829.718506	1.000000
0.000000	823.912415	-477.280151	1.000000
0.000000	-136.208832	-161.559769	1.000000
0.000000	-1589278.625000	-1200867.375000	1.000000
0.000000	-35.045876	70.922768	1.000000
0.000000	2590553.750000	19144.312500	1.000000
0.000000	51.275124	42.142910	1.000000
0.000000	-10303.937500	12991.572266	1.000000
0.000000	1826645.375000	135542.234375	1.000000
0.000000	-1593.243774	546.913574	1.000000
0.000000	28.318605	-0.991629	1.000000
0.000000	143.787308	104.180817	1.000000
0.000000	647.472595	1111.735474	1.000000
0.000000	-10447.911133	7234.801270	1.000000
0.000000	-127.818504	111.355423	1.000000
0.000000	27324.173828	25643.722656	1.000000
0.000000	-108.328339	123.347527	1.000000
0.000000	261.744354	248.420563	1.000000
0.000000	197.966125	-9112.681641	1.000000
0.000000	-5352.200684	9768.515625	1.000000
0.000000	458996.218750	25768.988281	1.000000
0.000000	-780.885437	1013.153320	1.000000
0.000000	1975.519531	-5409.533691	1.000000
0.000000	3482.183105	-1838.958252	1.000000
0.000000	3.511500	-137.769226	1.000000
0.000000	9.449734	49.671059	1.000000
0.000000	1074.201416	-513.203979	1.000000
0.000000	1178.851440	11980.512695	1.000000
0.000000	18285.992188	-23736.365234	1.000000
0.000000	69.148880	1.569388	1.000000
0.000000	-21.170443	38.972435	1.000000
0.000000	1355.948486	1034.569092	1.000000
0.000000	159.152664	-39.222477	1.000000
0.000000	65.318542	-75.837585	1.000000
0.000000	-1676.076172	55.651390	1.000000
0.000000	75076.671875	-7435.737305	1.000000
0.000000	14.414669	158.990540	1.000000
0.000000	-463.018799	-720.712036	1.000000
0.000000	1194.724854	-9852.498047	1.000000
0.000000	113.745491	91.711914	1.000000
0.000000	43.729343	54.914402	1.000000
0.000000	-3979.238525	-4831.013184	1.000000
0.000000	262.581146	190.988571	1.000000
0.000000	-1824.307007	-2816.561768	1.000000
0.000000	-96.679016	45.077007	1.000000
0.000000	22203.859375	38832.539062	1.000000
0.000000	97.149330	-22.159275	1.000000
0.000000	629.009460	-554.199036	1.000000
0.000000	1031.380127	571.548767	1.000000
0.000000	-309.116119	378.175598	1.000000
0.000000	-20.109089	-116.222404	1.000000
0.000000	9453.854492	5064.543457	1.000000
0.000000	-92798.828125	-330053.968750	1.000000
0.000000	7729.812012	16939.128906	1.000000
0.000000	44.626343	10.545052	1.000000
0.000000	3315.131592	-1155.917847	1.000000
0.000000	-423507.687500	-81748.484375	1.000000
0.000000	-44105600.000000	-10494824.000000	1.000000
0.000000	5907.731445	-4813.056152	1.000000
0.000000	-190.507599	-81.966171	1.000000
0.000000	800.554688	-1818.727173	1.000000
0.000000	6054.254883	516.525024	1.000000
0.000000	-22.210756	-3.774058	1.000000
0.000000	-226.146698	1029.216675	1.000000
0.000000	-18820.173828	324.494019	1.000000
0.000000	-370.378601	-149.826584	1.000000
0.000000	264.806152	-92.556839	1.000000
0.000000	14308.433594	-11139.846680	1.000000
