0.000000	31452.621094	455855.312500	1.000000
0.000000	215022.156250	175321.734375	1.000000
0.000000	1198.316406	-12857.317383	1.000000
0.000000	-441.392517	647.520569	1.000000
0.000000	16882.365234	27312.523438	1.000000
0.000000	-13615.903320	736.583069	1.000000
0.000000	-611.131653	-2489.974365	1.000000
0.000000	-595374.937500	1523932.125000	1.000000
0.000000	3614.741455	-2133.579102	1.000000
0.000000	9292453.000000	3386659.750000	1.000000
0.000000	78697400.000000	19959642.000000	1.000000
0.000000	-355.237732	-206.643738	1.000000
0.000000	-334.168762	169.469299	1.000000
0.000000	89.522713	-326.421234	1.000000
0.000000	-73337376.000000	-31090268.000000	1.000000
0.000000	807.114441	-4478.325684	1.000000
0.000000	394.036133	-489.313293	1.000000
0.000000	-6213.240723	7877.021484	1.000000
0.000000	-987.120789	133.910400	1.000000
0.000000	-331.860626	365.016083	1.000000
0.000000	939.631165	8090.416992	1.000000
0.000000	10320.605469	85076.867188	1.000000
0.000000	-63.720699	903.734009	1.000000
0.000000	292.802338	37.895432	1.000000
0.000000	-207066.265625	-53394.589844	1.000000
0.000000	497.734406	-52.385818	1.000000
0.000000	10386.149414	35292.355469	1.000000
0.000000	-4010.237549	11563.833984	1.000000
0.000000	482.214661	-220.907867	1.000000
0.000000	-61384.531250	-273296.843750	1.000000
0.000000	5122.917969	-8836.111328	1.000000
0.000000	4961.046875	927.240356	1.000000
0.000000	-342.068726	494.804047	1.000000
0.000000	-598.579163	-150.018143	1.000000
0.000000	-305.936859	-85.564590	1.000000
0.000000	4938.934570	2816.016357	1.000000
0.000000	-68.434502	-98.258965	1.000000
0.000000	-5804.038574	-1558.720337	1.000000
0.000000	-246252.484375	-73811.562500	1.000000
0.000000	-46670.652344	-6211.545410	1.000000
0.000000	531.184875	143.084763	1.000000
0.000000	587.985535	-55.173496	1.000000
0.000000	-2.596386	321.451782	1.000000
0.000000	-118.047554	-210.779190	1.000000
0.000000	58.157078	317.899384	1.000000
0.000000	-591.985779	-195.577896	1.000000
0.000000	-4012.596680	3306.748047	1.000000
0.000000	-874.334351	498.330414	1.000000
0.000000	-130.508102	-338.390625	1.000000
0.000000	-336.001709	-98.242165	1.000000
0.000000	7122.870605	6270.936523	1.000000
0.000000	-913.335999	1625.250854	1.000000
0.000000	-19.443439	1280.847900	1.000000
0.000000	-3443.965088	-11582.790039	1.000000
0.000000	375.857910	-13.506596	1.000000
0.000000	-14.554327	-346.860229	1.000000
0.000000	210.782791	114.991638	1.000000
0.000000	29405522.000000	-21550876.000000	1.000000
0.000000	-619.228333	1709.490356	1.000000
0.000000	445.258453	580.952576	1.000000
0.000000	1671.615601	26173.439453	1.000000
0.000000	3294.208496	-1723.439697	1.000000
0.000000	-132.036438	-320.229614	1.000000
0.000000	203.830170	-428.420380	1.000000
0.000000	5337.354980	-2962.570312	1.000000
0.000000	401145.625000	-1051564.750000	1.000000
0.000000	40139.273438	142502.687500	1.000000
0.000000	899154304.000000	-490293056.000000	1.000000
0.000000	5066.543945	-14931.207031	1.000000
0.000000	-11819835.000000	-661210.062500	1.000000
0.000000	10651.354492	-15049.329102	1.000000
0.000000	-42.445095	-433.161896	1.000000
0.000000	-328.270325	-818.227356	1.000000
0.000000	-428.487549	919.610596	1.000000
0.000000	424238.312500	2472.094971	1.000000
0.000000	-9417.392578	10621.911133	1.000000
0.000000	-246.557007	521.409119	1.000000
0.000000	26.085598	-358.908905	1.000000
0.000000	3429.042480	-13360.022461	1.000000
0.000000	-935690816.000000	516809408.000000	1.000000
0.000000	1333545.500000	80312.078125	1.000000
0.000000	370828.062500	-121743.406250	1.000000
0.000000	282378.875000	227418.312500	1.000000
0.000000	24837.169922	-23103.308594	1.000000
0.000000	2203343.750000	933573.812500	1.000000
0.000000	-189.325729	279.953735	1.000000
0.000000	19.164154	-49.245975	1.000000
0.000000	-3122.626221	-313.795166	1.000000
0.000000	-1679.264771	1788.906616	1.000000
0.000000	131.072571	340.893555	1.000000
0.000000	-6.044116	-114.336128	1.000000
0.000000	-1280.000122	1082.084351	1.000000
0.000000	971.077209	-224.037140	1.000000
0.000000	249.771072	-116.423691	1.000000
0.000000	-4355021.000000	2416277.250000	1.000000
0.000000	1165.476807	646.898499	1.000000
0.000000	-189.930801	-88066.734375	1.000000
0.000000	1711789.125000	-2028472.500000	1.000000
0.000000	824.934814	-1444.922363	1.000000
0.000000	-207.338257	-5340.659668	1.000000
0.000000	691415.187500	-227502.062500	1.000000
0.000000	12310197.000000	-6573529.500000	1.000000
0.000000	-21960.927734	-21573.312500	1.000000
0.000000	170737.046875	-24565.679688	1.000000
0.000000	-3.612395	244.204575	1.000000
0.000000	352.352509	-52.708687	1.000000
0.000000	558.081604	-1804.896729	1.000000
0.000000	-191.609375	-290.758820	1.000000
0.000000	130.180817	-328.273407	1.000000
0.000000	-901.149292	1131.115356	1.000000
0.000000	-272.572937	-3096.852783	1.000000
0.000000	-53931.890625	119833.890625	1.000000
0.000000	111.493210	306.367249	1.000000
0.000000	-412.690948	42.377628	1.000000
0.000000	-72.347031	-1059.684937	1.000000
0.000000	-64560.066406	15506.527344	1.000000
0.000000	2452.925049	843.926819	1.000000
0.000000	55831.035156	149621.796875	1.000000
0.000000	-13291.977539	6583.666992	1.000000
0.000000	-41828.363281	-29749.589844	1.000000
0.000000	-8406.258789	13845.826172	1.000000
0.000000	360.908203	366.947754	1.000000
0.000000	-353.933350	210.352463	1.000000
0.000000	1596.283447	3137.806396	1.000000
0.000000	687.353760	-429.818146	1.000000
0.000000	1886.779785	76.930992	1.000000
0.000000	577.600342	-592.055603	1.000000
0.000000	13978.800781	-14294.054688	1.000000
0.000000	-348.288757	-164.324539	1.000000
0.000000	-1187.730713	1472.185913	1.000000
0.000000	270.597992	294.723297	1.000000
0.000000	-13286.108398	-2995.030029	1.000000
0.000000	-28697.816406	-61555.187500	1.000000
0.000000	1728.617920	8099.069336	1.000000
0.000000	-2497.405762	1805.058105	1.000000
0.000000	141.547821	-171.132462	1.000000
0.000000	36.171387	172.689545	1.000000
0.000000	-3790.137939	-15994.391602	1.000000
0.000000	812.800720	-13.658758	1.000000
0.000000	-8830.121094	12936.355469	1.000000
0.000000	-881.250488	-3223.878418	1.000000
0.000000	937.255554	618.544617	1.000000
0.000000	333.515472	-263.863220	1.000000
0.000000	-5600.365723	-20503.833984	1.000000
0.000000	4.359820	-369.224152	1.000000
0.000000	22502.050781	-24642.955078	1.000000
0.000000	-330.860382	-209.804916	1.000000
0.000000	-3300464.250000	1376390.750000	1.000000
0.000000	-18005.373047	-1302.883911	1.000000
0.000000	-76.907463	618.533691	1.000000
0.000000	173.442596	-385.863434	1.000000
0.000000	6698.995605	2661.333984	1.000000
0.000000	-26092.412109	-23351.082031	1.000000
0.000000	-586712.625000	317489.843750	1.000000
0.000000	-108536.234375	249044.328125	1.000000
0.000000	37980.882812	-56191.003906	1.000000
0.000000	628.528564	-1755.040161	1.000000
0.000000	142.375626	206.449387	1.000000
0.000000	-230.095978	-382.251648	1.000000
0.000000	-399.546509	722.362671	1.000000
0.000000	4112436.000000	2116301.500000	1.000000
0.000000	210.668594	219.506180	1.000000
0.000000	-45292.503906	76001.218750	1.000000
0.000000	743.786926	1712.019531	1.000000
0.000000	4873.504395	12552.893555	1.000000
0.000000	615.007263	1564.867188	1.000000
0.000000	-44128.457031	2398.031982	1.000000
0.000000	245685.953125	-842228.687500	1.000000
0.000000	-264.856537	-159.669785	1.000000
0.000000	487.313324	-126.832726	1.000000
0.000000	-32964.871094	-140046.390625	1.000000
0.000000	-14351.543945	-13524.687500	1.000000
0.000000	-424.632324	-84.339516	1.000000
0.000000	-323651.406250	730136.875000	1.000000
0.000000	-31325.316406	-19649.726562	1.000000
0.000000	-462.158051	-1096.642700	1.000000
0.000000	159.192551	-396.619781	1.000000
0.000000	-3588.354004	-12787.701172	1.000000
0.000000	104.376053	-359.407623	1.000000
0.000000	3213.891602	2957.526367	1.000000
0.000000	48.610634	150.898697	1.000000
0.000000	799125.812500	-982912.687500	1.000000
0.000000	-421.911469	414.945923	1.000000
0.000000	-3240.531494	-2102.889893	1.000000
0.000000	-35.627300	2938.480713	1.000000
0.000000	-345.705627	328.158966	1.000000
0.000000	19831.349609	10576.234375	1.000000
0.000000	112.185699	579.060486	1.000000
0.000000	-3402.392090	-1925.678833	1.000000
0.000000	65112.996094	112698.351562	1.000000
0.000000	296.596405	239.808563	1.000000
0.000000	484892.843750	100846.328125	1.000000
0.000000	-270.147919	258.781982	1.000000
0.000000	79.729637	331.277466	1.000000
0.000000	326.316132	153.435242	1.000000
0.000000	-328.216553	-98.305588	1.000000
0.000000	-52407.792969	-2975.727783	1.000000
0.000000	11417.317383	1410.221069	1.000000
0.000000	-68.333839	-220.500488	1.000000
0.000000	25.232067	1718.903320	1.000000
0.000000	-7874.672363	-93178.765625	1.000000
0.000000	-588.473999	1080.840088	1.000000
0.000000	-67.081535	327.451538	1.000000
0.000000	362.621613	-86.600990	1.000000
0.000000	58.079967	375.977478	1.000000
0.000000	-42924.441406	-77698.632812	1.000000
0.000000	275.139984	-1111.533447	1.000000
0.000000	2.801550	353.677002	1.000000
0.000000	-102.216225	-160.984894	1.000000
0.000000	-462.223022	745.506714	1.000000
0.000000	416.514313	41.328621	1.000000
0.000000	224.432434	1032.796021	1.000000
0.000000	-195.824615	189.842880	1.000000
0.000000	268.167694	534.827454	1.000000
0.000000	-11029.178711	552.516541	1.000000
0.000000	28171368.000000	16549397.000000	1.000000
0.000000	326.520355	-658.487671	1.000000
0.000000	-32763.101562	266753.437500	1.000000
0.000000	-259.400513	4.495142	1.000000
0.000000	1507.551270	2658.252441	1.000000
0.000000	4514.080566	10686.188477	1.000000
0.000000	-48495.921875	-126250.796875	1.000000
0.000000	29.839611	-528.499878	1.000000
0.000000	1929694.125000	165247.484375	1.000000
0.000000	-180084.921875	-177937.812500	1.000000
0.000000	-70232.070312	13722.026367	1.000000
0.000000	281.234467	-140.993896	1.000000
0.000000	-131118.812500	14988.357422	1.000000
0.000000	-1096.146362	247.009766	1.000000
0.000000	-1343.794067	979.925781	1.000000
0.000000	-1193.644775	1195.292847	1.000000
0.000000	49266.355469	57581.062500	1.000000
0.000000	83854.945312	3666.359131	1.000000
0.000000	1083.152954	-394.604370	1.000000
0.000000	-377.968719	-286.174591	1.000000
0.000000	-1589278.625000	-1200867.375000	1.000000
0.000000	-295.549805	150.027298	1.000000
0.000000	2590553.750000	19388.687500	1.000000
0.000000	144.214294	-206.939865	1.000000
0.000000	-10463.312500	13214.697266	1.000000
0.000000	1826645.375000	135372.234375	1.000000
0.000000	-1562.032837	817.187012	1.000000
0.000000	292.348907	54.860069	1.000000
0.000000	368.275391	-42.049789	1.000000
0.000000	430.324158	947.866516	1.000000
0.000000	-10633.848633	7434.020020	1.000000
0.000000	-394.439575	165.214661	1.000000
0.000000	27334.798828	25919.972656	1.000000
0.000000	90.223671	309.283966	1.000000
0.000000	274.029510	520.180847	1.000000
0.000000	-66.642159	-9048.931641	1.000000
0.000000	-5623.138184	9773.828125	1.000000
0.000000	459166.218750	25567.113281	1.000000
0.000000	-1035.885498	1107.450195	1.000000
0.000000	2194.439941	-5247.502441	1.000000
0.000000	3487.495605	-2111.223877	1.000000
0.000000	152.289703	89.930130	1.000000
0.000000	242.057770	190.639282	1.000000
0.000000	957.136963	-758.575073	1.000000
0.000000	1210.062378	11709.575195	1.000000
0.000000	18020.367188	-23789.490234	1.000000
0.000000	340.418427	-18.202972	1.000000
0.000000	-12.154334	-229.210297	1.000000
0.000000	1130.167236	1185.975342	1.000000
0.000000	431.086243	-46.174381	1.000000
0.000000	110.002144	191.000931	1.000000
0.000000	-1417.091797	138.610291	1.000000
0.000000	75331.671875	-7406.518555	1.000000
0.000000	86.836464	421.159912	1.000000
0.000000	-191.065384	-720.712036	1.000000
0.000000	1177.459229	-9581.560547	1.000000
0.000000	278.198761	308.362305	1.000000
0.000000	251.180695	230.809036	1.000000
0.000000	-3854.394775	-4589.294434	1.000000
0.000000	530.862427	235.314743	1.000000
0.000000	-2042.783569	-2978.593018	1.000000
0.000000	13.131763	287.338806	1.000000
0.000000	22246.359375	39108.789062	1.000000
0.000000	366.476166	-23.844370	1.000000
0.000000	900.943054	-549.550598	1.000000
0.000000	1266.458252	708.345642	1.000000
0.000000	-320.405182	649.858887	1.000000
0.000000	151.465805	-327.280914	1.000000
0.000000	9591.979492	4830.793457	1.000000
0.000000	-92671.328125	-330223.968750	1.000000
0.000000	8000.749512	16949.753906	1.000000
0.000000	220.708252	-196.895157	1.000000
0.000000	3404.115967	-898.764038	1.000000
0.000000	-423337.687500	-81960.984375	1.000000
0.000000	-44105600.000000	-10494824.000000	1.000000
0.000000	6029.918945	-4571.337402	1.000000
0.000000	-293.729095	169.642487	1.000000
0.000000	1038.953125	-1687.906860	1.000000
0.000000	5841.754883	347.521118	1.000000
0.000000	-274.720093	-104.909096	1.000000
0.000000	-497.757385	1015.935425	1.000000
0.000000	-18777.673828	55.932068	1.000000
0.000000	-642.312195	-157.380295	1.000000
0.000000	300.237457	-360.838348	1.000000
0.000000	14558.121094	-11033.596680	1.000000
