0.000000	31604.027344	455712.812500	1.000000
0.000000	214950.906250	175107.984375	1.000000
0.000000	1164.361328	-12630.208008	1.000000
0.000000	-669.336853	650.860413	1.000000
0.000000	16900.177734	27544.085938	1.000000
0.000000	-13838.559570	788.072327	1.000000
0.000000	-815.697083	-2389.779053	1.000000
0.000000	-595089.937500	1523932.125000	1.000000
0.000000	3497.846924	-2329.516602	1.000000
0.000000	9292453.000000	3386659.750000	1.000000
0.000000	78697400.000000	19959642.000000	1.000000
0.000000	-135.225525	-146.944031	1.000000
0.000000	-226.199707	-31.358704	1.000000
0.000000	97.907112	-98.572464	1.000000
0.000000	-73337376.000000	-31090268.000000	1.000000
0.000000	608.672058	-4589.653809	1.000000
0.000000	340.598633	-267.631165	1.000000
0.000000	-6095.232910	7681.083984	1.000000
0.000000	-987.677429	361.891998	1.000000
0.000000	-253.650528	150.848618	1.000000
0.000000	890.646790	7867.760742	1.000000
0.000000	10115.761719	84969.992188	1.000000
0.000000	-19.609373	679.964478	1.000000
0.000000	125.878204	189.665222	1.000000
0.000000	-207208.765625	-53234.277344	1.000000
0.000000	270.485870	-70.233109	1.000000
0.000000	10390.602539	35523.917969	1.000000
0.000000	-3786.468018	11608.365234	1.000000
0.000000	282.937317	-110.136391	1.000000
0.000000	-61616.093750	-273296.843750	1.000000
0.000000	5258.738281	-9018.689453	1.000000
0.000000	4740.617188	871.019653	1.000000
0.000000	-131.797729	406.576508	1.000000
0.000000	-431.798401	-305.412567	1.000000
0.000000	-127.761795	56.671055	1.000000
0.000000	4731.864258	2721.387451	1.000000
0.987690	143.609177	-14.466215	1.000000
0.000000	-5628.140137	-1414.550415	1.000000
0.000000	-246323.734375	-73597.812500	1.000000
0.000000	-46848.777344	-6073.498535	1.000000
0.000000	355.410431	-2.088939	1.000000
0.000000	456.281189	130.907349	1.000000
0.000000	-0.549150	93.463104	1.000000
0.113324	-18.691156	-5.879826	1.000000
0.000000	29.819921	91.669914	1.000000
0.000000	-505.984833	-406.703766	1.000000
0.000000	-4199.627930	3437.001953	1.000000
0.000000	-744.915405	310.603363	1.000000
0.000000	-80.340866	-116.010826	1.000000
0.000000	-112.885712	-51.345188	1.000000
0.000000	6895.761230	6295.428711	1.000000
0.000000	-788.926819	1816.178589	1.000000
0.000000	110.146812	1468.435791	1.000000
0.000000	-3311.484619	-11769.821289	1.000000
0.000000	163.518494	-96.180969	1.000000
0.000000	-19.595648	-120.609367	1.000000
0.000000	-17.087149	122.888977	1.000000
0.000000	29405522.000000	-21550876.000000	1.000000
0.000000	-435.536926	1574.783325	1.000000
0.000000	595.334961	409.312225	1.000000
0.000000	1789.066772	26369.376953	1.000000
0.000000	3207.372559	-1512.472900	1.000000
0.000000	-12.669017	-124.644135	1.000000
0.000000	80.812592	-236.511475	1.000000
0.000000	5477.628418	-2783.332031	1.000000
0.000000	401003.125000	-1051564.750000	1.000000
0.000000	40335.210938	142645.187500	1.000000
0.000000	899154304.000000	-490293056.000000	1.000000
0.000000	5213.497070	-14757.535156	1.000000
0.000000	-11819835.000000	-661495.062500	1.000000
0.000000	10535.573242	-15245.266602	1.000000
0.000000	24.908840	-215.363281	1.000000
0.000000	-156.169586	-668.769348	1.000000
0.000000	-656.380859	927.403564	1.000000
0.000000	424523.312500	2528.872314	1.000000
0.000000	-9194.736328	10675.348633	1.000000
0.000000	-25.235888	576.238220	1.000000
0.000000	46.055080	-131.799515	1.000000
0.000000	3406.776855	-13132.913086	1.000000
0.000000	-935690816.000000	516809408.000000	1.000000
0.000000	1333545.500000	80098.328125	1.000000
0.000000	370543.062500	-121707.781250	1.000000
0.000000	282663.875000	227347.062500	1.000000
0.000000	25042.013672	-23210.183594	1.000000
0.000000	2203343.750000	933858.812500	1.000000
0.369039	-73.675674	84.105118	1.000000
0.000000	240.184540	2.966758	1.000000
0.000000	-3265.126221	-491.920166	1.000000
0.000000	-1652.546021	1562.353882	1.000000
0.000000	25.937582	138.554703	1.000000
0.000000	52.530537	106.014496	1.000000
0.000000	-1060.127075	1142.201538	1.000000
0.000000	778.479553	-101.931534	1.000000
0.000000	199.047195	-338.706146	1.000000
0.000000	-4355021.000000	2416277.250000	1.000000
0.000000	968.347534	532.508850	1.000000
0.000000	33.207420	-88031.109375	1.000000
0.000000	1711789.125000	-2028472.500000	1.000000
0.000000	782.351807	-1668.691895	1.000000
0.000000	-394.786987	-5211.519043	1.000000
0.000000	691415.187500	-227288.312500	1.000000
0.000000	12310197.000000	-6573529.500000	1.000000
0.000000	-21907.490234	-21350.656250	1.000000
0.000000	170523.296875	-24432.085938	1.000000
0.000000	94.788422	42.198563	1.000000
0.000000	133.573318	14.711615	1.000000
0.000000	778.789612	-1748.119385	1.000000
0.000000	-41.597336	-119.037025	1.000000
0.000000	47.205658	-115.914993	1.000000
0.000000	-835.744019	912.770569	1.000000
0.000000	-51.523216	-3152.516846	1.000000
0.000000	-53700.328125	119833.890625	1.000000
0.000000	35.137871	96.060654	1.000000
0.000000	-192.082321	-15.417847	1.000000
0.000000	-291.613983	-1122.028687	1.000000
0.000000	-64756.003906	15631.214844	1.000000
0.000000	2385.014893	626.280334	1.000000
0.000000	55652.910156	149479.296875	1.000000
0.000000	-13073.774414	6654.916992	1.000000
0.000000	-41650.238281	-29883.183594	1.000000
0.000000	-8593.290039	13716.685547	1.000000
0.000000	154.951172	269.257324	1.000000
0.000000	-185.996048	56.093437	1.000000
0.000000	1432.074463	3295.892334	1.000000
0.000000	467.202423	-370.396759	1.000000
0.000000	2033.176270	251.656738	1.000000
0.000000	533.069092	-368.475098	1.000000
0.000000	14027.785156	-14071.398438	1.000000
0.000000	-153.882004	-45.251587	1.000000
0.000000	-1101.451416	1683.152710	1.000000
0.000000	107.641449	135.245773	1.000000
0.000000	-13508.764648	-2944.932373	1.000000
0.000000	-28555.316406	-61377.062500	1.000000
0.000000	1603.930420	7907.584961	1.000000
0.000000	-2636.565918	1985.409668	1.000000
0.000000	-67.077148	-79.147606	1.000000
0.000000	182.720352	340.742920	1.000000
0.000000	-3934.864502	-16172.516602	1.000000
0.000000	593.762634	-77.287392	1.000000
0.000000	-8603.011719	12918.542969	1.000000
0.000000	-949.995605	-3006.788574	1.000000
0.000000	962.026062	391.918182	1.000000
0.000000	110.720047	-215.493774	1.000000
0.000000	-5825.248535	-20539.458984	1.000000
0.000000	-7.634035	-141.558121	1.000000
0.000000	22564.394531	-24420.298828	1.000000
0.000000	-177.124130	-41.418785	1.000000
0.000000	-3300464.250000	1376390.750000	1.000000
0.000000	-17925.216797	-1090.247192	1.000000
0.000000	18.988930	411.741699	1.000000
0.000000	97.447166	-170.888550	1.000000
0.000000	6625.519043	2877.310547	1.000000
0.000000	-26306.162109	-23422.332031	1.000000
0.000000	-586712.625000	317347.343750	1.000000
0.000000	-108536.234375	249258.078125	1.000000
0.000000	38212.445312	-56191.003906	1.000000
0.000000	481.018768	-1581.368286	1.000000
0.000000	32.851631	6.476463	1.000000
0.000000	-177.980499	-604.154297	1.000000
0.000000	-337.341919	503.046234	1.000000
0.000000	4112436.000000	2116301.500000	1.000000
0.000000	-10.107620	174.606705	1.000000
0.000000	-45203.441406	75787.468750	1.000000
0.000000	538.108215	1613.494141	1.000000
0.000000	4653.074707	12610.784180	1.000000
0.000000	637.551208	1791.976562	1.000000
0.000000	-43968.144531	2231.039795	1.000000
0.000000	245899.703125	-842228.687500	1.000000
0.000000	-58.609940	-62.512543	1.000000
0.000000	264.318359	-142.483810	1.000000
0.000000	-33053.933594	-139832.640625	1.000000
0.000000	-14275.840820	-13738.437500	1.000000
0.000000	-196.948257	-72.789223	1.000000
0.000000	-323366.406250	730136.875000	1.000000
0.000000	-31521.253906	-19765.507812	1.000000
0.000000	-256.061859	-999.230591	1.000000
0.000000	97.597015	-177.139206	1.000000
0.000000	-3806.557129	-12720.904297	1.000000
0.000000	38.442184	-141.167892	1.000000
0.000000	3145.981445	3174.616211	1.000000
0.000000	-59.578465	347.933868	1.000000
0.000000	799410.812500	-982912.687500	1.000000
0.000000	-197.046906	376.955200	1.000000
0.000000	-3458.734619	-2038.319702	1.000000
0.000000	12.286482	2715.824463	1.000000
0.000000	-184.836487	166.555527	1.000000
0.000000	19947.130859	10380.296875	1.000000
0.000000	-112.532608	617.468689	1.000000
0.000000	-3185.302246	-1854.428833	1.000000
0.000000	65041.746094	112484.601562	1.000000
0.000000	126.598206	88.255493	1.000000
0.000000	484892.843750	100632.578125	1.000000
0.000000	-105.243141	101.323494	1.000000
0.000000	79.896400	103.172203	1.000000
0.000000	287.212128	-71.178711	1.000000
0.000000	-100.689674	-83.798141	1.000000
0.000000	-52496.855469	-3182.798096	1.000000
0.000000	11297.083008	1216.510132	1.000000
0.000000	-129.236252	0.213965	1.000000
0.000000	-107.905739	1904.264648	1.000000
0.000000	-7863.539551	-92965.015625	1.000000
0.000000	-451.880035	1263.418213	1.000000
0.000000	80.216278	157.316940	1.000000
0.708733	142.965012	-20.365379	1.000000
0.000000	48.918037	147.280182	1.000000
0.000000	-42746.316406	-77841.132812	1.000000
0.000000	453.404144	-969.140747	1.000000
0.000000	-115.869316	158.991943	1.000000
0.000000	-0.187782	-364.854523	1.000000
0.000000	-441.348999	518.397339	1.000000
0.000000	257.175934	204.421906	1.000000
0.000000	170.229553	811.253052	1.000000
0.000000	-89.145691	-11.659717	1.000000
0.000000	84.533020	399.726471	1.000000
0.000000	-10802.069336	569.215759	1.000000
0.000000	28171368.000000	16549397.000000	1.000000
0.000000	172.786057	-490.103912	1.000000
0.000000	-32852.164062	266895.937500	1.000000
0.000000	-31.468428	10.287683	1.000000
0.000000	1317.736816	2784.053223	1.000000
0.000000	4736.736816	10632.750977	1.000000
0.000000	-48727.484375	-126250.796875	1.000000
0.000000	230.018524	-419.398285	1.000000
0.000000	1929694.125000	165104.984375	1.000000
0.000000	-180298.671875	-177937.812500	1.000000
0.000000	-70053.945312	13851.166992	1.000000
0.000000	146.269897	37.576378	1.000000
0.000000	-131047.562500	14770.154297	1.000000
0.000000	-892.793030	143.892090	1.000000
0.000000	-1200.737427	1157.424927	1.000000
0.000000	-1134.640869	974.925171	1.000000
0.000000	49212.917969	57367.312500	1.000000
0.000000	84033.070312	3803.292725	1.000000
0.000000	865.860657	-463.906128	1.000000
0.000000	-175.323822	-181.714798	1.000000
0.000000	-1589278.625000	-1200867.375000	1.000000
0.537592	-75.750946	87.840416	1.000000
0.000000	2590553.750000	19183.843750	1.000000
0.682762	66.770920	5.595349	1.000000
0.000000	-10329.718750	13027.666016	1.000000
0.000000	1826645.375000	135514.734375	1.000000
0.000000	-1588.194946	590.634277	1.000000
0.682762	70.998299	4.114888	1.000000
0.000000	180.391312	79.755768	1.000000
0.000000	612.345642	1085.202271	1.000000
0.000000	-10477.989258	7267.027832	1.000000
0.000000	-170.948380	120.063309	1.000000
0.000000	27325.892578	25688.410156	1.000000
0.000000	-76.209198	153.424606	1.000000
0.000000	263.731659	292.380646	1.000000
0.000000	155.158508	-9102.369141	1.000000
0.000000	-5396.028809	9769.375000	1.000000
0.000000	459023.718750	25736.332031	1.000000
0.000000	-822.135437	1028.407227	1.000000
0.000000	2010.861328	-5383.322754	1.000000
0.000000	3483.042480	-1883.001221	1.000000
0.000000	27.578960	-100.936951	1.000000
0.000000	47.079952	72.475960	1.000000
0.000000	1055.295166	-552.896362	1.000000
0.000000	1183.900269	11936.684570	1.000000
0.000000	18243.023438	-23744.958984	1.000000
0.000000	113.030716	-1.629134	1.000000
0.113324	-22.614058	-4.222159	1.000000
0.000000	1319.425049	1059.061279	1.000000
0.000000	203.141922	-40.347050	1.000000
0.000000	72.374817	-32.405579	1.000000
0.000000	-1634.181641	69.070320	1.000000
0.000000	75117.921875	-7431.010742	1.000000
0.000000	26.128689	201.408752	1.000000
0.000000	-419.029541	-720.712036	1.000000
0.000000	1191.931885	-9808.669922	1.000000
0.000000	140.349426	126.758301	1.000000
0.000000	77.289940	83.368843	1.000000
0.000000	-3959.043213	-4791.911621	1.000000
0.000000	305.979584	198.158981	1.000000
0.000000	-1859.648804	-2842.772705	1.000000
0.569242	-78.310562	84.863266	1.000000
0.000000	22210.734375	38877.226562	1.000000
0.075410	140.228729	-23.772364	1.000000
0.000000	672.998718	-553.447083	1.000000
0.000000	1069.407471	593.677673	1.000000
0.000000	-310.942291	422.138000	1.000000
0.000000	7.645017	-150.366821	1.000000
0.000000	9476.198242	5026.730957	1.000000
0.000000	-92778.203125	-330081.468750	1.000000
0.000000	7773.640137	16940.847656	1.000000
0.000000	73.012573	-23.072763	1.000000
0.000000	3329.526123	-1114.345581	1.000000
0.000000	-423480.187500	-81782.859375	1.000000
0.000000	-44105600.000000	-10494824.000000	1.000000
0.000000	5927.497070	-4773.954590	1.000000
0.000000	-207.211700	-41.259995	1.000000
0.000000	839.119141	-1797.565063	1.000000
0.000000	6019.879883	489.186157	1.000000
0.000000	-63.057522	-20.133553	1.000000
0.000000	-270.091370	1027.068237	1.000000
0.000000	-18813.298828	281.041870	1.000000
0.000000	-414.367859	-151.048508	1.000000
0.000000	269.828125	-136.269562	1.000000
0.000000	14348.824219	-11122.659180	1.000000
