0.000000	31650.511719	455669.062500	1.000000
0.000000	214929.031250	175042.359375	1.000000
0.000000	1153.936523	-12560.481445	1.000000
0.000000	-739.319763	651.885803	1.000000
0.000000	16905.646484	27615.179688	1.000000
0.000000	-13906.918945	803.880432	1.000000
0.000000	-878.502258	-2359.017334	1.000000
0.000000	-595002.437500	1523932.125000	1.000000
0.000000	3461.958252	-2389.672852	1.000000
0.000000	9292453.000000	3386659.750000	1.000000
0.000000	78697400.000000	19959642.000000	1.000000
0.000000	-67.668373	-128.615173	1.000000
0.000000	-193.066772	-93.018166	1.000000
0.000000	100.481270	-28.621464	1.000000
0.000000	-73337376.000000	-31090268.000000	1.000000
0.000000	547.746765	-4623.833496	1.000000
0.000000	324.192383	-199.588577	1.000000
0.000000	-6059.002441	7620.927734	1.000000
0.000000	-987.848328	431.874908	1.000000
0.000000	-229.617935	85.095451	1.000000
0.000000	875.607727	7799.401367	1.000000
0.000000	10052.871094	84937.179688	1.000000
0.000000	-6.068246	611.263306	1.000000
0.000000	74.352325	237.046814	1.000000
0.000000	-207252.515625	-53185.058594	1.000000
0.000000	200.699646	-75.712540	1.000000
0.000000	10391.969727	35595.011719	1.000000
0.000000	-3717.766846	11622.037109	1.000000
0.000000	221.755661	-76.127602	1.000000
0.000000	-61687.187500	-273296.843750	1.000000
0.000000	5300.437500	-9074.744141	1.000000
0.000000	4672.941406	853.758911	1.000000
0.000000	-67.199173	379.549591	1.000000
0.000000	-380.571594	-353.135956	1.000000
0.000000	-73.052933	100.336502	1.000000
0.000000	4668.290039	2692.334717	1.000000
0.000000	208.699921	11.260515	1.000000
0.000000	-5574.136230	-1370.287720	1.000000
0.000000	-246345.609375	-73532.187500	1.000000
0.000000	-46903.464844	-6031.115723	1.000000
0.000000	301.449249	-46.660011	1.000000
0.000000	415.820984	188.030151	1.000000
0.000000	2.412594	25.625942	1.000000
0.000000	9.642593	52.902153	1.000000
0.000000	21.006729	23.216446	1.000000
0.000000	-479.581024	-471.516998	1.000000
0.000000	-4257.049805	3476.992188	1.000000
0.000000	-705.181519	252.967850	1.000000
0.000000	-63.567062	-48.285755	1.000000
0.000000	-43.550053	-39.066174	1.000000
0.000000	6826.034668	6302.948242	1.000000
0.000000	-750.731018	1874.796753	1.000000
0.000000	149.928223	1526.028564	1.000000
0.000000	-3270.810791	-11827.243164	1.000000
0.000000	98.871346	-123.022705	1.000000
0.000000	-21.327843	-50.633106	1.000000
0.000000	-87.045685	125.313599	1.000000
0.000000	29405522.000000	-21550876.000000	1.000000
0.000000	-379.140442	1533.425903	1.000000
0.000000	641.392090	356.632782	1.000000
0.000000	1825.126343	26429.533203	1.000000
0.000000	3180.712402	-1447.702393	1.000000
0.000000	24.162498	-65.118073	1.000000
0.000000	43.044033	-177.572876	1.000000
0.000000	5520.694824	-2728.302734	1.000000
0.000000	400959.375000	-1051564.750000	1.000000
0.000000	40395.367188	142688.937500	1.000000
0.000000	899154304.000000	-490293056.000000	1.000000
0.000000	5258.614258	-14704.214844	1.000000
0.000000	-11819835.000000	-661582.562500	1.000000
0.000000	10500.026367	-15305.422852	1.000000
0.000000	45.587551	-148.477905	1.000000
0.000000	-103.340607	-622.883118	1.000000
0.000000	-726.363770	929.796143	1.000000
0.000000	424610.812500	2546.303955	1.000000
0.000000	-9126.376953	10691.754883	1.000000
0.000000	42.712254	593.071716	1.000000
0.000000	52.186062	-62.072803	1.000000
0.000000	3399.940918	-13063.186523	1.000000
0.000000	-935690816.000000	516809408.000000	1.000000
0.000000	1333545.500000	80032.703125	1.000000
0.000000	370455.562500	-121696.843750	1.000000
0.000000	282751.375000	227325.187500	1.000000
0.000000	25104.904297	-23242.996094	1.000000
0.000000	2203343.750000	933946.312500	1.000000
0.000000	-35.237354	29.836124	1.000000
0.000000	308.501190	18.231852	1.000000
0.000000	-3308.876221	-546.607666	1.000000
0.000000	-1644.342896	1492.798218	1.000000
0.000000	-6.339035	76.441994	1.000000
0.000000	70.514191	173.668915	1.000000
0.000000	-992.622192	1160.658569	1.000000
0.000000	719.348694	-64.451370	1.000000
0.000000	183.474075	-406.937347	1.000000
0.000000	-4355021.000000	2416277.250000	1.000000
0.000000	907.764038	497.406982	1.000000
0.000000	101.713928	-88020.171875	1.000000
0.000000	1711789.125000	-2028472.500000	1.000000
0.000000	769.278076	-1737.393066	1.000000
0.000000	-452.337036	-5171.870605	1.000000
0.000000	691415.187500	-227222.687500	1.000000
0.000000	12310197.000000	-6573529.500000	1.000000
0.000000	-21891.083984	-21282.296875	1.000000
0.000000	170457.671875	-24391.070312	1.000000
0.000000	124.668564	-18.579063	1.000000
0.000000	66.843124	32.658348	1.000000
0.000000	846.550842	-1730.687744	1.000000
0.000000	4.458269	-66.319908	1.000000
0.000000	21.730034	-50.717236	1.000000
0.000000	-815.663452	845.692932	1.000000
0.000000	16.340797	-3169.606689	1.000000
0.000000	-53629.234375	119833.890625	1.000000
0.000000	10.502882	29.576256	1.000000
0.000000	-124.363815	-33.151058	1.000000
0.000000	-358.947968	-1141.169312	1.000000
0.000000	-64816.160156	15669.496094	1.000000
0.000000	2364.165283	559.459045	1.000000
0.000000	55598.222656	149435.546875	1.000000
0.000000	-13006.782227	6676.791992	1.000000
0.000000	-41595.550781	-29924.199219	1.000000
0.000000	-8650.711914	13677.037109	1.000000
0.000000	91.712624	239.252716	1.000000
0.647235	-134.037277	8.763413	1.000000
0.000000	1381.659424	3344.427490	1.000000
0.000000	399.612091	-352.153351	1.000000
0.000000	2078.237061	305.317108	1.000000
0.000000	519.397217	-299.816650	1.000000
0.000000	14042.824219	-14003.039062	1.000000
0.000000	-94.189682	-8.693642	1.000000
0.000000	-1074.962158	1747.923218	1.000000
0.000000	57.610935	86.283371	1.000000
0.000000	-13577.124023	-2929.551514	1.000000
0.000000	-28511.566406	-61322.375000	1.000000
0.000000	1565.649170	7848.795898	1.000000
0.000000	-2679.290527	2040.780762	1.000000
0.000000	-131.131500	-50.906639	1.000000
0.000000	229.012466	393.251465	1.000000
0.000000	-3979.298096	-16227.204102	1.000000
0.000000	526.514099	-96.823219	1.000000
0.000000	-8533.285156	12913.074219	1.000000
0.000000	-971.101562	-2940.138184	1.000000
0.000000	969.631042	322.319794	1.000000
0.000000	42.316254	-200.646973	1.000000
0.000000	-5894.291504	-20550.396484	1.000000
0.000000	-11.316362	-71.652054	1.000000
0.000000	22583.535156	-24351.939453	1.000000
0.647235	-130.346054	10.252261	1.000000
0.000000	-3300464.250000	1376390.750000	1.000000
0.000000	-17900.607422	-1024.963989	1.000000
0.000000	48.372276	349.061462	1.000000
0.029559	74.445198	-105.396164	1.000000
0.000000	6602.960449	2943.619141	1.000000
0.000000	-26371.787109	-23444.207031	1.000000
0.000000	-586712.625000	317303.593750	1.000000
0.000000	-108536.234375	249323.703125	1.000000
0.000000	38283.539062	-56191.003906	1.000000
0.000000	435.730682	-1528.047974	1.000000
0.000000	-0.775409	-54.918312	1.000000
0.000000	-161.980133	-672.257324	1.000000
0.000000	-318.244019	435.712250	1.000000
0.000000	4112436.000000	2116301.500000	1.000000
0.000000	-78.727539	160.785294	1.000000
0.000000	-45176.097656	75721.843750	1.000000
0.000000	474.986328	1583.245117	1.000000
0.000000	4585.398926	12628.557617	1.000000
0.000000	644.472595	1861.703125	1.000000
0.000000	-43918.925781	2179.770264	1.000000
0.000000	245965.328125	-842228.687500	1.000000
0.000000	4.714422	-32.680084	1.000000
0.000000	194.525177	-147.888474	1.000000
0.000000	-33081.277344	-139767.015625	1.000000
0.000000	-14252.598633	-13804.062500	1.000000
0.000000	-127.029587	-69.243080	1.000000
0.000000	-323278.906250	730136.875000	1.000000
0.000000	-31581.410156	-19801.054688	1.000000
0.000000	-192.786697	-969.323364	1.000000
0.029559	78.347656	-109.241638	1.000000
0.000000	-3873.549316	-12700.396484	1.000000
0.000000	18.197880	-74.154343	1.000000
0.000000	3125.131836	3241.266602	1.000000
0.000000	-92.762001	409.526031	1.000000
0.000000	799498.312500	-982912.687500	1.000000
0.000000	-128.025299	365.291382	1.000000
0.000000	-3525.726807	-2018.495483	1.000000
0.000000	26.997099	2647.465088	1.000000
0.000000	-135.446838	116.933273	1.000000
0.000000	19982.677734	10320.140625	1.000000
0.000000	-181.530457	629.260681	1.000000
0.000000	-3118.651855	-1832.553833	1.000000
0.000000	65019.871094	112418.976562	1.000000
0.392052	75.775635	38.747261	1.000000
0.000000	484892.843750	100566.953125	1.000000
0.000000	-54.614483	52.981815	1.000000
0.392052	79.985283	35.403507	1.000000
0.000000	275.206512	-140.136230	1.000000
0.000000	-30.894188	-79.393837	1.000000
0.000000	-52524.199219	-3246.372314	1.000000
0.000000	11260.168945	1157.037476	1.000000
0.000000	-148.270065	67.579697	1.000000
0.000000	-148.777084	1961.173828	1.000000
0.000000	-7860.121582	-92899.390625	1.000000
0.000000	-409.967194	1319.472900	1.000000
0.000000	126.465668	104.765678	1.000000
0.000000	75.136803	-1.538325	1.000000
0.000000	45.083504	77.382721	1.000000
0.000000	-42691.628906	-77884.882812	1.000000
0.000000	508.134369	-925.476196	1.000000
0.000000	-152.309845	99.220215	1.000000
0.000000	31.134838	-427.446075	1.000000
0.000000	-434.940308	448.670776	1.000000
0.000000	208.256271	254.495148	1.000000
0.000000	153.588318	743.235474	1.000000
0.000000	-58.532055	-70.795792	1.000000
0.000000	28.206491	357.431030	1.000000
0.000000	-10732.342773	574.342712	1.000000
0.000000	28171368.000000	16549397.000000	1.000000
0.000000	125.596176	-438.407135	1.000000
0.000000	-32879.507812	266939.687500	1.000000
0.000000	35.451416	14.820766	1.000000
0.000000	1259.460449	2822.676270	1.000000
0.000000	4805.096191	10616.344727	1.000000
0.000000	-48798.578125	-126250.796875	1.000000
0.000000	291.465546	-385.902191	1.000000
0.000000	1929694.125000	165061.234375	1.000000
0.000000	-180364.296875	-177937.812500	1.000000
0.000000	-69999.257812	13890.815430	1.000000
0.000000	104.186150	93.511047	1.000000
0.000000	-131025.687500	14703.162109	1.000000
0.000000	-830.329651	112.233162	1.000000
0.000000	-1156.816528	1211.941528	1.000000
0.000000	-1116.525635	907.334839	1.000000
0.000000	49196.511719	57301.687500	1.000000
0.000000	84087.757812	3845.333740	1.000000
0.000000	799.124817	-485.182983	1.000000
0.000000	-113.095428	-149.649979	1.000000
0.000000	-1589278.625000	-1200867.375000	1.000000
0.000000	-9.960610	64.087135	1.000000
0.000000	2590553.750000	19120.953125	1.000000
0.000000	42.243599	66.523659	1.000000
0.000000	-10288.703125	12970.244141	1.000000
0.000000	1826645.375000	135558.484375	1.000000
0.000000	-1596.227173	521.078613	1.000000
0.000000	2.974385	-6.793730	1.000000
0.000000	122.158745	118.613800	1.000000
0.000000	668.229431	1127.414185	1.000000
0.000000	-10430.137695	7215.758301	1.000000
0.000000	-102.332664	106.209854	1.000000
0.000000	27323.158203	25617.316406	1.000000
0.000000	-127.307831	105.578056	1.000000
0.000000	260.570038	222.450714	1.000000
0.000000	223.261536	-9118.775391	1.000000
0.000000	-5326.302246	9768.007812	1.000000
0.000000	458979.968750	25788.285156	1.000000
0.000000	-756.510437	1004.139648	1.000000
0.000000	1954.635742	-5425.021973	1.000000
0.000000	3481.675293	-1812.932861	1.000000
0.000000	-10.710073	-159.533752	1.000000
0.000000	-12.766754	35.730888	1.000000
0.000000	1085.373291	-489.734344	1.000000
0.000000	1175.868042	12006.411133	1.000000
0.000000	18311.382812	-23731.287109	1.000000
0.000000	43.217117	3.459428	1.000000
0.000000	-22.626436	64.932297	1.000000
0.000000	1377.530518	1020.087891	1.000000
0.000000	133.159012	-38.557957	1.000000
0.000000	61.150280	-101.501953	1.000000
0.000000	-1700.832031	47.722771	1.000000
0.000000	75052.296875	-7438.530273	1.000000
0.000000	7.492748	133.925232	1.000000
0.000000	-489.012451	-720.712036	1.000000
0.000000	1196.375244	-9878.396484	1.000000
0.000000	98.023140	71.002686	1.000000
0.000000	23.898867	38.099064	1.000000
0.000000	-3991.172119	-4854.118652	1.000000
0.000000	236.930725	186.751511	1.000000
0.000000	-1803.423218	-2801.073486	1.000000
0.000000	-107.636658	21.499432	1.000000
0.000000	22199.796875	38806.132812	1.000000
0.000000	71.147743	-22.244572	1.000000
0.000000	603.015808	-554.643372	1.000000
0.000000	1008.909424	558.472595	1.000000
0.000000	-308.037018	352.197815	1.000000
0.000000	-36.509125	-96.048759	1.000000
0.000000	9440.651367	5086.887207	1.000000
0.000000	-92811.015625	-330037.718750	1.000000
0.000000	7703.913574	16938.113281	1.000000
0.000000	27.852415	30.410240	1.000000
0.000000	3306.625732	-1180.483276	1.000000
0.000000	-423523.937500	-81728.171875	1.000000
0.000000	-44105600.000000	-10494824.000000	1.000000
0.000000	5896.051758	-4836.161621	1.000000
0.000000	-180.636993	-106.019821	1.000000
0.000000	777.766602	-1831.232056	1.000000
0.000000	6074.567383	532.679810	1.000000
0.000000	1.925246	5.892877	1.000000
0.000000	-200.176849	1030.486206	1.000000
0.000000	-18824.236328	350.170288	1.000000
0.000000	-344.384949	-149.104538	1.000000
0.000000	261.838623	-66.725845	1.000000
0.000000	14284.566406	-11150.002930	1.000000
