0.000000	31530.980469	455781.562500	1.000000
0.000000	214985.281250	175211.109375	1.000000
0.000000	1180.743164	-12739.778320	1.000000
0.000000	-559.363708	649.249084	1.000000
0.000000	16891.583984	27432.367188	1.000000
0.000000	-13731.137695	763.231018	1.000000
0.000000	-717.003235	-2438.118896	1.000000
0.000000	-595227.437500	1523932.125000	1.000000
0.000000	3554.243408	-2234.985352	1.000000
0.000000	9292453.000000	3386659.750000	1.000000
0.000000	78697400.000000	19959642.000000	1.000000
0.000000	-241.371765	-175.746521	1.000000
0.000000	-278.280090	65.531479	1.000000
0.000000	93.862007	-208.507553	1.000000
0.000000	-73337376.000000	-31090268.000000	1.000000
0.000000	704.411804	-4535.942871	1.000000
0.000000	366.379883	-374.583069	1.000000
0.000000	-6152.166504	7775.615234	1.000000
0.000000	-987.408875	251.917603	1.000000
0.000000	-291.384552	254.175034	1.000000
0.000000	914.279602	7975.182617	1.000000
0.000000	10214.589844	85021.554688	1.000000
0.000000	-40.889889	787.923462	1.000000
0.000000	204.956543	117.646561	1.000000
0.000000	-207140.015625	-53311.621094	1.000000
0.000000	380.123322	-61.622574	1.000000
0.000000	10388.454102	35412.199219	1.000000
0.000000	-3894.427002	11586.880859	1.000000
0.000000	379.079895	-163.578766	1.000000
0.000000	-61504.375000	-273296.843750	1.000000
0.000000	5193.210938	-8930.603516	1.000000
0.000000	4846.964844	898.143677	1.000000
0.000000	-233.244263	449.142426	1.000000
0.000000	-512.297424	-230.430130	1.000000
0.000000	-213.732864	-11.952392	1.000000
0.000000	4831.766602	2767.041748	1.000000
0.000000	41.307579	-54.884026	1.000000
0.000000	-5713.003418	-1484.106079	1.000000
0.000000	-246289.359375	-73700.937500	1.000000
0.000000	-46762.839844	-6140.100098	1.000000
0.000000	440.206573	67.951965	1.000000
0.000000	519.853210	41.128841	1.000000
0.000000	-1.536883	203.464554	1.000000
0.000000	-65.938515	-106.748672	1.000000
0.000000	43.491703	200.809418	1.000000
0.000000	-547.476501	-304.854401	1.000000
0.000000	-4109.393555	3374.160156	1.000000
0.000000	-807.354370	401.173431	1.000000
0.000000	-104.544357	-223.300293	1.000000
0.000000	-220.540222	-73.970924	1.000000
0.000000	7005.331543	6283.612305	1.000000
0.000000	-848.948792	1724.064331	1.000000
0.000000	47.623924	1377.932861	1.000000
0.000000	-3375.400635	-11679.586914	1.000000
0.000000	265.099304	-53.999107	1.000000
0.000000	-17.471197	-228.889038	1.000000
0.000000	92.847618	119.078857	1.000000
0.000000	29405522.000000	-21550876.000000	1.000000
0.000000	-524.159973	1639.773560	1.000000
0.000000	522.959473	492.094208	1.000000
0.000000	1732.401733	26274.845703	1.000000
0.000000	3249.267090	-1614.255127	1.000000
0.000000	-69.953911	-219.890717	1.000000
0.000000	140.163177	-329.102753	1.000000
0.000000	5409.952637	-2869.806641	1.000000
0.000000	401071.875000	-1051564.750000	1.000000
0.000000	40240.679688	142576.437500	1.000000
0.000000	899154304.000000	-490293056.000000	1.000000
0.000000	5142.598633	-14841.324219	1.000000
0.000000	-11819835.000000	-661357.562500	1.000000
0.000000	10591.432617	-15150.735352	1.000000
0.000000	-7.586683	-320.448273	1.000000
0.000000	-239.186554	-740.876282	1.000000
0.000000	-546.407715	923.643799	1.000000
0.000000	424385.812500	2501.479736	1.000000
0.000000	-9302.158203	10649.567383	1.000000
0.000000	-132.006836	549.785583	1.000000
0.000000	36.420681	-241.369827	1.000000
0.000000	3417.519043	-13242.483398	1.000000
0.000000	-935690816.000000	516809408.000000	1.000000
0.000000	1333545.500000	80201.453125	1.000000
0.000000	370680.562500	-121724.968750	1.000000
0.000000	282526.375000	227381.437500	1.000000
0.000000	24943.185547	-23158.621094	1.000000
0.000000	2203343.750000	933721.312500	1.000000
0.000000	-127.171196	179.655212	1.000000
0.000000	134.326004	-23.514816	1.000000
0.000000	-3196.376221	-405.982666	1.000000
0.000000	-1665.436646	1671.655640	1.000000
0.000000	76.660347	236.174332	1.000000
0.000000	24.272400	-0.294832	1.000000
0.000000	-1166.206177	1113.197632	1.000000
0.000000	871.399475	-160.838287	1.000000
0.000000	223.519241	-231.478012	1.000000
0.000000	-4355021.000000	2416277.250000	1.000000
0.000000	1063.494385	587.696838	1.000000
0.000000	-74.444351	-88048.296875	1.000000
0.000000	1711789.125000	-2028472.500000	1.000000
0.000000	802.896240	-1560.732910	1.000000
0.000000	-304.351196	-5273.823730	1.000000
0.000000	691415.187500	-227391.437500	1.000000
0.000000	12310197.000000	-6573529.500000	1.000000
0.000000	-21933.271484	-21458.078125	1.000000
0.000000	170626.421875	-24496.539062	1.000000
0.000000	47.452724	141.494812	1.000000
0.000000	239.428116	-18.397669	1.000000
0.000000	672.307678	-1775.511963	1.000000
0.000000	-113.970222	-201.884323	1.000000
0.000000	87.237091	-218.368607	1.000000
0.000000	-867.299194	1018.178284	1.000000
0.000000	-158.172012	-3125.661377	1.000000
0.000000	-53812.046875	119833.890625	1.000000
0.000000	74.027946	198.950668	1.000000
0.000000	-298.536896	12.485774	1.000000
0.000000	-185.825714	-1091.950562	1.000000
0.000000	-64661.472656	15571.058594	1.000000
0.000000	2417.778564	731.285217	1.000000
0.000000	55738.847656	149548.046875	1.000000
0.000000	-13179.047852	6620.541992	1.000000
0.000000	-41736.175781	-29818.730469	1.000000
0.000000	-8503.055664	13778.990234	1.000000
0.000000	254.316406	316.388672	1.000000
0.000000	-267.003418	130.516647	1.000000
0.000000	1511.298096	3219.622803	1.000000
0.000000	573.415771	-399.064972	1.000000
0.000000	1962.546387	167.364136	1.000000
0.000000	554.553467	-476.366943	1.000000
0.000000	14004.152344	-14178.820312	1.000000
0.000000	-247.674728	-102.702766	1.000000
0.000000	-1143.077393	1581.370483	1.000000
0.000000	186.260834	212.186691	1.000000
0.000000	-13401.342773	-2969.102295	1.000000
0.000000	-28624.066406	-61463.000000	1.000000
0.000000	1664.086670	7999.967773	1.000000
0.000000	-2569.427246	1898.397949	1.000000
0.000000	33.574409	-123.526268	1.000000
0.000000	109.971436	258.229492	1.000000
0.000000	-3865.040283	-16086.579102	1.000000
0.000000	699.438904	-46.588234	1.000000
0.000000	-8712.582031	12927.136719	1.000000
0.000000	-916.829102	-3111.524902	1.000000
0.000000	950.075378	501.287079	1.000000
0.000000	218.209061	-238.824463	1.000000
0.000000	-5716.752441	-20522.271484	1.000000
0.000000	-1.847521	-251.396988	1.000000
0.000000	22534.316406	-24527.720703	1.000000
0.000000	-251.278793	-122.658913	1.000000
0.000000	-3300464.250000	1376390.750000	1.000000
0.000000	-17963.888672	-1192.835083	1.000000
0.000000	-27.278002	511.509766	1.000000
0.000000	134.118866	-274.590240	1.000000
0.000000	6660.968262	2773.111328	1.000000
0.000000	-26203.037109	-23387.957031	1.000000
0.000000	-586712.625000	317416.093750	1.000000
0.000000	-108536.234375	249154.953125	1.000000
0.000000	38100.726562	-56191.003906	1.000000
0.000000	552.185791	-1665.157349	1.000000
0.000000	85.694710	102.954521	1.000000
0.000000	-203.123932	-497.125916	1.000000
0.000000	-367.352905	608.856812	1.000000
0.000000	4112436.000000	2116301.500000	1.000000
0.000000	95.002090	196.207230	1.000000
0.000000	-45246.410156	75890.593750	1.000000
0.000000	637.339172	1661.028320	1.000000
0.000000	4759.422363	12582.854492	1.000000
0.000000	626.674744	1682.406250	1.000000
0.000000	-44045.488281	2311.606201	1.000000
0.000000	245796.578125	-842228.687500	1.000000
0.000000	-158.120697	-109.392120	1.000000
0.000000	369.630219	-135.941132	1.000000
0.000000	-33010.964844	-139935.765625	1.000000
0.000000	-14312.364258	-13635.312500	1.000000
0.000000	-306.805176	-78.361732	1.000000
0.000000	-323503.906250	730136.875000	1.000000
0.000000	-31426.722656	-19709.648438	1.000000
0.000000	-355.494232	-1046.227661	1.000000
0.000000	127.322662	-283.041901	1.000000
0.000000	-3701.283691	-12753.130859	1.000000
0.000000	70.255875	-246.474899	1.000000
0.000000	3178.745117	3069.879883	1.000000
0.000000	-7.519175	251.051041	1.000000
0.000000	799273.312500	-982912.687500	1.000000
0.000000	-305.524750	395.284058	1.000000
0.000000	-3353.461182	-2069.471924	1.000000
0.000000	-10.830063	2823.246338	1.000000
0.000000	-262.448792	244.537094	1.000000
0.000000	19891.271484	10474.828125	1.000000
0.000000	-4.115992	598.938416	1.000000
0.000000	-3290.038574	-1888.803833	1.000000
0.000000	65076.121094	112587.726562	1.000000
0.000000	209.594452	160.116791	1.000000
0.000000	484892.843750	100735.703125	1.000000
0.000000	-184.802460	177.290894	1.000000
0.000000	81.224083	213.293243	1.000000
0.000000	306.078094	37.190479	1.000000
0.000000	-210.461411	-90.797348	1.000000
0.000000	-52453.886719	-3082.895752	1.000000
0.000000	11355.090820	1309.967163	1.000000
0.000000	-99.342072	-105.646629	1.000000
0.000000	-43.670815	1814.835938	1.000000
0.000000	-7868.910645	-93068.140625	1.000000
0.000000	-517.748901	1175.332275	1.000000
0.000000	10.873138	238.865112	1.000000
0.000000	249.835983	-51.904640	1.000000
0.000000	51.616039	258.150330	1.000000
0.000000	-42832.253906	-77772.382812	1.000000
0.000000	367.399506	-1037.783447	1.000000
0.000000	-58.616814	252.918945	1.000000
0.000000	-49.408958	-266.496368	1.000000
0.000000	-451.419800	627.967651	1.000000
0.000000	334.049713	125.735382	1.000000
0.000000	196.380066	918.137817	1.000000
0.000000	-140.620148	85.555779	1.000000
0.000000	173.130737	464.918121	1.000000
0.000000	-10911.639648	561.159119	1.000000
0.000000	28171368.000000	16549397.000000	1.000000
0.000000	246.940720	-571.341675	1.000000
0.000000	-32809.195312	266827.187500	1.000000
0.000000	-141.429321	7.493036	1.000000
0.000000	1409.313965	2723.359863	1.000000
0.000000	4629.314941	10658.532227	1.000000
0.000000	-48615.765625	-126250.796875	1.000000
0.000000	133.439545	-472.035004	1.000000
0.000000	1929694.125000	165173.734375	1.000000
0.000000	-180195.546875	-177937.812500	1.000000
0.000000	-70139.882812	13788.862305	1.000000
0.000000	210.293289	-46.703903	1.000000
0.000000	-131081.937500	14875.427734	1.000000
0.000000	-990.949768	193.641846	1.000000
0.000000	-1269.755981	1071.755981	1.000000
0.000000	-1163.107666	1081.210815	1.000000
0.000000	49238.699219	57470.437500	1.000000
0.000000	83947.132812	3737.228271	1.000000
0.000000	970.731262	-430.471069	1.000000
0.000000	-273.105438	-232.102371	1.000000
0.000000	-1589278.625000	-1200867.375000	1.000000
0.000000	-181.683853	119.016830	1.000000
0.000000	2590553.750000	19282.671875	1.000000
0.000000	103.223190	-96.284012	1.000000
0.000000	-10394.171875	13117.900391	1.000000
0.000000	1826645.375000	135445.984375	1.000000
0.000000	-1575.572876	699.936035	1.000000
0.000000	178.317902	28.647564	1.000000
0.000000	271.901306	18.693146	1.000000
0.000000	524.528259	1018.879700	1.000000
0.000000	-10553.184570	7347.594238	1.000000
0.000000	-278.773071	141.843689	1.000000
0.000000	27330.189453	25800.128906	1.000000
0.000000	4.087174	228.619919	1.000000
0.000000	268.699921	402.286652	1.000000
0.000000	48.150749	-9076.587891	1.000000
0.000000	-5505.599121	9771.523438	1.000000
0.000000	459092.468750	25654.691406	1.000000
0.000000	-925.260437	1066.541992	1.000000
0.000000	2099.371582	-5317.795410	1.000000
0.000000	3485.190918	-1993.108643	1.000000
0.000000	87.747223	-8.852291	1.000000
0.000000	141.155670	129.493042	1.000000
0.000000	1007.984131	-652.127319	1.000000
0.000000	1196.522339	11827.114258	1.000000
0.000000	18135.601562	-23766.443359	1.000000
0.000000	222.735306	-9.625086	1.000000
0.000000	-18.763615	-111.385681	1.000000
0.000000	1228.116455	1120.291748	1.000000
0.000000	313.115051	-43.158482	1.000000
0.000000	91.078499	74.533928	1.000000
0.000000	-1529.445312	102.622871	1.000000
0.000000	75221.046875	-7419.194336	1.000000
0.000000	55.417091	307.437988	1.000000
0.000000	-309.056396	-720.712036	1.000000
0.000000	1184.949463	-9699.099609	1.000000
0.000000	206.850281	214.374268	1.000000
0.000000	161.189850	154.502274	1.000000
0.000000	-3908.554932	-4694.157715	1.000000
0.000000	414.475677	216.085007	1.000000
0.000000	-1948.003296	-2908.300049	1.000000
0.000000	-36.600319	180.314896	1.000000
0.000000	22227.921875	38988.945312	1.000000
0.000000	248.502686	-24.231485	1.000000
0.000000	782.971863	-551.567200	1.000000
0.000000	1164.475830	648.999939	1.000000
0.000000	-315.507721	532.031738	1.000000
0.000000	77.031609	-235.733643	1.000000
0.000000	9532.057617	4932.199707	1.000000
0.000000	-92726.640625	-330150.218750	1.000000
0.000000	7883.210449	16945.144531	1.000000
0.000000	144.581543	-106.728500	1.000000
0.000000	3365.512451	-1010.397339	1.000000
0.000000	-423411.437500	-81868.796875	1.000000
0.000000	-44105600.000000	-10494824.000000	1.000000
0.000000	5976.911133	-4676.200684	1.000000
0.000000	-248.931732	60.469051	1.000000
0.000000	935.530273	-1744.659790	1.000000
0.000000	5933.942383	420.838989	1.000000
0.000000	-165.175430	-61.030613	1.000000
0.000000	-379.930237	1021.697144	1.000000
0.000000	-18796.111328	172.437332	1.000000
0.000000	-524.341003	-154.103317	1.000000
0.000000	286.769440	-243.591187	1.000000
0.000000	14449.800781	-11079.690430	1.000000
