0.000000	31468.890625	455840.000000	1.000000
0.000000	215014.500000	175298.765625	1.000000
0.000000	1194.667725	-12832.913086	1.000000
0.000000	-465.886536	647.879456	1.000000
0.000000	16884.279297	27337.406250	1.000000
0.000000	-13639.829102	742.115906	1.000000
0.000000	-633.113464	-2479.207764	1.000000
0.000000	-595344.312500	1523932.125000	1.000000
0.000000	3602.180420	-2154.633789	1.000000
0.000000	9292453.000000	3386659.750000	1.000000
0.000000	78697400.000000	19959642.000000	1.000000
0.000000	-331.596069	-200.228638	1.000000
0.000000	-322.564758	147.891235	1.000000
0.000000	90.423668	-301.942169	1.000000
0.000000	-73337376.000000	-31090268.000000	1.000000
0.000000	785.790588	-4490.288574	1.000000
0.000000	388.293945	-465.492188	1.000000
0.000000	-6200.560059	7855.966797	1.000000
0.000000	-987.180603	158.411896	1.000000
0.000000	-323.456696	342.002472	1.000000
0.000000	934.367493	8066.491211	1.000000
0.000000	10298.593750	85065.382812	1.000000
0.000000	-58.980404	879.688599	1.000000
0.000000	273.780396	54.358292	1.000000
0.000000	-207081.578125	-53377.363281	1.000000
0.000000	473.315155	-54.303619	1.000000
0.000000	10386.627930	35317.238281	1.000000
0.000000	-3986.192139	11568.619141	1.000000
0.000000	460.801086	-209.004791	1.000000
0.000000	-61409.414062	-273296.843750	1.000000
0.000000	5137.512695	-8855.730469	1.000000
0.000000	4937.360352	921.199097	1.000000
0.000000	-319.473816	485.323456	1.000000
0.000000	-580.664734	-166.713852	1.000000
0.000000	-286.796234	-70.281998	1.000000
0.000000	4916.683594	2805.847900	1.000000
0.000000	-45.648933	-89.253151	1.000000
0.000000	-5785.137207	-1543.228394	1.000000
0.000000	-246260.140625	-73788.593750	1.000000
0.000000	-46689.792969	-6196.711426	1.000000
0.000000	512.283508	127.488022	1.000000
0.000000	573.839417	-35.178646	1.000000
0.000000	-2.376405	296.957764	1.000000
0.000000	-107.008049	-188.909531	1.000000
0.000000	55.112148	293.584808	1.000000
0.000000	-582.744446	-218.270004	1.000000
0.000000	-4032.694336	3320.744629	1.000000
0.000000	-860.427490	478.157990	1.000000
0.000000	-125.117325	-314.494751	1.000000
0.000000	-312.031067	-93.202797	1.000000
0.000000	7098.466309	6273.568359	1.000000
0.000000	-899.967468	1645.767212	1.000000
0.000000	-5.518511	1301.005371	1.000000
0.000000	-3429.729248	-11602.887695	1.000000
0.000000	353.233093	-22.902138	1.000000
0.000000	-15.159948	-322.366211	1.000000
0.000000	186.296249	115.840256	1.000000
0.000000	29405522.000000	-21550876.000000	1.000000
0.000000	-599.489563	1695.015259	1.000000
0.000000	461.393402	562.499817	1.000000
0.000000	1684.236450	26194.494141	1.000000
0.000000	3284.877441	-1700.770020	1.000000
0.000000	-119.146416	-299.399231	1.000000
0.000000	190.611176	-407.799347	1.000000
0.000000	5352.428223	-2943.310059	1.000000
0.000000	401130.312500	-1051564.750000	1.000000
0.000000	40160.328125	142518.000000	1.000000
0.000000	899154304.000000	-490293056.000000	1.000000
0.000000	5082.334961	-14912.544922	1.000000
0.000000	-11819835.000000	-661240.687500	1.000000
0.000000	10638.913086	-15070.383789	1.000000
0.000000	-35.207546	-409.759491	1.000000
0.000000	-309.772705	-802.167175	1.000000
0.000000	-452.966614	920.447998	1.000000
0.000000	424268.937500	2478.196045	1.000000
0.000000	-9393.466797	10627.653320	1.000000
0.000000	-222.773285	527.300842	1.000000
0.000000	28.231441	-334.504608	1.000000
0.000000	3426.649902	-13335.618164	1.000000
0.000000	-935690816.000000	516809408.000000	1.000000
0.000000	1333545.500000	80289.109375	1.000000
0.000000	370797.437500	-121739.578125	1.000000
0.000000	282409.500000	227410.656250	1.000000
0.000000	24859.181641	-23114.792969	1.000000
0.000000	2203343.750000	933604.437500	1.000000
0.000000	-176.420761	259.123352	1.000000
0.000000	43.074478	-43.903797	1.000000
0.000000	-3137.938721	-332.935791	1.000000
0.000000	-1676.393677	1764.562134	1.000000
0.000000	119.775124	319.151001	1.000000
0.000000	0.250406	-90.657082	1.000000
0.000000	-1256.373413	1088.544312	1.000000
0.000000	950.381409	-210.915344	1.000000
0.000000	244.320480	-140.312088	1.000000
0.000000	-4355021.000000	2416277.250000	1.000000
0.000000	1144.302490	634.606628	1.000000
0.000000	-165.952682	-88062.906250	1.000000
0.000000	1711789.125000	-2028472.500000	1.000000
0.000000	820.359009	-1468.967773	1.000000
0.000000	-227.480774	-5326.782715	1.000000
0.000000	691415.187500	-227479.093750	1.000000
0.000000	12310197.000000	-6573529.500000	1.000000
0.000000	-21955.185547	-21549.386719	1.000000
0.000000	170714.078125	-24551.324219	1.000000
0.000000	6.931048	222.088181	1.000000
0.000000	328.905243	-45.585159	1.000000
0.000000	581.798035	-1798.795654	1.000000
0.000000	-175.489380	-272.306061	1.000000
0.000000	121.263809	-305.454193	1.000000
0.000000	-894.121094	1107.668091	1.000000
0.000000	-248.824326	-3102.834229	1.000000
0.000000	-53907.007812	119833.890625	1.000000
0.000000	102.831329	283.443359	1.000000
0.000000	-388.989471	36.171879	1.000000
0.000000	-95.910187	-1066.384155	1.000000
0.000000	-64581.121094	15519.925781	1.000000
0.000000	2445.627686	820.539368	1.000000
0.000000	55811.894531	149606.484375	1.000000
0.000000	-13268.530273	6591.323242	1.000000
0.000000	-41809.222656	-29763.945312	1.000000
0.000000	-8426.356445	13831.949219	1.000000
0.000000	338.776855	356.450317	1.000000
0.000000	-335.884338	193.776382	1.000000
0.000000	1578.638184	3154.793701	1.000000
0.000000	663.697144	-423.432953	1.000000
0.000000	1902.510986	95.708992	1.000000
0.000000	572.815186	-568.040100	1.000000
0.000000	13984.064453	-14270.128906	1.000000
0.000000	-327.398560	-151.531723	1.000000
0.000000	-1178.459473	1494.855591	1.000000
0.000000	253.087311	277.586456	1.000000
0.000000	-13310.034180	-2989.646729	1.000000
0.000000	-28682.503906	-61536.046875	1.000000
0.000000	1715.219482	8078.493164	1.000000
0.000000	-2512.359375	1824.437988	1.000000
0.000000	119.130875	-161.248123	1.000000
0.000000	52.377365	191.067535	1.000000
0.000000	-3805.689697	-16013.532227	1.000000
0.000000	789.263733	-20.495523	1.000000
0.000000	-8805.716797	12934.441406	1.000000
0.000000	-888.637573	-3200.550781	1.000000
0.000000	939.917297	594.200134	1.000000
0.000000	309.574738	-258.659363	1.000000
0.000000	-5624.530762	-20507.662109	1.000000
0.000000	3.071005	-344.760040	1.000000
0.000000	22508.750000	-24619.029297	1.000000
0.000000	-314.336639	-191.711044	1.000000
0.000000	-3300464.250000	1376390.750000	1.000000
0.000000	-17996.759766	-1280.034790	1.000000
0.000000	-66.604424	596.312622	1.000000
0.000000	165.277924	-362.760101	1.000000
0.000000	6691.100098	2684.541992	1.000000
0.000000	-26115.380859	-23358.738281	1.000000
0.000000	-586712.625000	317474.531250	1.000000
0.000000	-108536.234375	249067.296875	1.000000
0.000000	38005.765625	-56191.003906	1.000000
0.000000	612.677734	-1736.378052	1.000000
0.000000	130.607132	184.961044	1.000000
0.000000	-224.495850	-406.102661	1.000000
0.000000	-392.862244	698.795776	1.000000
0.000000	4112436.000000	2116301.500000	1.000000
0.000000	186.653091	214.668686	1.000000
0.000000	-45282.933594	75978.250000	1.000000
0.000000	721.685486	1701.432373	1.000000
0.000000	4849.817871	12559.114258	1.000000
0.000000	617.429749	1589.271484	1.000000
0.000000	-44111.230469	2380.087646	1.000000
0.000000	245708.921875	-842228.687500	1.000000
0.000000	-242.695282	-149.232162	1.000000
0.000000	462.879120	-128.722046	1.000000
0.000000	-32974.441406	-140023.421875	1.000000
0.000000	-14343.409180	-13547.656250	1.000000
0.000000	-400.168213	-83.098366	1.000000
0.000000	-323620.781250	730136.875000	1.000000
0.000000	-31346.371094	-19662.167969	1.000000
0.000000	-440.011749	-1086.175171	1.000000
0.000000	152.575577	-373.037933	1.000000
0.000000	-3611.801270	-12780.523438	1.000000
0.000000	97.291779	-335.960358	1.000000
0.000000	3206.594238	2980.854004	1.000000
0.000000	37.015976	172.484238	1.000000
0.000000	799156.437500	-982912.687500	1.000000
0.000000	-397.746429	410.863586	1.000000
0.000000	-3263.978760	-2095.951416	1.000000
0.000000	-30.479244	2914.554932	1.000000
0.000000	-328.419250	310.797821	1.000000
0.000000	19843.791016	10555.179688	1.000000
0.000000	88.039352	583.187683	1.000000
0.000000	-3379.064453	-1918.022583	1.000000
0.000000	65105.339844	112675.382812	1.000000
0.000000	278.532440	223.262390	1.000000
0.000000	484892.843750	100823.359375	1.000000
0.000000	-252.427887	241.863190	1.000000
0.000000	80.039925	306.783447	1.000000
0.000000	322.114166	129.300110	1.000000
0.000000	-303.767395	-96.746674	1.000000
0.000000	-52417.363281	-2997.978760	1.000000
0.000000	11404.397461	1389.405640	1.000000
0.000000	-74.991936	-196.926117	1.000000
0.000000	10.926131	1738.821533	1.000000
0.000000	-7873.476074	-93155.796875	1.000000
0.000000	-573.789551	1100.459229	1.000000
0.000000	-50.895760	309.058594	1.000000
0.000000	339.204254	-79.397087	1.000000
0.000000	56.737881	351.513367	1.000000
0.000000	-42905.300781	-77713.945312	1.000000
0.000000	294.295563	-1096.220947	1.000000
0.000000	-9.950791	332.756897	1.000000
0.000000	-91.251488	-182.891937	1.000000
0.000000	-459.979980	721.102417	1.000000
0.000000	399.392426	58.852386	1.000000
0.000000	218.608002	1008.989868	1.000000
0.000000	-184.362671	168.190048	1.000000
0.000000	248.431793	520.322449	1.000000
0.000000	-11004.774414	554.310974	1.000000
0.000000	28171368.000000	16549397.000000	1.000000
0.000000	309.996613	-640.393799	1.000000
0.000000	-32772.671875	266768.750000	1.000000
0.000000	-234.906494	5.117586	1.000000
0.000000	1487.154541	2671.770508	1.000000
0.000000	4538.006348	10680.446289	1.000000
0.000000	-48520.804688	-126250.796875	1.000000
0.000000	51.348515	-516.776245	1.000000
0.000000	1929694.125000	165232.171875	1.000000
0.000000	-180107.890625	-177937.812500	1.000000
0.000000	-70212.929688	13735.903320	1.000000
0.000000	266.505157	-121.418365	1.000000
0.000000	-131111.156250	14964.910156	1.000000
0.000000	-1074.314087	235.929138	1.000000
0.000000	-1328.421753	998.976685	1.000000
0.000000	-1187.304443	1171.606323	1.000000
0.000000	49260.613281	57558.093750	1.000000
0.000000	83874.085938	3681.073486	1.000000
0.000000	1059.825317	-402.051270	1.000000
0.000000	-356.196259	-274.944427	1.000000
0.000000	-1589278.625000	-1200867.375000	1.000000
0.000000	-271.908142	143.589767	1.000000
0.000000	2590553.750000	19366.675781	1.000000
0.000000	135.705688	-183.963638	1.000000
0.000000	-10448.957031	13194.599609	1.000000
0.000000	1826645.375000	135387.546875	1.000000
0.000000	-1564.844116	792.842529	1.000000
0.000000	269.455292	49.513004	1.000000
0.000000	347.893616	-28.449478	1.000000
0.000000	449.883484	962.610779	1.000000
0.000000	-10617.100586	7416.075684	1.000000
0.000000	-370.424072	160.362213	1.000000
0.000000	27333.841797	25895.089844	1.000000
0.000000	72.339149	292.535919	1.000000
0.000000	272.922943	495.706757	1.000000
0.000000	-42.808178	-9054.673828	1.000000
0.000000	-5598.733887	9773.349609	1.000000
0.000000	459150.906250	25585.296875	1.000000
0.000000	-1012.916687	1098.956543	1.000000
0.000000	2174.701172	-5262.097168	1.000000
0.000000	3487.017090	-2086.699951	1.000000
0.000000	138.891266	69.421249	1.000000
0.000000	221.107758	177.943665	1.000000
0.000000	967.694214	-736.473633	1.000000
0.000000	1207.251099	11733.979492	1.000000
0.000000	18044.292969	-23784.705078	1.000000
0.000000	315.984222	-16.421623	1.000000
0.000000	-13.526795	-204.746185	1.000000
0.000000	1150.504150	1172.337646	1.000000
0.000000	406.592224	-45.548199	1.000000
0.000000	106.073082	166.820938	1.000000
0.000000	-1440.419434	131.140961	1.000000
0.000000	75308.703125	-7409.150391	1.000000
0.000000	80.312950	397.548157	1.000000
0.000000	-215.566879	-720.712036	1.000000
0.000000	1179.014404	-9605.964844	1.000000
0.000000	263.379730	288.847839	1.000000
0.000000	232.496155	214.965683	1.000000
0.000000	-3865.639893	-4611.066895	1.000000
0.000000	506.697357	231.322128	1.000000
0.000000	-2023.104614	-2963.998291	1.000000
0.000000	2.805839	265.117737	1.000000
0.000000	22242.531250	39083.906250	1.000000
0.000000	341.982147	-23.924746	1.000000
0.000000	876.449036	-549.969299	1.000000
0.000000	1245.283936	696.023865	1.000000
0.000000	-319.388336	625.394775	1.000000
0.000000	136.011246	-308.274872	1.000000
0.000000	9579.538086	4851.848145	1.000000
0.000000	-92682.812500	-330208.656250	1.000000
0.000000	7976.345215	16948.796875	1.000000
0.000000	204.902283	-178.173233	1.000000
0.000000	3396.100830	-921.942139	1.000000
0.000000	-423353.000000	-81941.843750	1.000000
0.000000	-44105600.000000	-10494824.000000	1.000000
0.000000	6018.913086	-4593.109863	1.000000
0.000000	-284.427948	146.972809	1.000000
0.000000	1017.479736	-1699.690308	1.000000
0.000000	5860.895508	362.743896	1.000000
0.000000	-251.975662	-95.798607	1.000000
0.000000	-473.293274	1017.131714	1.000000
0.000000	-18781.501953	80.122650	1.000000
0.000000	-617.818176	-156.699905	1.000000
0.000000	297.441132	-336.493866	1.000000
0.000000	14535.630859	-11043.166992	1.000000
