0.000000	31362.308594	455940.312500	1.000000
0.000000	215064.656250	175449.234375	1.000000
0.000000	1218.570312	-12992.786133	1.000000
0.000000	-305.425720	645.528381	1.000000
0.000000	16871.740234	27174.398438	1.000000
0.000000	-13483.090820	705.870178	1.000000
0.000000	-489.094574	-2549.739990	1.000000
0.000000	-595544.937500	1523932.125000	1.000000
0.000000	3684.468018	-2016.704102	1.000000
0.000000	9292453.000000	3386659.750000	1.000000
0.000000	78697400.000000	19959642.000000	1.000000
0.000000	-486.473083	-242.254089	1.000000
0.000000	-398.582825	289.249573	1.000000
0.000000	84.521492	-462.305023	1.000000
0.000000	-73337376.000000	-31090268.000000	1.000000
0.000000	925.483582	-4411.919434	1.000000
0.000000	425.911133	-621.475952	1.000000
0.000000	-6283.631348	7993.896484	1.000000
0.000000	-986.788757	-2.093116	1.000000
0.691730	-380.142578	492.517181	1.000000
0.000000	968.849915	8223.229492	1.000000
0.000000	10442.792969	85140.617188	1.000000
0.000000	-90.034172	1037.210571	1.000000
0.000000	392.909760	-54.156807	1.000000
0.000000	-206981.265625	-53490.214844	1.000000
0.000000	633.360413	-41.740067	1.000000
0.000000	10383.493164	35154.230469	1.000000
0.000000	-4143.476562	11537.271484	1.000000
0.000000	601.081848	-286.982086	1.000000
0.000000	-61246.406250	-273296.843750	1.000000
0.000000	5041.902344	-8727.205078	1.000000
0.000000	5092.531250	960.775513	1.000000
0.000000	-467.493530	547.430969	1.000000
0.000000	-698.022522	-57.339172	1.000000
0.000000	-412.186859	-170.398575	1.000000
0.000000	5062.450195	2872.461670	1.000000
0.000000	-194.906677	-148.242020	1.000000
0.000000	-5908.960449	-1644.716431	1.000000
0.000000	-246209.984375	-73939.062500	1.000000
0.000000	-46564.402344	-6293.889160	1.000000
0.000000	636.106750	229.661911	1.000000
0.000000	666.510925	-166.167725	1.000000
0.000000	-3.817509	457.418579	1.000000
0.000000	-179.310684	-332.204163	1.000000
0.000000	75.066330	452.870087	1.000000
0.000000	-643.284607	-69.613541	1.000000
0.000000	-3901.034180	3229.052734	1.000000
0.000000	-951.531616	610.380798	1.000000
0.000000	-160.432419	-471.037109	1.000000
0.000000	-469.063232	-126.215797	1.000000
0.000000	7258.339355	6256.327148	1.000000
0.000000	-987.544983	1511.364136	1.000000
0.000000	-96.743622	1168.953369	1.000000
0.000000	-3522.988525	-11471.227539	1.000000
0.000000	501.448730	38.649216	1.000000
0.000000	-11.192511	-482.827026	1.000000
0.000000	346.680389	110.280945	1.000000
0.000000	29405522.000000	-21550876.000000	1.000000
0.000000	-728.798645	1789.841919	1.000000
0.000000	355.693024	683.384216	1.000000
0.000000	1601.557007	26056.564453	1.000000
0.000000	3346.005371	-1849.279541	1.000000
0.000000	-203.589172	-435.859497	1.000000
0.000000	277.209076	-542.910522	1.000000
0.000000	5253.683105	-3069.484375	1.000000
0.000000	401230.625000	-1051564.750000	1.000000
0.000000	40022.398438	142417.687500	1.000000
0.000000	899154304.000000	-490293056.000000	1.000000
0.000000	4978.887695	-15034.800781	1.000000
0.000000	-11819835.000000	-661040.062500	1.000000
0.000000	10720.416992	-14932.454102	1.000000
0.000000	-82.620880	-563.101746	1.000000
0.000000	-430.950989	-907.377747	1.000000
0.000000	-292.603760	914.962158	1.000000
0.000000	424068.312500	2438.227783	1.000000
0.000000	-9550.205078	10590.036133	1.000000
0.691730	-376.913605	488.952362	1.000000
0.000000	14.174375	-494.377655	1.000000
0.000000	3442.323730	-13495.491211	1.000000
0.000000	-935690816.000000	516809408.000000	1.000000
0.000000	1333545.500000	80439.578125	1.000000
0.000000	370998.062500	-121764.656250	1.000000
0.000000	282208.875000	227460.812500	1.000000
0.000000	24714.982422	-23039.558594	1.000000
0.000000	2203343.750000	933403.812500	1.000000
0.000000	-260.961456	395.583618	1.000000
0.000000	-113.563957	-78.900520	1.000000
0.000000	-3037.626221	-207.564102	1.000000
0.000000	-1695.202271	1924.043335	1.000000
0.000000	193.784973	461.586914	1.000000
0.000000	-40.983883	-245.778992	1.000000
0.000000	-1411.152466	1046.224976	1.000000
0.000000	1085.959961	-296.853210	1.000000
0.000000	279.994446	16.175493	1.000000
0.000000	-4355021.000000	2416277.250000	1.000000
0.000000	1283.015869	715.130920	1.000000
0.000000	-323.012939	-88087.984375	1.000000
0.000000	1711789.125000	-2028472.500000	1.000000
0.000000	850.335205	-1311.445801	1.000000
0.000000	-95.520706	-5417.690918	1.000000
0.000000	691415.187500	-227629.562500	1.000000
0.000000	12310197.000000	-6573529.500000	1.000000
0.000000	-21992.802734	-21706.125000	1.000000
0.000000	170864.546875	-24645.367188	1.000000
0.000000	-62.140858	366.973114	1.000000
0.000000	482.508759	-92.258949	1.000000
0.000000	426.431213	-1838.763916	1.000000
0.000000	-281.091797	-393.190460	1.000000
0.000000	179.694977	-454.943329	1.000000
0.000000	-940.162964	1261.271606	1.000000
0.000000	-404.389343	-3063.649658	1.000000
0.000000	-54070.015625	119833.890625	1.000000
0.000000	159.561859	433.618225	1.000000
0.000000	-544.237976	76.825874	1.000000
0.000000	58.443302	-1022.490723	1.000000
0.000000	-64443.191406	15432.152344	1.000000
0.000000	2493.432861	973.751038	1.000000
0.000000	55937.285156	149706.796875	1.000000
0.000000	-13422.133789	6541.166992	1.000000
0.000000	-41934.613281	-29669.902344	1.000000
0.000000	-8294.696289	13922.857422	1.000000
0.000000	483.759766	425.219238	1.000000
0.000000	-454.123779	302.345703	1.000000
0.000000	1694.232666	3043.509521	1.000000
0.000000	818.672119	-465.262482	1.000000
0.000000	1799.455566	-27.305283	1.000000
0.000000	604.162842	-725.366150	1.000000
0.000000	13949.582031	-14426.867188	1.000000
0.000000	-464.250671	-235.337723	1.000000
0.000000	-1239.195557	1346.346069	1.000000
0.000000	367.800140	389.850250	1.000000
0.000000	-13153.295898	-3024.912842	1.000000
0.000000	-28782.816406	-61661.437500	1.000000
0.000000	1802.992920	8213.288086	1.000000
0.000000	-2414.397949	1697.479980	1.000000
0.000000	265.976532	-226.000626	1.000000
0.000000	-53.784641	70.684608	1.000000
0.000000	-3703.809814	-15888.141602	1.000000
0.000000	943.455017	24.292965	1.000000
0.000000	-8965.589844	12946.980469	1.000000
0.000000	-840.244629	-3353.370605	1.000000
0.000000	922.480164	753.681335	1.000000
0.000000	466.410980	-292.749939	1.000000
0.000000	-5466.225098	-20482.583984	1.000000
0.000000	11.514055	-505.024933	1.000000
0.000000	22464.863281	-24775.767578	1.000000
0.000000	-422.584015	-310.244385	1.000000
0.000000	-3300464.250000	1376390.750000	1.000000
0.000000	-18053.185547	-1429.719849	1.000000
0.000000	-134.099854	741.883301	1.000000
0.000000	218.764862	-514.109131	1.000000
0.000000	6742.823730	2532.505859	1.000000
0.000000	-25964.912109	-23308.582031	1.000000
0.000000	-586712.625000	317574.843750	1.000000
0.000000	-108536.234375	248916.828125	1.000000
0.000000	37842.757812	-56191.003906	1.000000
0.000000	716.516846	-1858.633911	1.000000
0.000000	207.702774	325.731598	1.000000
0.000000	-261.189331	-249.854187	1.000000
0.000000	-436.651001	853.182983	1.000000
0.000000	4112436.000000	2116301.500000	1.000000
0.000000	343.979156	246.359207	1.000000
0.000000	-45345.628906	76128.718750	1.000000
0.000000	866.472473	1770.789062	1.000000
0.000000	5004.988770	12518.362305	1.000000
0.000000	601.559998	1429.398438	1.000000
0.000000	-44224.082031	2497.641357	1.000000
0.000000	245558.453125	-842228.687500	1.000000
0.000000	-387.874115	-217.609238	1.000000
0.000000	622.948059	-116.352989	1.000000
0.000000	-32911.746094	-140173.890625	1.000000
0.000000	-14396.700195	-13397.187500	1.000000
0.000000	-560.433105	-91.229164	1.000000
0.000000	-323821.406250	730136.875000	1.000000
0.000000	-31208.441406	-19580.664062	1.000000
0.000000	-585.141968	-1154.748169	1.000000
0.000000	195.923508	-527.532959	1.000000
0.000000	-3458.197754	-12827.544922	1.000000
0.000000	143.709290	-489.563873	1.000000
0.000000	3254.399414	2828.034180	1.000000
0.000000	112.980713	31.093672	1.000000
0.000000	798955.812500	-982912.687500	1.000000
0.000000	-556.052063	437.607056	1.000000
0.000000	-3110.375244	-2141.405518	1.000000
0.000000	-64.202744	3071.293213	1.000000
0.000000	-441.662659	424.531036	1.000000
0.000000	19762.287109	10693.109375	1.000000
0.000000	246.240875	556.150330	1.000000
0.000000	-3531.884277	-1968.178833	1.000000
0.000000	65155.496094	112825.851562	1.000000
0.000000	396.869843	331.690887	1.000000
0.000000	484892.843750	100973.828125	1.000000
0.000000	-368.512177	352.663818	1.000000
0.251537	78.033073	467.230011	1.000000
0.000000	349.641327	287.409851	1.000000
0.000000	-463.934326	-106.959152	1.000000
0.000000	-52354.667969	-2852.212158	1.000000
0.000000	11489.036133	1525.767944	1.000000
0.000000	-31.374521	-351.392548	1.000000
0.000000	104.649345	1608.336914	1.000000
0.000000	-7881.312988	-93306.265625	1.000000
0.000000	-669.987671	971.933838	1.000000
0.000000	-156.937485	429.551147	1.000000
0.000000	492.611847	-126.590004	1.000000
0.000000	65.529922	511.778259	1.000000
0.000000	-43030.691406	-77613.632812	1.000000
0.000000	168.841019	-1196.533447	1.000000
0.251537	73.562248	469.819397	1.000000
0.000000	-163.069748	-39.363319	1.000000
0.000000	-474.674194	880.975464	1.000000
0.000000	511.558258	-55.947014	1.000000
0.000000	256.763000	1164.944458	1.000000
0.000000	-259.452362	310.038177	1.000000
0.000000	377.738007	615.345032	1.000000
0.000000	-11164.647461	542.555603	1.000000
0.000000	28171368.000000	16549397.000000	1.000000
0.000000	418.243988	-758.927124	1.000000
0.000000	-32709.976562	266668.437500	1.000000
0.000000	-395.367310	1.039476	1.000000
0.000000	1620.773926	2583.213379	1.000000
0.000000	4381.268066	10718.063477	1.000000
0.000000	-48357.796875	-126250.796875	1.000000
0.000000	-89.559540	-593.578003	1.000000
0.000000	1929694.125000	165332.484375	1.000000
0.000000	-179957.421875	-177937.812500	1.000000
0.000000	-70338.320312	13644.995117	1.000000
0.000000	362.997162	-249.651123	1.000000
0.000000	-131161.312500	15118.513672	1.000000
0.000000	-1217.337769	308.518555	1.000000
0.000000	-1429.126099	874.173828	1.000000
0.000000	-1228.840088	1326.777222	1.000000
0.000000	49298.230469	57708.562500	1.000000
0.000000	83748.695312	3584.679443	1.000000
0.000000	1212.645142	-353.266479	1.000000
0.000000	-498.828094	-348.513458	1.000000
0.000000	-1589278.625000	-1200867.375000	1.000000
0.000000	-426.785156	185.762161	1.000000
0.000000	2590553.750000	19510.875000	1.000000
0.000000	191.445740	-334.455841	1.000000
0.000000	-10543.000000	13326.259766	1.000000
0.000000	1826645.375000	135287.234375	1.000000
0.000000	-1546.427368	952.323730	1.000000
0.000000	424.912384	85.202553	1.000000
0.000000	481.415039	-117.545395	1.000000
0.000000	321.749939	866.020813	1.000000
0.000000	-10726.817383	7533.629395	1.000000
0.000000	-527.750122	192.150696	1.000000
0.000000	27340.111328	26058.097656	1.000000
0.000000	189.501007	402.252716	1.000000
0.000000	280.172089	655.981628	1.000000
0.000000	-198.946991	-9017.056641	1.000000
0.000000	-5758.606934	9776.484375	1.000000
0.000000	459251.218750	25466.175781	1.000000
0.000000	-1163.385498	1154.598633	1.000000
0.000000	2304.010254	-5166.486816	1.000000
0.000000	3490.151855	-2247.356689	1.000000
0.000000	226.664703	203.775345	1.000000
0.000000	358.351715	261.112915	1.000000
0.000000	898.533447	-881.260620	1.000000
0.000000	1225.667847	11574.106445	1.000000
0.000000	17887.554688	-23816.052734	1.000000
0.000000	476.053192	-28.091278	1.000000
0.000000	-4.536363	-365.011078	1.000000
0.000000	1017.276611	1261.678467	1.000000
0.000000	567.053040	-49.650333	1.000000
0.000000	131.808823	325.224579	1.000000
0.000000	-1287.599609	180.072693	1.000000
0.000000	75459.171875	-7391.909180	1.000000
0.000000	123.048622	552.254700	1.000000
0.000000	-55.057766	-720.712036	1.000000
0.000000	1168.826416	-9446.091797	1.000000
0.000000	360.459503	416.687500	1.000000
0.000000	354.938538	318.785431	1.000000
0.000000	-3791.972900	-4468.435059	1.000000
0.000000	665.003052	257.477844	1.000000
0.000000	-2151.705566	-3059.608643	1.000000
0.000000	70.448792	410.688416	1.000000
0.000000	22267.609375	39246.914062	1.000000
0.000000	502.442963	-23.398203	1.000000
0.000000	1036.925659	-547.226379	1.000000
0.000000	1383.997314	776.744080	1.000000
0.000000	-326.049713	785.659668	1.000000
0.000000	237.254379	-432.783844	1.000000
0.000000	9661.041992	4713.918457	1.000000
0.000000	-92607.578125	-330308.968750	1.000000
0.000000	8136.218262	16955.066406	1.000000
0.000000	308.447510	-300.820923	1.000000
0.000000	3448.608154	-770.101929	1.000000
0.000000	-423252.687500	-82067.234375	1.000000
0.000000	-44105600.000000	-10494824.000000	1.000000
0.000000	6091.012695	-4450.478027	1.000000
0.000000	-345.359955	295.482330	1.000000
0.000000	1158.152344	-1622.496704	1.000000
0.000000	5735.504883	263.019165	1.000000
0.000000	-400.974976	-155.470322	1.000000
0.000000	-633.558167	1009.294800	1.000000
0.000000	-18756.423828	-78.345016	1.000000
0.000000	-778.278992	-161.157150	1.000000
0.000000	315.759918	-495.975067	1.000000
0.000000	14682.964844	-10980.471680	1.000000
