0.000000	31469.222656	455839.687500	1.000000
0.000000	215014.343750	175298.296875	1.000000
0.000000	1194.593262	-12832.415039	1.000000
0.000000	-466.386414	647.886780	1.000000
0.000000	16884.318359	27337.914062	1.000000
0.000000	-13640.317383	742.228821	1.000000
0.000000	-633.562073	-2478.988037	1.000000
0.000000	-595343.687500	1523932.125000	1.000000
0.000000	3601.924072	-2155.063477	1.000000
0.000000	9292453.000000	3386659.750000	1.000000
0.000000	78697400.000000	19959642.000000	1.000000
0.000000	-331.113586	-200.097717	1.000000
0.000000	-322.327942	147.450867	1.000000
0.000000	90.442055	-301.442596	1.000000
0.000000	-73337376.000000	-31090268.000000	1.000000
0.000000	785.355408	-4490.532715	1.000000
0.000000	388.176758	-465.006042	1.000000
0.000000	-6200.301270	7855.537109	1.000000
0.000000	-987.181824	158.911926	1.000000
0.000000	-323.285187	341.532806	1.000000
0.000000	934.260071	8066.002930	1.000000
0.000000	10298.144531	85065.148438	1.000000
0.000000	-58.883663	879.197876	1.000000
0.000000	273.412354	54.696732	1.000000
0.000000	-207081.890625	-53377.011719	1.000000
0.000000	472.816803	-54.342758	1.000000
0.000000	10386.637695	35317.746094	1.000000
0.000000	-3985.701416	11568.716797	1.000000
0.000000	460.364075	-208.761871	1.000000
0.000000	-61409.921875	-273296.843750	1.000000
0.000000	5137.810547	-8856.130859	1.000000
0.000000	4936.876953	921.075806	1.000000
0.000000	-319.012695	485.129974	1.000000
0.000000	-580.299133	-167.054581	1.000000
0.000000	-286.405609	-69.970108	1.000000
0.000000	4916.229492	2805.640381	1.000000
0.000000	-45.183922	-89.069359	1.000000
0.000000	-5784.751465	-1542.912231	1.000000
0.000000	-246260.296875	-73788.125000	1.000000
0.000000	-46690.183594	-6196.408691	1.000000
0.000000	511.897858	127.169647	1.000000
0.000000	573.550720	-34.770588	1.000000
0.000000	-2.371915	296.457886	1.000000
0.000000	-106.782753	-188.463211	1.000000
0.000000	55.050007	293.088593	1.000000
0.000000	-582.555847	-218.733109	1.000000
0.000000	-4033.104492	3321.030273	1.000000
0.000000	-860.143677	477.746307	1.000000
0.000000	-125.007309	-314.007080	1.000000
0.000000	-311.541870	-93.099953	1.000000
0.000000	7097.968262	6273.622070	1.000000
0.000000	-899.694641	1646.185913	1.000000
0.000000	-5.234331	1301.416748	1.000000
0.000000	-3429.438721	-11603.297852	1.000000
0.000000	352.771362	-23.093884	1.000000
0.000000	-15.172308	-321.866333	1.000000
0.000000	185.796524	115.857574	1.000000
0.000000	29405522.000000	-21550876.000000	1.000000
0.000000	-599.086731	1694.719849	1.000000
0.000000	461.722687	562.123230	1.000000
0.000000	1684.494019	26194.923828	1.000000
0.000000	3284.687012	-1700.307373	1.000000
0.000000	-118.883354	-298.974121	1.000000
0.000000	190.341400	-407.378510	1.000000
0.000000	5352.735840	-2942.916992	1.000000
0.000000	401130.000000	-1051564.750000	1.000000
0.000000	40160.757812	142518.312500	1.000000
0.000000	899154304.000000	-490293056.000000	1.000000
0.000000	5082.657227	-14912.164062	1.000000
0.000000	-11819835.000000	-661241.312500	1.000000
0.000000	10638.659180	-15070.813477	1.000000
0.000000	-35.059841	-409.281891	1.000000
0.000000	-309.395203	-801.839417	1.000000
0.000000	-453.466187	920.465088	1.000000
0.000000	424269.562500	2478.320557	1.000000
0.000000	-9392.978516	10627.770508	1.000000
0.000000	-222.287903	527.421082	1.000000
0.000000	28.275234	-334.006561	1.000000
0.000000	3426.601074	-13335.120117	1.000000
0.000000	-935690816.000000	516809408.000000	1.000000
0.000000	1333545.500000	80288.640625	1.000000
0.000000	370796.812500	-121739.500000	1.000000
0.000000	282410.125000	227410.500000	1.000000
0.000000	24859.630859	-23115.027344	1.000000
0.000000	2203343.750000	933605.062500	1.000000
0.000000	-176.157394	258.698242	1.000000
0.000000	43.562454	-43.794773	1.000000
0.000000	-3138.251221	-333.326416	1.000000
0.000000	-1676.335083	1764.065308	1.000000
0.000000	119.544563	318.707275	1.000000
0.000000	0.378865	-90.173836	1.000000
0.000000	-1255.891235	1088.676147	1.000000
0.000000	949.959045	-210.647552	1.000000
0.000000	244.209244	-140.799606	1.000000
0.000000	-4355021.000000	2416277.250000	1.000000
0.000000	1143.870361	634.355774	1.000000
0.000000	-165.463333	-88062.828125	1.000000
0.000000	1711789.125000	-2028472.500000	1.000000
0.000000	820.265625	-1469.458496	1.000000
0.000000	-227.891846	-5326.499512	1.000000
0.000000	691415.187500	-227478.625000	1.000000
0.000000	12310197.000000	-6573529.500000	1.000000
0.000000	-21955.068359	-21548.898438	1.000000
0.000000	170713.609375	-24551.031250	1.000000
0.000000	7.146221	221.636826	1.000000
0.000000	328.426727	-45.439781	1.000000
0.000000	582.282043	-1798.671143	1.000000
0.000000	-175.160400	-271.929474	1.000000
0.000000	121.081848	-304.988495	1.000000
0.000000	-893.977661	1107.189575	1.000000
0.000000	-248.339554	-3102.956299	1.000000
0.000000	-53906.500000	119833.890625	1.000000
0.000000	102.654556	282.975525	1.000000
0.000000	-388.505768	36.045231	1.000000
0.000000	-96.391068	-1066.520874	1.000000
0.000000	-64581.550781	15520.199219	1.000000
0.000000	2445.478760	820.062073	1.000000
0.000000	55811.503906	149606.171875	1.000000
0.000000	-13268.051758	6591.479492	1.000000
0.000000	-41808.832031	-29764.238281	1.000000
0.000000	-8426.766602	13831.666016	1.000000
0.000000	338.325195	356.236084	1.000000
0.000000	-335.515991	193.438095	1.000000
0.000000	1578.278076	3155.140381	1.000000
0.000000	663.214355	-423.302643	1.000000
0.000000	1902.832031	96.092216	1.000000
0.000000	572.717529	-567.549988	1.000000
0.000000	13984.171875	-14269.640625	1.000000
0.000000	-326.972229	-151.270645	1.000000
0.000000	-1178.270264	1495.318237	1.000000
0.000000	252.729950	277.236725	1.000000
0.000000	-13310.522461	-2989.536865	1.000000
0.000000	-28682.191406	-61535.656250	1.000000
0.000000	1714.946045	8078.073242	1.000000
0.000000	-2512.664551	1824.833496	1.000000
0.000000	118.673340	-161.046402	1.000000
0.000000	52.708099	191.442596	1.000000
0.000000	-3806.007080	-16013.922852	1.000000
0.000000	788.783386	-20.635046	1.000000
0.000000	-8805.218750	12934.402344	1.000000
0.000000	-888.788330	-3200.074707	1.000000
0.000000	939.971619	593.703308	1.000000
0.000000	309.086151	-258.553162	1.000000
0.000000	-5625.023926	-20507.740234	1.000000
0.000000	3.044703	-344.260773	1.000000
0.000000	22508.886719	-24618.541016	1.000000
0.000000	-313.999420	-191.341782	1.000000
0.000000	-3300464.250000	1376390.750000	1.000000
0.000000	-17996.583984	-1279.568481	1.000000
0.000000	-66.394157	595.859131	1.000000
0.000000	165.111298	-362.288605	1.000000
0.000000	6690.938965	2685.015625	1.000000
0.000000	-26115.849609	-23358.894531	1.000000
0.000000	-586712.625000	317474.218750	1.000000
0.000000	-108536.234375	249067.765625	1.000000
0.000000	38006.273438	-56191.003906	1.000000
0.000000	612.354248	-1735.997192	1.000000
0.000000	130.366959	184.522507	1.000000
0.000000	-224.381561	-406.589417	1.000000
0.000000	-392.725830	698.314819	1.000000
0.000000	4112436.000000	2116301.500000	1.000000
0.000000	186.162979	214.569962	1.000000
0.000000	-45282.738281	75977.781250	1.000000
0.000000	721.234436	1701.216309	1.000000
0.000000	4849.334473	12559.241211	1.000000
0.000000	617.479187	1589.769531	1.000000
0.000000	-44110.878906	2379.721436	1.000000
0.000000	245709.390625	-842228.687500	1.000000
0.000000	-242.243011	-149.019150	1.000000
0.000000	462.380463	-128.760651	1.000000
0.000000	-32974.636719	-140022.953125	1.000000
0.000000	-14343.243164	-13548.125000	1.000000
0.000000	-399.668945	-83.073036	1.000000
0.000000	-323620.156250	730136.875000	1.000000
0.000000	-31346.800781	-19662.421875	1.000000
0.000000	-439.559784	-1085.961548	1.000000
0.000000	152.440536	-372.556671	1.000000
0.000000	-3612.279785	-12780.376953	1.000000
0.000000	97.147202	-335.481842	1.000000
0.000000	3206.445312	2981.330078	1.000000
0.000000	36.779350	172.924759	1.000000
0.000000	799157.062500	-982912.687500	1.000000
0.000000	-397.253265	410.780273	1.000000
0.000000	-3264.457275	-2095.809814	1.000000
0.000000	-30.374168	2914.066650	1.000000
0.000000	-328.066467	310.443512	1.000000
0.000000	19844.044922	10554.750000	1.000000
0.000000	87.546570	583.271912	1.000000
0.000000	-3378.588379	-1917.866333	1.000000
0.000000	65105.183594	112674.914062	1.000000
0.000000	278.163788	222.924713	1.000000
0.000000	484892.843750	100822.890625	1.000000
0.000000	-252.066254	241.517883	1.000000
0.000000	80.046257	306.283569	1.000000
0.000000	322.028412	128.807556	1.000000
0.000000	-303.268433	-96.714859	1.000000
0.000000	-52417.558594	-2998.432861	1.000000
0.000000	11404.133789	1388.980835	1.000000
0.000000	-75.127815	-196.445007	1.000000
0.000000	10.634173	1739.228027	1.000000
0.000000	-7873.451660	-93155.328125	1.000000
0.000000	-573.489868	1100.859619	1.000000
0.000000	-50.565445	308.683228	1.000000
0.000000	338.726349	-79.250069	1.000000
0.000000	56.710491	351.014099	1.000000
0.000000	-42904.910156	-77714.257812	1.000000
0.000000	294.686493	-1095.908447	1.000000
0.000000	-10.211040	332.329956	1.000000
0.000000	-91.027718	-183.339020	1.000000
0.000000	-459.934204	720.604370	1.000000
0.000000	399.042999	59.210014	1.000000
0.000000	218.489136	1008.504028	1.000000
0.000000	-184.128754	167.748154	1.000000
0.000000	248.029114	520.026428	1.000000
0.000000	-11004.276367	554.347595	1.000000
0.000000	28171368.000000	16549397.000000	1.000000
0.000000	309.659393	-640.024536	1.000000
0.000000	-32772.867188	266769.062500	1.000000
0.000000	-234.406616	5.130289	1.000000
0.000000	1486.738281	2672.046387	1.000000
0.000000	4538.494629	10680.329102	1.000000
0.000000	-48521.312500	-126250.796875	1.000000
0.000000	51.787472	-516.536987	1.000000
0.000000	1929694.125000	165231.859375	1.000000
0.000000	-180108.359375	-177937.812500	1.000000
0.000000	-70212.539062	13736.186523	1.000000
0.000000	266.204559	-121.018814	1.000000
0.000000	-131111.000000	14964.431641	1.000000
0.000000	-1073.868530	235.703003	1.000000
0.000000	-1328.108032	999.365479	1.000000
0.000000	-1187.175049	1171.122925	1.000000
0.000000	49260.496094	57557.625000	1.000000
0.000000	83874.476562	3681.373779	1.000000
0.000000	1059.349243	-402.203247	1.000000
0.000000	-355.751923	-274.715240	1.000000
0.000000	-1589278.625000	-1200867.375000	1.000000
0.000000	-271.425659	143.458389	1.000000
0.000000	2590553.750000	19366.226562	1.000000
0.000000	135.532043	-183.494736	1.000000
0.000000	-10448.664062	13194.189453	1.000000
0.000000	1826645.375000	135387.859375	1.000000
0.000000	-1564.901489	792.345703	1.000000
0.000000	268.967926	49.401424	1.000000
0.000000	347.477661	-28.171921	1.000000
0.000000	450.282654	962.911682	1.000000
0.000000	-10616.758789	7415.709473	1.000000
0.000000	-369.933960	160.263184	1.000000
0.000000	27333.822266	25894.582031	1.000000
0.000000	71.974159	292.194122	1.000000
0.000000	272.900360	495.207184	1.000000
0.000000	-42.321766	-9054.791016	1.000000
0.000000	-5598.235840	9773.339844	1.000000
0.000000	459150.593750	25585.667969	1.000000
0.000000	-1012.447937	1098.783203	1.000000
0.000000	2174.298340	-5262.395020	1.000000
0.000000	3487.007324	-2086.199463	1.000000
0.000000	138.617828	69.002701	1.000000
0.000000	220.680206	177.684570	1.000000
0.000000	967.909668	-736.022583	1.000000
0.000000	1207.193726	11734.477539	1.000000
0.000000	18044.781250	-23784.607422	1.000000
0.000000	315.485565	-16.385269	1.000000
0.000000	-13.554805	-204.246918	1.000000
0.000000	1150.919189	1172.059326	1.000000
0.000000	406.092346	-45.535419	1.000000
0.000000	105.992897	166.327469	1.000000
0.000000	-1440.895508	130.988525	1.000000
0.000000	75308.234375	-7409.204102	1.000000
0.000000	80.179817	397.066284	1.000000
0.000000	-216.066910	-720.712036	1.000000
0.000000	1179.046143	-9606.462891	1.000000
0.000000	263.077301	288.449585	1.000000
0.000000	232.114838	214.642349	1.000000
0.000000	-3865.869385	-4611.511230	1.000000
0.000000	506.204193	231.240646	1.000000
0.000000	-2022.703003	-2963.700439	1.000000
0.000000	2.595108	264.664246	1.000000
0.000000	22242.453125	39083.398438	1.000000
0.000000	341.482269	-23.926386	1.000000
0.000000	875.949158	-549.977844	1.000000
0.000000	1244.851807	695.772400	1.000000
0.000000	-319.367584	624.895508	1.000000
0.000000	135.695847	-307.886993	1.000000
0.000000	9579.284180	4852.277832	1.000000
0.000000	-92683.046875	-330208.343750	1.000000
0.000000	7975.847168	16948.777344	1.000000
0.000000	204.579712	-177.791153	1.000000
0.000000	3395.937256	-922.415161	1.000000
0.000000	-423353.312500	-81941.453125	1.000000
0.000000	-44105600.000000	-10494824.000000	1.000000
0.000000	6018.688477	-4593.554199	1.000000
0.000000	-284.238129	146.510162	1.000000
0.000000	1017.041504	-1699.930786	1.000000
0.000000	5861.286133	363.054565	1.000000
0.000000	-251.511490	-95.612679	1.000000
0.000000	-472.794006	1017.156128	1.000000
0.000000	-18781.580078	80.616348	1.000000
0.000000	-617.318298	-156.686020	1.000000
0.000000	297.384064	-335.997040	1.000000
0.000000	14535.171875	-11043.362305	1.000000
