0.000000	31569.496094	455745.312500	1.000000
0.000000	214967.156250	175156.734375	1.000000
0.000000	1172.105469	-12682.004883	1.000000
0.000000	-617.349548	650.098694	1.000000
0.000000	16896.115234	27491.273438	1.000000
0.000000	-13787.778320	776.329163	1.000000
0.000000	-769.041809	-2412.630615	1.000000
0.000000	-595154.937500	1523932.125000	1.000000
0.000000	3524.507080	-2284.829102	1.000000
0.000000	9292453.000000	3386659.750000	1.000000
0.000000	78697400.000000	19959642.000000	1.000000
0.000000	-185.403748	-160.559753	1.000000
0.000000	-250.812744	14.444122	1.000000
0.000000	95.994881	-150.539413	1.000000
0.000000	-73337376.000000	-31090268.000000	1.000000
0.000000	653.930847	-4564.263184	1.000000
0.000000	352.786133	-318.190247	1.000000
0.000000	-6122.146973	7725.771484	1.000000
0.000000	-987.550476	309.904694	1.000000
0.000000	-271.489532	199.693832	1.000000
0.000000	901.818665	7918.541992	1.000000
0.000000	10162.480469	84994.367188	1.000000
0.000000	-29.668425	730.999634	1.000000
0.000000	164.154572	154.467468	1.000000
0.000000	-207176.265625	-53270.839844	1.000000
0.000000	322.314484	-66.162674	1.000000
0.000000	10389.586914	35471.105469	1.000000
0.000000	-3837.503174	11598.208984	1.000000
0.000000	328.386536	-135.400055	1.000000
0.000000	-61563.281250	-273296.843750	1.000000
0.000000	5227.761719	-8977.048828	1.000000
0.000000	4790.890625	883.841919	1.000000
0.000000	-179.754272	426.698578	1.000000
0.000000	-469.852600	-269.960907	1.000000
0.000000	-168.402664	24.230564	1.000000
0.000000	4779.090820	2742.969482	1.000000
0.000000	95.248924	-33.564140	1.000000
0.000000	-5668.257324	-1447.431274	1.000000
0.000000	-246307.484375	-73646.562500	1.000000
0.000000	-46808.152344	-6104.982910	1.000000
0.000000	395.495880	31.020571	1.000000
0.000000	486.337341	88.465874	1.000000
0.000000	-1.016110	145.461014	1.000000
0.000000	-39.808270	-54.966755	1.000000
0.000000	36.283298	143.266083	1.000000
0.000000	-525.599060	-358.556793	1.000000
0.000000	-4156.971680	3407.294922	1.000000
0.000000	-774.432007	353.418304	1.000000
0.000000	-91.782516	-166.730469	1.000000
0.000000	-163.775696	-62.040989	1.000000
0.000000	6947.558105	6289.842773	1.000000
0.000000	-817.300842	1772.633667	1.000000
0.000000	80.590538	1425.652588	1.000000
0.000000	-3341.699463	-11727.165039	1.000000
0.000000	211.538513	-76.241394	1.000000
0.000000	-18.904913	-170.903198	1.000000
0.000000	34.881699	121.087830	1.000000
0.000000	29405522.000000	-21550876.000000	1.000000
0.000000	-477.431458	1605.505981	1.000000
0.000000	561.121094	448.445526	1.000000
0.000000	1762.279663	26324.689453	1.000000
0.000000	3227.177246	-1560.588135	1.000000
0.000000	-39.435215	-170.560272	1.000000
0.000000	108.869232	-280.285614	1.000000
0.000000	5445.636230	-2824.210938	1.000000
0.000000	401035.625000	-1051564.750000	1.000000
0.000000	40290.523438	142612.687500	1.000000
0.000000	899154304.000000	-490293056.000000	1.000000
0.000000	5179.981445	-14797.144531	1.000000
0.000000	-11819835.000000	-661430.062500	1.000000
0.000000	10561.979492	-15200.579102	1.000000
0.000000	9.547512	-265.046661	1.000000
0.000000	-195.413971	-702.856262	1.000000
0.000000	-604.393555	925.626221	1.000000
0.000000	424458.312500	2515.923096	1.000000
0.000000	-9245.517578	10663.161133	1.000000
0.000000	-75.710732	563.733337	1.000000
0.000000	41.500637	-183.596390	1.000000
0.000000	3411.854980	-13184.709961	1.000000
0.000000	-935690816.000000	516809408.000000	1.000000
0.000000	1333545.500000	80147.078125	1.000000
0.000000	370608.062500	-121715.906250	1.000000
0.000000	282598.875000	227363.312500	1.000000
0.000000	24995.294922	-23185.808594	1.000000
0.000000	2203343.750000	933793.812500	1.000000
0.000000	-96.620659	130.360168	1.000000
0.000000	189.435028	-8.373096	1.000000
0.000000	-3232.626221	-451.295166	1.000000
0.000000	-1658.639771	1614.023804	1.000000
0.000000	49.915352	184.702164	1.000000
0.000000	39.172688	55.757580	1.000000
0.000000	-1110.273560	1128.490601	1.000000
0.000000	822.405334	-129.774445	1.000000
0.000000	210.615799	-288.020111	1.000000
0.000000	-4355021.000000	2416277.250000	1.000000
0.000000	1013.352417	558.597717	1.000000
0.000000	-17.682880	-88039.234375	1.000000
0.000000	1711789.125000	-2028472.500000	1.000000
0.000000	792.063721	-1617.656738	1.000000
0.000000	-352.035522	-5240.972168	1.000000
0.000000	691415.187500	-227337.062500	1.000000
0.000000	12310197.000000	-6573529.500000	1.000000
0.000000	-21919.677734	-21401.437500	1.000000
0.000000	170572.046875	-24462.554688	1.000000
0.000000	72.412933	89.137634	1.000000
0.000000	183.938004	-1.531596	1.000000
0.000000	728.452698	-1761.068604	1.000000
0.000000	-75.808601	-158.200241	1.000000
0.000000	66.129608	-164.347610	1.000000
0.000000	-850.661011	962.599670	1.000000
0.000000	-101.938492	-3139.821533	1.000000
0.000000	-53753.140625	119833.890625	1.000000
0.000000	53.522270	144.699570	1.000000
0.000000	-242.427292	-2.207486	1.000000
0.000000	-241.599030	-1107.809937	1.000000
0.000000	-64711.316406	15602.777344	1.000000
0.000000	2400.503174	675.919006	1.000000
0.000000	55693.535156	149511.796875	1.000000
0.000000	-13123.540039	6638.666992	1.000000
0.000000	-41690.863281	-29852.714844	1.000000
0.000000	-8550.633789	13746.138672	1.000000
0.000000	201.923828	291.537598	1.000000
0.000000	-224.288284	91.275322	1.000000
0.000000	1469.525635	3259.837646	1.000000
0.000000	517.412354	-383.949005	1.000000
0.000000	1999.787598	211.809326	1.000000
0.000000	543.225342	-419.478516	1.000000
0.000000	14016.613281	-14122.179688	1.000000
0.000000	-198.220383	-72.408882	1.000000
0.000000	-1121.129150	1635.037476	1.000000
0.000000	144.806976	171.617844	1.000000
0.000000	-13457.983398	-2956.358154	1.000000
0.000000	-28587.816406	-61417.687500	1.000000
0.000000	1632.367920	7951.256836	1.000000
0.000000	-2604.827637	1944.276855	1.000000
0.000000	-19.496719	-100.126610	1.000000
0.000000	148.331924	301.736572	1.000000
0.000000	-3901.856689	-16131.891602	1.000000
0.000000	643.718689	-62.775063	1.000000
0.000000	-8654.808594	12922.605469	1.000000
0.000000	-934.316895	-3056.300293	1.000000
0.000000	956.376648	443.619843	1.000000
0.000000	161.533035	-226.522827	1.000000
0.000000	-5773.959473	-20531.333984	1.000000
0.000000	-4.898592	-193.481949	1.000000
0.000000	22550.175781	-24471.080078	1.000000
0.000000	-212.179062	-79.824440	1.000000
0.000000	-3300464.250000	1376390.750000	1.000000
0.000000	-17943.498047	-1138.743286	1.000000
0.000000	-2.882708	458.904785	1.000000
0.000000	114.784203	-219.908325	1.000000
0.000000	6642.276855	2828.052734	1.000000
0.000000	-26257.412109	-23406.082031	1.000000
0.000000	-586712.625000	317379.843750	1.000000
0.000000	-108536.234375	249209.328125	1.000000
0.000000	38159.632812	-56191.003906	1.000000
0.000000	514.661377	-1620.977661	1.000000
0.000000	57.833626	52.084164	1.000000
0.000000	-189.866486	-553.563477	1.000000
0.000000	-351.528931	553.065796	1.000000
0.000000	4112436.000000	2116301.500000	1.000000
0.000000	40.867992	184.874039	1.000000
0.000000	-45223.753906	75836.218750	1.000000
0.000000	585.017395	1635.964844	1.000000
0.000000	4703.348145	12597.581055	1.000000
0.000000	632.409607	1740.179688	1.000000
0.000000	-44004.707031	2269.125732	1.000000
0.000000	245850.953125	-842228.687500	1.000000
0.000000	-105.653549	-84.673798	1.000000
0.000000	311.785980	-140.419281	1.000000
0.000000	-33033.621094	-139881.390625	1.000000
0.000000	-14293.106445	-13689.687500	1.000000
0.000000	-248.887955	-75.423500	1.000000
0.000000	-323431.406250	730136.875000	1.000000
0.000000	-31476.566406	-19739.101562	1.000000
0.000000	-303.066254	-1021.447388	1.000000
0.000000	111.649139	-227.206345	1.000000
0.000000	-3756.791504	-12736.138672	1.000000
0.000000	53.482162	-190.949387	1.000000
0.000000	3161.469727	3125.104492	1.000000
0.000000	-34.969395	302.135529	1.000000
0.000000	799345.812500	-982912.687500	1.000000
0.000000	-248.320099	385.619751	1.000000
0.000000	-3408.968994	-2053.046143	1.000000
0.000000	1.358648	2766.605713	1.000000
0.000000	-221.525940	203.419540	1.000000
0.000000	19920.724609	10424.984375	1.000000
0.000000	-61.283005	608.708923	1.000000
0.000000	-3234.813965	-1870.678833	1.000000
0.000000	65057.996094	112533.351562	1.000000
0.000000	164.938339	123.381836	1.000000
0.000000	484892.843750	100681.328125	1.000000
0.000000	-142.852997	137.235352	1.000000
0.000000	79.237831	155.171585	1.000000
0.000000	296.130585	-19.949711	1.000000
0.000000	-152.581772	-87.106857	1.000000
0.000000	-52476.542969	-3135.571533	1.000000
0.000000	11324.504883	1260.689819	1.000000
0.000000	-115.104095	-49.829067	1.000000
0.000000	-77.540138	1861.989258	1.000000
0.000000	-7866.078613	-93013.765625	1.000000
0.000000	-483.015289	1221.777588	1.000000
0.393487	49.190838	195.422104	1.000000
0.000000	194.398972	-34.850502	1.000000
0.393487	48.437607	200.135971	1.000000
0.000000	-42786.941406	-77808.632812	1.000000
0.000000	412.747406	-1001.577271	1.000000
0.000000	-88.804497	203.393799	1.000000
0.000000	-23.456045	-318.357941	1.000000
0.000000	-446.109741	570.194214	1.000000
0.000000	293.516266	167.224640	1.000000
0.000000	182.591614	861.780396	1.000000
0.000000	-113.481018	34.296013	1.000000
0.000000	126.419617	430.544342	1.000000
0.000000	-10853.866211	565.407166	1.000000
0.000000	28171368.000000	16549397.000000	1.000000
0.000000	207.840988	-528.507202	1.000000
0.000000	-32831.851562	266863.437500	1.000000
0.000000	-83.450279	8.966578	1.000000
0.000000	1361.027832	2755.361816	1.000000
0.000000	4685.955566	10644.938477	1.000000
0.000000	-48674.671875	-126250.796875	1.000000
0.000000	184.363007	-444.281097	1.000000
0.000000	1929694.125000	165137.484375	1.000000
0.000000	-180249.921875	-177937.812500	1.000000
0.000000	-70094.570312	13821.713867	1.000000
0.000000	176.919327	-2.852338	1.000000
0.000000	-131063.812500	14819.919922	1.000000
0.000000	-939.194397	167.410156	1.000000
0.000000	-1233.364380	1116.926880	1.000000
0.000000	-1148.097900	1025.136597	1.000000
0.000000	49225.105469	57416.062500	1.000000
0.000000	83992.445312	3772.062256	1.000000
0.000000	915.435852	-448.100464	1.000000
0.000000	-221.550629	-205.534378	1.000000
0.000000	-1589278.625000	-1200867.375000	1.000000
0.000000	-125.716202	103.768112	1.000000
0.000000	2590553.750000	19230.562500	1.000000
0.000000	83.071518	-41.898361	1.000000
0.000000	-10360.187500	13070.322266	1.000000
0.000000	1826645.375000	135482.234375	1.000000
0.000000	-1582.228149	642.304199	1.000000
0.000000	121.783470	15.704297	1.000000
0.000000	223.650589	50.889801	1.000000
0.000000	570.831970	1053.844849	1.000000
0.000000	-10513.536133	7305.113770	1.000000
0.000000	-221.920059	130.356262	1.000000
0.000000	27327.923828	25741.222656	1.000000
0.000000	-38.250214	188.971481	1.000000
0.000000	266.080292	344.336212	1.000000
0.000000	104.571365	-9090.181641	1.000000
0.000000	-5447.825684	9770.390625	1.000000
0.000000	459056.218750	25697.738281	1.000000
0.000000	-870.885437	1046.434570	1.000000
0.000000	2052.643066	-5352.346191	1.000000
0.000000	3484.058105	-1935.052002	1.000000
0.000000	56.020737	-57.407295	1.000000
0.000000	91.553215	99.429695	1.000000
0.000000	1032.951416	-599.805542	1.000000
0.000000	1189.867065	11884.887695	1.000000
0.000000	18192.242188	-23755.115234	1.000000
0.000000	164.891068	-5.409120	1.000000
0.000000	-22.011600	-53.478687	1.000000
0.000000	1276.260986	1088.006592	1.000000
0.000000	255.129227	-41.676090	1.000000
0.000000	81.777046	17.283215	1.000000
0.000000	-1584.669922	84.931526	1.000000
0.000000	75166.671875	-7425.424805	1.000000
0.000000	39.973671	251.539368	1.000000
0.000000	-367.042236	-720.712036	1.000000
0.000000	1188.631104	-9756.873047	1.000000
0.000000	171.786194	168.176758	1.000000
0.000000	116.954857	116.995552	1.000000
0.000000	-3935.176025	-4745.700684	1.000000
0.000000	357.268646	206.633102	1.000000
0.000000	-1901.416382	-2873.749268	1.000000
0.000000	-61.044289	127.709969	1.000000
0.000000	22218.859375	38930.039062	1.000000
0.000000	190.499146	-24.421762	1.000000
0.000000	724.986023	-552.558411	1.000000
0.000000	1114.348877	619.830017	1.000000
0.000000	-313.100494	474.093567	1.000000
0.000000	40.445309	-190.722046	1.000000
0.000000	9502.604492	4982.043457	1.000000
0.000000	-92753.828125	-330113.968750	1.000000
0.000000	7825.437012	16942.878906	1.000000
0.000000	107.163330	-62.416058	1.000000
0.000000	3346.537842	-1065.214722	1.000000
0.000000	-423447.687500	-81823.484375	1.000000
0.000000	-44105600.000000	-10494824.000000	1.000000
0.000000	5950.856445	-4727.743652	1.000000
0.000000	-226.912689	6.810720	1.000000
0.000000	884.695312	-1772.555298	1.000000
0.000000	5979.254883	456.876587	1.000000
0.000000	-111.331444	-39.467350	1.000000
0.000000	-322.015198	1024.529175	1.000000
0.000000	-18805.173828	229.697464	1.000000
0.000000	-466.355164	-152.492599	1.000000
0.000000	280.149567	-185.977051	1.000000
0.000000	14396.558594	-11102.346680	1.000000
