0.000000	31598.714844	455717.812500	1.000000
0.000000	214953.406250	175115.484375	1.000000
0.000000	1165.552734	-12638.176758	1.000000
0.000000	-661.338806	650.743225	1.000000
0.000000	16899.552734	27535.960938	1.000000
0.000000	-13830.747070	786.265686	1.000000
0.000000	-808.519348	-2393.294678	1.000000
0.000000	-595099.937500	1523932.125000	1.000000
0.000000	3501.948486	-2322.641602	1.000000
0.000000	9292453.000000	3386659.750000	1.000000
0.000000	78697400.000000	19959642.000000	1.000000
0.000000	-142.945251	-149.038757	1.000000
0.000000	-229.986328	-24.312195	1.000000
0.000000	97.612923	-106.566849	1.000000
0.000000	-73337376.000000	-31090268.000000	1.000000
0.000000	615.634949	-4585.747559	1.000000
0.000000	342.473633	-275.409485	1.000000
0.000000	-6099.373535	7687.958984	1.000000
0.000000	-987.657898	353.893951	1.000000
0.000000	-256.396759	158.363266	1.000000
0.000000	892.365540	7875.573242	1.000000
0.000000	10122.949219	84973.742188	1.000000
0.000000	-21.156919	687.816040	1.000000
0.000000	131.766876	184.250183	1.000000
0.000000	-207203.765625	-53239.902344	1.000000
0.000000	278.459503	-69.606888	1.000000
0.000000	10390.446289	35515.792969	1.000000
0.000000	-3794.319580	11606.802734	1.000000
0.000000	289.929504	-114.023109	1.000000
0.000000	-61607.968750	-273296.843750	1.000000
0.000000	5253.972656	-9012.283203	1.000000
0.000000	4748.351562	872.992310	1.000000
0.000000	-139.175659	409.672211	1.000000
0.000000	-437.652893	-299.958466	1.000000
0.000000	-134.014236	51.680210	1.000000
0.000000	4739.129883	2724.707764	1.000000
0.000000	136.168610	-17.391951	1.000000
0.000000	-5634.312012	-1419.609009	1.000000
0.000000	-246321.234375	-73605.312500	1.000000
0.000000	-46842.527344	-6078.342285	1.000000
0.000000	361.577423	3.004891	1.000000
0.000000	460.905212	124.378349	1.000000
0.000000	-0.620991	101.462372	1.000000
0.124604	-20.685881	-13.982751	1.000000
0.000000	30.814489	99.608147	1.000000
0.000000	-509.002411	-399.296539	1.000000
0.000000	-4193.065430	3432.431641	1.000000
0.000000	-749.456421	317.190277	1.000000
0.000000	-82.101120	-123.814781	1.000000
0.000000	-120.714081	-52.990696	1.000000
0.000000	6903.729980	6294.569336	1.000000
0.000000	-793.292053	1809.479370	1.000000
0.000000	105.599693	1461.853760	1.000000
0.000000	-3316.133057	-11763.258789	1.000000
0.000000	170.906189	-93.113342	1.000000
0.180777	-19.578276	-128.436432	1.000000
0.000000	-9.091981	122.611877	1.000000
0.000000	29405522.000000	-21550876.000000	1.000000
0.000000	-441.982239	1579.509888	1.000000
0.000000	590.071289	415.332733	1.000000
0.000000	1784.945679	26362.501953	1.000000
0.000000	3210.419434	-1519.875244	1.000000
0.180777	-16.697918	-131.617874	1.000000
0.000000	85.128998	-243.247314	1.000000
0.000000	5472.706543	-2789.621094	1.000000
0.000000	401008.125000	-1051564.750000	1.000000
0.000000	40328.335938	142640.187500	1.000000
0.000000	899154304.000000	-490293056.000000	1.000000
0.000000	5208.340820	-14763.628906	1.000000
0.000000	-11819835.000000	-661485.062500	1.000000
0.000000	10539.635742	-15238.391602	1.000000
0.000000	22.545559	-223.007324	1.000000
0.000000	-162.207184	-674.013489	1.000000
0.000000	-648.382812	927.130127	1.000000
0.000000	424513.312500	2526.880127	1.000000
0.000000	-9202.548828	10673.473633	1.000000
0.000000	-33.001389	574.314392	1.000000
0.000000	45.354397	-139.768265	1.000000
0.000000	3407.558105	-13140.881836	1.000000
0.000000	-935690816.000000	516809408.000000	1.000000
0.000000	1333545.500000	80105.828125	1.000000
0.000000	370553.062500	-121709.031250	1.000000
0.000000	282653.875000	227349.562500	1.000000
0.000000	25034.826172	-23206.433594	1.000000
0.000000	2203343.750000	933848.812500	1.000000
0.177793	-74.782822	91.225159	1.000000
0.000000	232.376923	1.222173	1.000000
0.000000	-3260.126221	-485.670166	1.000000
0.000000	-1653.483521	1570.303101	1.000000
0.000000	29.626242	145.654312	1.000000
0.000000	50.475483	98.282562	1.000000
0.000000	-1067.841919	1140.092163	1.000000
0.000000	785.237366	-106.214981	1.000000
0.000000	200.826981	-330.908295	1.000000
0.000000	-4355021.000000	2416277.250000	1.000000
0.000000	975.271362	536.522522	1.000000
0.000000	25.378181	-88032.359375	1.000000
0.000000	1711789.125000	-2028472.500000	1.000000
0.000000	783.845947	-1660.840332	1.000000
0.000000	-388.209839	-5216.050293	1.000000
0.000000	691415.187500	-227295.812500	1.000000
0.000000	12310197.000000	-6573529.500000	1.000000
0.000000	-21909.365234	-21358.468750	1.000000
0.000000	170530.796875	-24436.773438	1.000000
0.000000	91.346039	49.419632	1.000000
0.000000	141.227127	12.385260	1.000000
0.000000	771.045471	-1750.111572	1.000000
0.000000	-46.860397	-125.061195	1.000000
0.000000	50.117035	-123.366165	1.000000
0.000000	-838.038940	920.436584	1.000000
0.000000	-59.278954	-3150.563721	1.000000
0.000000	-53708.453125	119833.890625	1.000000
0.000000	37.966240	103.543564	1.000000
0.000000	-199.821579	-13.391174	1.000000
0.000000	-283.918671	-1119.841187	1.000000
0.000000	-64749.128906	15626.839844	1.000000
0.000000	2387.397705	633.917053	1.000000
0.000000	55659.160156	149484.296875	1.000000
0.000000	-13081.430664	6652.416992	1.000000
0.000000	-41656.488281	-29878.496094	1.000000
0.000000	-8586.727539	13721.216797	1.000000
0.000000	162.177734	272.685059	1.000000
0.000000	-191.887161	61.506035	1.000000
0.000000	1437.836182	3290.345459	1.000000
0.000000	474.927032	-372.481720	1.000000
0.000000	2028.039551	245.526367	1.000000
0.000000	534.631592	-376.321777	1.000000
0.000000	14026.066406	-14079.210938	1.000000
0.000000	-160.703293	-49.429443	1.000000
0.000000	-1104.478760	1675.750366	1.000000
0.000000	113.359222	140.841476	1.000000
0.000000	-13500.952148	-2946.690186	1.000000
0.000000	-28560.316406	-61383.312500	1.000000
0.000000	1608.305420	7914.303711	1.000000
0.000000	-2631.683105	1979.081543	1.000000
0.000000	-59.756947	-82.375145	1.000000
0.000000	177.429825	334.741943	1.000000
0.000000	-3929.786377	-16166.266602	1.000000
0.000000	601.448181	-75.054726	1.000000
0.000000	-8610.980469	12919.167969	1.000000
0.000000	-947.583496	-3014.405762	1.000000
0.000000	961.156921	399.872284	1.000000
0.000000	118.537430	-217.190552	1.000000
0.000000	-5817.357910	-20538.208984	1.000000
0.000000	-7.213198	-149.546402	1.000000
0.000000	22562.207031	-24428.111328	1.000000
0.000000	-182.517197	-47.327599	1.000000
0.000000	-3300464.250000	1376390.750000	1.000000
0.000000	-17928.029297	-1097.708130	1.000000
0.000000	15.624062	418.997559	1.000000
0.000000	100.114403	-178.430054	1.000000
0.000000	6628.097168	2869.732422	1.000000
0.000000	-26298.662109	-23419.832031	1.000000
0.000000	-586712.625000	317352.343750	1.000000
0.000000	-108536.234375	249250.578125	1.000000
0.000000	38204.320312	-56191.003906	1.000000
0.000000	486.194550	-1587.462036	1.000000
0.000000	36.695015	13.492912	1.000000
0.000000	-179.809113	-596.371094	1.000000
0.000000	-339.524536	510.741547	1.000000
0.000000	4112436.000000	2116301.500000	1.000000
0.000000	-2.265222	176.186295	1.000000
0.000000	-45206.566406	75794.968750	1.000000
0.000000	545.325012	1616.951172	1.000000
0.000000	4660.809082	12608.752930	1.000000
0.000000	636.760193	1784.007812	1.000000
0.000000	-43973.769531	2236.899170	1.000000
0.000000	245892.203125	-842228.687500	1.000000
0.000000	-65.847031	-65.921967	1.000000
0.268752	269.830597	-143.841995	1.000000
0.000000	-33050.808594	-139840.140625	1.000000
0.000000	-14278.497070	-13730.937500	1.000000
0.000000	-204.938980	-73.194496	1.000000
0.000000	-323376.406250	730136.875000	1.000000
0.000000	-31514.378906	-19761.445312	1.000000
0.000000	-263.293304	-1002.648560	1.000000
0.000000	99.758881	-184.841843	1.000000
0.000000	-3798.900879	-12723.248047	1.000000
0.000000	40.756027	-148.826584	1.000000
0.000000	3148.364258	3166.999023	1.000000
0.000000	-55.792454	340.887970	1.000000
0.000000	799400.812500	-982912.687500	1.000000
0.000000	-204.935089	378.288208	1.000000
0.000000	-3451.078369	-2040.585327	1.000000
0.000000	10.605268	2723.636963	1.000000
0.000000	-190.481018	172.226913	1.000000
0.000000	19943.068359	10387.171875	1.000000
0.000000	-104.648087	616.121033	1.000000
0.000000	-3192.919434	-1856.928833	1.000000
0.000000	65044.246094	112492.101562	1.000000
0.000000	132.496933	93.659546	1.000000
0.000000	484892.843750	100640.078125	1.000000
0.000000	-111.029274	106.848396	1.000000
0.000000	79.795082	111.171471	1.000000
0.000000	288.584198	-63.297794	1.000000
0.000000	-108.673073	-84.307175	1.000000
0.000000	-52493.730469	-3175.532471	1.000000
0.000000	11301.301758	1223.307007	1.000000
0.000000	-127.061493	-7.484877	1.000000
0.000000	-103.234108	1897.760742	1.000000
0.000000	-7863.930176	-92972.515625	1.000000
0.000000	-456.670074	1257.011963	1.000000
0.000000	74.930634	163.322800	1.000000
0.114633	151.334198	-22.075748	1.000000
0.000000	49.356270	155.268463	1.000000
0.000000	-42752.566406	-77836.132812	1.000000
0.000000	447.149261	-974.130981	1.000000
0.000000	-111.705498	165.822998	1.000000
0.000000	-3.767542	-357.701202	1.000000
0.000000	-442.081421	526.366089	1.000000
0.000000	262.766754	198.699249	1.000000
0.000000	172.131409	819.026489	1.000000
0.000000	-92.889587	-4.589557	1.000000
0.000000	90.977112	404.467682	1.000000
0.000000	-10810.038086	568.629822	1.000000
0.000000	28171368.000000	16549397.000000	1.000000
0.000000	178.179123	-496.012115	1.000000
0.000000	-32849.039062	266890.937500	1.000000
0.000000	-39.465862	10.084436	1.000000
0.000000	1324.396973	2779.639160	1.000000
0.000000	4728.924316	10634.625977	1.000000
0.000000	-48719.359375	-126250.796875	1.000000
0.000000	222.994598	-423.226410	1.000000
0.000000	1929694.125000	165109.984375	1.000000
0.000000	-180291.171875	-177937.812500	1.000000
0.000000	-70060.195312	13846.635742	1.000000
0.000000	151.079468	31.184126	1.000000
0.000000	-131050.062500	14777.810547	1.000000
0.000000	-899.931702	147.510254	1.000000
0.000000	-1205.756958	1151.194458	1.000000
0.000000	-1136.711182	982.649780	1.000000
0.000000	49214.792969	57374.812500	1.000000
0.000000	84026.820312	3798.488037	1.000000
0.000000	873.487610	-461.474487	1.000000
0.000000	-182.435638	-185.379349	1.000000
0.000000	-1589278.625000	-1200867.375000	1.000000
0.547390	-83.258858	92.197388	1.000000
0.000000	2590553.750000	19191.031250	1.000000
0.000000	69.451324	-1.891516	1.000000
0.000000	-10334.406250	13034.228516	1.000000
0.000000	1826645.375000	135509.734375	1.000000
0.000000	-1587.276978	598.583496	1.000000
0.000000	78.895287	5.885266	1.000000
0.000000	187.046585	75.314850	1.000000
0.000000	605.958923	1080.378052	1.000000
0.000000	-10483.458008	7272.887207	1.000000
0.000000	-178.790176	121.646561	1.000000
0.000000	27326.205078	25696.535156	1.000000
0.000000	-70.369354	158.893356	1.000000
0.000000	264.092987	300.373810	1.000000
0.000000	147.375305	-9100.494141	1.000000
0.000000	-5403.997559	9769.531250	1.000000
0.000000	459028.718750	25730.394531	1.000000
0.000000	-829.635437	1031.180664	1.000000
0.000000	2017.287109	-5378.557129	1.000000
0.000000	3483.198730	-1891.009033	1.000000
0.000000	31.954876	-94.240173	1.000000
0.000000	53.921993	76.622688	1.000000
0.000000	1051.857666	-560.113159	1.000000
0.000000	1184.818237	11928.715820	1.000000
0.000000	18235.210938	-23746.521484	1.000000
0.000000	121.009232	-2.210684	1.000000
0.124604	-23.775412	-11.248812	1.000000
0.000000	1312.784424	1063.514404	1.000000
0.000000	211.139969	-40.551517	1.000000
0.000000	73.054230	-24.894583	1.000000
0.000000	-1626.564453	71.510506	1.000000
0.000000	75125.421875	-7430.151367	1.000000
0.000000	28.258511	209.121155	1.000000
0.000000	-411.031494	-720.712036	1.000000
0.000000	1191.424072	-9800.701172	1.000000
0.000000	145.185852	133.130371	1.000000
0.000000	83.392235	88.542183	1.000000
0.000000	-3955.371338	-4784.802246	1.000000
0.000000	313.870209	199.462692	1.000000
0.000000	-1866.074585	-2847.538330	1.000000
0.483455	-78.255844	89.544586	1.000000
0.000000	22211.984375	38885.351562	1.000000
0.114633	147.507172	-24.402821	1.000000
0.000000	680.996765	-553.310364	1.000000
0.000000	1076.321533	597.701111	1.000000
0.000000	-311.274323	430.131165	1.000000
0.000000	12.691251	-156.575317	1.000000
0.000000	9480.260742	5019.855957	1.000000
0.000000	-92774.453125	-330086.468750	1.000000
0.000000	7781.608887	16941.160156	1.000000
0.000000	78.777100	-28.799566	1.000000
0.000000	3332.143311	-1106.786987	1.000000
0.000000	-423475.187500	-81789.109375	1.000000
0.000000	-44105600.000000	-10494824.000000	1.000000
0.000000	5931.090820	-4766.845215	1.000000
0.000000	-210.248810	-33.858871	1.000000
0.000000	846.130859	-1793.717407	1.000000
0.000000	6013.629883	484.215454	1.000000
0.000000	-70.484276	-23.108101	1.000000
0.000000	-278.079651	1026.677612	1.000000
0.000000	-18812.048828	273.141479	1.000000
0.000000	-422.365906	-151.270676	1.000000
0.268752	273.204529	-142.242279	1.000000
0.000000	14356.167969	-11119.534180	1.000000
