0.000000	31392.523438	455911.875000	1.000000
0.000000	215050.437500	175406.578125	1.000000
0.000000	1211.794189	-12947.463867	1.000000
0.000000	-350.914612	646.194885	1.000000
0.000000	16875.294922	27220.609375	1.000000
0.000000	-13527.524414	716.145447	1.000000
0.000000	-529.933533	-2529.744873	1.000000
0.000000	-595488.062500	1523932.125000	1.000000
0.000000	3661.140381	-2055.805664	1.000000
0.000000	9292453.000000	3386659.750000	1.000000
0.000000	78697400.000000	19959642.000000	1.000000
0.000000	-442.567139	-230.340332	1.000000
0.000000	-377.032532	249.176025	1.000000
0.000000	86.194695	-416.843903	1.000000
0.000000	-73337376.000000	-31090268.000000	1.000000
0.000000	885.882141	-4434.136230	1.000000
0.000000	415.247070	-577.264526	1.000000
0.000000	-6260.081543	7954.794922	1.000000
0.000000	-986.899841	43.406448	1.000000
0.000000	-362.903717	450.025543	1.000000
0.000000	959.074524	8178.795898	1.000000
0.000000	10401.914062	85119.289062	1.000000
0.000000	-81.230766	992.554810	1.000000
0.000000	359.417938	-23.359259	1.000000
0.000000	-207009.703125	-53458.222656	1.000000
0.000000	587.982605	-45.301697	1.000000
0.000000	10384.381836	35200.441406	1.000000
0.000000	-4099.042969	11546.158203	1.000000
0.000000	561.313782	-264.876373	1.000000
0.000000	-61292.617188	-273296.843750	1.000000
0.000000	5069.006836	-8763.640625	1.000000
0.000000	5048.541992	949.556030	1.000000
0.000000	-425.531555	529.824158	1.000000
0.000000	-664.752869	-88.346237	1.000000
0.000000	-376.639984	-142.016617	1.000000
0.000000	5021.126953	2853.577393	1.000000
0.000000	-152.597565	-131.523880	1.000000
0.000000	-5873.857910	-1615.945679	1.000000
0.000000	-246224.203125	-73896.406250	1.000000
0.000000	-46599.949219	-6266.340332	1.000000
0.000000	601.004211	200.696762	1.000000
0.000000	640.239563	-129.037903	1.000000
0.000000	-3.408972	411.929688	1.000000
0.000000	-158.815689	-291.575195	1.000000
0.000000	69.407990	407.714447	1.000000
0.000000	-626.122131	-111.756027	1.000000
0.000000	-3938.358398	3255.046387	1.000000
0.000000	-925.704590	572.889954	1.000000
0.000000	-150.420975	-426.659058	1.000000
0.000000	-424.546326	-116.856972	1.000000
0.000000	7213.017090	6261.214844	1.000000
0.000000	-962.717712	1549.465942	1.000000
0.000000	-70.881882	1206.388672	1.000000
0.000000	-3496.550537	-11508.551758	1.000000
0.000000	459.431213	21.199690	1.000000
0.000000	-12.317236	-437.338135	1.000000
0.000000	301.219269	111.856949	1.000000
0.000000	29405522.000000	-21550876.000000	1.000000
0.000000	-692.140930	1762.959595	1.000000
0.000000	385.657928	649.114807	1.000000
0.000000	1624.995728	26095.666016	1.000000
0.000000	3328.676270	-1807.178711	1.000000
0.000000	-179.650574	-397.174500	1.000000
0.000000	252.659515	-504.591949	1.000000
0.000000	5281.676270	-3033.715332	1.000000
0.000000	401202.187500	-1051564.750000	1.000000
0.000000	40061.500000	142446.125000	1.000000
0.000000	899154304.000000	-490293056.000000	1.000000
0.000000	5008.213867	-15000.142578	1.000000
0.000000	-11819835.000000	-661096.937500	1.000000
0.000000	10697.311523	-14971.555664	1.000000
0.000000	-69.179718	-519.612366	1.000000
0.000000	-396.598267	-877.551697	1.000000
0.000000	-338.064880	916.517334	1.000000
0.000000	424125.187500	2449.558350	1.000000
0.000000	-9505.771484	10600.700195	1.000000
0.000000	-334.386505	499.645813	1.000000
0.000000	18.159115	-449.055389	1.000000
0.000000	3437.880371	-13450.168945	1.000000
0.000000	-935690816.000000	516809408.000000	1.000000
0.000000	1333545.500000	80396.921875	1.000000
0.000000	370941.187500	-121757.546875	1.000000
0.000000	282265.750000	227446.593750	1.000000
0.000000	24755.861328	-23060.886719	1.000000
0.000000	2203343.750000	933460.687500	1.000000
0.000000	-236.995102	356.898621	1.000000
0.000000	-69.158134	-68.979332	1.000000
0.000000	-3066.063721	-243.097092	1.000000
0.000000	-1689.870239	1878.832153	1.000000
0.000000	172.803986	421.207886	1.000000
0.000000	-29.295362	-201.803619	1.000000
0.000000	-1367.274292	1058.222046	1.000000
0.000000	1047.524902	-272.498047	1.000000
0.000000	269.885803	-28.185680	1.000000
0.000000	-4355021.000000	2416277.250000	1.000000
0.000000	1243.692139	692.303162	1.000000
0.000000	-278.496033	-88080.875000	1.000000
0.000000	1711789.125000	-2028472.500000	1.000000
0.000000	841.837280	-1356.101562	1.000000
0.000000	-132.934265	-5391.919434	1.000000
0.000000	691415.187500	-227586.906250	1.000000
0.000000	12310197.000000	-6573529.500000	1.000000
0.000000	-21982.138672	-21661.691406	1.000000
0.000000	170821.890625	-24618.707031	1.000000
0.000000	-42.558834	325.899811	1.000000
0.000000	438.963837	-79.026070	1.000000
0.000000	470.476013	-1827.433350	1.000000
0.000000	-251.154663	-358.921051	1.000000
0.000000	163.129578	-412.564789	1.000000
0.000000	-927.110596	1217.726685	1.000000
0.000000	-360.289001	-3074.758057	1.000000
0.000000	-54023.804688	119833.890625	1.000000
0.000000	143.482452	391.045288	1.000000
0.000000	-500.241302	65.300911	1.000000
0.000000	14.686599	-1034.938843	1.000000
0.000000	-64482.292969	15457.035156	1.000000
0.000000	2479.880615	930.317200	1.000000
0.000000	55901.738281	149678.359375	1.000000
0.000000	-13378.588867	6555.385742	1.000000
0.000000	-41899.066406	-29696.562500	1.000000
0.000000	-8332.020508	13897.085938	1.000000
0.000000	442.658691	405.723999	1.000000
0.000000	-420.604187	271.575439	1.000000
0.000000	1661.462891	3075.057373	1.000000
0.000000	774.738403	-453.404266	1.000000
0.000000	1828.670654	7.567571	1.000000
0.000000	595.276123	-680.765930	1.000000
0.000000	13959.357422	-14382.433594	1.000000
0.000000	-425.454590	-211.579636	1.000000
0.000000	-1221.977539	1388.446899	1.000000
0.000000	335.280304	358.024689	1.000000
0.000000	-13197.729492	-3014.915283	1.000000
0.000000	-28754.378906	-61625.890625	1.000000
0.000000	1778.110107	8175.075195	1.000000
0.000000	-2442.168945	1733.471191	1.000000
0.000000	224.347809	-207.643997	1.000000
0.000000	-23.688303	104.808220	1.000000
0.000000	-3732.691650	-15923.688477	1.000000
0.000000	899.743469	11.596112	1.000000
0.000000	-8920.267578	12943.425781	1.000000
0.000000	-853.963501	-3310.047852	1.000000
0.000000	927.423401	708.470154	1.000000
0.000000	421.949615	-283.085632	1.000000
0.000000	-5511.103027	-20489.693359	1.000000
0.000000	9.120543	-459.591583	1.000000
0.000000	22477.304688	-24731.333984	1.000000
0.000000	-391.897064	-276.641479	1.000000
0.000000	-3300464.250000	1376390.750000	1.000000
0.000000	-18037.189453	-1387.285767	1.000000
0.000000	-114.965630	700.615601	1.000000
0.000000	203.601898	-471.204315	1.000000
0.000000	6728.160645	2575.606445	1.000000
0.000000	-26007.568359	-23322.800781	1.000000
0.000000	-586712.625000	317546.406250	1.000000
0.000000	-108536.234375	248959.484375	1.000000
0.000000	37888.968750	-56191.003906	1.000000
0.000000	687.079590	-1823.975708	1.000000
0.000000	185.847000	285.824677	1.000000
0.000000	-250.782166	-294.148926	1.000000
0.000000	-424.237366	809.415894	1.000000
0.000000	4112436.000000	2116301.500000	1.000000
0.000000	299.378937	237.375290	1.000000
0.000000	-45327.855469	76086.062500	1.000000
0.000000	825.426941	1751.127197	1.000000
0.000000	4960.999512	12529.915039	1.000000
0.000000	606.058899	1474.720703	1.000000
0.000000	-44192.089844	2464.316162	1.000000
0.000000	245601.109375	-842228.687500	1.000000
0.000000	-346.717499	-198.225082	1.000000
0.000000	577.570251	-119.859077	1.000000
0.000000	-32929.519531	-140131.234375	1.000000
0.000000	-14381.592773	-13439.843750	1.000000
0.000000	-514.999756	-88.924171	1.000000
0.000000	-323764.531250	730136.875000	1.000000
0.000000	-31247.542969	-19603.769531	1.000000
0.000000	-543.985352	-1135.308472	1.000000
0.000000	183.634842	-483.728241	1.000000
0.000000	-3501.742676	-12814.214844	1.000000
0.000000	130.545837	-446.018951	1.000000
0.000000	3240.847168	2871.356934	1.000000
0.000000	91.444305	71.174202	1.000000
0.000000	799012.687500	-982912.687500	1.000000
0.000000	-511.174164	430.025574	1.000000
0.000000	-3153.920166	-2128.519775	1.000000
0.000000	-54.642574	3026.859619	1.000000
0.000000	-409.559387	392.288910	1.000000
0.000000	19785.392578	10654.007812	1.000000
0.000000	201.390717	563.815125	1.000000
0.000000	-3488.561523	-1953.960083	1.000000
0.000000	65141.277344	112783.195312	1.000000
0.000000	363.322479	300.948395	1.000000
0.000000	484892.843750	100931.171875	1.000000
0.000000	-335.603546	321.254822	1.000000
0.000000	78.583473	421.755371	1.000000
0.000000	341.837677	242.587463	1.000000
0.000000	-418.528748	-104.064026	1.000000
0.000000	-52372.441406	-2893.535400	1.000000
0.000000	11465.041992	1487.110718	1.000000
0.000000	-43.739647	-307.597687	1.000000
0.000000	78.079445	1645.327881	1.000000
0.000000	-7879.091309	-93263.609375	1.000000
0.000000	-642.716553	1008.369385	1.000000
0.000000	-126.875389	395.392822	1.000000
0.000000	449.122467	-113.211327	1.000000
0.000000	63.037472	466.344910	1.000000
0.000000	-42995.144531	-77642.070312	1.000000
0.000000	204.401779	-1168.095947	1.000000
0.000000	49.906494	430.953308	1.000000
0.000000	-142.713608	-80.054771	1.000000
0.000000	-470.508545	835.653198	1.000000
0.000000	479.760468	-23.402876	1.000000
0.000000	245.947174	1120.733032	1.000000
0.000000	-238.163635	269.825775	1.000000
0.000000	341.080292	588.407166	1.000000
0.000000	-11119.325195	545.888123	1.000000
0.000000	28171368.000000	16549397.000000	1.000000
0.000000	387.557037	-725.324219	1.000000
0.000000	-32727.750000	266696.875000	1.000000
0.000000	-349.878418	2.195571	1.000000
0.000000	1582.894287	2608.318359	1.000000
0.000000	4425.701660	10707.399414	1.000000
0.000000	-48404.007812	-126250.796875	1.000000
0.000000	-49.612209	-571.805542	1.000000
0.000000	1929694.125000	165304.046875	1.000000
0.000000	-180000.078125	-177937.812500	1.000000
0.000000	-70302.773438	13670.766602	1.000000
0.000000	335.642731	-213.298889	1.000000
0.000000	-131147.093750	15074.968750	1.000000
0.000000	-1176.792114	287.940247	1.000000
0.000000	-1400.577515	909.554077	1.000000
0.000000	-1217.065186	1282.787964	1.000000
0.000000	49287.566406	57665.906250	1.000000
0.000000	83784.242188	3612.006104	1.000000
0.000000	1169.322388	-367.096436	1.000000
0.000000	-458.393524	-327.657440	1.000000
0.000000	-1589278.625000	-1200867.375000	1.000000
0.000000	-382.879211	173.806747	1.000000
0.000000	2590553.750000	19469.996094	1.000000
0.000000	175.644043	-291.799591	1.000000
0.000000	-10516.339844	13288.935547	1.000000
0.000000	1826645.375000	135315.671875	1.000000
0.000000	-1551.648315	907.112549	1.000000
0.000000	380.562103	75.052254	1.000000
0.000000	443.563171	-92.287674	1.000000
0.000000	358.074402	893.403015	1.000000
0.000000	-10695.713867	7500.304199	1.000000
0.000000	-483.149902	183.139008	1.000000
0.000000	27338.333984	26011.886719	1.000000
0.000000	156.286896	371.149200	1.000000
0.000000	278.117035	610.548279	1.000000
0.000000	-154.680023	-9027.720703	1.000000
0.000000	-5713.284668	9775.595703	1.000000
0.000000	459222.781250	25499.945312	1.000000
0.000000	-1120.729248	1138.824707	1.000000
0.000000	2267.352539	-5193.591309	1.000000
0.000000	3489.263184	-2201.812256	1.000000
0.000000	201.781891	165.687424	1.000000
0.000000	319.444550	237.535339	1.000000
0.000000	918.139771	-840.215088	1.000000
0.000000	1220.446899	11619.428711	1.000000
0.000000	17931.988281	-23807.166016	1.000000
0.000000	430.675385	-24.783058	1.000000
0.000000	-7.084786	-319.577728	1.000000
0.000000	1055.045166	1236.351318	1.000000
0.000000	521.564148	-48.487423	1.000000
0.000000	124.515617	280.318878	1.000000
0.000000	-1330.922363	166.201080	1.000000
0.000000	75416.515625	-7396.796875	1.000000
0.000000	110.933525	508.378845	1.000000
0.000000	-100.559860	-720.712036	1.000000
0.000000	1171.714600	-9491.414062	1.000000
0.000000	332.938446	380.446350	1.000000
0.000000	320.224792	289.348175	1.000000
0.000000	-3812.856689	-4508.869629	1.000000
0.000000	620.125122	250.062973	1.000000
0.000000	-2115.270020	-3032.504150	1.000000
0.000000	51.272915	369.420715	1.000000
0.000000	22260.500000	39200.703125	1.000000
0.000000	456.954071	-23.547472	1.000000
0.000000	991.420959	-548.003967	1.000000
0.000000	1344.673584	753.860779	1.000000
0.000000	-324.161285	740.226318	1.000000
0.000000	208.553055	-397.486908	1.000000
0.000000	9637.936523	4753.020020	1.000000
0.000000	-92628.906250	-330280.531250	1.000000
0.000000	8090.895996	16953.289062	1.000000
0.000000	279.093567	-266.051636	1.000000
0.000000	3433.722900	-813.146973	1.000000
0.000000	-423281.125000	-82031.687500	1.000000
0.000000	-44105600.000000	-10494824.000000	1.000000
0.000000	6070.573242	-4490.912598	1.000000
0.000000	-328.086395	253.381500	1.000000
0.000000	1118.273193	-1644.380249	1.000000
0.000000	5771.051758	291.290039	1.000000
0.000000	-358.735291	-138.557785	1.000000
0.000000	-588.124817	1011.516479	1.000000
0.000000	-18763.533203	-33.420853	1.000000
0.000000	-732.790100	-159.893570	1.000000
0.000000	310.566742	-450.763885	1.000000
0.000000	14641.197266	-10998.245117	1.000000
