0.000000	31490.804688	455819.375000	1.000000
0.000000	215004.187500	175267.828125	1.000000
0.000000	1189.753174	-12800.041992	1.000000
0.000000	-498.878479	648.362854	1.000000
0.000000	16886.857422	27370.921875	1.000000
0.000000	-13672.055664	749.568298	1.000000
0.000000	-662.721619	-2464.705811	1.000000
0.000000	-595303.062500	1523932.125000	1.000000
0.000000	3585.261475	-2182.993164	1.000000
0.000000	9292453.000000	3386659.750000	1.000000
0.000000	78697400.000000	19959642.000000	1.000000
0.000000	-299.752197	-191.587891	1.000000
0.000000	-306.934875	118.825317	1.000000
0.000000	91.637199	-268.970367	1.000000
0.000000	-73337376.000000	-31090268.000000	1.000000
0.000000	757.068665	-4506.401855	1.000000
0.000000	380.559570	-433.406616	1.000000
0.000000	-6183.479980	7827.607422	1.000000
0.000000	-987.261169	191.413910	1.000000
0.000000	-312.137115	311.004547	1.000000
0.000000	927.277649	8034.264648	1.000000
0.000000	10268.945312	85049.914062	1.000000
0.000000	-52.595516	847.300903	1.000000
0.000000	249.489624	76.695328	1.000000
0.000000	-207102.203125	-53354.160156	1.000000
0.000000	440.423920	-56.886780	1.000000
0.000000	10387.272461	35350.753906	1.000000
0.000000	-3953.804443	11575.064453	1.000000
0.000000	431.958313	-192.972076	1.000000
0.000000	-61442.929688	-273296.843750	1.000000
0.000000	5157.170898	-8882.156250	1.000000
0.000000	4905.456055	913.061890	1.000000
0.000000	-289.039856	472.553680	1.000000
0.000000	-556.535095	-189.201950	1.000000
0.000000	-261.014984	-49.695530	1.000000
0.000000	4886.712891	2792.151611	1.000000
0.000000	-14.958192	-77.122871	1.000000
0.000000	-5759.678223	-1522.361694	1.000000
0.000000	-246270.453125	-73757.656250	1.000000
0.000000	-46715.574219	-6176.730957	1.000000
0.000000	486.844452	106.475296	1.000000
0.000000	554.785461	-8.246623	1.000000
0.000000	-2.080103	263.965820	1.000000
0.000000	-92.138512	-159.452438	1.000000
0.000000	51.010815	260.834564	1.000000
0.000000	-570.296936	-248.834885	1.000000
0.000000	-4059.764648	3339.597168	1.000000
0.000000	-841.695801	450.986969	1.000000
0.000000	-117.856277	-282.308472	1.000000
0.000000	-279.744080	-86.415077	1.000000
0.000000	7065.595215	6277.113281	1.000000
0.000000	-881.960876	1673.401489	1.000000
0.000000	13.237503	1328.156250	1.000000
0.000000	-3410.554443	-11629.958008	1.000000
0.000000	320.968750	-30.795683	1.000000
0.000000	-15.975683	-289.374268	1.000000
0.000000	153.314377	116.983292	1.000000
0.000000	29405522.000000	-21550876.000000	1.000000
0.000000	-572.902649	1675.518188	1.000000
0.000000	483.126190	537.645081	1.000000
0.000000	1701.235962	26222.853516	1.000000
0.000000	3272.309082	-1670.235352	1.000000
0.000000	-101.784355	-271.341980	1.000000
0.000000	172.806000	-380.024078	1.000000
0.000000	5372.730957	-2917.367676	1.000000
0.000000	401109.687500	-1051564.750000	1.000000
0.000000	40188.687500	142538.625000	1.000000
0.000000	899154304.000000	-490293056.000000	1.000000
0.000000	5103.604492	-14887.408203	1.000000
0.000000	-11819835.000000	-661281.937500	1.000000
0.000000	10622.155273	-15098.743164	1.000000
0.000000	-25.459011	-378.237885	1.000000
0.000000	-284.857544	-780.535095	1.000000
0.000000	-485.938416	921.575928	1.000000
0.000000	424310.187500	2486.413818	1.000000
0.000000	-9361.240234	10635.387695	1.000000
0.000000	-190.738068	535.236633	1.000000
0.000000	31.121761	-301.633514	1.000000
0.000000	3423.427246	-13302.747070	1.000000
0.000000	-935690816.000000	516809408.000000	1.000000
0.000000	1333545.500000	80258.171875	1.000000
0.000000	370756.187500	-121734.421875	1.000000
0.000000	282450.750000	227400.343750	1.000000
0.000000	24888.830078	-23130.261719	1.000000
0.000000	2203343.750000	933645.687500	1.000000
0.000000	-159.038559	231.075043	1.000000
0.000000	75.280899	-36.708210	1.000000
0.000000	-3158.563721	-358.717041	1.000000
0.000000	-1672.526489	1731.771606	1.000000
0.000000	104.558144	289.865112	1.000000
0.000000	8.728748	-58.763271	1.000000
0.000000	-1224.549683	1097.245483	1.000000
0.000000	922.505432	-193.241089	1.000000
0.000000	236.978867	-172.488297	1.000000
0.000000	-4355021.000000	2416277.250000	1.000000
0.000000	1115.781982	618.050232	1.000000
0.000000	-133.655624	-88057.750000	1.000000
0.000000	1711789.125000	-2028472.500000	1.000000
0.000000	814.195679	-1501.355469	1.000000
0.000000	-254.611511	-5308.091309	1.000000
0.000000	691415.187500	-227448.156250	1.000000
0.000000	12310197.000000	-6573529.500000	1.000000
0.000000	-21947.451172	-21517.160156	1.000000
0.000000	170683.140625	-24531.988281	1.000000
0.190862	21.704124	195.186844	1.000000
0.000000	297.323212	-35.990204	1.000000
0.000000	613.742615	-1790.577881	1.000000
0.000000	-153.776733	-247.451340	1.000000
0.000000	109.254379	-274.718109	1.000000
0.000000	-884.654541	1076.086060	1.000000
0.000000	-216.829391	-3110.890869	1.000000
0.000000	-53873.492188	119833.890625	1.000000
0.000000	91.164307	252.567413	1.000000
0.000000	-357.065033	27.812483	1.000000
0.000000	-127.648315	-1075.407593	1.000000
0.000000	-64609.480469	15537.972656	1.000000
0.000000	2435.798584	789.037903	1.000000
0.000000	55786.113281	149585.859375	1.000000
0.000000	-13236.948242	6601.635742	1.000000
0.000000	-41783.441406	-29783.281250	1.000000
0.000000	-8453.426758	13813.257812	1.000000
0.000000	308.967285	342.310913	1.000000
0.000000	-311.573425	171.449417	1.000000
0.000000	1554.871094	3177.674561	1.000000
0.000000	631.833130	-414.832489	1.000000
0.000000	1923.699951	121.001808	1.000000
0.000000	566.369873	-535.692688	1.000000
0.000000	13991.154297	-14237.902344	1.000000
0.000000	-299.260742	-134.300583	1.000000
0.000000	-1165.971680	1525.390259	1.000000
0.000000	229.501495	254.504196	1.000000
0.000000	-13342.260742	-2982.395752	1.000000
0.000000	-28661.878906	-61510.265625	1.000000
0.000000	1697.172607	8050.778320	1.000000
0.000000	-2532.500977	1850.541504	1.000000
0.000000	88.933578	-147.934525	1.000000
0.000000	74.205826	215.821564	1.000000
0.000000	-3826.636963	-16039.313477	1.000000
0.000000	757.560852	-29.704012	1.000000
0.000000	-8772.845703	12931.863281	1.000000
0.000000	-898.587524	-3169.129883	1.000000
0.000000	943.502502	561.409607	1.000000
0.000000	277.328033	-251.656342	1.000000
0.000000	-5657.079590	-20512.818359	1.000000
0.000000	1.335051	-311.808380	1.000000
0.000000	22517.773438	-24586.802734	1.000000
0.000000	-292.080170	-167.339706	1.000000
0.000000	-3300464.250000	1376390.750000	1.000000
0.000000	-17985.158203	-1249.258423	1.000000
0.000000	-52.724815	566.382202	1.000000
0.000000	154.280609	-331.641327	1.000000
0.000000	6680.465332	2715.801758	1.000000
0.000000	-26146.318359	-23369.050781	1.000000
0.000000	-586712.625000	317453.906250	1.000000
0.000000	-108536.234375	249098.234375	1.000000
0.000000	38039.281250	-56191.003906	1.000000
0.000000	591.327637	-1711.241333	1.000000
0.000000	114.755684	156.017563	1.000000
0.000000	-216.952820	-438.228516	1.000000
0.000000	-383.858948	667.052612	1.000000
0.000000	4112436.000000	2116301.500000	1.000000
0.000000	154.305679	208.152878	1.000000
0.000000	-45270.042969	75947.312500	1.000000
0.000000	691.916199	1687.172119	1.000000
0.000000	4817.913574	12567.493164	1.000000
0.000000	620.692688	1622.142578	1.000000
0.000000	-44088.027344	2355.917725	1.000000
0.000000	245739.859375	-842228.687500	1.000000
0.000000	-212.845428	-135.173325	1.000000
0.000000	429.967743	-131.269958	1.000000
0.000000	-32987.332031	-139992.484375	1.000000
0.000000	-14332.452148	-13578.593750	1.000000
0.000000	-367.216553	-81.426613	1.000000
0.000000	-323579.531250	730136.875000	1.000000
0.000000	-31374.730469	-19678.925781	1.000000
0.000000	-410.182037	-1072.076050	1.000000
0.000000	143.662918	-341.274628	1.000000
0.000000	-3643.383301	-12770.855469	1.000000
0.000000	87.749695	-304.378326	1.000000
0.000000	3196.765137	3012.274902	1.000000
0.190862	20.825987	198.670044	1.000000
0.000000	799197.687500	-982912.687500	1.000000
0.000000	-365.197601	405.364929	1.000000
0.000000	-3295.560791	-2086.605713	1.000000
0.000000	-23.544239	2882.328369	1.000000
0.000000	-305.135559	287.413422	1.000000
0.000000	19860.548828	10526.820312	1.000000
0.000000	55.515041	588.746765	1.000000
0.000000	-3347.643555	-1907.710083	1.000000
0.000000	65095.027344	112644.445312	1.000000
0.000000	254.201385	200.975708	1.000000
0.000000	484892.843750	100792.421875	1.000000
0.000000	-228.560089	219.072968	1.000000
0.000000	80.457863	273.791504	1.000000
0.000000	316.454376	96.791557	1.000000
0.000000	-270.835876	-94.646912	1.000000
0.000000	-52430.253906	-3027.949463	1.000000
0.000000	11386.995117	1361.368530	1.000000
0.000000	-83.959984	-165.172882	1.000000
0.000000	-8.343153	1765.650146	1.000000
0.000000	-7871.864746	-93124.859375	1.000000
0.000000	-554.010498	1126.885010	1.000000
0.000000	-29.094992	284.284424	1.000000
0.000000	307.662506	-69.693871	1.000000
0.000000	54.930172	318.561707	1.000000
0.000000	-42879.519531	-77734.570312	1.000000
0.000000	320.096954	-1075.595947	1.000000
0.000000	-27.127579	304.578796	1.000000
0.000000	-76.482658	-212.399384	1.000000
0.000000	-456.958740	688.231323	1.000000
0.000000	376.330292	82.457794	1.000000
0.000000	210.762848	976.924438	1.000000
0.000000	-168.924133	139.025009	1.000000
0.000000	221.854950	500.773529	1.000000
0.000000	-10971.903320	556.727966	1.000000
0.000000	28171368.000000	16549397.000000	1.000000
0.000000	287.740143	-616.022461	1.000000
0.000000	-32785.562500	266789.375000	1.000000
0.000000	-201.914551	5.955980	1.000000
0.000000	1459.681396	2689.978516	1.000000
0.000000	4570.232910	10672.711914	1.000000
0.000000	-48554.320312	-126250.796875	1.000000
0.000000	80.321106	-500.985199	1.000000
0.000000	1929694.125000	165211.546875	1.000000
0.000000	-180138.828125	-177937.812500	1.000000
0.000000	-70187.148438	13754.594727	1.000000
0.000000	246.665665	-95.047974	1.000000
0.000000	-131100.843750	14933.328125	1.000000
0.000000	-1044.907349	221.004211	1.000000
0.000000	-1307.716187	1024.638062	1.000000
0.000000	-1178.764404	1139.702026	1.000000
0.000000	49252.878906	57527.156250	1.000000
0.000000	83899.867188	3700.892822	1.000000
0.000000	1028.404419	-412.081787	1.000000
0.000000	-326.870087	-259.818085	1.000000
0.000000	-1589278.625000	-1200867.375000	1.000000
0.000000	-240.064285	134.918808	1.000000
0.000000	2590553.750000	19337.027344	1.000000
0.000000	124.243469	-153.016068	1.000000
0.000000	-10429.621094	13167.529297	1.000000
0.000000	1826645.375000	135408.171875	1.000000
0.000000	-1568.630737	760.052002	1.000000
0.000000	237.289154	42.148731	1.000000
0.000000	322.231812	-14.892151	1.000000
0.000000	476.228699	982.470398	1.000000
0.000000	-10594.541992	7391.905762	1.000000
0.000000	-338.076660	153.826263	1.000000
0.000000	27332.552734	25861.574219	1.000000
0.000000	48.249794	269.977325	1.000000
0.000000	271.432465	462.734955	1.000000
0.000000	-10.704983	-9062.408203	1.000000
0.000000	-5565.862793	9772.705078	1.000000
0.000000	459130.281250	25609.789062	1.000000
0.000000	-981.979187	1087.516113	1.000000
0.000000	2148.114258	-5281.755371	1.000000
0.000000	3486.372559	-2053.667725	1.000000
0.000000	120.842392	41.795021	1.000000
0.000000	192.889374	160.843445	1.000000
0.000000	981.914185	-706.704346	1.000000
0.000000	1203.464478	11766.850586	1.000000
0.000000	18076.519531	-23778.259766	1.000000
0.000000	283.072845	-14.022774	1.000000
0.000000	-15.375417	-171.794525	1.000000
0.000000	1177.896729	1153.968506	1.000000
0.000000	373.600281	-44.704769	1.000000
0.000000	100.780876	134.251968	1.000000
0.000000	-1471.840332	121.076775	1.000000
0.000000	75277.765625	-7412.695312	1.000000
0.000000	71.526176	365.744568	1.000000
0.000000	-248.568893	-720.712036	1.000000
0.000000	1181.109131	-9638.835938	1.000000
0.000000	243.425751	262.563049	1.000000
0.000000	207.329224	193.625656	1.000000
0.000000	-3880.786377	-4640.393066	1.000000
0.000000	474.148529	225.944321	1.000000
0.000000	-1996.598267	-2944.340088	1.000000
0.000000	-11.102508	235.187332	1.000000
0.000000	22237.375000	39050.390625	1.000000
0.000000	308.990204	-24.033007	1.000000
0.000000	843.457092	-550.533264	1.000000
0.000000	1216.763428	679.427185	1.000000
0.000000	-318.018707	592.443115	1.000000
0.000000	115.194908	-282.674896	1.000000
0.000000	9562.780273	4880.207520	1.000000
0.000000	-92698.281250	-330188.031250	1.000000
0.000000	7943.474121	16947.507812	1.000000
0.000000	183.612610	-152.955948	1.000000
0.000000	3385.304932	-953.161621	1.000000
0.000000	-423373.625000	-81916.062500	1.000000
0.000000	-44105600.000000	-10494824.000000	1.000000
0.000000	6004.088867	-4622.436035	1.000000
0.000000	-271.899872	116.440048	1.000000
0.000000	988.556396	-1715.561890	1.000000
0.000000	5886.676758	383.248047	1.000000
0.000000	-221.340286	-83.527336	1.000000
0.000000	-440.341614	1018.743042	1.000000
0.000000	-18786.658203	112.706726	1.000000
0.000000	-584.826233	-155.783463	1.000000
0.000000	293.674652	-303.703339	1.000000
0.000000	14505.337891	-11056.057617	1.000000
