0.000000	31416.097656	455889.687500	1.000000
0.000000	215039.343750	175373.296875	1.000000
0.000000	1206.507324	-12912.102539	1.000000
0.000000	-386.405945	646.714905	1.000000
0.000000	16878.068359	27256.664062	1.000000
0.000000	-13562.192383	724.162415	1.000000
0.000000	-561.784729	-2514.144287	1.000000
0.000000	-595443.687500	1523932.125000	1.000000
0.000000	3642.939697	-2086.313477	1.000000
0.000000	9292453.000000	3386659.750000	1.000000
0.000000	78697400.000000	19959642.000000	1.000000
0.000000	-408.310852	-221.044983	1.000000
0.000000	-360.218567	217.909851	1.000000
0.000000	87.500160	-381.374237	1.000000
0.000000	-73337376.000000	-31090268.000000	1.000000
0.000000	854.984314	-4451.470215	1.000000
0.000000	406.926758	-542.769897	1.000000
0.000000	-6241.707520	7924.287109	1.000000
0.000000	-986.986511	78.907043	1.000000
0.000000	-350.726593	416.679291	1.000000
0.000000	951.447571	8144.127930	1.000000
0.000000	10370.019531	85102.648438	1.000000
0.000000	-74.362175	957.713501	1.000000
0.000000	333.286957	0.668720	1.000000
0.000000	-207031.890625	-53433.261719	1.000000
0.000000	552.577942	-48.080551	1.000000
0.000000	10385.075195	35236.496094	1.000000
0.000000	-4064.217041	11553.091797	1.000000
0.000000	530.285950	-247.629059	1.000000
0.000000	-61328.671875	-273296.843750	1.000000
0.000000	5090.154297	-8792.068359	1.000000
0.000000	5014.220703	940.802368	1.000000
0.000000	-392.791992	516.086975	1.000000
0.000000	-638.795227	-112.537979	1.000000
0.000000	-348.905609	-119.872452	1.000000
0.000000	4988.885742	2838.843506	1.000000
0.000000	-119.585777	-118.476097	1.000000
0.000000	-5846.470215	-1593.498169	1.000000
0.000000	-246235.296875	-73863.125000	1.000000
0.000000	-46627.683594	-6244.846191	1.000000
0.000000	573.616516	178.097580	1.000000
0.000000	619.742126	-100.063263	1.000000
0.000000	-3.090223	376.438354	1.000000
0.000000	-142.825089	-259.875671	1.000000
0.000000	64.993240	372.483124	1.000000
0.000000	-612.731628	-144.636429	1.000000
0.000000	-3967.479492	3275.327148	1.000000
0.000000	-905.553833	543.638855	1.000000
0.000000	-142.609848	-392.034424	1.000000
0.000000	-389.813354	-109.555031	1.000000
0.000000	7177.655762	6265.028320	1.000000
0.000000	-943.346985	1579.193726	1.000000
0.000000	-50.704041	1235.596436	1.000000
0.000000	-3475.923096	-11537.672852	1.000000
0.000000	426.648315	7.585731	1.000000
0.000000	-13.194769	-401.846802	1.000000
0.000000	265.749603	113.086578	1.000000
0.000000	29405522.000000	-21550876.000000	1.000000
0.000000	-663.539856	1741.985474	1.000000
0.000000	409.037140	622.377136	1.000000
0.000000	1643.283081	26126.173828	1.000000
0.000000	3315.155762	-1774.330811	1.000000
0.000000	-160.973206	-366.991699	1.000000
0.000000	233.505463	-474.712494	1.000000
0.000000	5303.517090	-3005.807617	1.000000
0.000000	401180.000000	-1051564.750000	1.000000
0.000000	40092.007812	142468.312500	1.000000
0.000000	899154304.000000	-490293056.000000	1.000000
0.000000	5031.094727	-14973.101562	1.000000
0.000000	-11819835.000000	-661141.312500	1.000000
0.000000	10679.284180	-15002.063477	1.000000
0.000000	-58.692654	-485.697906	1.000000
0.000000	-369.795593	-854.280823	1.000000
0.000000	-373.534546	917.730713	1.000000
0.000000	424169.562500	2458.398682	1.000000
0.000000	-9471.103516	10609.020508	1.000000
0.000000	-299.935211	508.182800	1.000000
0.000000	21.268398	-413.694061	1.000000
0.000000	3434.413574	-13414.807617	1.000000
0.000000	-935690816.000000	516809408.000000	1.000000
0.000000	1333545.500000	80363.640625	1.000000
0.000000	370896.812500	-121752.000000	1.000000
0.000000	282310.125000	227435.500000	1.000000
0.000000	24787.755859	-23077.527344	1.000000
0.000000	2203343.750000	933505.062500	1.000000
0.000000	-218.296066	326.715820	1.000000
0.000000	-34.511837	-61.238621	1.000000
0.000000	-3088.251221	-270.826416	1.000000
0.000000	-1685.710083	1843.557495	1.000000
0.000000	156.434204	389.703369	1.000000
0.000000	-20.174707	-167.493164	1.000000
0.000000	-1333.039673	1067.582397	1.000000
0.000000	1017.537170	-253.494232	1.000000
0.000000	261.998840	-62.796772	1.000000
0.000000	-4355021.000000	2416277.250000	1.000000
0.000000	1213.010986	674.492493	1.000000
0.000000	-243.759232	-88075.328125	1.000000
0.000000	1711789.125000	-2028472.500000	1.000000
0.000000	835.207031	-1390.942871	1.000000
0.000000	-162.120361	-5371.812012	1.000000
0.000000	691415.187500	-227553.625000	1.000000
0.000000	12310197.000000	-6573529.500000	1.000000
0.000000	-21973.818359	-21627.023438	1.000000
0.000000	170788.609375	-24597.906250	1.000000
0.000000	-27.280972	293.853607	1.000000
0.000000	404.989227	-68.701515	1.000000
0.000000	504.840637	-1818.593018	1.000000
0.000000	-227.797119	-332.183380	1.000000
0.000000	150.204926	-379.500214	1.000000
0.000000	-916.926880	1183.752075	1.000000
0.000000	-325.881042	-3083.425049	1.000000
0.000000	-53987.750000	119833.890625	1.000000
0.000000	130.936981	357.829041	1.000000
0.000000	-465.898346	56.308903	1.000000
0.000000	-19.453686	-1044.645874	1.000000
0.000000	-64512.800781	15476.449219	1.000000
0.000000	2469.306885	896.429260	1.000000
0.000000	55874.003906	149656.171875	1.000000
0.000000	-13344.614258	6566.479492	1.000000
0.000000	-41871.332031	-29717.363281	1.000000
0.000000	-8361.141602	13876.978516	1.000000
0.000000	410.590820	390.513428	1.000000
0.000000	-394.451538	247.564072	1.000000
0.000000	1635.895264	3099.671631	1.000000
0.000000	740.460449	-444.152252	1.000000
0.000000	1851.464844	34.776299	1.000000
0.000000	588.342529	-645.967957	1.000000
0.000000	13966.984375	-14347.765625	1.000000
0.000000	-395.185120	-193.043106	1.000000
0.000000	-1208.543701	1421.294800	1.000000
0.000000	309.907684	333.193756	1.000000
0.000000	-13232.397461	-3007.114990	1.000000
0.000000	-28732.191406	-61598.156250	1.000000
0.000000	1758.696045	8145.260742	1.000000
0.000000	-2463.836426	1761.552246	1.000000
0.000000	191.868256	-193.321793	1.000000
0.000000	-0.207524	131.432831	1.000000
0.000000	-3755.225830	-15951.422852	1.000000
0.000000	865.638855	1.689512	1.000000
0.000000	-8884.906250	12940.652344	1.000000
0.000000	-864.667236	-3276.246582	1.000000
0.000000	931.280212	673.195496	1.000000
0.000000	387.259979	-275.545349	1.000000
0.000000	-5546.117676	-20495.240234	1.000000
0.000000	7.253077	-424.143585	1.000000
0.000000	22487.011719	-24696.666016	1.000000
0.000000	-367.954498	-250.423813	1.000000
0.000000	-3300464.250000	1376390.750000	1.000000
0.000000	-18024.708984	-1354.177856	1.000000
0.000000	-100.036736	668.417725	1.000000
0.000000	191.771454	-437.728058	1.000000
0.000000	6716.720215	2609.234375	1.000000
0.000000	-26040.849609	-23333.894531	1.000000
0.000000	-586712.625000	317524.218750	1.000000
0.000000	-108536.234375	248992.765625	1.000000
0.000000	37925.023438	-56191.003906	1.000000
0.000000	664.112061	-1796.934692	1.000000
0.000000	168.794693	254.688522	1.000000
0.000000	-242.667694	-328.708557	1.000000
0.000000	-414.552002	775.267944	1.000000
0.000000	4112436.000000	2116301.500000	1.000000
0.000000	264.580963	230.365860	1.000000
0.000000	-45313.988281	76052.781250	1.000000
0.000000	793.402405	1735.786621	1.000000
0.000000	4926.678223	12538.928711	1.000000
0.000000	609.569031	1510.082031	1.000000
0.000000	-44167.128906	2438.315186	1.000000
0.000000	245634.390625	-842228.687500	1.000000
0.000000	-314.606293	-183.101181	1.000000
0.000000	542.165588	-122.594597	1.000000
0.000000	-32943.386719	-140097.953125	1.000000
0.000000	-14369.805664	-13473.125000	1.000000
0.000000	-479.551758	-87.125771	1.000000
0.000000	-323720.156250	730136.875000	1.000000
0.000000	-31278.050781	-19621.796875	1.000000
0.000000	-511.874237	-1120.141235	1.000000
0.000000	174.046982	-449.558624	1.000000
0.000000	-3535.717285	-12803.814453	1.000000
0.000000	120.279526	-412.044342	1.000000
0.000000	3230.273438	2905.158203	1.000000
0.000000	74.641174	102.445793	1.000000
0.000000	799057.062500	-982912.687500	1.000000
0.000000	-476.159515	424.110352	1.000000
0.000000	-3187.894775	-2118.466064	1.000000
0.000000	-47.183544	2992.191650	1.000000
0.000000	-384.511780	367.132965	1.000000
0.000000	19803.419922	10623.500000	1.000000
0.000000	166.397736	569.795349	1.000000
0.000000	-3454.760254	-1942.866333	1.000000
0.000000	65130.183594	112749.914062	1.000000
0.000000	337.148163	276.962494	1.000000
0.000000	484892.843750	100897.890625	1.000000
0.000000	-309.927582	296.748901	1.000000
0.000000	79.033073	386.264038	1.000000
0.000000	335.749115	207.616150	1.000000
0.000000	-383.102417	-101.805191	1.000000
0.000000	-52386.308594	-2925.776611	1.000000
0.000000	11446.321289	1456.949585	1.000000
0.000000	-53.387093	-273.428070	1.000000
0.000000	57.349087	1674.188965	1.000000
0.000000	-7877.357910	-93230.328125	1.000000
0.000000	-621.439087	1036.797119	1.000000
0.000000	-103.420341	368.741821	1.000000
0.000000	415.191193	-102.773018	1.000000
0.000000	61.092815	430.896912	1.000000
0.000000	-42967.410156	-77664.257812	1.000000
0.000000	232.146988	-1145.908447	1.000000
0.000000	31.429510	400.640503	1.000000
0.000000	-126.830940	-111.803047	1.000000
0.000000	-467.258423	800.291870	1.000000
0.000000	454.951202	1.989182	1.000000
0.000000	237.507690	1086.238403	1.000000
0.000000	-221.555511	238.451279	1.000000
0.000000	312.479218	567.389709	1.000000
0.000000	-11083.963867	548.488220	1.000000
0.000000	28171368.000000	16549397.000000	1.000000
0.000000	363.614471	-699.106567	1.000000
0.000000	-32741.617188	266719.062500	1.000000
0.000000	-314.387085	3.097649	1.000000
0.000000	1553.339844	2627.905762	1.000000
0.000000	4460.369629	10699.079102	1.000000
0.000000	-48440.062500	-126250.796875	1.000000
0.000000	-18.446245	-554.818237	1.000000
0.000000	1929694.125000	165281.859375	1.000000
0.000000	-180033.359375	-177937.812500	1.000000
0.000000	-70275.039062	13690.874023	1.000000
0.000000	314.300262	-184.936157	1.000000
0.000000	-131136.000000	15040.994141	1.000000
0.000000	-1145.157593	271.884644	1.000000
0.000000	-1378.303345	937.158447	1.000000
0.000000	-1207.878174	1248.466675	1.000000
0.000000	49279.246094	57632.625000	1.000000
0.000000	83811.976562	3633.326904	1.000000
0.000000	1135.521118	-377.886841	1.000000
0.000000	-426.845673	-311.385162	1.000000
0.000000	-1589278.625000	-1200867.375000	1.000000
0.000000	-348.622925	164.478897	1.000000
0.000000	2590553.750000	19438.101562	1.000000
0.000000	163.315247	-258.518341	1.000000
0.000000	-10495.539062	13259.814453	1.000000
0.000000	1826645.375000	135337.859375	1.000000
0.000000	-1555.721802	871.837891	1.000000
0.000000	345.959137	67.132790	1.000000
0.000000	414.030396	-72.581100	1.000000
0.000000	386.415466	914.767151	1.000000
0.000000	-10671.446289	7474.303223	1.000000
0.000000	-448.351929	176.107910	1.000000
0.000000	27336.947266	25975.832031	1.000000
0.000000	130.372589	346.881622	1.000000
0.000000	276.513641	575.100281	1.000000
0.000000	-120.143288	-9036.041016	1.000000
0.000000	-5677.923340	9774.902344	1.000000
0.000000	459200.593750	25526.292969	1.000000
0.000000	-1087.447998	1126.517578	1.000000
0.000000	2238.751465	-5214.738770	1.000000
0.000000	3488.569824	-2166.277588	1.000000
0.000000	182.367828	135.970474	1.000000
0.000000	289.088409	219.139648	1.000000
0.000000	933.437012	-808.190552	1.000000
0.000000	1216.373413	11654.790039	1.000000
0.000000	17966.656250	-23800.232422	1.000000
0.000000	395.270721	-22.201920	1.000000
0.000000	-9.073298	-284.129730	1.000000
0.000000	1084.512939	1216.590576	1.000000
0.000000	486.072815	-47.580097	1.000000
0.000000	118.822487	245.282547	1.000000
0.000000	-1364.723633	155.378174	1.000000
0.000000	75383.234375	-7400.610352	1.000000
0.000000	101.481087	474.165894	1.000000
0.000000	-136.062027	-720.712036	1.000000
0.000000	1173.968018	-9526.775391	1.000000
0.000000	311.465973	352.170288	1.000000
0.000000	293.140442	266.380646	1.000000
0.000000	-3829.150635	-4540.417480	1.000000
0.000000	585.110474	244.277756	1.000000
0.000000	-2086.842285	-3011.356689	1.000000
0.000000	36.311520	337.222839	1.000000
0.000000	22254.953125	39164.648438	1.000000
0.000000	421.462738	-23.663935	1.000000
0.000000	955.929626	-548.610657	1.000000
0.000000	1313.992432	736.006775	1.000000
0.000000	-322.687897	704.778320	1.000000
0.000000	186.159714	-369.947540	1.000000
0.000000	9619.909180	4783.527832	1.000000
0.000000	-92645.546875	-330258.343750	1.000000
0.000000	8055.534668	16951.902344	1.000000
0.000000	256.191040	-238.923965	1.000000
0.000000	3422.109131	-846.731567	1.000000
0.000000	-423303.312500	-82003.953125	1.000000
0.000000	-44105600.000000	-10494824.000000	1.000000
0.000000	6054.625977	-4522.460449	1.000000
0.000000	-314.609222	220.533600	1.000000
0.000000	1087.158691	-1661.454224	1.000000
0.000000	5798.786133	313.347534	1.000000
0.000000	-325.779053	-125.361214	1.000000
0.000000	-552.676819	1013.249878	1.000000
0.000000	-18769.080078	1.629254	1.000000
0.000000	-697.298767	-158.907700	1.000000
0.000000	306.514923	-415.489227	1.000000
0.000000	14608.609375	-11012.112305	1.000000
