0.000000	31519.359375	455792.500000	1.000000
0.000000	214990.750000	175227.515625	1.000000
0.000000	1183.349365	-12757.209961	1.000000
0.000000	-541.867981	648.992737	1.000000
0.000000	16890.216797	27414.593750	1.000000
0.000000	-13714.047852	759.278992	1.000000
0.000000	-701.301941	-2445.809326	1.000000
0.000000	-595249.312500	1523932.125000	1.000000
0.000000	3563.215576	-2219.946289	1.000000
0.000000	9292453.000000	3386659.750000	1.000000
0.000000	78697400.000000	19959642.000000	1.000000
0.000000	-258.258667	-180.328735	1.000000
0.000000	-286.568665	80.947052	1.000000
0.000000	93.218468	-225.997940	1.000000
0.000000	-73337376.000000	-31090268.000000	1.000000
0.000000	719.643127	-4527.397949	1.000000
0.000000	370.481445	-391.598145	1.000000
0.000000	-6161.224121	7790.654297	1.000000
0.000000	-987.366150	234.416534	1.000000
0.000000	-297.387360	270.613312	1.000000
0.000000	918.039368	7992.272461	1.000000
0.000000	10230.312500	85029.757812	1.000000
0.000000	-44.275814	805.098755	1.000000
0.000000	217.838013	105.801163	1.000000
0.000000	-207129.078125	-53323.925781	1.000000
0.000000	397.565643	-60.252716	1.000000
0.000000	10388.112305	35394.425781	1.000000
0.000000	-3911.602295	11583.462891	1.000000
0.000000	394.375305	-172.080963	1.000000
0.000000	-61486.601562	-273296.843750	1.000000
0.000000	5182.786133	-8916.589844	1.000000
0.000000	4863.883789	902.458862	1.000000
0.000000	-249.383484	455.914276	1.000000
0.000000	-525.093445	-218.504623	1.000000
0.000000	-227.410080	-22.869741	1.000000
0.000000	4847.660156	2774.304932	1.000000
0.000000	25.032173	-61.316750	1.000000
0.000000	-5726.504395	-1495.171753	1.000000
0.000000	-246283.890625	-73717.343750	1.000000
0.000000	-46749.167969	-6150.695801	1.000000
0.000000	453.696869	79.095078	1.000000
0.000000	529.957581	26.846806	1.000000
0.000000	-1.694013	220.965622	1.000000
0.000000	-73.823875	-122.372528	1.000000
0.000000	45.666653	218.171631	1.000000
0.000000	-554.077454	-288.651093	1.000000
0.000000	-4095.038086	3364.162598	1.000000
0.000000	-817.287842	415.582306	1.000000
0.000000	-108.394913	-240.368774	1.000000
0.000000	-237.667450	-77.570473	1.000000
0.000000	7022.763184	6281.732422	1.000000
0.000000	-858.497742	1709.409790	1.000000
0.000000	37.677101	1363.534668	1.000000
0.000000	-3385.569092	-11665.231445	1.000000
0.000000	281.259888	-47.287338	1.000000
0.000000	-17.038610	-246.384766	1.000000
0.000000	110.338005	118.472702	1.000000
0.000000	29405522.000000	-21550876.000000	1.000000
0.000000	-538.259094	1650.112915	1.000000
0.000000	511.444672	505.264069	1.000000
0.000000	1723.386841	26259.806641	1.000000
0.000000	3255.932129	-1630.447754	1.000000
0.000000	-79.161064	-234.774902	1.000000
0.000000	149.605316	-343.832062	1.000000
0.000000	5399.186035	-2883.563965	1.000000
0.000000	401082.812500	-1051564.750000	1.000000
0.000000	40225.640625	142565.500000	1.000000
0.000000	899154304.000000	-490293056.000000	1.000000
0.000000	5131.319336	-14854.654297	1.000000
0.000000	-11819835.000000	-661335.687500	1.000000
0.000000	10600.319336	-15135.696289	1.000000
0.000000	-12.756373	-337.164276	1.000000
0.000000	-252.393799	-752.347839	1.000000
0.000000	-528.911987	923.045654	1.000000
0.000000	424363.937500	2497.121826	1.000000
0.000000	-9319.248047	10645.465820	1.000000
0.000000	-148.995209	545.577209	1.000000
0.000000	34.887936	-258.801483	1.000000
0.000000	3419.228027	-13259.915039	1.000000
0.000000	-935690816.000000	516809408.000000	1.000000
0.000000	1333545.500000	80217.859375	1.000000
0.000000	370702.437500	-121727.703125	1.000000
0.000000	282504.500000	227386.906250	1.000000
0.000000	24927.462891	-23150.417969	1.000000
0.000000	2203343.750000	933699.437500	1.000000
0.000000	-136.389023	194.528717	1.000000
0.000000	117.246841	-27.331326	1.000000
0.000000	-3185.438721	-392.310791	1.000000
0.000000	-1667.487427	1689.044556	1.000000
0.000000	84.729958	251.704727	1.000000
0.000000	19.776302	-17.207409	1.000000
0.000000	-1183.082397	1108.583374	1.000000
0.000000	886.182190	-170.210999	1.000000
0.000000	227.412521	-214.414871	1.000000
0.000000	-4355021.000000	2416277.250000	1.000000
0.000000	1078.618896	596.476746	1.000000
0.000000	-91.571579	-88051.031250	1.000000
0.000000	1711789.125000	-2028472.500000	1.000000
0.000000	806.164673	-1543.557617	1.000000
0.000000	-289.963684	-5283.735840	1.000000
0.000000	691415.187500	-227407.843750	1.000000
0.000000	12310197.000000	-6573529.500000	1.000000
0.000000	-21937.373047	-21475.167969	1.000000
0.000000	170642.828125	-24506.792969	1.000000
0.000000	39.921177	157.292236	1.000000
0.000000	256.170868	-23.486570	1.000000
0.000000	655.367371	-1779.869873	1.000000
0.000000	-125.484505	-215.064865	1.000000
0.000000	93.605728	-234.668045	1.000000
0.000000	-872.319336	1034.933716	1.000000
0.000000	-175.139023	-3121.388916	1.000000
0.000000	-53829.820312	119833.890625	1.000000
0.000000	80.215004	215.319534	1.000000
0.000000	-315.466522	16.919119	1.000000
0.000000	-168.997559	-1087.165405	1.000000
0.000000	-64646.433594	15561.488281	1.000000
0.000000	2422.990967	747.990540	1.000000
0.000000	55752.519531	149558.984375	1.000000
0.000000	-13195.795898	6615.073242	1.000000
0.000000	-41749.847656	-29808.476562	1.000000
0.000000	-8488.700195	13788.902344	1.000000
0.000000	270.124512	323.886841	1.000000
0.000000	-279.895569	142.356705	1.000000
0.000000	1523.901855	3207.489014	1.000000
0.000000	590.313354	-403.625824	1.000000
0.000000	1951.309814	153.953949	1.000000
0.000000	557.971436	-493.531555	1.000000
0.000000	14000.392578	-14195.910156	1.000000
0.000000	-262.596313	-111.843163	1.000000
0.000000	-1149.699707	1565.177856	1.000000
0.000000	198.768463	224.427292	1.000000
0.000000	-13384.252930	-2972.947510	1.000000
0.000000	-28635.003906	-61476.671875	1.000000
0.000000	1673.656982	8014.665039	1.000000
0.000000	-2558.746094	1884.555176	1.000000
0.000000	49.586792	-130.586502	1.000000
0.000000	98.395737	245.102356	1.000000
0.000000	-3853.931885	-16072.907227	1.000000
0.000000	716.251038	-41.704277	1.000000
0.000000	-8730.013672	12928.503906	1.000000
0.000000	-911.552612	-3128.187500	1.000000
0.000000	948.174133	518.682556	1.000000
0.000000	235.309586	-242.536163	1.000000
0.000000	-5699.491699	-20519.537109	1.000000
0.000000	-0.926939	-268.871368	1.000000
0.000000	22529.531250	-24544.810547	1.000000
0.000000	-263.079315	-135.583115	1.000000
0.000000	-3300464.250000	1376390.750000	1.000000
0.000000	-17970.041016	-1209.155884	1.000000
0.000000	-34.638649	527.381958	1.000000
0.000000	139.950775	-291.092621	1.000000
0.000000	6666.607910	2756.534180	1.000000
0.000000	-26186.630859	-23382.488281	1.000000
0.000000	-586712.625000	317427.031250	1.000000
0.000000	-108536.234375	249138.546875	1.000000
0.000000	38082.953125	-56191.003906	1.000000
0.000000	563.507812	-1678.487427	1.000000
0.000000	94.100777	118.303337	1.000000
0.000000	-207.124023	-480.089478	1.000000
0.000000	-372.127380	625.690308	1.000000
0.000000	4112436.000000	2116301.500000	1.000000
0.000000	112.156021	199.662582	1.000000
0.000000	-45253.246094	75907.000000	1.000000
0.000000	653.125916	1668.590576	1.000000
0.000000	4776.341309	12578.411133	1.000000
0.000000	624.944397	1664.974609	1.000000
0.000000	-44057.792969	2324.423584	1.000000
0.000000	245780.171875	-842228.687500	1.000000
0.000000	-173.950165	-116.850235	1.000000
0.000000	387.083221	-134.589966	1.000000
0.000000	-33004.128906	-139952.171875	1.000000
0.000000	-14318.174805	-13618.906250	1.000000
0.000000	-324.279541	-79.248268	1.000000
0.000000	-323525.781250	730136.875000	1.000000
0.000000	-31411.683594	-19700.761719	1.000000
0.000000	-371.313019	-1053.704468	1.000000
0.000000	132.049454	-299.886078	1.000000
0.000000	-3684.535645	-12758.257812	1.000000
0.000000	75.316071	-263.225983	1.000000
0.000000	3183.957520	3053.217285	1.000000
0.000000	0.763179	235.632797	1.000000
0.000000	799251.437500	-982912.687500	1.000000
0.000000	-322.785492	398.200012	1.000000
0.000000	-3336.713135	-2074.427979	1.000000
0.000000	-14.507717	2840.336182	1.000000
0.000000	-274.796204	256.942841	1.000000
0.000000	19882.384766	10489.867188	1.000000
0.000000	13.132515	595.990417	1.000000
0.000000	-3306.701172	-1894.272583	1.000000
0.000000	65081.589844	112604.132812	1.000000
0.000000	222.497284	171.935486	1.000000
0.000000	484892.843750	100752.109375	1.000000
0.000000	-197.459625	189.376617	1.000000
0.000000	81.002449	230.794312	1.000000
0.000000	309.079498	54.431194	1.000000
0.000000	-227.925095	-91.910858	1.000000
0.000000	-52447.050781	-3067.002197	1.000000
0.000000	11364.319336	1324.835327	1.000000
0.000000	-94.586288	-122.488136	1.000000
0.000000	-33.451622	1800.608643	1.000000
0.000000	-7869.765137	-93084.546875	1.000000
0.000000	-528.237793	1161.318604	1.000000
0.000000	-0.687907	252.002930	1.000000
0.000000	266.562653	-57.050285	1.000000
0.000000	52.574673	275.624695	1.000000
0.000000	-42845.925781	-77761.445312	1.000000
0.000000	353.716949	-1048.720947	1.000000
0.000000	-49.508461	267.861877	1.000000
0.000000	-57.239578	-250.848480	1.000000
0.000000	-453.021973	645.399292	1.000000
0.000000	346.279633	113.217072	1.000000
0.000000	200.540375	935.142212	1.000000
0.000000	-148.807251	101.022087	1.000000
0.000000	187.224518	475.289520	1.000000
0.000000	-10929.071289	559.877380	1.000000
0.000000	28171368.000000	16549397.000000	1.000000
0.000000	258.739288	-584.265869	1.000000
0.000000	-32802.359375	266816.250000	1.000000
0.000000	-158.925049	7.048433	1.000000
0.000000	1423.883057	2713.704102	1.000000
0.000000	4612.225098	10662.633789	1.000000
0.000000	-48597.992188	-126250.796875	1.000000
0.000000	118.074707	-480.409027	1.000000
0.000000	1929694.125000	165184.671875	1.000000
0.000000	-180179.140625	-177937.812500	1.000000
0.000000	-70153.554688	13778.950195	1.000000
0.000000	220.814224	-60.686867	1.000000
0.000000	-131087.406250	14892.175781	1.000000
0.000000	-1006.565613	201.556580	1.000000
0.000000	-1280.736206	1058.126831	1.000000
0.000000	-1167.636475	1098.129761	1.000000
0.000000	49242.800781	57486.843750	1.000000
0.000000	83933.460938	3726.718018	1.000000
0.000000	987.415222	-425.151855	1.000000
0.000000	-288.657196	-240.118576	1.000000
0.000000	-1589278.625000	-1200867.375000	1.000000
0.000000	-198.570755	123.617737	1.000000
0.000000	2590553.750000	19298.394531	1.000000
0.000000	109.303436	-112.692932	1.000000
0.000000	-10404.425781	13132.255859	1.000000
0.000000	1826645.375000	135435.046875	1.000000
0.000000	-1573.564819	717.324951	1.000000
0.000000	195.375702	32.552860	1.000000
0.000000	286.459717	8.978396	1.000000
0.000000	510.557312	1008.348083	1.000000
0.000000	-10565.147461	7360.411621	1.000000
0.000000	-295.927002	145.309723	1.000000
0.000000	27330.873047	25817.902344	1.000000
0.000000	16.861425	240.582809	1.000000
0.000000	269.490326	419.771698	1.000000
0.000000	31.126328	-9072.486328	1.000000
0.000000	-5523.030762	9771.865234	1.000000
0.000000	459103.406250	25641.703125	1.000000
0.000000	-941.666687	1072.608887	1.000000
0.000000	2113.470703	-5307.370605	1.000000
0.000000	3485.532715	-2010.625732	1.000000
0.000000	97.320206	5.797731	1.000000
0.000000	156.119965	138.561340	1.000000
0.000000	1000.443237	-667.914062	1.000000
0.000000	1198.530396	11809.682617	1.000000
0.000000	18118.511719	-23769.861328	1.000000
0.000000	240.188309	-10.897144	1.000000
0.000000	-17.783619	-128.857513	1.000000
0.000000	1213.590088	1130.032959	1.000000
0.000000	330.610779	-43.605755	1.000000
0.000000	93.884972	91.808022	1.000000
0.000000	-1512.782715	107.960777	1.000000
0.000000	75237.453125	-7417.314453	1.000000
0.000000	60.076744	324.303528	1.000000
0.000000	-291.560669	-720.712036	1.000000
0.000000	1183.838623	-9681.667969	1.000000
0.000000	217.429962	228.313171	1.000000
0.000000	174.535950	165.818954	1.000000
0.000000	-3900.522705	-4678.605957	1.000000
0.000000	431.736420	218.936874	1.000000
0.000000	-1962.059692	-2918.724854	1.000000
0.000000	-29.224983	196.187088	1.000000
0.000000	22230.656250	39006.718750	1.000000
0.000000	266.000702	-24.174074	1.000000
0.000000	800.467590	-551.268127	1.000000
0.000000	1179.600342	657.801208	1.000000
0.000000	-316.234039	549.506104	1.000000
0.000000	88.070580	-249.314728	1.000000
0.000000	9540.944336	4917.160645	1.000000
0.000000	-92718.437500	-330161.156250	1.000000
0.000000	7900.642090	16945.828125	1.000000
0.000000	155.871521	-120.098633	1.000000
0.000000	3371.237549	-993.841553	1.000000
0.000000	-423400.500000	-81882.468750	1.000000
0.000000	-44105600.000000	-10494824.000000	1.000000
0.000000	5984.772461	-4660.648926	1.000000
0.000000	-255.575409	76.659012	1.000000
0.000000	950.868408	-1736.243042	1.000000
0.000000	5920.270508	409.965576	1.000000
0.000000	-181.421463	-67.537498	1.000000
0.000000	-397.404602	1020.842651	1.000000
0.000000	-18793.376953	155.160568	1.000000
0.000000	-541.836731	-154.589310	1.000000
0.000000	288.766815	-260.976288	1.000000
0.000000	14465.865234	-11072.854492	1.000000
