0.000000	31480.511719	455829.062500	1.000000
0.000000	215009.031250	175282.359375	1.000000
0.000000	1192.061523	-12815.481445	1.000000
0.000000	-483.382263	648.135803	1.000000
0.000000	16885.646484	27355.179688	1.000000
0.000000	-13656.918945	746.067932	1.000000
0.000000	-648.814758	-2471.517334	1.000000
0.000000	-595322.437500	1523932.125000	1.000000
0.000000	3593.208252	-2169.672852	1.000000
0.000000	9292453.000000	3386659.750000	1.000000
0.000000	78697400.000000	19959642.000000	1.000000
0.000000	-314.709167	-195.646423	1.000000
0.000000	-314.276184	132.478333	1.000000
0.000000	91.067207	-284.457123	1.000000
0.000000	-73337376.000000	-31090268.000000	1.000000
0.000000	770.559265	-4498.833496	1.000000
0.000000	384.192383	-448.477112	1.000000
0.000000	-6191.502441	7840.927734	1.000000
0.000000	-987.223328	175.912964	1.000000
0.000000	-317.453888	325.564178	1.000000
0.000000	930.607727	8049.401367	1.000000
0.000000	10282.871094	85057.179688	1.000000
0.000000	-55.594479	862.513306	1.000000
0.000000	260.898926	66.203690	1.000000
0.000000	-207092.515625	-53365.058594	1.000000
0.000000	455.872833	-55.673477	1.000000
0.000000	10386.969727	35335.011719	1.000000
0.000000	-3969.016846	11572.037109	1.000000
0.000000	445.505676	-200.502594	1.000000
0.000000	-61427.187500	-273296.843750	1.000000
0.000000	5147.937500	-8869.744141	1.000000
0.000000	4920.441406	916.883911	1.000000
0.000000	-303.334595	478.551605	1.000000
0.000000	-567.868713	-178.639359	1.000000
0.000000	-273.124359	-59.365292	1.000000
0.000000	4900.790039	2798.584717	1.000000
0.000000	-29.373529	-82.820427	1.000000
0.000000	-5771.636230	-1532.162720	1.000000
0.000000	-246265.609375	-73772.187500	1.000000
0.000000	-46703.464844	-6186.115723	1.000000
0.000000	498.792999	116.344910	1.000000
0.000000	563.735046	-20.896608	1.000000
0.000000	-2.219275	279.462036	1.000000
0.000000	-99.122688	-173.288345	1.000000
0.000000	52.937199	276.217255	1.000000
0.000000	-576.143494	-234.478653	1.000000
0.000000	-4047.049805	3330.742188	1.000000
0.000000	-850.494019	463.749115	1.000000
0.000000	-121.266769	-297.426270	1.000000
0.000000	-294.909180	-89.603249	1.000000
0.000000	7081.034668	6275.448242	1.000000
0.000000	-890.418518	1660.421753	1.000000
0.000000	4.427815	1315.403564	1.000000
0.000000	-3419.560791	-11617.243164	1.000000
0.061884	335.287170	-26.095001	1.000000
0.000000	-15.592535	-304.870483	1.000000
0.000000	168.805862	116.446411	1.000000
0.000000	29405522.000000	-21550876.000000	1.000000
0.000000	-585.390442	1684.675903	1.000000
0.000000	472.918365	549.319275	1.000000
0.000000	1693.251343	26209.533203	1.000000
0.000000	3278.212402	-1684.577393	1.000000
0.000000	-109.939262	-284.520386	1.000000
0.000000	181.169037	-393.070038	1.000000
0.000000	5363.194824	-2929.552734	1.000000
0.000000	401119.375000	-1051564.750000	1.000000
0.000000	40175.367188	142528.937500	1.000000
0.000000	899154304.000000	-490293056.000000	1.000000
0.000000	5093.614258	-14899.214844	1.000000
0.000000	-11819835.000000	-661262.562500	1.000000
0.000000	10630.026367	-15085.422852	1.000000
0.000000	-30.037868	-393.043488	1.000000
0.000000	-296.560120	-790.695618	1.000000
0.000000	-470.451660	921.046143	1.000000
0.000000	424290.812500	2482.553955	1.000000
0.000000	-9376.376953	10631.754883	1.000000
0.000000	-205.784912	531.509216	1.000000
0.000000	29.764187	-317.072968	1.000000
0.000000	3424.940918	-13318.186523	1.000000
0.000000	-935690816.000000	516809408.000000	1.000000
0.000000	1333545.500000	80272.703125	1.000000
0.000000	370775.562500	-121736.843750	1.000000
0.000000	282431.375000	227405.187500	1.000000
0.000000	24874.904297	-23122.996094	1.000000
0.000000	2203343.750000	933626.312500	1.000000
0.000000	-167.202927	244.248718	1.000000
0.000000	60.153641	-40.087955	1.000000
0.000000	-3148.876221	-346.607666	1.000000
0.000000	-1674.342896	1747.173218	1.000000
0.000000	111.705513	303.620605	1.000000
0.000000	4.746490	-73.743477	1.000000
0.000000	-1239.497192	1093.158569	1.000000
0.000000	935.598694	-201.542633	1.000000
0.000000	240.427200	-157.375229	1.000000
0.000000	-4355021.000000	2416277.250000	1.000000
0.000000	1129.177979	625.826721	1.000000
0.000000	-148.825455	-88060.171875	1.000000
0.000000	1711789.125000	-2028472.500000	1.000000
0.000000	817.090576	-1486.143066	1.000000
0.000000	-241.868286	-5316.870605	1.000000
0.000000	691415.187500	-227462.687500	1.000000
0.000000	12310197.000000	-6573529.500000	1.000000
0.000000	-21951.083984	-21532.296875	1.000000
0.000000	170697.671875	-24541.070312	1.000000
0.000000	14.461952	206.290756	1.000000
0.000000	312.157196	-40.496925	1.000000
0.000000	598.738342	-1794.437744	1.000000
0.000000	-163.975098	-259.125519	1.000000
0.000000	114.895172	-289.154755	1.000000
0.000000	-889.100952	1090.920044	1.000000
0.000000	-231.857315	-3107.106689	1.000000
0.000000	-53889.234375	119833.890625	1.000000
0.000000	96.644272	267.069153	1.000000
0.000000	-372.059845	31.739161	1.000000
0.000000	-112.741013	-1071.169312	1.000000
0.000000	-64596.160156	15529.496094	1.000000
0.000000	2440.415283	803.834045	1.000000
0.000000	55798.222656	149595.546875	1.000000
0.000000	-13251.782227	6596.791992	1.000000
0.000000	-41795.550781	-29774.199219	1.000000
0.000000	-8440.711914	13822.037109	1.000000
0.000000	322.968750	348.952148	1.000000
0.000000	-322.992188	181.936325	1.000000
0.000000	1566.034424	3166.927490	1.000000
0.000000	646.799561	-418.872101	1.000000
0.000000	1913.747559	109.121849	1.000000
0.000000	569.397217	-550.886169	1.000000
0.000000	13987.824219	-14253.039062	1.000000
0.000000	-312.476990	-142.393997	1.000000
0.000000	-1171.837158	1511.048218	1.000000
0.000000	240.579681	265.345856	1.000000
0.000000	-13327.124023	-2985.801514	1.000000
0.000000	-28671.566406	-61522.375000	1.000000
0.000000	1705.649170	8063.795898	1.000000
0.000000	-2523.040527	1838.280762	1.000000
0.000000	103.117157	-154.187881	1.000000
0.000000	63.953064	204.194672	1.000000
0.000000	-3816.798096	-16027.204102	1.000000
0.000000	772.451599	-25.378813	1.000000
0.000000	-8788.285156	12933.074219	1.000000
0.000000	-893.914062	-3183.888184	1.000000
0.000000	941.818542	576.811218	1.000000
0.000000	292.474213	-254.943848	1.000000
0.000000	-5641.791504	-20510.396484	1.000000
0.000000	2.150424	-327.285675	1.000000
0.000000	22513.535156	-24601.939453	1.000000
0.000000	-302.533966	-178.786850	1.000000
0.000000	-3300464.250000	1376390.750000	1.000000
0.000000	-17990.607422	-1263.713989	1.000000
0.000000	-59.244247	580.440430	1.000000
0.000000	159.446014	-346.257721	1.000000
0.000000	6685.460449	2701.119141	1.000000
0.000000	-26131.787109	-23364.207031	1.000000
0.000000	-586712.625000	317463.593750	1.000000
0.000000	-108536.234375	249083.703125	1.000000
0.000000	38023.539062	-56191.003906	1.000000
0.000000	601.355713	-1723.047974	1.000000
0.000000	122.201057	169.612228	1.000000
0.000000	-220.495758	-423.139099	1.000000
0.000000	-388.087769	681.962280	1.000000
0.000000	4112436.000000	2116301.500000	1.000000
0.000000	169.499161	211.213333	1.000000
0.000000	-45276.097656	75961.843750	1.000000
0.000000	705.898743	1693.870117	1.000000
0.000000	4832.898926	12563.557617	1.000000
0.000000	619.160095	1606.703125	1.000000
0.000000	-44098.925781	2367.270264	1.000000
0.000000	245725.328125	-842228.687500	1.000000
0.000000	-226.865814	-141.776718	1.000000
0.000000	445.426117	-130.073212	1.000000
0.000000	-32981.277344	-140007.015625	1.000000
0.000000	-14337.598633	-13564.062500	1.000000
0.000000	-382.693848	-82.211830	1.000000
0.000000	-323598.906250	730136.875000	1.000000
0.000000	-31361.410156	-19671.054688	1.000000
0.000000	-424.192963	-1078.698364	1.000000
0.000000	147.849167	-356.193756	1.000000
0.000000	-3628.549316	-12775.396484	1.000000
0.000000	92.231583	-319.212311	1.000000
0.000000	3201.381836	2997.516602	1.000000
0.000000	28.733812	187.902481	1.000000
0.000000	799178.312500	-982912.687500	1.000000
0.000000	-380.485687	407.947632	1.000000
0.000000	-3280.726807	-2090.995361	1.000000
0.000000	-26.801590	2897.465088	1.000000
0.000000	-316.071838	298.397003	1.000000
0.000000	19852.677734	10540.140625	1.000000
0.000000	70.791962	586.135681	1.000000
0.000000	-3362.401855	-1912.553833	1.000000
0.000000	65099.871094	112658.976562	1.000000
0.000000	265.629608	211.443695	1.000000
0.000000	484892.843750	100806.953125	1.000000
0.000000	-239.770721	229.777466	1.000000
0.000000	80.261559	289.287720	1.000000
0.000000	319.112762	112.060722	1.000000
0.000000	-286.303711	-95.633163	1.000000
0.000000	-52424.199219	-3013.872314	1.000000
0.000000	11395.168945	1374.537476	1.000000
0.000000	-79.747719	-180.087280	1.000000
0.000000	0.707579	1753.048828	1.000000
0.000000	-7872.621582	-93139.390625	1.000000
0.000000	-563.300659	1114.472900	1.000000
0.000000	-39.334747	295.920776	1.000000
0.000000	322.477570	-74.251442	1.000000
0.000000	55.779247	334.039001	1.000000
0.000000	-42891.628906	-77724.882812	1.000000
0.000000	307.978119	-1085.283447	1.000000
0.000000	-19.059589	317.813965	1.000000
0.000000	-83.419533	-198.539825	1.000000
0.000000	-458.377808	703.670776	1.000000
0.000000	387.162506	71.370148	1.000000
0.000000	214.447693	991.985474	1.000000
0.000000	-176.175568	152.723740	1.000000
0.000000	234.338013	509.959625	1.000000
0.000000	-10987.342773	555.592712	1.000000
0.000000	28171368.000000	16549397.000000	1.000000
0.000000	298.193939	-627.469604	1.000000
0.000000	-32779.507812	266779.687500	1.000000
0.000000	-217.410767	5.562189	1.000000
0.000000	1472.585449	2681.426270	1.000000
0.000000	4555.096191	10676.344727	1.000000
0.000000	-48538.578125	-126250.796875	1.000000
0.000000	66.712250	-508.402191	1.000000
0.000000	1929694.125000	165221.234375	1.000000
0.000000	-180124.296875	-177937.812500	1.000000
0.000000	-70199.257812	13745.815430	1.000000
0.000000	255.984207	-107.434067	1.000000
0.000000	-131105.687500	14948.162109	1.000000
0.000000	-1058.719604	228.014404	1.000000
0.000000	-1317.441528	1012.584473	1.000000
0.000000	-1182.775635	1154.687378	1.000000
0.000000	49256.511719	57541.687500	1.000000
0.000000	83887.757812	3691.583740	1.000000
0.000000	1043.162720	-407.370483	1.000000
0.000000	-340.644501	-266.922882	1.000000
0.000000	-1589278.625000	-1200867.375000	1.000000
0.000000	-255.021255	138.991531	1.000000
0.000000	2590553.750000	19350.953125	1.000000
0.000000	129.628113	-167.552048	1.000000
0.000000	-10438.703125	13180.244141	1.000000
0.000000	1826645.375000	135398.484375	1.000000
0.000000	-1566.852173	775.453613	1.000000
0.000000	252.397491	45.607708	1.000000
0.061884	335.121460	-22.253069	1.000000
0.000000	463.854431	973.142395	1.000000
0.000000	-10605.137695	7403.258301	1.000000
0.000000	-353.270142	156.896179	1.000000
0.000000	27333.158203	25877.316406	1.000000
0.000000	59.564491	280.573029	1.000000
0.000000	272.132538	478.221710	1.000000
0.000000	-25.783756	-9058.775391	1.000000
0.000000	-5581.302246	9773.007812	1.000000
0.000000	459139.968750	25598.285156	1.000000
0.000000	-996.510437	1092.889648	1.000000
0.000000	2160.602051	-5272.521973	1.000000
0.000000	3486.675293	-2069.182861	1.000000
0.000000	129.320953	54.771210	1.000000
0.000000	206.143463	168.875366	1.000000
0.000000	975.235107	-720.686890	1.000000
0.000000	1205.243042	11751.411133	1.000000
0.000000	18061.382812	-23781.287109	1.000000
0.000000	298.531219	-15.149454	1.000000
0.000000	-14.507125	-187.271820	1.000000
0.000000	1165.030518	1162.596436	1.000000
0.000000	389.096497	-45.100925	1.000000
0.000000	103.266609	149.549515	1.000000
0.000000	-1457.082031	125.804634	1.000000
0.000000	75292.296875	-7411.030273	1.000000
0.000000	75.653297	380.682617	1.000000
0.000000	-233.067947	-720.712036	1.000000
0.000000	1180.125244	-9623.396484	1.000000
0.000000	252.796326	274.908936	1.000000
0.000000	219.150055	203.649002	1.000000
0.000000	-3873.672119	-4626.618652	1.000000
0.000000	489.436615	228.470261	1.000000
0.000000	-2009.048218	-2953.573486	1.000000
0.000000	-4.569772	249.245560	1.000000
0.000000	22239.796875	39066.132812	1.000000
0.000000	324.486420	-23.982157	1.000000
0.000000	858.953308	-550.268372	1.000000
0.000000	1230.159424	687.222595	1.000000
0.000000	-318.662018	607.920410	1.000000
0.000000	124.972282	-294.699127	1.000000
0.000000	9570.651367	4866.887207	1.000000
0.000000	-92691.015625	-330197.718750	1.000000
0.000000	7958.913574	16948.113281	1.000000
0.000000	193.612305	-164.800430	1.000000
0.000000	3390.375732	-938.497925	1.000000
0.000000	-423363.937500	-81928.171875	1.000000
0.000000	-44105600.000000	-10494824.000000	1.000000
0.000000	6011.051758	-4608.661621	1.000000
0.000000	-277.784271	130.780182	1.000000
0.000000	1002.141602	-1708.107056	1.000000
0.000000	5874.567383	373.617310	1.000000
0.000000	-235.729630	-89.291115	1.000000
0.000000	-455.818909	1017.986206	1.000000
0.000000	-18784.236328	97.402084	1.000000
0.000000	-600.322449	-156.213913	1.000000
0.000000	295.443756	-319.104950	1.000000
0.000000	14519.566406	-11050.002930	1.000000
