0.000000	31494.789062	455815.625000	1.000000
0.000000	215002.312500	175262.203125	1.000000
0.000000	1188.859619	-12794.065430	1.000000
0.000000	-504.877014	648.450745	1.000000
0.000000	16887.326172	27377.015625	1.000000
0.000000	-13677.915039	750.923279	1.000000
0.000000	-668.104919	-2462.069092	1.000000
0.000000	-595295.562500	1523932.125000	1.000000
0.000000	3582.185303	-2188.149414	1.000000
0.000000	9292453.000000	3386659.750000	1.000000
0.000000	78697400.000000	19959642.000000	1.000000
0.000000	-293.962402	-190.016846	1.000000
0.000000	-304.093079	113.539978	1.000000
0.000000	91.857841	-262.975494	1.000000
0.000000	-73337376.000000	-31090268.000000	1.000000
0.000000	751.846497	-4509.331543	1.000000
0.000000	379.153320	-427.572876	1.000000
0.000000	-6180.374512	7822.451172	1.000000
0.000000	-987.275818	197.414276	1.000000
0.000000	-310.079010	305.368561	1.000000
0.000000	925.988586	8028.405273	1.000000
0.000000	10263.554688	85047.101562	1.000000
0.000000	-51.434628	841.412231	1.000000
0.000000	245.073120	80.756607	1.000000
0.000000	-207105.953125	-53349.941406	1.000000
0.000000	434.443695	-57.356445	1.000000
0.000000	10387.389648	35356.847656	1.000000
0.000000	-3947.915771	11576.236328	1.000000
0.000000	426.714172	-190.057037	1.000000
0.000000	-61449.023438	-273296.843750	1.000000
0.000000	5160.745117	-8886.960938	1.000000
0.000000	4899.655273	911.582397	1.000000
0.000000	-283.506409	470.231903	1.000000
0.000000	-552.147888	-193.290695	1.000000
0.000000	-256.327484	-45.952396	1.000000
0.000000	4881.263672	2789.661377	1.000000
0.000000	-9.378167	-74.917366	1.000000
0.000000	-5755.049316	-1518.567749	1.000000
0.000000	-246272.328125	-73752.031250	1.000000
0.000000	-46720.261719	-6173.098145	1.000000
0.000000	482.219208	102.654800	1.000000
0.000000	551.321106	-3.349861	1.000000
0.000000	-2.026230	257.967285	1.000000
0.000000	-89.434959	-154.096603	1.000000
0.000000	50.265118	254.880310	1.000000
0.000000	-568.033752	-254.392136	1.000000
0.000000	-4064.686523	3343.024902	1.000000
0.000000	-838.290039	446.046783	1.000000
0.000000	-116.536087	-276.456421	1.000000
0.000000	-273.873718	-85.180946	1.000000
0.000000	7059.618652	6277.757812	1.000000
0.000000	-878.686951	1678.425903	1.000000
0.000000	16.647707	1333.092773	1.000000
0.000000	-3407.068115	-11634.879883	1.000000
0.000000	315.427979	-33.096741	1.000000
0.000000	-16.123999	-283.375732	1.000000
0.000000	147.317673	117.191116	1.000000
0.000000	29405522.000000	-21550876.000000	1.000000
0.000000	-568.068665	1671.973267	1.000000
0.000000	487.077606	533.126038	1.000000
0.000000	1704.326782	26228.009766	1.000000
0.000000	3270.023926	-1664.683594	1.000000
0.000000	-98.627617	-266.240662	1.000000
0.000000	169.568695	-374.974030	1.000000
0.000000	5376.422363	-2912.650879	1.000000
0.000000	401105.937500	-1051564.750000	1.000000
0.000000	40193.843750	142542.375000	1.000000
0.000000	899154304.000000	-490293056.000000	1.000000
0.000000	5107.471680	-14882.837891	1.000000
0.000000	-11819835.000000	-661289.437500	1.000000
0.000000	10619.108398	-15103.899414	1.000000
0.000000	-23.686550	-372.506683	1.000000
0.000000	-280.327515	-776.601990	1.000000
0.000000	-491.933289	921.781006	1.000000
0.000000	424317.687500	2487.907959	1.000000
0.000000	-9355.380859	10636.793945	1.000000
0.000000	-184.913483	536.679504	1.000000
0.000000	31.647274	-295.656952	1.000000
0.000000	3422.841309	-13296.770508	1.000000
0.000000	-935690816.000000	516809408.000000	1.000000
0.000000	1333545.500000	80252.546875	1.000000
0.000000	370748.687500	-121733.484375	1.000000
0.000000	282458.250000	227398.468750	1.000000
0.000000	24894.220703	-23133.074219	1.000000
0.000000	2203343.750000	933653.187500	1.000000
0.000000	-155.878159	225.975555	1.000000
0.000000	81.136612	-35.399921	1.000000
0.000000	-3162.313721	-363.404541	1.000000
0.000000	-1671.823364	1725.809692	1.000000
0.000000	101.791420	284.540405	1.000000
0.000000	10.270267	-52.964779	1.000000
0.000000	-1218.763550	1098.827515	1.000000
0.000000	917.437073	-190.027588	1.000000
0.000000	235.644028	-178.338516	1.000000
0.000000	-4355021.000000	2416277.250000	1.000000
0.000000	1110.596436	615.039978	1.000000
0.000000	-127.783432	-88056.812500	1.000000
0.000000	1711789.125000	-2028472.500000	1.000000
0.000000	813.075073	-1507.244141	1.000000
0.000000	-259.544373	-5304.692871	1.000000
0.000000	691415.187500	-227442.531250	1.000000
0.000000	12310197.000000	-6573529.500000	1.000000
0.000000	-21946.044922	-21511.300781	1.000000
0.000000	170677.515625	-24528.472656	1.000000
0.000000	23.998043	190.692505	1.000000
0.000000	291.581024	-34.245667	1.000000
0.000000	619.550720	-1789.083740	1.000000
0.000000	-149.828979	-242.932297	1.000000
0.000000	107.070847	-269.129730	1.000000
0.000000	-882.933350	1070.343872	1.000000
0.000000	-211.012131	-3112.355713	1.000000
0.000000	-53867.398438	119833.890625	1.000000
0.000000	89.043030	246.955231	1.000000
0.000000	-351.260590	26.292479	1.000000
0.000000	-133.418030	-1077.048218	1.000000
0.000000	-64614.636719	15541.253906	1.000000
0.000000	2434.011475	783.310364	1.000000
0.000000	55781.425781	149582.109375	1.000000
0.000000	-13231.206055	6603.510742	1.000000
0.000000	-41778.753906	-29786.796875	1.000000
0.000000	-8458.348633	13809.859375	1.000000
0.000000	303.547363	339.740112	1.000000
0.000000	-307.153259	167.389969	1.000000
0.000000	1550.549805	3181.834717	1.000000
0.000000	626.039673	-413.268768	1.000000
0.000000	1927.552490	125.600502	1.000000
0.000000	565.197998	-529.811340	1.000000
0.000000	13992.443359	-14232.042969	1.000000
0.000000	-294.144775	-131.167648	1.000000
0.000000	-1163.701172	1530.942017	1.000000
0.000000	225.213165	250.307419	1.000000
0.000000	-13348.120117	-2981.077393	1.000000
0.000000	-28658.128906	-61505.578125	1.000000
0.000000	1693.891357	8045.739258	1.000000
0.000000	-2536.163086	1855.287598	1.000000
0.000000	83.443161	-145.513870	1.000000
0.000000	78.174637	220.322296	1.000000
0.000000	-3830.445557	-16044.000977	1.000000
0.000000	751.796692	-31.378283	1.000000
0.000000	-8766.869141	12931.394531	1.000000
0.000000	-900.396606	-3163.416992	1.000000
0.000000	944.154358	555.447693	1.000000
0.000000	271.464996	-250.383759	1.000000
0.000000	-5662.997559	-20513.755859	1.000000
0.000000	1.019423	-305.817169	1.000000
0.000000	22519.414062	-24580.943359	1.000000
0.000000	-288.033539	-162.908554	1.000000
0.000000	-3300464.250000	1376390.750000	1.000000
0.000000	-17983.048828	-1243.662720	1.000000
0.000000	-50.201164	560.940308	1.000000
0.000000	152.281097	-325.983368	1.000000
0.000000	6678.531738	2721.485352	1.000000
0.000000	-26151.943359	-23370.925781	1.000000
0.000000	-586712.625000	317450.156250	1.000000
0.000000	-108536.234375	249103.859375	1.000000
0.000000	38045.375000	-56191.003906	1.000000
0.000000	587.445801	-1706.671021	1.000000
0.000000	111.873604	150.755112	1.000000
0.000000	-215.581360	-444.069580	1.000000
0.000000	-382.221985	661.281128	1.000000
0.000000	4112436.000000	2116301.500000	1.000000
0.000000	148.424332	206.968185	1.000000
0.000000	-45267.699219	75941.687500	1.000000
0.000000	686.503601	1684.579346	1.000000
0.000000	4812.112793	12569.016602	1.000000
0.000000	621.285950	1628.119141	1.000000
0.000000	-44083.808594	2351.523193	1.000000
0.000000	245745.484375	-842228.687500	1.000000
0.000000	-207.418182	-132.617172	1.000000
0.000000	423.983856	-131.733215	1.000000
0.000000	-32989.675781	-139986.859375	1.000000
0.000000	-14330.459961	-13584.218750	1.000000
0.000000	-361.225342	-81.122658	1.000000
0.000000	-323572.031250	730136.875000	1.000000
0.000000	-31379.886719	-19681.972656	1.000000
0.000000	-404.758453	-1069.512573	1.000000
0.000000	142.042435	-335.499481	1.000000
0.000000	-3649.125488	-12769.097656	1.000000
0.000000	86.014771	-298.636139	1.000000
0.000000	3194.978027	3017.987793	1.000000
0.000000	18.274391	203.034225	1.000000
0.000000	799205.187500	-982912.687500	1.000000
0.000000	-359.279633	404.365173	1.000000
0.000000	-3301.302979	-2084.906494	1.000000
0.000000	-22.283329	2876.468994	1.000000
0.000000	-300.902161	283.161713	1.000000
0.000000	19863.595703	10521.664062	1.000000
0.000000	49.601192	589.757507	1.000000
0.000000	-3341.930664	-1905.835083	1.000000
0.000000	65093.152344	112638.820312	1.000000
0.000000	249.777557	196.923584	1.000000
0.000000	484892.843750	100786.796875	1.000000
0.000000	-224.220490	214.929291	1.000000
0.000000	80.533852	267.792969	1.000000
0.000000	315.425323	90.880913	1.000000
0.000000	-264.848328	-94.265137	1.000000
0.000000	-52432.597656	-3033.398682	1.000000
0.000000	11383.831055	1356.270874	1.000000
0.000000	-85.590538	-159.399567	1.000000
0.000000	-11.846647	1770.528076	1.000000
0.000000	-7871.571777	-93119.234375	1.000000
0.000000	-550.414307	1131.689697	1.000000
0.000000	-25.131216	279.780029	1.000000
0.000000	301.927643	-67.929649	1.000000
0.000000	54.601498	312.570496	1.000000
0.000000	-42874.832031	-77738.320312	1.000000
0.000000	324.788116	-1071.845947	1.000000
0.000000	-30.250671	299.455505	1.000000
0.000000	-73.797417	-217.764374	1.000000
0.000000	-456.409424	682.254761	1.000000
0.000000	372.137177	86.749786	1.000000
0.000000	209.336456	971.094360	1.000000
0.000000	-166.117126	133.722275	1.000000
0.000000	217.022797	497.217621	1.000000
0.000000	-10965.926758	557.167419	1.000000
0.000000	28171368.000000	16549397.000000	1.000000
0.000000	283.693512	-611.591309	1.000000
0.000000	-32787.906250	266793.125000	1.000000
0.000000	-195.916016	6.108416	1.000000
0.000000	1454.686279	2693.289062	1.000000
0.000000	4576.092285	10671.305664	1.000000
0.000000	-48560.414062	-126250.796875	1.000000
0.000000	85.589050	-498.114105	1.000000
0.000000	1929694.125000	165207.796875	1.000000
0.000000	-180144.453125	-177937.812500	1.000000
0.000000	-70182.460938	13757.993164	1.000000
0.000000	243.058487	-90.253357	1.000000
0.000000	-131098.968750	14927.585938	1.000000
0.000000	-1039.560669	218.290588	1.000000
0.000000	-1303.951538	1029.310913	1.000000
0.000000	-1177.211670	1133.901245	1.000000
0.000000	49251.472656	57521.531250	1.000000
0.000000	83904.554688	3704.496338	1.000000
0.000000	1022.689880	-413.905518	1.000000
0.000000	-321.538055	-257.067841	1.000000
0.000000	-1589278.625000	-1200867.375000	1.000000
0.000000	-234.274490	133.342270	1.000000
0.000000	2590553.750000	19331.636719	1.000000
0.000000	122.158813	-147.389236	1.000000
0.000000	-10426.105469	13162.607422	1.000000
0.000000	1826645.375000	135411.921875	1.000000
0.000000	-1569.319214	754.090088	1.000000
0.000000	231.440765	40.809772	1.000000
0.000000	317.240356	-11.561348	1.000000
0.000000	481.018738	986.081238	1.000000
0.000000	-10590.440430	7387.511230	1.000000
0.000000	-332.195312	152.637909	1.000000
0.000000	27332.318359	25855.480469	1.000000
0.000000	43.869911	265.875763	1.000000
0.000000	271.161469	456.740082	1.000000
0.000000	-4.868069	-9063.814453	1.000000
0.000000	-5559.886230	9772.587891	1.000000
0.000000	459126.531250	25614.242188	1.000000
0.000000	-976.354187	1085.436035	1.000000
0.000000	2143.280273	-5285.329590	1.000000
0.000000	3486.255371	-2047.661865	1.000000
0.000000	117.560226	36.771980	1.000000
0.000000	187.758759	157.734314	1.000000
0.000000	984.499634	-701.291748	1.000000
0.000000	1202.776001	11772.827148	1.000000
0.000000	18082.378906	-23777.087891	1.000000
0.000000	277.088959	-13.586639	1.000000
0.000000	-15.711530	-165.803314	1.000000
0.000000	1182.877197	1150.628662	1.000000
0.000000	367.601746	-44.551418	1.000000
0.000000	99.818657	128.330338	1.000000
0.000000	-1477.553223	119.246635	1.000000
0.000000	75272.140625	-7413.339844	1.000000
0.000000	69.928581	359.962097	1.000000
0.000000	-254.569260	-720.712036	1.000000
0.000000	1181.489990	-9644.812500	1.000000
0.000000	239.798431	257.783997	1.000000
0.000000	202.753418	189.745651	1.000000
0.000000	-3883.540283	-4645.725098	1.000000
0.000000	468.230560	224.966537	1.000000
0.000000	-1991.778931	-2940.765869	1.000000
0.000000	-13.631309	229.745438	1.000000
0.000000	22236.437500	39044.296875	1.000000
0.000000	302.991669	-24.052691	1.000000
0.000000	837.458557	-550.635803	1.000000
0.000000	1211.577881	676.409607	1.000000
0.000000	-317.769684	586.451904	1.000000
0.000000	111.410118	-278.020355	1.000000
0.000000	9559.733398	4885.363770	1.000000
0.000000	-92701.093750	-330184.281250	1.000000
0.000000	7937.497559	16947.273438	1.000000
0.000000	179.741760	-148.370987	1.000000
0.000000	3383.342041	-958.837891	1.000000
0.000000	-423377.375000	-81911.375000	1.000000
0.000000	-44105600.000000	-10494824.000000	1.000000
0.000000	6001.393555	-4627.768066	1.000000
0.000000	-269.622040	110.889206	1.000000
0.000000	983.297607	-1718.447632	1.000000
0.000000	5891.364258	386.976074	1.000000
0.000000	-215.770218	-81.296196	1.000000
0.000000	-434.350403	1019.036011	1.000000
0.000000	-18787.595703	118.631104	1.000000
0.000000	-578.827698	-155.616837	1.000000
0.000000	292.989838	-297.741425	1.000000
0.000000	14499.830078	-11058.401367	1.000000
