0.000000	31584.105469	455731.562500	1.000000
0.000000	214960.281250	175136.109375	1.000000
0.000000	1168.829102	-12660.090820	1.000000
0.000000	-639.344177	650.420959	1.000000
0.000000	16897.833984	27513.617188	1.000000
0.000000	-13809.262695	781.297424	1.000000
0.000000	-788.780579	-2402.962646	1.000000
0.000000	-595127.437500	1523932.125000	1.000000
0.000000	3513.227783	-2303.735352	1.000000
0.000000	9292453.000000	3386659.750000	1.000000
0.000000	78697400.000000	19959642.000000	1.000000
0.000000	-164.174500	-154.799255	1.000000
0.000000	-240.399536	-4.934089	1.000000
0.000000	96.803902	-128.551498	1.000000
0.000000	-73337376.000000	-31090268.000000	1.000000
0.000000	634.782898	-4575.005371	1.000000
0.000000	347.629883	-296.799866	1.000000
0.000000	-6110.760254	7706.865234	1.000000
0.000000	-987.604187	331.899323	1.000000
0.000000	-263.943146	179.028549	1.000000
0.000000	897.092102	7897.057617	1.000000
0.000000	10142.714844	84984.054688	1.000000
0.000000	-25.412672	709.407837	1.000000
0.000000	147.960724	169.358826	1.000000
0.000000	-207190.015625	-53255.371094	1.000000
0.000000	300.386993	-67.884781	1.000000
0.000000	10390.016602	35493.449219	1.000000
0.000000	-3815.911377	11602.505859	1.000000
0.000000	309.158020	-124.711586	1.000000
0.000000	-61585.625000	-273296.843750	1.000000
0.000000	5240.867188	-8994.666016	1.000000
0.000000	4769.621094	878.417114	1.000000
0.000000	-159.464966	418.185394	1.000000
0.000000	-453.752747	-284.959686	1.000000
0.000000	-151.208450	37.955387	1.000000
0.000000	4759.110352	2733.838623	1.000000
0.000000	115.709435	-25.477964	1.000000
0.000000	-5651.284668	-1433.520142	1.000000
0.000000	-246314.359375	-73625.937500	1.000000
0.000000	-46825.339844	-6091.662598	1.000000
0.000000	378.536652	17.012926	1.000000
0.000000	473.621277	106.422112	1.000000
0.000000	-0.818551	123.460358	1.000000
0.000000	-29.896923	-35.325336	1.000000
0.000000	33.549076	121.438286	1.000000
0.000000	-517.300720	-378.926666	1.000000
0.000000	-4175.018555	3419.863281	1.000000
0.000000	-761.944214	335.304291	1.000000
0.000000	-86.941818	-145.272949	1.000000
0.000000	-142.244324	-57.515842	1.000000
0.000000	6925.644043	6292.206055	1.000000
0.000000	-805.296448	1791.056519	1.000000
0.000000	93.095116	1443.753174	1.000000
0.000000	-3328.916260	-11745.211914	1.000000
0.000000	191.222351	-84.677368	1.000000
0.000000	-19.448736	-148.908569	1.000000
0.000000	12.894793	121.849854	1.000000
0.000000	29405522.000000	-21550876.000000	1.000000
0.000000	-459.706848	1592.507935	1.000000
0.000000	575.596191	431.889130	1.000000
0.000000	1773.612671	26343.595703	1.000000
0.000000	3218.798340	-1540.231689	1.000000
0.000000	-27.859131	-151.848724	1.000000
0.000000	96.999115	-261.768768	1.000000
0.000000	5459.171387	-2806.916016	1.000000
0.000000	401021.875000	-1051564.750000	1.000000
0.000000	40309.429688	142626.437500	1.000000
0.000000	899154304.000000	-490293056.000000	1.000000
0.000000	5194.161133	-14780.386719	1.000000
0.000000	-11819835.000000	-661457.562500	1.000000
0.000000	10550.807617	-15219.485352	1.000000
0.000000	16.046535	-244.028442	1.000000
0.000000	-178.810577	-688.434875	1.000000
0.000000	-626.388184	926.378174	1.000000
0.000000	424485.812500	2521.401611	1.000000
0.000000	-9224.033203	10668.317383	1.000000
0.000000	-54.356522	569.023865	1.000000
0.000000	43.427517	-161.682327	1.000000
0.000000	3409.706543	-13162.795898	1.000000
0.000000	-935690816.000000	516809408.000000	1.000000
0.000000	1333545.500000	80126.453125	1.000000
0.000000	370580.562500	-121712.468750	1.000000
0.000000	282626.375000	227356.437500	1.000000
0.000000	25015.060547	-23196.121094	1.000000
0.000000	2203343.750000	933821.312500	1.000000
0.000000	-85.032524	111.659111	1.000000
0.000000	210.905975	-3.575433	1.000000
0.000000	-3246.376221	-468.482666	1.000000
0.000000	-1656.061646	1592.163452	1.000000
0.000000	39.770699	165.178238	1.000000
0.000000	44.824085	77.019745	1.000000
0.000000	-1089.057739	1134.291382	1.000000
0.000000	803.821350	-117.994461	1.000000
0.000000	205.721390	-309.464203	1.000000
0.000000	-4355021.000000	2416277.250000	1.000000
0.000000	994.311890	547.560120	1.000000
0.000000	3.847649	-88035.796875	1.000000
0.000000	1711789.125000	-2028472.500000	1.000000
0.000000	787.954834	-1639.248535	1.000000
0.000000	-370.122681	-5228.511230	1.000000
0.000000	691415.187500	-227316.437500	1.000000
0.000000	12310197.000000	-6573529.500000	1.000000
0.000000	-21914.521484	-21379.953125	1.000000
0.000000	170551.421875	-24449.664062	1.000000
0.000000	81.879486	69.278015	1.000000
0.000000	162.275101	5.987783	1.000000
0.000000	749.749084	-1755.590088	1.000000
0.000000	-61.333817	-141.630417	1.000000
0.000000	58.123322	-143.856888	1.000000
0.000000	-844.349976	941.518127	1.000000
0.000000	-80.608536	-3145.192627	1.000000
0.000000	-53730.796875	119833.890625	1.000000
0.000000	45.744255	124.121567	1.000000
0.000000	-221.104538	-7.817825	1.000000
0.000000	-262.756561	-1113.825562	1.000000
0.000000	-64730.222656	15614.808594	1.000000
0.000000	2393.950439	654.918030	1.000000
0.000000	55676.347656	149498.046875	1.000000
0.000000	-13102.485352	6645.541992	1.000000
0.000000	-41673.675781	-29865.605469	1.000000
0.000000	-8568.680664	13733.677734	1.000000
0.000000	182.050781	282.111328	1.000000
0.000000	-208.087723	76.390678	1.000000
0.000000	1453.680908	3275.091553	1.000000
0.000000	496.169708	-378.215363	1.000000
0.000000	2013.913574	228.667847	1.000000
0.000000	538.928467	-397.900146	1.000000
0.000000	14021.339844	-14100.695312	1.000000
0.000000	-179.461838	-60.918549	1.000000
0.000000	-1112.803955	1655.393921	1.000000
0.000000	129.083099	156.229660	1.000000
0.000000	-13479.467773	-2951.524170	1.000000
0.000000	-28574.066406	-61400.500000	1.000000
0.000000	1620.336670	7932.780273	1.000000
0.000000	-2618.255371	1961.679199	1.000000
0.000000	-39.627094	-91.250877	1.000000
0.000000	162.880875	318.239258	1.000000
0.000000	-3915.821533	-16149.079102	1.000000
0.000000	622.583435	-68.914894	1.000000
0.000000	-8632.894531	12920.886719	1.000000
0.000000	-940.950195	-3035.353027	1.000000
0.000000	958.766785	421.746063	1.000000
0.000000	140.035233	-221.856689	1.000000
0.000000	-5795.658691	-20534.771484	1.000000
0.000000	-6.055895	-171.514175	1.000000
0.000000	22556.191406	-24449.595703	1.000000
0.000000	-197.348129	-63.576836	1.000000
0.000000	-3300464.250000	1376390.750000	1.000000
0.000000	-17935.763672	-1118.225708	1.000000
0.000000	6.370674	438.951172	1.000000
0.000000	107.449303	-199.169189	1.000000
0.000000	6635.187012	2848.892578	1.000000
0.000000	-26278.037109	-23412.957031	1.000000
0.000000	-586712.625000	317366.093750	1.000000
0.000000	-108536.234375	249229.953125	1.000000
0.000000	38181.976562	-56191.003906	1.000000
0.000000	500.427948	-1604.219849	1.000000
0.000000	47.264320	32.788509	1.000000
0.000000	-184.837799	-574.967285	1.000000
0.000000	-345.526733	531.903687	1.000000
0.000000	4112436.000000	2116301.500000	1.000000
0.000000	19.301374	180.530167	1.000000
0.000000	-45215.160156	75815.593750	1.000000
0.000000	565.171204	1626.458008	1.000000
0.000000	4682.078613	12603.166992	1.000000
0.000000	634.584900	1762.093750	1.000000
0.000000	-43989.238281	2253.012451	1.000000
0.000000	245871.578125	-842228.687500	1.000000
0.000000	-85.750290	-75.297882	1.000000
0.000000	289.845062	-142.117889	1.000000
0.000000	-33042.214844	-139860.765625	1.000000
0.000000	-14285.801758	-13710.312500	1.000000
0.000000	-226.913467	-74.308998	1.000000
0.000000	-323403.906250	730136.875000	1.000000
0.000000	-31495.472656	-19750.273438	1.000000
0.000000	-283.179779	-1012.047974	1.000000
0.000000	105.704010	-206.024094	1.000000
0.000000	-3777.846191	-12729.693359	1.000000
0.000000	47.119095	-169.887985	1.000000
0.000000	3154.916992	3146.051758	1.000000
0.000000	-45.380924	321.511749	1.000000
0.000000	799373.312500	-982912.687500	1.000000
0.000000	-226.627594	381.953979	1.000000
0.000000	-3430.023682	-2046.815796	1.000000
0.000000	5.981932	2745.121338	1.000000
0.000000	-206.003479	187.823227	1.000000
0.000000	19931.896484	10406.078125	1.000000
0.000000	-82.965652	612.414978	1.000000
0.000000	-3213.866699	-1863.803833	1.000000
0.000000	65051.121094	112512.726562	1.000000
0.000000	148.717636	108.520691	1.000000
0.000000	484892.843750	100660.703125	1.000000
0.000000	-126.941139	122.041878	1.000000
0.000000	79.516457	133.170242	1.000000
0.000000	292.357391	-41.623753	1.000000
0.000000	-130.627426	-85.707016	1.000000
0.000000	-52485.136719	-3155.552002	1.000000
0.000000	11312.903320	1241.998413	1.000000
0.000000	-121.082794	-28.656889	1.000000
0.000000	-90.387123	1879.875000	1.000000
0.000000	-7865.004395	-92993.140625	1.000000
0.000000	-469.842682	1239.394775	1.000000
0.000000	60.395531	179.838913	1.000000
0.000000	173.371140	-28.381689	1.000000
0.000000	50.561409	177.236237	1.000000
0.000000	-42769.753906	-77822.382812	1.000000
0.000000	429.948334	-987.854126	1.000000
0.000000	-100.254997	184.608398	1.000000
0.000000	-13.611837	-338.029572	1.000000
0.000000	-444.095581	548.280151	1.000000
0.000000	278.141510	182.961945	1.000000
0.000000	177.361511	840.403442	1.000000
0.000000	-103.185303	14.853372	1.000000
0.000000	108.698364	417.506012	1.000000
0.000000	-10831.952148	567.018494	1.000000
0.000000	28171368.000000	16549397.000000	1.000000
0.000000	193.010056	-512.259644	1.000000
0.000000	-32840.445312	266877.187500	1.000000
0.000000	-61.458813	9.525507	1.000000
0.000000	1342.712402	2767.500488	1.000000
0.000000	4707.439941	10639.782227	1.000000
0.000000	-48697.015625	-126250.796875	1.000000
0.000000	203.678802	-433.753754	1.000000
0.000000	1929694.125000	165123.734375	1.000000
0.000000	-180270.546875	-177937.812500	1.000000
0.000000	-70077.382812	13834.174805	1.000000
0.000000	164.305786	13.604761	1.000000
0.000000	-131056.937500	14798.865234	1.000000
0.000000	-919.563049	157.460205	1.000000
0.000000	-1219.560669	1134.060669	1.000000
0.000000	-1142.404541	1003.892456	1.000000
0.000000	49219.949219	57395.437500	1.000000
0.000000	84009.632812	3785.275146	1.000000
0.000000	894.461731	-454.787476	1.000000
0.000000	-201.993134	-195.456863	1.000000
0.000000	-1589278.625000	-1200867.375000	1.000000
0.000000	-104.490311	97.984116	1.000000
0.000000	2590553.750000	19210.796875	1.000000
0.000000	75.427780	-21.268328	1.000000
0.000000	-10347.296875	13052.275391	1.000000
0.000000	1826645.375000	135495.984375	1.000000
0.000000	-1584.752563	620.443848	1.000000
0.000000	100.339378	10.794782	1.000000
0.000000	205.348587	63.102325	1.000000
0.000000	588.395447	1067.111450	1.000000
0.000000	-10498.497070	7289.000488	1.000000
0.000000	-200.355118	126.000504	1.000000
0.000000	27327.064453	25718.878906	1.000000
0.000000	-54.309784	173.932419	1.000000
0.000000	265.086639	322.355011	1.000000
0.000000	125.971817	-9095.337891	1.000000
0.000000	-5425.911621	9769.960938	1.000000
0.000000	459042.468750	25714.066406	1.000000
0.000000	-850.260437	1038.807617	1.000000
0.000000	2034.958008	-5365.451660	1.000000
0.000000	3483.628418	-1913.030518	1.000000
0.000000	43.987808	-75.824036	1.000000
0.000000	72.737602	88.026192	1.000000
0.000000	1042.404541	-579.959351	1.000000
0.000000	1187.342651	11906.801758	1.000000
0.000000	18213.726562	-23750.818359	1.000000
0.000000	142.950150	-3.809948	1.000000
0.000000	-23.243595	-31.512611	1.000000
0.000000	1294.522705	1075.760498	1.000000
0.000000	233.134598	-41.113804	1.000000
0.000000	78.248909	-4.432305	1.000000
0.000000	-1605.617188	78.221016	1.000000
0.000000	75146.046875	-7427.788086	1.000000
0.000000	34.115822	230.330261	1.000000
0.000000	-389.036865	-720.712036	1.000000
0.000000	1190.027588	-9778.787109	1.000000
0.000000	158.486023	150.653564	1.000000
0.000000	100.173546	102.768867	1.000000
0.000000	-3945.273682	-4765.251465	1.000000
0.000000	335.569427	203.047897	1.000000
0.000000	-1883.745483	-2860.643799	1.000000
0.000000	-70.316139	107.759712	1.000000
0.000000	22215.421875	38907.695312	1.000000
0.000000	168.497803	-24.493937	1.000000
0.000000	702.991394	-552.934387	1.000000
0.000000	1095.335205	608.765564	1.000000
0.000000	-312.187408	452.112366	1.000000
0.000000	26.568075	-173.648682	1.000000
0.000000	9491.432617	5000.949707	1.000000
0.000000	-92764.140625	-330100.218750	1.000000
0.000000	7803.522949	16942.019531	1.000000
0.000000	92.970215	-45.607891	1.000000
0.000000	3339.340576	-1086.000854	1.000000
0.000000	-423461.437500	-81806.296875	1.000000
0.000000	-44105600.000000	-10494824.000000	1.000000
0.000000	5940.973633	-4747.294434	1.000000
0.000000	-218.600861	-13.505732	1.000000
0.000000	865.413086	-1783.136353	1.000000
0.000000	5996.442383	470.546021	1.000000
0.000000	-90.907860	-31.288109	1.000000
0.000000	-300.047424	1025.603394	1.000000
0.000000	-18808.611328	251.416824	1.000000
0.000000	-444.360535	-151.881638	1.000000
0.000000	277.638580	-164.123413	1.000000
0.000000	14376.363281	-11110.940430	1.000000
