0.000000	31600.375000	455716.250000	1.000000
0.000000	214952.625000	175113.140625	1.000000
0.000000	1165.180420	-12635.686523	1.000000
0.000000	-663.838196	650.779846	1.000000
0.000000	16899.748047	27538.500000	1.000000
0.000000	-13833.188477	786.830261	1.000000
0.000000	-810.762390	-2392.196045	1.000000
0.000000	-595096.812500	1523932.125000	1.000000
0.000000	3500.666748	-2324.790039	1.000000
0.000000	9292453.000000	3386659.750000	1.000000
0.000000	78697400.000000	19959642.000000	1.000000
0.000000	-140.532837	-148.384155	1.000000
0.000000	-228.803009	-26.514229	1.000000
0.000000	97.704857	-104.068604	1.000000
0.000000	-73337376.000000	-31090268.000000	1.000000
0.000000	613.459045	-4586.968262	1.000000
0.000000	341.887695	-272.978760	1.000000
0.000000	-6098.079590	7685.810547	1.000000
0.000000	-987.664001	356.393341	1.000000
0.000000	-255.538803	156.014938	1.000000
0.000000	891.828430	7873.131836	1.000000
0.000000	10120.703125	84972.570312	1.000000
0.000000	-20.673311	685.362427	1.000000
0.000000	129.926666	185.942383	1.000000
0.000000	-207205.328125	-53238.144531	1.000000
0.000000	275.967743	-69.802582	1.000000
0.000000	10390.495117	35518.332031	1.000000
0.000000	-3791.865967	11607.291016	1.000000
0.000000	287.744446	-112.808510	1.000000
0.000000	-61610.507812	-273296.843750	1.000000
0.000000	5255.461914	-9014.285156	1.000000
0.000000	4745.934570	872.375854	1.000000
0.000000	-136.870056	408.704803	1.000000
0.000000	-435.823364	-301.662872	1.000000
0.000000	-132.060349	53.239849	1.000000
0.000000	4736.859375	2723.670166	1.000000
0.000000	138.493286	-16.473085	1.000000
0.000000	-5632.383301	-1418.028198	1.000000
0.000000	-246322.015625	-73602.968750	1.000000
0.000000	-46844.480469	-6076.828613	1.000000
0.000000	359.650238	1.413068	1.000000
0.000000	459.460205	126.418831	1.000000
0.000000	-0.598540	98.962601	1.000000
0.093693	-20.031313	-11.391100	1.000000
0.000000	30.503687	97.127449	1.000000
0.000000	-508.059418	-401.611298	1.000000
0.000000	-4195.116211	3433.859863	1.000000
0.000000	-748.037354	315.131866	1.000000
0.000000	-81.551041	-121.376045	1.000000
0.000000	-118.267715	-52.476475	1.000000
0.000000	6901.239746	6294.837891	1.000000
0.000000	-791.927917	1811.572876	1.000000
0.000000	107.020668	1463.910645	1.000000
0.000000	-3314.680420	-11765.309570	1.000000
0.000000	168.597534	-94.071976	1.000000
0.260006	-19.486092	-126.087479	1.000000
0.000000	-11.590465	122.698471	1.000000
0.000000	29405522.000000	-21550876.000000	1.000000
0.000000	-439.968079	1578.032837	1.000000
0.000000	591.716187	413.451324	1.000000
0.000000	1786.233521	26364.650391	1.000000
0.000000	3209.467285	-1517.562012	1.000000
0.260006	-15.536501	-129.341629	1.000000
0.000000	83.780121	-241.142365	1.000000
0.000000	5474.244629	-2787.655762	1.000000
0.000000	401006.562500	-1051564.750000	1.000000
0.000000	40330.484375	142641.750000	1.000000
0.000000	899154304.000000	-490293056.000000	1.000000
0.000000	5209.952148	-14761.724609	1.000000
0.000000	-11819835.000000	-661488.187500	1.000000
0.000000	10538.366211	-15240.540039	1.000000
0.000000	23.284084	-220.618561	1.000000
0.000000	-160.320435	-672.374695	1.000000
0.000000	-650.882202	927.215576	1.000000
0.000000	424516.437500	2527.502686	1.000000
0.000000	-9200.107422	10674.059570	1.000000
0.000000	-30.574671	574.915588	1.000000
0.000000	45.573360	-137.278030	1.000000
0.000000	3407.313965	-13138.391602	1.000000
0.000000	-935690816.000000	516809408.000000	1.000000
0.000000	1333545.500000	80103.484375	1.000000
0.000000	370549.937500	-121708.640625	1.000000
0.000000	282657.000000	227348.781250	1.000000
0.000000	25037.072266	-23207.605469	1.000000
0.000000	2203343.750000	933851.937500	1.000000
0.147004	-74.578789	88.705269	1.000000
0.000000	234.816803	1.767359	1.000000
0.000000	-3261.688721	-487.623291	1.000000
0.000000	-1653.190552	1567.818970	1.000000
0.000000	28.473536	143.435684	1.000000
0.000000	51.117687	100.698792	1.000000
0.000000	-1065.431030	1140.751343	1.000000
0.000000	783.125549	-104.876404	1.000000
0.000000	200.270798	-333.345123	1.000000
0.000000	-4355021.000000	2416277.250000	1.000000
0.000000	973.107666	535.268250	1.000000
0.000000	27.824833	-88031.968750	1.000000
0.000000	1711789.125000	-2028472.500000	1.000000
0.000000	783.379028	-1663.293945	1.000000
0.000000	-390.265198	-5214.634277	1.000000
0.000000	691415.187500	-227293.468750	1.000000
0.000000	12310197.000000	-6573529.500000	1.000000
0.000000	-21908.779297	-21356.027344	1.000000
0.000000	170528.453125	-24435.308594	1.000000
0.000000	92.421783	47.163048	1.000000
0.000000	138.835312	13.112246	1.000000
0.000000	773.465515	-1749.489014	1.000000
0.000000	-45.215691	-123.178642	1.000000
0.000000	49.207230	-121.037674	1.000000
0.000000	-837.321777	918.040955	1.000000
0.000000	-56.855286	-3151.174072	1.000000
0.000000	-53705.914062	119833.890625	1.000000
0.000000	37.082375	101.205154	1.000000
0.000000	-197.403061	-14.024509	1.000000
0.000000	-286.323456	-1120.524780	1.000000
0.000000	-64751.277344	15628.207031	1.000000
0.000000	2386.653076	631.530579	1.000000
0.000000	55657.207031	149482.734375	1.000000
0.000000	-13079.038086	6653.198242	1.000000
0.000000	-41654.535156	-29879.960938	1.000000
0.000000	-8588.778320	13719.800781	1.000000
0.000000	159.919434	271.613892	1.000000
0.000000	-190.046188	59.814598	1.000000
0.000000	1436.035645	3292.078857	1.000000
0.000000	472.513092	-371.830170	1.000000
0.000000	2029.644775	247.442108	1.000000
0.000000	534.143311	-373.869690	1.000000
0.000000	14026.603516	-14076.769531	1.000000
0.000000	-158.571640	-48.123863	1.000000
0.000000	-1103.532715	1678.063599	1.000000
0.000000	111.572418	139.092819	1.000000
0.000000	-13503.393555	-2946.140869	1.000000
0.000000	-28558.753906	-61381.359375	1.000000
0.000000	1606.938232	7912.204102	1.000000
0.000000	-2633.208984	1981.059082	1.000000
0.000000	-62.044430	-81.366539	1.000000
0.000000	179.083115	336.617249	1.000000
0.000000	-3931.373291	-16168.219727	1.000000
0.000000	599.046448	-75.752434	1.000000
0.000000	-8608.490234	12918.972656	1.000000
0.000000	-948.337280	-3012.025391	1.000000
0.000000	961.428528	397.386627	1.000000
0.000000	116.094498	-216.660309	1.000000
0.000000	-5819.823730	-20538.599609	1.000000
0.000000	-7.344709	-147.050064	1.000000
0.000000	22562.890625	-24425.669922	1.000000
0.000000	-180.831863	-45.481094	1.000000
0.000000	-3300464.250000	1376390.750000	1.000000
0.000000	-17927.150391	-1095.376587	1.000000
0.000000	16.675583	416.730103	1.000000
0.000000	99.280891	-176.073334	1.000000
0.000000	6627.291504	2872.100586	1.000000
0.000000	-26301.005859	-23420.613281	1.000000
0.000000	-586712.625000	317350.781250	1.000000
0.000000	-108536.234375	249252.921875	1.000000
0.000000	38206.859375	-56191.003906	1.000000
0.000000	484.577118	-1585.557739	1.000000
0.000000	35.493958	11.300272	1.000000
0.000000	-179.237671	-598.803345	1.000000
0.000000	-338.842468	508.336761	1.000000
0.000000	4112436.000000	2116301.500000	1.000000
0.000000	-4.715965	175.692673	1.000000
0.000000	-45205.589844	75792.625000	1.000000
0.000000	543.069763	1615.870850	1.000000
0.000000	4658.392090	12609.387695	1.000000
0.000000	637.007385	1786.498047	1.000000
0.000000	-43972.011719	2235.068115	1.000000
0.000000	245894.546875	-842228.687500	1.000000
0.000000	-63.585335	-64.856522	1.000000
0.110190	268.715912	-143.098343	1.000000
0.000000	-33051.785156	-139837.796875	1.000000
0.000000	-14277.666992	-13733.281250	1.000000
0.000000	-202.441879	-73.067848	1.000000
0.000000	-323373.281250	730136.875000	1.000000
0.000000	-31516.527344	-19762.714844	1.000000
0.000000	-261.033478	-1001.580444	1.000000
0.000000	99.083298	-182.434769	1.000000
0.000000	-3801.293457	-12722.515625	1.000000
0.000000	40.032951	-146.433243	1.000000
0.000000	3147.619629	3169.379395	1.000000
0.000000	-56.975582	343.089813	1.000000
0.000000	799403.937500	-982912.687500	1.000000
0.000000	-202.470032	377.871643	1.000000
0.000000	-3453.470947	-2039.877319	1.000000
0.000000	11.130648	2721.195557	1.000000
0.000000	-188.717102	170.454605	1.000000
0.000000	19944.337891	10385.023438	1.000000
0.000000	-107.112000	616.542175	1.000000
0.000000	-3190.539062	-1856.147583	1.000000
0.000000	65043.464844	112489.757812	1.000000
0.000000	130.653671	91.970779	1.000000
0.000000	484892.843750	100637.734375	1.000000
0.000000	-109.221107	105.121864	1.000000
0.000000	79.826744	108.671700	1.000000
0.000000	288.155426	-65.760620	1.000000
0.000000	-106.178261	-84.148102	1.000000
0.000000	-52494.707031	-3177.802979	1.000000
0.000000	11299.983398	1221.182983	1.000000
0.000000	-127.740891	-5.078995	1.000000
0.000000	-104.693993	1899.793213	1.000000
0.000000	-7863.808105	-92970.171875	1.000000
0.000000	-455.173187	1259.013916	1.000000
0.000000	76.582397	161.445969	1.000000
0.101838	148.714706	-21.501728	1.000000
0.000000	49.219322	152.772125	1.000000
0.000000	-42750.613281	-77837.695312	1.000000
0.000000	449.103912	-972.571533	1.000000
0.000000	-113.006691	163.688293	1.000000
0.000000	-2.648870	-359.936615	1.000000
0.000000	-441.852539	523.875854	1.000000
0.000000	261.019623	200.487579	1.000000
0.000000	171.537079	816.597290	1.000000
0.000000	-91.719620	-6.798982	1.000000
0.000000	88.963333	402.986053	1.000000
0.000000	-10807.547852	568.812927	1.000000
0.000000	28171368.000000	16549397.000000	1.000000
0.000000	176.493790	-494.165802	1.000000
0.000000	-32850.015625	266892.500000	1.000000
0.000000	-36.966663	10.147951	1.000000
0.000000	1322.315674	2781.018555	1.000000
0.000000	4731.365723	10634.040039	1.000000
0.000000	-48721.898438	-126250.796875	1.000000
0.000000	225.189575	-422.030121	1.000000
0.000000	1929694.125000	165108.421875	1.000000
0.000000	-180293.515625	-177937.812500	1.000000
0.000000	-70058.242188	13848.051758	1.000000
0.000000	149.576477	33.181732	1.000000
0.000000	-131049.281250	14775.417969	1.000000
0.000000	-897.700867	146.379578	1.000000
0.000000	-1204.188354	1153.141479	1.000000
0.000000	-1136.064209	980.235840	1.000000
0.000000	49214.207031	57372.468750	1.000000
0.000000	84028.773438	3799.989502	1.000000
0.000000	871.104187	-462.234375	1.000000
0.000000	-180.213196	-184.234177	1.000000
0.000000	-1589278.625000	-1200867.375000	1.000000
0.545217	-80.751877	91.442337	1.000000
0.000000	2590553.750000	19188.785156	1.000000
0.000000	68.582718	0.452784	1.000000
0.000000	-10332.941406	13032.177734	1.000000
0.000000	1826645.375000	135511.296875	1.000000
0.000000	-1587.563843	596.099365	1.000000
0.000000	76.458458	5.327367	1.000000
0.000000	184.966812	76.702637	1.000000
0.000000	607.954773	1081.885620	1.000000
0.000000	-10481.749023	7271.056152	1.000000
0.000000	-176.339615	121.151794	1.000000
0.000000	27326.107422	25693.996094	1.000000
0.000000	-72.194305	157.184372	1.000000
0.000000	263.980072	297.875946	1.000000
0.000000	149.807556	-9101.080078	1.000000
0.000000	-5401.507324	9769.482422	1.000000
0.000000	459027.156250	25732.250000	1.000000
0.000000	-827.291687	1030.313965	1.000000
0.000000	2015.279053	-5380.046387	1.000000
0.000000	3483.149902	-1888.506592	1.000000
0.000000	30.587402	-96.332916	1.000000
0.000000	51.783855	75.326836	1.000000
0.000000	1052.931885	-557.857910	1.000000
0.000000	1184.531372	11931.206055	1.000000
0.000000	18237.652344	-23746.033203	1.000000
0.000000	118.515945	-2.028950	1.000000
0.093693	-23.443712	-9.112471	1.000000
0.000000	1314.859619	1062.122803	1.000000
0.000000	208.640579	-40.487621	1.000000
0.934370	72.747086	-27.369555	1.000000
0.000000	-1628.944824	70.747948	1.000000
0.000000	75123.078125	-7430.419922	1.000000
0.000000	27.592941	206.711029	1.000000
0.000000	-413.530884	-720.712036	1.000000
0.000000	1191.582764	-9803.191406	1.000000
0.000000	143.674469	131.139099	1.000000
0.000000	81.485268	86.925514	1.000000
0.000000	-3956.518799	-4787.023926	1.000000
0.000000	311.404388	199.055283	1.000000
0.000000	-1864.066528	-2846.049072	1.000000
0.461481	-78.291763	87.770058	1.000000
0.000000	22211.593750	38882.812500	1.000000
0.101838	145.237259	-24.249903	1.000000
0.000000	678.497375	-553.353088	1.000000
0.000000	1074.160889	596.443787	1.000000
0.000000	-311.170563	427.633301	1.000000
0.000000	11.114303	-154.635162	1.000000
0.000000	9478.991211	5022.004395	1.000000
0.000000	-92775.625000	-330084.906250	1.000000
0.000000	7779.118652	16941.062500	1.000000
0.934370	77.070534	-26.882156	1.000000
0.000000	3331.325439	-1109.149048	1.000000
0.000000	-423476.750000	-81787.156250	1.000000
0.000000	-44105600.000000	-10494824.000000	1.000000
0.000000	5929.967773	-4769.066895	1.000000
0.000000	-209.299713	-36.171722	1.000000
0.000000	843.939697	-1794.919800	1.000000
0.000000	6015.583008	485.768799	1.000000
0.000000	-68.163414	-22.178555	1.000000
0.000000	-275.583313	1026.799683	1.000000
0.000000	-18812.439453	275.610352	1.000000
0.000000	-419.866516	-151.201248	1.000000
0.110190	271.541595	-140.694855	1.000000
0.000000	14353.873047	-11120.510742	1.000000
