0.000000	31470.550781	455838.437500	1.000000
0.000000	215013.718750	175296.421875	1.000000
0.000000	1194.295410	-12830.422852	1.000000
0.000000	-468.385925	647.916077	1.000000
0.000000	16884.474609	27339.945312	1.000000
0.000000	-13642.270508	742.680481	1.000000
0.000000	-635.356506	-2478.109131	1.000000
0.000000	-595341.187500	1523932.125000	1.000000
0.000000	3600.898682	-2156.782227	1.000000
0.000000	9292453.000000	3386659.750000	1.000000
0.000000	78697400.000000	19959642.000000	1.000000
0.000000	-329.183655	-199.574036	1.000000
0.000000	-321.380676	145.689392	1.000000
0.000000	90.515602	-299.444305	1.000000
0.000000	-73337376.000000	-31090268.000000	1.000000
0.000000	783.614685	-4491.509277	1.000000
0.000000	387.708008	-463.061462	1.000000
0.000000	-6199.266113	7853.818359	1.000000
0.000000	-987.186707	160.912048	1.000000
0.000000	-322.599152	339.654144	1.000000
0.000000	933.830383	8064.049805	1.000000
0.000000	10296.347656	85064.210938	1.000000
0.000000	-58.496700	877.234985	1.000000
0.000000	271.940186	56.050491	1.000000
0.000000	-207083.140625	-53375.605469	1.000000
0.000000	470.823395	-54.499313	1.000000
0.000000	10386.676758	35319.777344	1.000000
0.000000	-3983.738525	11569.107422	1.000000
0.000000	458.616028	-207.790192	1.000000
0.000000	-61411.953125	-273296.843750	1.000000
0.000000	5139.001953	-8857.732422	1.000000
0.000000	4934.943359	920.582642	1.000000
0.000000	-317.168213	484.356049	1.000000
0.000000	-578.836731	-168.417496	1.000000
0.000000	-284.843109	-68.722549	1.000000
0.000000	4914.413086	2804.810303	1.000000
0.000000	-43.323875	-88.334190	1.000000
0.000000	-5783.208496	-1541.647583	1.000000
0.000000	-246260.921875	-73786.250000	1.000000
0.000000	-46691.746094	-6195.197754	1.000000
0.000000	510.356110	125.896149	1.000000
0.000000	572.395935	-33.138355	1.000000
0.000000	-2.353958	294.458374	1.000000
0.000000	-105.881569	-186.677933	1.000000
0.000000	54.801441	291.103729	1.000000
0.000000	-581.801453	-220.585526	1.000000
0.000000	-4034.745117	3322.172852	1.000000
0.000000	-859.008423	476.099579	1.000000
0.000000	-124.567245	-312.056396	1.000000
0.000000	-309.585083	-92.688576	1.000000
0.000000	7095.976074	6273.836914	1.000000
0.000000	-898.603333	1647.860718	1.000000
0.000000	-4.097608	1303.062256	1.000000
0.000000	-3428.276611	-11604.938477	1.000000
0.000000	350.924438	-23.860867	1.000000
0.000000	-15.221746	-319.866821	1.000000
0.000000	183.797623	115.926849	1.000000
0.000000	29405522.000000	-21550876.000000	1.000000
0.000000	-597.475403	1693.538208	1.000000
0.000000	463.039825	560.616882	1.000000
0.000000	1685.524292	26196.642578	1.000000
0.000000	3283.925293	-1698.456787	1.000000
0.000000	-117.831108	-297.273682	1.000000
0.000000	189.262299	-405.695160	1.000000
0.000000	5353.966309	-2941.344727	1.000000
0.000000	401128.750000	-1051564.750000	1.000000
0.000000	40162.476562	142519.562500	1.000000
0.000000	899154304.000000	-490293056.000000	1.000000
0.000000	5083.946289	-14910.640625	1.000000
0.000000	-11819835.000000	-661243.812500	1.000000
0.000000	10637.643555	-15072.532227	1.000000
0.000000	-34.469021	-407.371490	1.000000
0.000000	-307.885193	-800.528381	1.000000
0.000000	-455.464478	920.533447	1.000000
0.000000	424272.062500	2478.818604	1.000000
0.000000	-9391.025391	10628.239258	1.000000
0.000000	-220.346375	527.902039	1.000000
0.000000	28.450405	-332.014374	1.000000
0.000000	3426.405762	-13333.127930	1.000000
0.000000	-935690816.000000	516809408.000000	1.000000
0.000000	1333545.500000	80286.765625	1.000000
0.000000	370794.312500	-121739.187500	1.000000
0.000000	282412.625000	227409.875000	1.000000
0.000000	24861.427734	-23115.964844	1.000000
0.000000	2203343.750000	933607.562500	1.000000
0.000000	-175.103928	256.997803	1.000000
0.000000	45.514359	-43.358677	1.000000
0.000000	-3139.501221	-334.888916	1.000000
0.000000	-1676.100708	1762.078003	1.000000
0.000000	118.622322	316.932373	1.000000
0.000000	0.892702	-88.240852	1.000000
0.000000	-1253.962524	1089.203491	1.000000
0.000000	948.269592	-209.576385	1.000000
0.000000	243.764297	-142.749680	1.000000
0.000000	-4355021.000000	2416277.250000	1.000000
0.000000	1142.141846	633.352356	1.000000
0.000000	-163.505936	-88062.515625	1.000000
0.000000	1711789.125000	-2028472.500000	1.000000
0.000000	819.892090	-1471.421387	1.000000
0.000000	-229.536133	-5325.366699	1.000000
0.000000	691415.187500	-227476.750000	1.000000
0.000000	12310197.000000	-6573529.500000	1.000000
0.000000	-21954.599609	-21546.945312	1.000000
0.000000	170711.734375	-24549.859375	1.000000
0.000000	8.006912	219.831406	1.000000
0.000000	326.512665	-44.858269	1.000000
0.000000	584.218079	-1798.173096	1.000000
0.000000	-173.844482	-270.423126	1.000000
0.000000	120.354004	-303.125702	1.000000
0.000000	-893.403931	1105.275513	1.000000
0.000000	-246.400467	-3103.444580	1.000000
0.000000	-53904.468750	119833.890625	1.000000
0.000000	101.947464	281.104187	1.000000
0.000000	-386.570953	35.538639	1.000000
0.000000	-98.314590	-1067.067749	1.000000
0.000000	-64583.269531	15521.292969	1.000000
0.000000	2444.883057	818.152893	1.000000
0.000000	55809.941406	149604.921875	1.000000
0.000000	-13266.137695	6592.104492	1.000000
0.000000	-41807.269531	-29765.410156	1.000000
0.000000	-8428.407227	13830.533203	1.000000
0.000000	336.518555	355.379150	1.000000
0.000000	-334.042603	192.084946	1.000000
0.000000	1576.837646	3156.527100	1.000000
0.000000	661.283203	-422.781403	1.000000
0.000000	1904.116211	97.625114	1.000000
0.000000	572.326904	-565.589539	1.000000
0.000000	13984.601562	-14267.687500	1.000000
0.000000	-325.266907	-150.226334	1.000000
0.000000	-1177.513428	1497.168823	1.000000
0.000000	251.300507	275.837799	1.000000
0.000000	-13312.475586	-2989.097412	1.000000
0.000000	-28680.941406	-61534.093750	1.000000
0.000000	1713.852295	8076.393555	1.000000
0.000000	-2513.885254	1826.415527	1.000000
0.000000	116.843201	-160.239517	1.000000
0.000000	54.031036	192.942841	1.000000
0.000000	-3807.276611	-16015.485352	1.000000
0.000000	786.862000	-21.193136	1.000000
0.000000	-8803.226562	12934.246094	1.000000
0.000000	-889.391357	-3198.170410	1.000000
0.000000	940.188904	591.716003	1.000000
0.000000	307.131805	-258.128357	1.000000
0.000000	-5626.996582	-20508.052734	1.000000
0.000000	2.939494	-342.263702	1.000000
0.000000	22509.433594	-24616.587891	1.000000
0.000000	-312.650543	-189.864731	1.000000
0.000000	-3300464.250000	1376390.750000	1.000000
0.000000	-17995.880859	-1277.703247	1.000000
0.000000	-65.553093	594.045166	1.000000
0.000000	164.444794	-360.402618	1.000000
0.000000	6690.294434	2686.910156	1.000000
0.000000	-26117.724609	-23359.519531	1.000000
0.000000	-586712.625000	317472.968750	1.000000
0.000000	-108536.234375	249069.640625	1.000000
0.000000	38008.304688	-56191.003906	1.000000
0.000000	611.060303	-1734.473755	1.000000
0.000000	129.406265	182.768356	1.000000
0.000000	-223.924408	-408.536438	1.000000
0.000000	-392.180176	696.390991	1.000000
0.000000	4112436.000000	2116301.500000	1.000000
0.000000	184.202530	214.175064	1.000000
0.000000	-45281.957031	75975.906250	1.000000
0.000000	719.430237	1700.352051	1.000000
0.000000	4847.400879	12559.749023	1.000000
0.000000	617.676941	1591.761719	1.000000
0.000000	-44109.472656	2378.256592	1.000000
0.000000	245711.265625	-842228.687500	1.000000
0.000000	-240.433929	-148.167099	1.000000
0.000000	460.385834	-128.915070	1.000000
0.000000	-32975.417969	-140021.078125	1.000000
0.000000	-14342.579102	-13550.000000	1.000000
0.000000	-397.671875	-82.971718	1.000000
0.000000	-323617.656250	730136.875000	1.000000
0.000000	-31348.519531	-19663.437500	1.000000
0.000000	-437.751923	-1085.107056	1.000000
0.000000	151.900375	-370.631622	1.000000
0.000000	-3614.193848	-12779.791016	1.000000
0.000000	96.568893	-333.567780	1.000000
0.000000	3205.849609	2983.234375	1.000000
0.000000	35.832848	174.686844	1.000000
0.000000	799159.562500	-982912.687500	1.000000
0.000000	-395.280609	410.447021	1.000000
0.000000	-3266.371338	-2095.243408	1.000000
0.000000	-29.953865	2912.113525	1.000000
0.000000	-326.655334	309.026276	1.000000
0.000000	19845.060547	10553.031250	1.000000
0.000000	85.575439	583.608826	1.000000
0.000000	-3376.684082	-1917.241333	1.000000
0.000000	65104.558594	112673.039062	1.000000
0.000000	276.689178	221.574005	1.000000
0.000000	484892.843750	100821.015625	1.000000
0.000000	-250.619720	240.136658	1.000000
0.000000	80.071587	304.284058	1.000000
0.000000	321.685394	126.837334	1.000000
0.000000	-301.272583	-96.587601	1.000000
0.000000	-52418.339844	-3000.249268	1.000000
0.000000	11403.079102	1387.281616	1.000000
0.000000	-75.671333	-194.520569	1.000000
0.000000	9.466342	1740.854004	1.000000
0.000000	-7873.354004	-93153.453125	1.000000
0.000000	-572.291138	1102.461182	1.000000
0.000000	-49.244186	307.181763	1.000000
0.000000	336.814728	-78.661995	1.000000
0.000000	56.600933	349.017029	1.000000
0.000000	-42903.347656	-77715.507812	1.000000
0.000000	296.250214	-1094.658447	1.000000
0.000000	-11.252032	330.622192	1.000000
0.000000	-90.132637	-185.127350	1.000000
0.000000	-459.751099	718.612183	1.000000
0.000000	397.645294	60.640526	1.000000
0.000000	218.013672	1006.560669	1.000000
0.000000	-183.193085	165.980576	1.000000
0.000000	246.418396	518.842346	1.000000
0.000000	-11002.284180	554.494080	1.000000
0.000000	28171368.000000	16549397.000000	1.000000
0.000000	308.310516	-638.547485	1.000000
0.000000	-32773.648438	266770.312500	1.000000
0.000000	-232.407104	5.181101	1.000000
0.000000	1485.073242	2673.149902	1.000000
0.000000	4540.447754	10679.860352	1.000000
0.000000	-48523.343750	-126250.796875	1.000000
0.000000	53.543301	-515.579956	1.000000
0.000000	1929694.125000	165230.609375	1.000000
0.000000	-180110.234375	-177937.812500	1.000000
0.000000	-70210.976562	13737.319336	1.000000
0.000000	265.002167	-119.420609	1.000000
0.000000	-131110.375000	14962.517578	1.000000
0.000000	-1072.086304	234.798462	1.000000
0.000000	-1326.853149	1000.920654	1.000000
0.000000	-1186.657471	1169.189331	1.000000
0.000000	49260.027344	57555.750000	1.000000
0.000000	83876.039062	3682.574951	1.000000
0.000000	1057.444946	-402.811157	1.000000
0.000000	-353.974579	-273.798492	1.000000
0.000000	-1589278.625000	-1200867.375000	1.000000
0.000000	-269.495728	142.932877	1.000000
0.000000	2590553.750000	19364.429688	1.000000
0.000000	134.837463	-181.619125	1.000000
0.000000	-10447.492188	13192.548828	1.000000
0.000000	1826645.375000	135389.109375	1.000000
0.000000	-1565.130981	790.358398	1.000000
0.000000	267.018463	48.955105	1.000000
0.000000	345.813843	-27.061691	1.000000
0.000000	451.879333	964.115295	1.000000
0.000000	-10615.391602	7414.244629	1.000000
0.000000	-367.973511	159.867065	1.000000
0.000000	27333.744141	25892.550781	1.000000
0.000000	70.514198	290.826935	1.000000
0.000000	272.810028	493.208893	1.000000
0.000000	-40.376118	-9055.259766	1.000000
0.000000	-5596.243652	9773.300781	1.000000
0.000000	459149.343750	25587.152344	1.000000
0.000000	-1010.572937	1098.089844	1.000000
0.000000	2172.687012	-5263.586426	1.000000
0.000000	3486.968262	-2084.197510	1.000000
0.000000	137.524078	67.328506	1.000000
0.000000	218.970001	176.648193	1.000000
0.000000	968.771484	-734.218384	1.000000
0.000000	1206.964233	11736.469727	1.000000
0.000000	18046.734375	-23784.216797	1.000000
0.000000	313.490936	-16.239853	1.000000
0.000000	-13.666842	-202.249847	1.000000
0.000000	1152.579346	1170.946045	1.000000
0.000000	404.092834	-45.484303	1.000000
0.000000	105.672157	164.353592	1.000000
0.000000	-1442.799805	130.378784	1.000000
0.000000	75306.359375	-7409.418945	1.000000
0.000000	79.647285	395.138794	1.000000
0.000000	-218.067032	-720.712036	1.000000
0.000000	1179.173096	-9608.455078	1.000000
0.000000	261.867584	286.856567	1.000000
0.000000	230.589569	213.349014	1.000000
0.000000	-3866.787354	-4613.288574	1.000000
0.000000	504.231537	230.914719	1.000000
0.000000	-2021.096558	-2962.509033	1.000000
0.000000	1.752182	262.850281	1.000000
0.000000	22242.140625	39081.367188	1.000000
0.000000	339.482758	-23.932947	1.000000
0.000000	873.949646	-550.012024	1.000000
0.000000	1243.123291	694.766541	1.000000
0.000000	-319.284576	622.898438	1.000000
0.000000	134.434250	-306.335480	1.000000
0.000000	9578.268555	4853.996582	1.000000
0.000000	-92683.984375	-330207.093750	1.000000
0.000000	7973.854980	16948.699219	1.000000
0.000000	203.289429	-176.262833	1.000000
0.000000	3395.282959	-924.307251	1.000000
0.000000	-423354.562500	-81939.890625	1.000000
0.000000	-44105600.000000	-10494824.000000	1.000000
0.000000	6017.790039	-4595.331543	1.000000
0.000000	-283.478851	144.659576	1.000000
0.000000	1015.288574	-1700.892700	1.000000
0.000000	5862.848633	364.297241	1.000000
0.000000	-249.654800	-94.868965	1.000000
0.000000	-470.796936	1017.253784	1.000000
0.000000	-18781.892578	82.591141	1.000000
0.000000	-615.318787	-156.630478	1.000000
0.000000	297.155792	-334.009735	1.000000
0.000000	14533.335938	-11044.143555	1.000000
