0.000000	31364.964844	455937.812500	1.000000
0.000000	215063.406250	175445.484375	1.000000
0.000000	1217.974609	-12988.801758	1.000000
0.000000	-309.424744	645.586975	1.000000
0.000000	16872.052734	27178.460938	1.000000
0.000000	-13486.997070	706.773499	1.000000
0.000000	-492.685883	-2547.982178	1.000000
0.000000	-595539.937500	1523932.125000	1.000000
0.000000	3682.417236	-2020.141602	1.000000
0.000000	9292453.000000	3386659.750000	1.000000
0.000000	78697400.000000	19959642.000000	1.000000
0.000000	-482.613220	-241.206726	1.000000
0.000000	-396.688293	285.726624	1.000000
0.000000	84.668587	-458.308441	1.000000
0.000000	-73337376.000000	-31090268.000000	1.000000
0.000000	922.002136	-4413.872559	1.000000
0.000000	424.973633	-617.589233	1.000000
0.000000	-6281.561035	7990.458984	1.000000
0.000000	-986.798523	1.906871	1.000000
0.422362	-377.701965	488.706848	1.000000
0.000000	967.990540	8219.323242	1.000000
0.000000	10439.199219	85138.742188	1.000000
0.000000	-89.260246	1033.284790	1.000000
0.000000	389.965424	-51.449287	1.000000
0.000000	-206983.765625	-53487.402344	1.000000
0.000000	629.371155	-42.053177	1.000000
0.000000	10383.571289	35158.292969	1.000000
0.000000	-4139.570312	11538.052734	1.000000
0.000000	597.585754	-285.038727	1.000000
0.000000	-61250.468750	-273296.843750	1.000000
0.000000	5044.285156	-8730.408203	1.000000
0.000000	5088.664062	959.789185	1.000000
0.000000	-463.804565	545.883118	1.000000
0.000000	-695.097717	-60.065308	1.000000
0.000000	-409.061859	-167.903458	1.000000
0.000000	5058.817383	2870.801514	1.000000
0.000000	-191.187195	-146.772293	1.000000
0.000000	-5905.874512	-1642.187134	1.000000
0.000000	-246211.234375	-73935.312500	1.000000
0.000000	-46567.527344	-6291.467285	1.000000
0.000000	633.020813	227.115524	1.000000
0.000000	664.201355	-162.903564	1.000000
0.000000	-3.781594	453.419556	1.000000
0.000000	-177.508926	-328.632385	1.000000
0.000000	74.568893	448.900360	1.000000
0.000000	-641.775818	-73.318375	1.000000
0.000000	-3904.315430	3231.337891	1.000000
0.000000	-949.261108	607.084900	1.000000
0.000000	-159.552292	-467.135742	1.000000
0.000000	-465.149658	-125.393044	1.000000
0.000000	7254.354980	6256.756836	1.000000
0.000000	-985.362366	1514.713745	1.000000
0.000000	-94.470062	1172.244385	1.000000
0.000000	-3520.664307	-11474.508789	1.000000
0.000000	497.754883	37.115097	1.000000
0.000000	-11.291388	-478.828003	1.000000
0.000000	342.683807	110.419495	1.000000
0.000000	29405522.000000	-21550876.000000	1.000000
0.000000	-725.575989	1787.478638	1.000000
0.000000	358.327301	680.371521	1.000000
0.000000	1603.617554	26060.001953	1.000000
0.000000	3344.481934	-1845.578369	1.000000
0.000000	-201.484680	-432.458618	1.000000
0.000000	275.050873	-539.541382	1.000000
0.000000	5256.144043	-3066.339844	1.000000
0.000000	401228.125000	-1051564.750000	1.000000
0.000000	40025.835938	142420.187500	1.000000
0.000000	899154304.000000	-490293056.000000	1.000000
0.000000	4981.465820	-15031.753906	1.000000
0.000000	-11819835.000000	-661045.062500	1.000000
0.000000	10718.385742	-14935.891602	1.000000
0.000000	-81.439240	-559.278503	1.000000
0.000000	-427.930969	-904.755676	1.000000
0.000000	-296.600342	915.098877	1.000000
0.000000	424073.312500	2439.223877	1.000000
0.000000	-9546.298828	10590.973633	1.000000
0.422362	-374.098907	489.967041	1.000000
0.000000	14.524640	-490.393280	1.000000
0.000000	3441.933105	-13491.506836	1.000000
0.000000	-935690816.000000	516809408.000000	1.000000
0.000000	1333545.500000	80435.828125	1.000000
0.000000	370993.062500	-121764.031250	1.000000
0.000000	282213.875000	227459.562500	1.000000
0.000000	24718.576172	-23041.433594	1.000000
0.000000	2203343.750000	933408.812500	1.000000
0.000000	-258.854523	392.182739	1.000000
0.000000	-109.660149	-78.028328	1.000000
0.000000	-3040.126221	-210.687881	1.000000
0.000000	-1694.733521	1920.068726	1.000000
0.000000	191.940491	458.037109	1.000000
0.000000	-39.956356	-241.913025	1.000000
0.000000	-1407.295044	1047.279663	1.000000
0.000000	1082.581055	-294.712097	1.000000
0.000000	279.105774	12.275578	1.000000
0.000000	-4355021.000000	2416277.250000	1.000000
0.000000	1279.558838	713.124084	1.000000
0.000000	-319.099365	-88087.359375	1.000000
0.000000	1711789.125000	-2028472.500000	1.000000
0.000000	849.588135	-1315.371582	1.000000
0.000000	-98.809891	-5415.425293	1.000000
0.000000	691415.187500	-227625.812500	1.000000
0.000000	12310197.000000	-6573529.500000	1.000000
0.000000	-21991.865234	-21702.218750	1.000000
0.000000	170860.796875	-24643.023438	1.000000
0.000000	-60.419361	363.362274	1.000000
0.000000	478.680634	-91.095619	1.000000
0.000000	430.303284	-1837.767822	1.000000
0.000000	-278.459961	-390.177765	1.000000
0.000000	178.238678	-451.217743	1.000000
0.000000	-939.015503	1257.443481	1.000000
0.000000	-400.512390	-3064.626221	1.000000
0.000000	-54065.953125	119833.890625	1.000000
0.000000	158.148285	429.875549	1.000000
0.000000	-540.370789	75.812691	1.000000
0.000000	54.596561	-1023.589355	1.000000
0.000000	-64446.628906	15434.339844	1.000000
0.000000	2492.241455	969.932678	1.000000
0.000000	55934.160156	149704.296875	1.000000
0.000000	-13418.305664	6542.416992	1.000000
0.000000	-41931.488281	-29672.246094	1.000000
0.000000	-8297.977539	13920.591797	1.000000
0.000000	480.146484	423.505371	1.000000
0.000000	-451.177002	299.640625	1.000000
0.000000	1691.351807	3046.282959	1.000000
0.000000	814.809814	-464.220001	1.000000
0.000000	1802.023926	-24.239487	1.000000
0.000000	603.381592	-721.445251	1.000000
0.000000	13950.441406	-14422.960938	1.000000
0.000000	-460.840027	-233.249100	1.000000
0.000000	-1237.681885	1350.047241	1.000000
0.000000	364.941254	387.052399	1.000000
0.000000	-13157.202148	-3024.033936	1.000000
0.000000	-28780.316406	-61658.312500	1.000000
0.000000	1800.805420	8209.928711	1.000000
0.000000	-2416.839355	1700.644043	1.000000
0.000000	262.316864	-224.386856	1.000000
0.000000	-51.138767	73.684486	1.000000
0.000000	-3706.348877	-15891.266602	1.000000
0.000000	939.612244	23.176785	1.000000
0.000000	-8961.605469	12946.667969	1.000000
0.000000	-841.450684	-3349.562012	1.000000
0.000000	922.914734	749.706726	1.000000
0.000000	462.502289	-291.900330	1.000000
0.000000	-5470.170410	-20483.208984	1.000000
0.000000	11.303637	-501.030792	1.000000
0.000000	22465.957031	-24771.861328	1.000000
0.000000	-419.886261	-307.290283	1.000000
0.000000	-3300464.250000	1376390.750000	1.000000
0.000000	-18051.779297	-1425.989380	1.000000
0.000000	-132.417725	738.255371	1.000000
0.000000	217.431854	-510.338531	1.000000
0.000000	6741.534668	2536.294922	1.000000
0.000000	-25968.662109	-23309.832031	1.000000
0.000000	-586712.625000	317572.343750	1.000000
0.000000	-108536.234375	248920.578125	1.000000
0.000000	37846.820312	-56191.003906	1.000000
0.000000	713.928955	-1855.587036	1.000000
0.000000	205.781387	322.223297	1.000000
0.000000	-260.273804	-253.748230	1.000000
0.000000	-435.559692	849.335327	1.000000
0.000000	4112436.000000	2116301.500000	1.000000
0.000000	340.058258	245.569412	1.000000
0.000000	-45344.066406	76124.968750	1.000000
0.000000	862.864075	1769.060547	1.000000
0.000000	5001.121582	12519.377930	1.000000
0.000000	601.955505	1433.382812	1.000000
0.000000	-44221.269531	2494.711670	1.000000
0.000000	245562.203125	-842228.687500	1.000000
0.000000	-384.255951	-215.905136	1.000000
0.000000	618.958801	-116.661217	1.000000
0.000000	-32913.308594	-140170.140625	1.000000
0.000000	-14395.372070	-13400.937500	1.000000
0.000000	-556.438965	-91.026527	1.000000
0.000000	-323816.406250	730136.875000	1.000000
0.000000	-31211.878906	-19582.695312	1.000000
0.000000	-581.523804	-1153.039185	1.000000
0.000000	194.843185	-523.680420	1.000000
0.000000	-3462.025879	-12826.373047	1.000000
0.000000	142.552063	-485.735748	1.000000
0.000000	3253.208008	2831.842773	1.000000
0.000000	111.087402	34.617271	1.000000
0.000000	798960.812500	-982912.687500	1.000000
0.000000	-552.106750	436.940552	1.000000
0.000000	-3114.203369	-2140.272705	1.000000
0.000000	-63.362286	3067.386963	1.000000
0.000000	-438.840393	421.696564	1.000000
0.000000	19764.318359	10689.671875	1.000000
0.000000	242.298004	556.824158	1.000000
0.000000	-3528.075684	-1966.928833	1.000000
0.000000	65154.246094	112822.101562	1.000000
0.000000	393.920624	328.988251	1.000000
0.000000	484892.843750	100970.078125	1.000000
0.000000	-365.619110	349.902588	1.000000
0.000000	78.057884	463.245239	1.000000
0.000000	348.955292	283.469421	1.000000
0.000000	-459.942627	-106.704636	1.000000
0.000000	-52356.230469	-2855.844971	1.000000
0.000000	11486.926758	1522.369507	1.000000
0.000000	-32.461647	-347.542450	1.000000
0.000000	102.313530	1611.588867	1.000000
0.000000	-7881.117676	-93302.515625	1.000000
0.000000	-667.590210	975.136963	1.000000
0.000000	-154.294662	426.548218	1.000000
0.000000	488.788605	-125.413857	1.000000
0.000000	65.310806	507.784119	1.000000
0.000000	-43027.566406	-77616.132812	1.000000
0.000000	171.967239	-1194.033447	1.000000
0.000000	71.506302	466.389404	1.000000
0.000000	-161.280197	-42.940590	1.000000
0.000000	-474.307983	876.991089	1.000000
0.000000	508.762848	-53.085991	1.000000
0.000000	255.813049	1161.057739	1.000000
0.000000	-257.579803	306.503021	1.000000
0.000000	374.515350	612.976868	1.000000
0.000000	-11160.663086	542.848572	1.000000
0.000000	28171368.000000	16549397.000000	1.000000
0.000000	415.546234	-755.973022	1.000000
0.000000	-32711.539062	266670.937500	1.000000
0.000000	-391.368286	1.141109	1.000000
0.000000	1617.443848	2585.420410	1.000000
0.000000	4385.174316	10717.125977	1.000000
0.000000	-48361.859375	-126250.796875	1.000000
0.000000	-86.047577	-591.663940	1.000000
0.000000	1929694.125000	165329.984375	1.000000
0.000000	-179961.171875	-177937.812500	1.000000
0.000000	-70335.195312	13647.260742	1.000000
0.000000	360.592377	-246.455322	1.000000
0.000000	-131160.062500	15114.685547	1.000000
0.000000	-1213.773315	306.709473	1.000000
0.000000	-1426.616333	877.284180	1.000000
0.000000	-1227.804932	1322.910034	1.000000
0.000000	49297.292969	57704.812500	1.000000
0.000000	83751.820312	3587.081787	1.000000
0.000000	1208.836548	-354.482300	1.000000
0.000000	-495.273407	-346.679962	1.000000
0.000000	-1589278.625000	-1200867.375000	1.000000
0.000000	-422.925293	184.711136	1.000000
0.000000	2590553.750000	19507.281250	1.000000
0.000000	190.056580	-330.705841	1.000000
0.000000	-10540.656250	13322.978516	1.000000
0.000000	1826645.375000	135289.734375	1.000000
0.000000	-1546.886353	948.349121	1.000000
0.000000	421.013458	84.310219	1.000000
0.000000	478.087402	-115.324936	1.000000
0.000000	324.943298	868.428040	1.000000
0.000000	-10724.083008	7530.699707	1.000000
0.000000	-523.829224	191.358459	1.000000
0.000000	27339.955078	26054.035156	1.000000
0.000000	186.581085	399.518341	1.000000
0.000000	279.991425	651.987488	1.000000
0.000000	-195.055389	-9017.994141	1.000000
0.000000	-5754.622559	9776.406250	1.000000
0.000000	459248.718750	25469.144531	1.000000
0.000000	-1159.635498	1153.211914	1.000000
0.000000	2300.787598	-5168.869629	1.000000
0.000000	3490.073730	-2243.352783	1.000000
0.000000	224.477203	200.426956	1.000000
0.000000	354.931305	259.040161	1.000000
0.000000	900.257080	-877.652222	1.000000
0.000000	1225.208862	11578.090820	1.000000
0.000000	17891.460938	-23815.271484	1.000000
0.000000	472.063934	-27.800446	1.000000
0.000000	-4.760400	-361.016937	1.000000
0.000000	1020.596924	1259.451904	1.000000
0.000000	563.054016	-49.548100	1.000000
0.000000	131.167953	321.276825	1.000000
0.000000	-1291.408203	178.853210	1.000000
0.000000	75455.421875	-7392.338867	1.000000
0.000000	121.983559	548.397278	1.000000
0.000000	-59.057705	-720.712036	1.000000
0.000000	1169.080322	-9450.076172	1.000000
0.000000	358.040070	413.501465	1.000000
0.000000	351.886780	316.197540	1.000000
0.000000	-3793.808838	-4471.989746	1.000000
0.000000	661.057739	256.825989	1.000000
0.000000	-2148.502441	-3057.225830	1.000000
0.000000	68.763000	407.060486	1.000000
0.000000	22266.984375	39242.851562	1.000000
0.000000	498.443939	-23.411325	1.000000
0.000000	1032.921753	-547.294739	1.000000
0.000000	1380.540283	774.732361	1.000000
0.000000	-325.883698	781.665527	1.000000
0.000000	234.731186	-429.680817	1.000000
0.000000	9659.010742	4717.355957	1.000000
0.000000	-92609.453125	-330306.468750	1.000000
0.000000	8132.233887	16954.910156	1.000000
0.000000	305.866943	-297.764282	1.000000
0.000000	3447.299561	-773.886108	1.000000
0.000000	-423255.187500	-82064.109375	1.000000
0.000000	-44105600.000000	-10494824.000000	1.000000
0.000000	6089.215820	-4454.032715	1.000000
0.000000	-343.841400	291.781158	1.000000
0.000000	1154.646484	-1624.420532	1.000000
0.000000	5738.629883	265.504517	1.000000
0.000000	-397.261597	-153.983505	1.000000
0.000000	-629.564026	1009.490112	1.000000
0.000000	-18757.048828	-74.395432	1.000000
0.000000	-774.279968	-161.046066	1.000000
0.000000	315.303375	-492.000458	1.000000
0.000000	14679.292969	-10982.034180	1.000000
