0.000000	31567.835938	455746.875000	1.000000
0.000000	214967.937500	175159.078125	1.000000
0.000000	1172.477783	-12684.495117	1.000000
0.000000	-614.850159	650.062073	1.000000
0.000000	16895.919922	27488.734375	1.000000
0.000000	-13785.336914	775.764587	1.000000
0.000000	-766.798767	-2413.729248	1.000000
0.000000	-595158.062500	1523932.125000	1.000000
0.000000	3525.788818	-2282.680664	1.000000
0.000000	9292453.000000	3386659.750000	1.000000
0.000000	78697400.000000	19959642.000000	1.000000
0.000000	-187.816162	-161.214355	1.000000
0.000000	-251.996063	16.646191	1.000000
0.000000	95.902946	-153.038040	1.000000
0.000000	-73337376.000000	-31090268.000000	1.000000
0.000000	656.106750	-4563.042480	1.000000
0.000000	353.372070	-320.620972	1.000000
0.000000	-6123.440918	7727.919922	1.000000
0.000000	-987.544373	307.405304	1.000000
0.000000	-272.347076	202.042160	1.000000
0.000000	902.355774	7920.983398	1.000000
0.000000	10164.726562	84995.539062	1.000000
0.000000	-30.152033	733.453247	1.000000
0.000000	165.994781	152.775269	1.000000
0.000000	-207174.703125	-53272.597656	1.000000
0.000000	324.806244	-65.966980	1.000000
0.000000	10389.538086	35468.566406	1.000000
0.000000	-3839.956787	11597.720703	1.000000
0.000000	330.571594	-136.614655	1.000000
0.000000	-61560.742188	-273296.843750	1.000000
0.000000	5226.272461	-8975.046875	1.000000
0.000000	4793.307617	884.458374	1.000000
0.000000	-182.059875	427.665985	1.000000
0.000000	-471.682129	-268.256500	1.000000
0.000000	-170.356552	22.670925	1.000000
0.000000	4781.361328	2744.007080	1.000000
0.000000	92.923866	-34.483101	1.000000
0.000000	-5670.186035	-1449.012085	1.000000
0.000000	-246306.703125	-73648.906250	1.000000
0.000000	-46806.199219	-6106.496582	1.000000
0.000000	397.423065	32.612385	1.000000
0.000000	487.782349	86.425392	1.000000
0.000000	-1.038557	147.961166	1.000000
0.000000	-40.934559	-57.198734	1.000000
0.000000	36.594006	145.746399	1.000000
0.000000	-526.542053	-356.242035	1.000000
0.000000	-4154.920898	3405.866699	1.000000
0.000000	-775.851074	355.476715	1.000000
0.000000	-92.332596	-169.168823	1.000000
0.000000	-166.222443	-62.555210	1.000000
0.000000	6950.048340	6289.574219	1.000000
0.000000	-818.664978	1770.540161	1.000000
0.000000	79.169563	1423.595703	1.000000
0.000000	-3343.152100	-11725.114258	1.000000
0.000000	213.847168	-75.282761	1.000000
0.000000	-18.843115	-173.402588	1.000000
0.000000	37.380135	121.001236	1.000000
0.000000	29405522.000000	-21550876.000000	1.000000
0.000000	-479.445618	1606.983032	1.000000
0.000000	559.476196	450.326935	1.000000
0.000000	1760.991821	26322.541016	1.000000
0.000000	3228.129395	-1562.901367	1.000000
0.000000	-40.750713	-172.686584	1.000000
0.000000	110.218109	-282.389801	1.000000
0.000000	5444.098145	-2826.176270	1.000000
0.000000	401037.187500	-1051564.750000	1.000000
0.000000	40288.375000	142611.125000	1.000000
0.000000	899154304.000000	-490293056.000000	1.000000
0.000000	5178.370117	-14799.048828	1.000000
0.000000	-11819835.000000	-661426.937500	1.000000
0.000000	10563.249023	-15198.430664	1.000000
0.000000	8.808987	-267.434662	1.000000
0.000000	-197.300720	-704.495056	1.000000
0.000000	-601.894165	925.540771	1.000000
0.000000	424455.187500	2515.300537	1.000000
0.000000	-9247.958984	10662.575195	1.000000
0.000000	-78.137260	563.132141	1.000000
0.000000	41.281673	-186.086624	1.000000
0.000000	3412.099121	-13187.200195	1.000000
0.000000	-935690816.000000	516809408.000000	1.000000
0.000000	1333545.500000	80149.421875	1.000000
0.000000	370611.187500	-121716.296875	1.000000
0.000000	282595.750000	227364.093750	1.000000
0.000000	24993.048828	-23184.636719	1.000000
0.000000	2203343.750000	933790.687500	1.000000
0.000000	-97.937492	132.484955	1.000000
0.000000	186.995148	-8.918263	1.000000
0.000000	-3231.063721	-449.342041	1.000000
0.000000	-1658.932739	1616.507935	1.000000
0.000000	51.068153	186.920792	1.000000
0.000000	38.530483	53.341541	1.000000
0.000000	-1112.684448	1127.831421	1.000000
0.000000	824.517151	-131.113403	1.000000
0.000000	211.171982	-285.583282	1.000000
0.000000	-4355021.000000	2416277.250000	1.000000
0.000000	1015.516113	559.851990	1.000000
0.000000	-20.129532	-88039.625000	1.000000
0.000000	1711789.125000	-2028472.500000	1.000000
0.000000	792.530640	-1615.203125	1.000000
0.000000	-349.980164	-5242.388184	1.000000
0.000000	691415.187500	-227339.406250	1.000000
0.000000	12310197.000000	-6573529.500000	1.000000
0.000000	-21920.263672	-21403.878906	1.000000
0.000000	170574.390625	-24464.019531	1.000000
0.000000	71.337189	91.394409	1.000000
0.000000	186.329819	-2.258581	1.000000
0.000000	726.032654	-1761.691162	1.000000
0.000000	-77.453499	-160.083176	1.000000
0.000000	67.039413	-166.676102	1.000000
0.000000	-851.378174	964.995300	1.000000
0.000000	-104.362350	-3139.211182	1.000000
0.000000	-53755.679688	119833.890625	1.000000
0.000000	54.406136	147.037979	1.000000
0.000000	-244.845810	-1.574162	1.000000
0.000000	-239.195007	-1107.126343	1.000000
0.000000	-64709.167969	15601.410156	1.000000
0.000000	2401.247803	678.305481	1.000000
0.000000	55695.488281	149513.359375	1.000000
0.000000	-13125.932617	6637.885742	1.000000
0.000000	-41692.816406	-29851.250000	1.000000
0.000000	-8548.583008	13747.554688	1.000000
0.000000	204.182129	292.608765	1.000000
0.000000	-226.129257	92.966759	1.000000
0.000000	1471.326172	3258.104248	1.000000
0.000000	519.826294	-384.600555	1.000000
0.000000	1998.182373	209.893585	1.000000
0.000000	543.713623	-421.930603	1.000000
0.000000	14016.076172	-14124.621094	1.000000
0.000000	-200.352036	-73.714653	1.000000
0.000000	-1122.075195	1632.724243	1.000000
0.000000	146.593781	173.366501	1.000000
0.000000	-13455.541992	-2956.907471	1.000000
0.000000	-28589.378906	-61419.640625	1.000000
0.000000	1633.735107	7953.356445	1.000000
0.000000	-2603.301758	1942.299316	1.000000
0.000000	-17.209141	-101.135216	1.000000
0.000000	146.678635	299.861267	1.000000
0.000000	-3900.269775	-16129.938477	1.000000
0.000000	646.120422	-62.077354	1.000000
0.000000	-8657.298828	12922.800781	1.000000
0.000000	-933.563110	-3058.680664	1.000000
0.000000	956.105042	446.105499	1.000000
0.000000	163.975967	-227.053070	1.000000
0.000000	-5771.493652	-20530.943359	1.000000
0.000000	-4.767080	-195.978287	1.000000
0.000000	22549.492188	-24473.521484	1.000000
0.000000	-213.864395	-81.670753	1.000000
0.000000	-3300464.250000	1376390.750000	1.000000
0.000000	-17944.376953	-1141.074829	1.000000
0.000000	-3.934229	461.172241	1.000000
0.000000	115.617714	-222.265045	1.000000
0.000000	6643.082520	2825.684570	1.000000
0.000000	-26255.068359	-23405.300781	1.000000
0.000000	-586712.625000	317381.406250	1.000000
0.000000	-108536.234375	249206.984375	1.000000
0.000000	38157.093750	-56191.003906	1.000000
0.000000	516.278809	-1622.881958	1.000000
0.000000	59.034683	54.276852	1.000000
0.000000	-190.437927	-551.131226	1.000000
0.000000	-352.210999	555.470581	1.000000
0.000000	4112436.000000	2116301.500000	1.000000
0.000000	43.318745	185.367661	1.000000
0.000000	-45224.730469	75838.562500	1.000000
0.000000	587.272644	1637.045166	1.000000
0.000000	4705.765137	12596.946289	1.000000
0.000000	632.162415	1737.689453	1.000000
0.000000	-44006.464844	2270.956787	1.000000
0.000000	245848.609375	-842228.687500	1.000000
0.000000	-107.915283	-85.739243	1.000000
0.000000	314.279266	-140.226257	1.000000
0.000000	-33032.644531	-139883.734375	1.000000
0.000000	-14293.936523	-13687.343750	1.000000
0.000000	-251.385056	-75.550148	1.000000
0.000000	-323434.531250	730136.875000	1.000000
0.000000	-31474.417969	-19737.832031	1.000000
0.000000	-305.326080	-1022.515503	1.000000
0.000000	112.324722	-229.613419	1.000000
0.000000	-3754.398926	-12736.871094	1.000000
0.000000	54.205238	-193.342728	1.000000
0.000000	3162.214355	3122.724121	1.000000
0.000000	-33.786266	299.933685	1.000000
0.000000	799342.687500	-982912.687500	1.000000
0.000000	-250.785156	386.036316	1.000000
0.000000	-3406.576416	-2053.754150	1.000000
0.000000	0.833274	2769.047119	1.000000
0.000000	-223.289856	205.191849	1.000000
0.000000	19919.455078	10427.132812	1.000000
0.000000	-58.818901	608.287781	1.000000
0.000000	-3237.194336	-1871.460083	1.000000
0.000000	65058.777344	112535.695312	1.000000
0.000000	166.781601	125.070602	1.000000
0.000000	484892.843750	100683.671875	1.000000
0.000000	-144.661163	138.961884	1.000000
0.000000	79.206169	157.671738	1.000000
0.000000	296.559357	-17.486752	1.000000
0.000000	-155.076584	-87.265930	1.000000
0.000000	-52475.566406	-3133.301025	1.000000
0.000000	11325.823242	1262.813843	1.000000
0.000000	-114.424698	-52.234997	1.000000
0.000000	-76.080254	1859.956787	1.000000
0.000000	-7866.200684	-93016.109375	1.000000
0.000000	-484.512177	1219.775635	1.000000
0.387909	47.540874	197.211380	1.000000
0.000000	196.788498	-35.585594	1.000000
0.387909	48.572990	202.719742	1.000000
0.000000	-42788.894531	-77807.070312	1.000000
0.000000	410.792755	-1003.136719	1.000000
0.000000	-87.503304	205.528503	1.000000
0.000000	-24.574705	-316.122528	1.000000
0.000000	-446.338623	572.684448	1.000000
0.000000	295.263397	165.436310	1.000000
0.000000	183.185944	864.209595	1.000000
0.000000	-114.650986	36.505486	1.000000
0.000000	128.433319	432.025970	1.000000
0.000000	-10856.356445	565.224060	1.000000
0.000000	28171368.000000	16549397.000000	1.000000
0.000000	209.526321	-530.353516	1.000000
0.000000	-32830.875000	266861.875000	1.000000
0.000000	-85.949287	8.903063	1.000000
0.000000	1363.109131	2753.982422	1.000000
0.000000	4683.514160	10645.524414	1.000000
0.000000	-48672.132812	-126250.796875	1.000000
0.000000	182.168030	-445.477386	1.000000
0.000000	1929694.125000	165139.046875	1.000000
0.000000	-180247.578125	-177937.812500	1.000000
0.000000	-70096.523438	13820.297852	1.000000
0.000000	178.422318	-4.849952	1.000000
0.000000	-131064.593750	14822.312500	1.000000
0.000000	-941.425232	168.540833	1.000000
0.000000	-1234.932983	1114.979858	1.000000
0.000000	-1148.744873	1027.553589	1.000000
0.000000	49225.691406	57418.406250	1.000000
0.000000	83990.492188	3770.560791	1.000000
0.000000	917.819275	-447.340576	1.000000
0.000000	-223.773071	-206.679550	1.000000
0.000000	-1589278.625000	-1200867.375000	1.000000
0.000000	-128.128250	104.425385	1.000000
0.000000	2590553.750000	19232.808594	1.000000
0.000000	83.940125	-44.242683	1.000000
0.000000	-10361.652344	13072.373047	1.000000
0.000000	1826645.375000	135480.671875	1.000000
0.000000	-1581.941284	644.788330	1.000000
0.000000	124.220299	16.262196	1.000000
0.000000	225.730362	49.502014	1.000000
0.000000	568.836121	1052.337280	1.000000
0.000000	-10515.245117	7306.944824	1.000000
0.000000	-224.370621	130.851410	1.000000
0.000000	27328.021484	25743.761719	1.000000
0.000000	-36.425262	190.680466	1.000000
0.000000	266.193207	346.834076	1.000000
0.000000	102.139496	-9089.595703	1.000000
0.000000	-5450.315918	9770.439453	1.000000
0.000000	459057.781250	25695.882812	1.000000
0.000000	-873.229187	1047.301270	1.000000
0.000000	2054.657227	-5350.856934	1.000000
0.000000	3484.106934	-1937.554443	1.000000
0.000000	57.388115	-55.314362	1.000000
0.000000	93.691353	100.725548	1.000000
0.000000	1031.877197	-602.060791	1.000000
0.000000	1190.153931	11882.397461	1.000000
0.000000	18189.800781	-23755.603516	1.000000
0.000000	167.384354	-5.590843	1.000000
0.000000	-21.871601	-55.974834	1.000000
0.000000	1274.185791	1089.398193	1.000000
0.000000	257.628601	-41.739986	1.000000
0.000000	82.177971	19.750847	1.000000
0.000000	-1582.289551	85.694084	1.000000
0.000000	75169.015625	-7425.156250	1.000000
0.000000	40.639336	253.949493	1.000000
0.000000	-364.542847	-720.712036	1.000000
0.000000	1188.472412	-9754.382812	1.000000
0.000000	173.297577	170.168030	1.000000
0.000000	118.861824	118.612221	1.000000
0.000000	-3934.028564	-4743.479004	1.000000
0.000000	359.734467	207.040512	1.000000
0.000000	-1903.424438	-2875.238525	1.000000
0.000000	-59.990669	129.977371	1.000000
0.000000	22219.250000	38932.578125	1.000000
0.000000	192.999298	-24.413561	1.000000
0.000000	727.485413	-552.515686	1.000000
0.000000	1116.509521	621.087341	1.000000
0.000000	-313.204254	476.591431	1.000000
0.000000	42.022305	-192.662201	1.000000
0.000000	9503.874023	4979.895020	1.000000
0.000000	-92752.656250	-330115.531250	1.000000
0.000000	7827.927246	16942.976562	1.000000
0.000000	108.776184	-64.326080	1.000000
0.000000	3347.355713	-1062.852661	1.000000
0.000000	-423446.125000	-81825.437500	1.000000
0.000000	-44105600.000000	-10494824.000000	1.000000
0.000000	5951.979492	-4725.521973	1.000000
0.000000	-227.861786	9.123618	1.000000
0.000000	886.886475	-1771.352905	1.000000
0.000000	5977.301758	455.323242	1.000000
0.000000	-113.652306	-40.396801	1.000000
0.000000	-324.511536	1024.407104	1.000000
0.000000	-18804.783203	227.229355	1.000000
0.000000	-468.854553	-152.562027	1.000000
0.000000	280.434906	-188.460419	1.000000
0.000000	14398.853516	-11101.370117	1.000000
