0.000000	31615.316406	455702.187500	1.000000
0.000000	214945.593750	175092.046875	1.000000
0.000000	1161.829590	-12613.274414	1.000000
0.000000	-686.332703	651.109436	1.000000
0.000000	16901.505859	27561.351562	1.000000
0.000000	-13855.161133	791.911438	1.000000
0.000000	-830.949768	-2382.308350	1.000000
0.000000	-595068.687500	1523932.125000	1.000000
0.000000	3489.131104	-2344.125977	1.000000
0.000000	9292453.000000	3386659.750000	1.000000
0.000000	78697400.000000	19959642.000000	1.000000
0.000000	-118.819649	-142.492737	1.000000
0.000000	-218.153137	-46.332535	1.000000
0.000000	98.532265	-81.584396	1.000000
0.000000	-73337376.000000	-31090268.000000	1.000000
0.000000	593.875916	-4597.954590	1.000000
0.000000	336.614258	-251.103775	1.000000
0.000000	-6086.434082	7666.474609	1.000000
0.000000	-987.718933	378.887848	1.000000
0.000000	-247.814041	134.879990	1.000000
0.000000	886.994446	7851.159180	1.000000
0.000000	10100.488281	84962.023438	1.000000
0.000000	-16.320837	663.279907	1.000000
0.000000	113.364777	201.172180	1.000000
0.000000	-207219.390625	-53222.324219	1.000000
0.000000	253.541138	-71.563828	1.000000
0.000000	10390.934570	35541.183594	1.000000
0.000000	-3769.783447	11611.685547	1.000000
0.000000	268.078918	-101.877113	1.000000
0.000000	-61633.359375	-273296.843750	1.000000
0.000000	5268.865234	-9032.302734	1.000000
0.000000	4724.181641	866.827759	1.000000
0.000000	-116.121597	399.998138	1.000000
0.000000	-419.357605	-317.002533	1.000000
0.000000	-114.475357	67.276199	1.000000
0.000000	4716.424805	2714.331787	1.000000
0.000000	159.416779	-8.219429	1.000000
0.000000	-5615.024902	-1403.800903	1.000000
0.000000	-246329.046875	-73581.875000	1.000000
0.000000	-46862.058594	-6063.205566	1.000000
0.000000	342.305573	-12.913352	1.000000
0.000000	446.455139	144.780029	1.000000
0.000000	-0.396496	76.464661	1.000000
0.000000	-11.282196	9.395344	1.000000
0.121777	27.776396	74.960472	1.000000
0.000000	-499.572479	-422.444122	1.000000
0.000000	-4213.573242	3446.713867	1.000000
0.000000	-735.265747	296.606171	1.000000
0.000000	-76.600327	-99.427422	1.000000
0.000000	-96.250427	-47.848484	1.000000
0.000000	6878.827637	6297.254883	1.000000
0.000000	-779.650696	1830.414429	1.000000
0.000000	119.809441	1482.422607	1.000000
0.000000	-3301.606689	-11783.766602	1.000000
0.000000	147.819641	-102.699677	1.000000
0.000000	-20.015875	-103.613518	1.000000
0.000000	-34.077084	123.477814	1.000000
0.000000	29405522.000000	-21550876.000000	1.000000
0.000000	-421.840637	1564.739380	1.000000
0.000000	606.520264	396.518646	1.000000
0.000000	1797.824097	26383.986328	1.000000
0.000000	3200.897949	-1496.742920	1.000000
0.000000	-3.724202	-110.187805	1.000000
0.000000	71.640228	-222.197815	1.000000
0.000000	5488.087402	-2769.967773	1.000000
0.000000	400992.500000	-1051564.750000	1.000000
0.000000	40349.820312	142655.812500	1.000000
0.000000	899154304.000000	-490293056.000000	1.000000
0.000000	5224.454102	-14744.585938	1.000000
0.000000	-11819835.000000	-661516.312500	1.000000
0.000000	10526.940430	-15259.875977	1.000000
0.000000	29.930813	-199.119690	1.000000
0.000000	-143.339691	-657.625549	1.000000
0.000000	-673.376709	927.984619	1.000000
0.000000	424544.562500	2533.105713	1.000000
0.000000	-9178.134766	10679.333008	1.000000
0.000000	-8.734194	580.326355	1.000000
0.000000	47.544033	-114.865921	1.000000
0.000000	3405.116699	-13115.979492	1.000000
0.000000	-935690816.000000	516809408.000000	1.000000
0.000000	1333545.500000	80082.390625	1.000000
0.000000	370521.812500	-121705.125000	1.000000
0.000000	282685.125000	227341.750000	1.000000
0.000000	25057.287109	-23218.152344	1.000000
0.000000	2203343.750000	933880.062500	1.000000
0.194487	-63.264561	74.718552	1.000000
0.000000	256.775726	6.674039	1.000000
0.000000	-3275.751221	-505.201416	1.000000
0.000000	-1650.553833	1545.461792	1.000000
0.000000	18.099180	123.468819	1.000000
0.000000	56.897526	122.444855	1.000000
0.000000	-1043.733032	1146.683960	1.000000
0.000000	764.119202	-92.829208	1.000000
0.000000	195.265152	-355.276581	1.000000
0.000000	-4355021.000000	2416277.250000	1.000000
0.000000	953.634399	523.979797	1.000000
0.000000	49.844002	-88028.453125	1.000000
0.000000	1711789.125000	-2028472.500000	1.000000
0.000000	779.176758	-1685.376465	1.000000
0.000000	-408.763428	-5201.890137	1.000000
0.000000	691415.187500	-227272.375000	1.000000
0.000000	12310197.000000	-6573529.500000	1.000000
0.000000	-21903.505859	-21334.054688	1.000000
0.000000	170507.359375	-24422.125000	1.000000
0.000000	102.103485	26.853573	1.000000
0.000000	117.308968	19.655119	1.000000
0.000000	795.245911	-1743.885986	1.000000
0.000000	-30.413237	-106.235664	1.000000
0.000000	41.018982	-100.081253	1.000000
0.000000	-830.867310	896.480286	1.000000
0.000000	-35.042274	-3156.667236	1.000000
0.000000	-53683.062500	119833.890625	1.000000
0.121777	29.058052	79.999893	1.000000
0.000000	-175.636398	-19.724525	1.000000
0.000000	-307.966522	-1126.677124	1.000000
0.000000	-64770.613281	15640.511719	1.000000
0.000000	2379.951416	610.052307	1.000000
0.000000	55639.628906	149468.671875	1.000000
0.000000	-13057.504883	6660.229492	1.000000
0.000000	-41636.957031	-29893.144531	1.000000
0.000000	-8607.235352	13707.056641	1.000000
0.000000	139.594727	261.973389	1.000000
0.000000	-173.477432	44.591667	1.000000
0.000000	1419.830811	3307.679443	1.000000
0.000000	450.787628	-365.966217	1.000000
0.000000	2044.091797	264.687225	1.000000
0.000000	529.748779	-351.800903	1.000000
0.000000	14031.437500	-14054.796875	1.000000
0.000000	-139.386765	-36.373642	1.000000
0.000000	-1095.018311	1698.882690	1.000000
0.000000	95.491180	123.354904	1.000000
0.000000	-13525.366211	-2941.197021	1.000000
0.000000	-28544.691406	-61363.781250	1.000000
0.000000	1594.633545	7893.307617	1.000000
0.000000	-2646.941895	1998.856934	1.000000
0.000000	-82.633331	-72.289085	1.000000
0.000000	193.962723	353.494995	1.000000
0.000000	-3945.655518	-16185.797852	1.000000
0.000000	577.430847	-82.031807	1.000000
0.000000	-8586.078125	12917.214844	1.000000
0.000000	-955.121338	-2990.602051	1.000000
0.000000	963.872986	375.015717	1.000000
0.000000	94.108109	-211.888123	1.000000
0.000000	-5842.016113	-20542.115234	1.000000
0.000000	-8.528315	-124.582504	1.000000
0.000000	22569.042969	-24403.697266	1.000000
0.000000	-165.663864	-28.862717	1.000000
0.000000	-3300464.250000	1376390.750000	1.000000
0.000000	-17919.240234	-1074.392700	1.000000
0.000000	26.139275	396.322998	1.000000
0.000000	91.779289	-154.862854	1.000000
0.000000	6620.040527	2893.414062	1.000000
0.000000	-26322.099609	-23427.644531	1.000000
0.000000	-586712.625000	317336.718750	1.000000
0.000000	-108536.234375	249274.015625	1.000000
0.000000	38229.710938	-56191.003906	1.000000
0.000000	470.020233	-1568.419067	1.000000
0.000000	24.685020	-8.433492	1.000000
0.000000	-174.094696	-620.693604	1.000000
0.000000	-332.703857	486.693695	1.000000
0.000000	4112436.000000	2116301.500000	1.000000
0.000000	-26.772736	171.250076	1.000000
0.000000	-45196.800781	75771.531250	1.000000
0.000000	522.772522	1606.147949	1.000000
0.000000	4636.639160	12615.100586	1.000000
0.000000	639.232117	1808.910156	1.000000
0.000000	-43956.191406	2218.588623	1.000000
0.000000	245915.640625	-842228.687500	1.000000
0.000000	-43.231445	-55.267517	1.000000
0.000000	247.366669	-143.796371	1.000000
0.000000	-33060.574219	-139816.703125	1.000000
0.000000	-14270.196289	-13754.375000	1.000000
0.000000	-179.967972	-71.928017	1.000000
0.000000	-323345.156250	730136.875000	1.000000
0.000000	-31535.863281	-19774.140625	1.000000
0.000000	-240.695023	-991.967407	1.000000
0.000000	93.003052	-160.771103	1.000000
0.000000	-3822.826660	-12715.923828	1.000000
0.000000	33.525269	-124.893173	1.000000
0.000000	3140.917969	3190.802734	1.000000
0.000000	-67.624321	362.906403	1.000000
0.000000	799432.062500	-982912.687500	1.000000
0.000000	-180.284515	374.122559	1.000000
0.000000	-3475.004150	-2033.505249	1.000000
0.000000	15.859060	2699.222900	1.000000
0.000000	-172.841858	154.503830	1.000000
0.000000	19955.763672	10365.687500	1.000000
0.000000	-129.287415	620.332458	1.000000
0.000000	-3169.115723	-1849.116333	1.000000
0.000000	65036.433594	112468.664062	1.000000
0.000000	114.061432	76.771881	1.000000
0.000000	484892.843750	100616.640625	1.000000
0.000000	-92.947609	89.583076	1.000000
0.000000	80.111702	86.173759	1.000000
0.000000	284.296478	-87.925537	1.000000
0.000000	-83.724953	-82.716446	1.000000
0.000000	-52503.496094	-3198.237549	1.000000
0.000000	11288.118164	1202.066772	1.000000
0.000000	-133.858749	16.573990	1.000000
0.000000	-117.832954	1918.085449	1.000000
0.000000	-7862.709473	-92949.078125	1.000000
0.000000	-441.701202	1277.031494	1.000000
0.000000	91.448273	144.554489	1.000000
0.127551	125.807678	-17.081944	1.000000
0.000000	47.986794	130.305084	1.000000
0.000000	-42733.035156	-77851.757812	1.000000
0.000000	466.695770	-958.536499	1.000000
0.000000	-124.717430	144.475952	1.000000
0.000000	7.419234	-380.055328	1.000000
0.000000	-439.792603	501.463745	1.000000
0.000000	245.295456	216.582550	1.000000
0.000000	166.188110	794.734497	1.000000
0.000000	-81.189911	-26.683577	1.000000
0.000000	70.839325	389.651398	1.000000
0.000000	-10785.135742	570.460876	1.000000
0.000000	28171368.000000	16549397.000000	1.000000
0.000000	161.325790	-477.548981	1.000000
0.000000	-32858.804688	266906.562500	1.000000
0.164953	-17.259119	10.818536	1.000000
0.000000	1303.583984	2793.433105	1.000000
0.000000	4753.338379	10628.766602	1.000000
0.000000	-48744.750000	-126250.796875	1.000000
0.000000	244.944366	-411.263519	1.000000
0.000000	1929694.125000	165094.359375	1.000000
0.000000	-180314.609375	-177937.812500	1.000000
0.000000	-70040.664062	13860.795898	1.000000
0.000000	136.049561	51.159828	1.000000
0.000000	-131042.250000	14753.884766	1.000000
0.000000	-877.623352	136.203491	1.000000
0.000000	-1190.070923	1170.664673	1.000000
0.000000	-1130.241455	958.510376	1.000000
0.000000	49208.933594	57351.375000	1.000000
0.000000	84046.351562	3813.502686	1.000000
0.000000	849.653381	-469.073364	1.000000
0.000000	-160.211212	-173.927628	1.000000
0.000000	-1589278.625000	-1200867.375000	1.000000
0.194487	-60.981586	78.192375	1.000000
0.000000	2590553.750000	19168.570312	1.000000
0.000000	60.654015	16.824230	1.000000
0.000000	-10319.757812	13013.720703	1.000000
0.000000	1826645.375000	135525.359375	1.000000
0.000000	-1590.145630	573.742188	1.000000
0.000000	54.638271	5.033610	1.000000
0.000000	166.248856	89.192719	1.000000
0.000000	625.917419	1095.453735	1.000000
0.000000	-10466.368164	7254.576660	1.000000
0.000000	-154.284561	116.698898	1.000000
0.000000	27325.228516	25671.144531	1.000000
0.000000	-88.618866	141.803513	1.000000
0.000000	262.963837	275.395172	1.000000
0.000000	171.697815	-9106.353516	1.000000
0.000000	-5379.095215	9769.042969	1.000000
0.000000	459013.093750	25748.949219	1.000000
0.000000	-806.197937	1022.513672	1.000000
0.000000	1997.206543	-5393.449707	1.000000
0.000000	3482.710449	-1865.984619	1.000000
0.000000	18.280140	-115.167603	1.000000
0.000000	32.540615	63.664207	1.000000
0.000000	1062.599854	-537.560669	1.000000
0.000000	1181.949585	11953.618164	1.000000
0.000000	18259.625000	-23741.638672	1.000000
0.000000	96.076370	-0.393340	1.000000
0.164953	-20.531130	12.554094	1.000000
0.000000	1333.536377	1049.598389	1.000000
0.000000	186.146072	-39.912556	1.000000
0.000000	69.648529	-49.186127	1.000000
0.000000	-1650.368164	63.884956	1.000000
0.000000	75101.984375	-7432.836914	1.000000
0.000000	21.602818	185.019897	1.000000
0.000000	-436.025391	-720.712036	1.000000
0.000000	1193.010986	-9825.603516	1.000000
0.000000	130.072021	113.217651	1.000000
0.000000	64.322563	72.375496	1.000000
0.000000	-3966.845947	-4807.019043	1.000000
0.000000	289.212006	195.388596	1.000000
0.000000	-1845.994019	-2832.645752	1.000000
0.000000	-85.299927	69.561417	1.000000
0.000000	22208.078125	38859.960938	1.000000
0.127551	124.137856	-22.111124	1.000000
0.000000	656.002869	-553.737610	1.000000
0.000000	1054.715088	585.127869	1.000000
0.000000	-310.236725	405.152527	1.000000
0.000000	-3.078180	-137.173767	1.000000
0.000000	9467.565430	5041.340332	1.000000
0.000000	-92786.171875	-330070.843750	1.000000
0.000000	7756.706543	16940.183594	1.000000
0.000000	62.045166	-10.083986	1.000000
0.000000	3323.964600	-1130.407593	1.000000
0.000000	-423490.812500	-81769.578125	1.000000
0.000000	-44105600.000000	-10494824.000000	1.000000
0.000000	5919.860352	-4789.062012	1.000000
0.000000	-200.757843	-56.987381	1.000000
0.000000	824.219238	-1805.741333	1.000000
0.000000	6033.161133	499.748901	1.000000
0.000000	-47.275661	-13.812749	1.000000
0.000000	-253.115387	1027.898315	1.000000
0.000000	-18815.955078	297.830200	1.000000
0.000000	-397.372009	-150.576401	1.000000
0.000000	267.887817	-119.381332	1.000000
0.000000	14333.218750	-11129.299805	1.000000
