0.000000	31427.054688	455879.375000	1.000000
0.000000	215034.187500	175357.828125	1.000000
0.000000	1204.050049	-12895.666992	1.000000
0.000000	-402.901917	646.956604	1.000000
0.000000	16879.357422	27273.421875	1.000000
0.000000	-13578.305664	727.888611	1.000000
0.000000	-576.588806	-2506.893311	1.000000
0.000000	-595423.062500	1523932.125000	1.000000
0.000000	3634.480225	-2100.493164	1.000000
0.000000	9292453.000000	3386659.750000	1.000000
0.000000	78697400.000000	19959642.000000	1.000000
0.000000	-392.388916	-216.724609	1.000000
0.000000	-352.403625	203.377686	1.000000
0.000000	88.106926	-364.888336	1.000000
0.000000	-73337376.000000	-31090268.000000	1.000000
0.000000	840.623352	-4459.526855	1.000000
0.000000	403.059570	-526.737183	1.000000
0.000000	-6233.167480	7910.107422	1.000000
0.000000	-987.026794	95.408051	1.000000
0.000000	-345.066803	401.180328	1.000000
0.000000	947.902649	8128.014648	1.000000
0.000000	10355.195312	85094.914062	1.000000
0.000000	-71.169731	941.519653	1.000000
0.000000	321.141571	11.836693	1.000000
0.000000	-207042.203125	-53421.660156	1.000000
0.000000	536.122253	-49.372131	1.000000
0.000000	10385.397461	35253.253906	1.000000
0.000000	-4048.023193	11556.314453	1.000000
0.000000	515.864563	-239.612701	1.000000
0.000000	-61345.429688	-273296.843750	1.000000
0.000000	5099.983398	-8805.281250	1.000000
0.000000	4998.268555	936.733765	1.000000
0.000000	-377.575012	509.702118	1.000000
0.000000	-626.730408	-123.782028	1.000000
0.000000	-336.014984	-109.580093	1.000000
0.000000	4973.900391	2831.995361	1.000000
0.000000	-104.240395	-112.410957	1.000000
0.000000	-5833.740723	-1583.064819	1.000000
0.000000	-246240.453125	-73847.656250	1.000000
0.000000	-46640.574219	-6234.855957	1.000000
0.000000	560.887024	167.593735	1.000000
0.000000	610.215149	-86.596085	1.000000
0.000000	-2.942072	359.942383	1.000000
0.000000	-135.392838	-245.145798	1.000000
0.000000	62.941967	356.108002	1.000000
0.000000	-606.507874	-159.918869	1.000000
0.000000	-3981.014648	3284.753418	1.000000
0.000000	-896.187988	530.043274	1.000000
0.000000	-138.979324	-375.941284	1.000000
0.000000	-373.669861	-106.161171	1.000000
0.000000	7161.220215	6266.800781	1.000000
0.000000	-934.343689	1593.010864	1.000000
0.000000	-41.325607	1249.171875	1.000000
0.000000	-3466.335693	-11551.208008	1.000000
0.000000	411.411194	1.257998	1.000000
0.000000	-13.602636	-385.350830	1.000000
0.000000	249.261642	113.658096	1.000000
0.000000	29405522.000000	-21550876.000000	1.000000
0.000000	-650.246399	1732.236938	1.000000
0.000000	419.903534	609.949768	1.000000
0.000000	1651.782837	26140.353516	1.000000
0.000000	3308.871582	-1759.063477	1.000000
0.000000	-152.292175	-352.963074	1.000000
0.000000	224.602875	-460.824860	1.000000
0.000000	5313.668457	-2992.836426	1.000000
0.000000	401169.687500	-1051564.750000	1.000000
0.000000	40106.187500	142478.625000	1.000000
0.000000	899154304.000000	-490293056.000000	1.000000
0.000000	5041.729492	-14960.533203	1.000000
0.000000	-11819835.000000	-661161.937500	1.000000
0.000000	10670.905273	-15016.243164	1.000000
0.000000	-53.818386	-469.937103	1.000000
0.000000	-357.338013	-843.464783	1.000000
0.000000	-390.020447	918.294678	1.000000
0.000000	424190.187500	2462.507568	1.000000
0.000000	-9454.990234	10612.887695	1.000000
0.000000	-283.922638	512.150696	1.000000
0.000000	22.713558	-397.258514	1.000000
0.000000	3432.802246	-13398.372070	1.000000
0.000000	-935690816.000000	516809408.000000	1.000000
0.000000	1333545.500000	80348.171875	1.000000
0.000000	370876.187500	-121749.421875	1.000000
0.000000	282330.750000	227430.343750	1.000000
0.000000	24802.580078	-23085.261719	1.000000
0.000000	2203343.750000	933525.687500	1.000000
0.000000	-209.604965	312.687195	1.000000
0.000000	-18.409159	-57.640827	1.000000
0.000000	-3098.563721	-283.717041	1.000000
0.000000	-1683.776489	1827.162231	1.000000
0.000000	148.825714	375.060425	1.000000
0.000000	-15.935530	-151.546051	1.000000
0.000000	-1317.127808	1071.932983	1.000000
0.000000	1003.599182	-244.657104	1.000000
0.000000	258.333069	-78.884781	1.000000
0.000000	-4355021.000000	2416277.250000	1.000000
0.000000	1198.750732	666.214294	1.000000
0.000000	-227.610703	-88072.750000	1.000000
0.000000	1711789.125000	-2028472.500000	1.000000
0.000000	832.125366	-1407.136719	1.000000
0.000000	-175.685730	-5362.466309	1.000000
0.000000	691415.187500	-227538.156250	1.000000
0.000000	12310197.000000	-6573529.500000	1.000000
0.000000	-21969.951172	-21610.910156	1.000000
0.000000	170773.140625	-24588.238281	1.000000
0.000000	-20.180428	278.958893	1.000000
0.000000	389.198212	-63.902802	1.000000
0.000000	520.812927	-1814.484131	1.000000
0.000000	-216.940796	-319.756012	1.000000
0.000000	144.197693	-364.132172	1.000000
0.000000	-912.193604	1167.961060	1.000000
0.000000	-309.888611	-3087.453369	1.000000
0.000000	-53970.992188	119833.890625	1.000000
0.000000	125.104736	342.390503	1.000000
0.000000	-449.936127	52.129520	1.000000
0.000000	-35.321491	-1049.157593	1.000000
0.000000	-64526.980469	15485.472656	1.000000
0.000000	2464.392334	880.678528	1.000000
0.000000	55861.113281	149645.859375	1.000000
0.000000	-13328.823242	6571.635742	1.000000
0.000000	-41858.441406	-29727.031250	1.000000
0.000000	-8374.676758	13867.632812	1.000000
0.000000	395.686035	383.443726	1.000000
0.000000	-382.296082	236.400589	1.000000
0.000000	1624.011719	3111.112061	1.000000
0.000000	724.528442	-439.852020	1.000000
0.000000	1862.059326	47.422707	1.000000
0.000000	585.119873	-629.794250	1.000000
0.000000	13970.529297	-14331.652344	1.000000
0.000000	-381.116211	-184.427536	1.000000
0.000000	-1202.299805	1436.562134	1.000000
0.000000	298.114777	321.652618	1.000000
0.000000	-13248.510742	-3003.489502	1.000000
0.000000	-28721.878906	-61585.265625	1.000000
0.000000	1749.672607	8131.403320	1.000000
0.000000	-2473.907227	1774.604004	1.000000
0.000000	176.772125	-186.664993	1.000000
0.000000	10.706078	143.809845	1.000000
0.000000	-3765.699463	-15964.313477	1.000000
0.000000	849.787415	-2.914943	1.000000
0.000000	-8868.470703	12939.363281	1.000000
0.000000	-869.642212	-3260.536133	1.000000
0.000000	933.072815	656.800232	1.000000
0.000000	371.136627	-272.040710	1.000000
0.000000	-5562.392090	-20497.818359	1.000000
0.000000	6.385100	-407.667755	1.000000
0.000000	22491.523438	-24680.552734	1.000000
0.000000	-356.826263	-238.238144	1.000000
0.000000	-3300464.250000	1376390.750000	1.000000
0.000000	-18018.908203	-1338.789673	1.000000
0.000000	-93.097954	653.452515	1.000000
0.000000	186.272797	-422.168671	1.000000
0.000000	6711.402832	2624.864258	1.000000
0.000000	-26056.318359	-23339.050781	1.000000
0.000000	-586712.625000	317513.906250	1.000000
0.000000	-108536.234375	249008.234375	1.000000
0.000000	37941.781250	-56191.003906	1.000000
0.000000	653.437012	-1784.366333	1.000000
0.000000	160.868973	240.216782	1.000000
0.000000	-238.896179	-344.771484	1.000000
0.000000	-410.050354	759.396362	1.000000
0.000000	4112436.000000	2116301.500000	1.000000
0.000000	248.407242	227.107956	1.000000
0.000000	-45307.542969	76037.312500	1.000000
0.000000	778.517761	1728.656494	1.000000
0.000000	4910.726074	12543.118164	1.000000
0.000000	611.200500	1526.517578	1.000000
0.000000	-44155.527344	2426.230225	1.000000
0.000000	245649.859375	-842228.687500	1.000000
0.000000	-299.681366	-176.071762	1.000000
0.000000	525.709900	-123.866035	1.000000
0.000000	-32949.832031	-140082.484375	1.000000
0.000000	-14364.327148	-13488.593750	1.000000
0.000000	-463.075928	-86.289894	1.000000
0.000000	-323699.531250	730136.875000	1.000000
0.000000	-31292.230469	-19630.175781	1.000000
0.000000	-496.959381	-1113.091675	1.000000
0.000000	169.590652	-433.676971	1.000000
0.000000	-3551.508301	-12798.980469	1.000000
0.000000	115.508484	-396.253326	1.000000
0.000000	3225.358887	2920.868652	1.000000
0.000000	66.831268	116.980476	1.000000
0.000000	799077.687500	-982912.687500	1.000000
0.000000	-459.885101	421.361023	1.000000
0.000000	-3203.685791	-2113.793213	1.000000
0.000000	-43.716671	2976.078369	1.000000
0.000000	-372.869934	355.440765	1.000000
0.000000	19811.798828	10609.320312	1.000000
0.000000	150.133392	572.574890	1.000000
0.000000	-3439.049805	-1937.710083	1.000000
0.000000	65125.027344	112734.445312	1.000000
0.000000	324.982635	265.814117	1.000000
0.000000	484892.843750	100882.421875	1.000000
0.000000	-297.993683	285.358826	1.000000
0.000000	79.242043	369.768066	1.000000
0.000000	332.919220	191.361877	1.000000
0.000000	-366.636658	-100.755310	1.000000
0.000000	-52392.753906	-2940.761963	1.000000
0.000000	11437.620117	1442.931030	1.000000
0.000000	-57.871117	-257.546417	1.000000
0.000000	47.713848	1687.603271	1.000000
0.000000	-7876.552246	-93214.859375	1.000000
0.000000	-611.549561	1050.010010	1.000000
0.000000	-92.518700	356.354736	1.000000
0.000000	399.420319	-97.921410	1.000000
0.000000	60.188961	414.421082	1.000000
0.000000	-42954.519531	-77674.570312	1.000000
0.000000	245.042648	-1135.595947	1.000000
0.000000	22.841005	386.551453	1.000000
0.000000	-119.446526	-126.559288	1.000000
0.000000	-465.747803	783.856323	1.000000
0.000000	443.420135	13.791216	1.000000
0.000000	233.585114	1070.205688	1.000000
0.000000	-213.836243	223.868759	1.000000
0.000000	299.185760	557.621033	1.000000
0.000000	-11067.528320	549.696716	1.000000
0.000000	28171368.000000	16549397.000000	1.000000
0.000000	352.486237	-686.920898	1.000000
0.000000	-32748.062500	266729.375000	1.000000
0.000000	-297.891113	3.516925	1.000000
0.000000	1539.603271	2637.009766	1.000000
0.000000	4476.482910	10695.211914	1.000000
0.000000	-48456.820312	-126250.796875	1.000000
0.000000	-3.960439	-546.922729	1.000000
0.000000	1929694.125000	165271.546875	1.000000
0.000000	-180048.828125	-177937.812500	1.000000
0.000000	-70262.148438	13700.219727	1.000000
0.000000	304.380524	-171.753479	1.000000
0.000000	-131130.843750	15025.203125	1.000000
0.000000	-1130.454224	264.422180	1.000000
0.000000	-1367.950562	949.988647	1.000000
0.000000	-1203.608154	1232.514526	1.000000
0.000000	49275.378906	57617.156250	1.000000
0.000000	83824.867188	3643.236572	1.000000
0.000000	1119.810669	-382.902100	1.000000
0.000000	-412.182587	-303.821991	1.000000
0.000000	-1589278.625000	-1200867.375000	1.000000
0.000000	-332.700989	160.143417	1.000000
0.000000	2590553.750000	19423.277344	1.000000
0.000000	157.584961	-243.045364	1.000000
0.000000	-10485.871094	13246.279297	1.000000
0.000000	1826645.375000	135348.171875	1.000000
0.000000	-1557.615112	855.442627	1.000000
0.000000	329.876068	63.451721	1.000000
0.000000	400.303894	-63.421707	1.000000
0.000000	399.588074	924.696960	1.000000
0.000000	-10660.166992	7462.218262	1.000000
0.000000	-432.178223	172.839935	1.000000
0.000000	27336.302734	25959.074219	1.000000
0.000000	118.327919	335.602325	1.000000
0.000000	275.768402	558.624451	1.000000
0.000000	-104.092949	-9039.908203	1.000000
0.000000	-5661.487793	9774.580078	1.000000
0.000000	459190.281250	25538.539062	1.000000
0.000000	-1071.979248	1120.797363	1.000000
0.000000	2225.458008	-5224.567871	1.000000
0.000000	3488.247559	-2149.761475	1.000000
0.000000	173.344391	122.158371	1.000000
0.000000	274.979218	210.589539	1.000000
0.000000	940.546997	-793.305908	1.000000
0.000000	1214.480103	11671.225586	1.000000
0.000000	17982.769531	-23797.009766	1.000000
0.000000	378.815033	-21.002235	1.000000
0.000000	-9.997609	-267.653900	1.000000
0.000000	1098.209229	1207.406006	1.000000
0.000000	469.576843	-47.158382	1.000000
0.000000	116.176384	228.998062	1.000000
0.000000	-1380.434082	150.347809	1.000000
0.000000	75367.765625	-7402.382812	1.000000
0.000000	97.087700	458.264099	1.000000
0.000000	-152.563034	-720.712036	1.000000
0.000000	1175.015381	-9543.210938	1.000000
0.000000	301.485809	339.027893	1.000000
0.000000	280.551941	255.705734	1.000000
0.000000	-3836.723877	-4555.080566	1.000000
0.000000	568.836060	241.588852	1.000000
0.000000	-2073.629395	-3001.527588	1.000000
0.000000	29.357632	322.257629	1.000000
0.000000	22252.375000	39147.890625	1.000000
0.000000	404.966766	-23.718065	1.000000
0.000000	939.433655	-548.892639	1.000000
0.000000	1299.732178	727.708435	1.000000
0.000000	-322.003082	688.302490	1.000000
0.000000	175.751541	-357.147552	1.000000
0.000000	9611.530273	4797.707520	1.000000
0.000000	-92653.281250	-330248.031250	1.000000
0.000000	8039.099121	16951.257812	1.000000
0.000000	245.546204	-226.315323	1.000000
0.000000	3416.711182	-862.341309	1.000000
0.000000	-423313.625000	-81991.062500	1.000000
0.000000	-44105600.000000	-10494824.000000	1.000000
0.000000	6047.213867	-4537.123535	1.000000
0.000000	-308.345184	205.266266	1.000000
0.000000	1072.697021	-1669.390015	1.000000
0.000000	5811.676758	323.599609	1.000000
0.000000	-310.461365	-119.225578	1.000000
0.000000	-536.200989	1014.055542	1.000000
0.000000	-18771.658203	17.920250	1.000000
0.000000	-680.802795	-158.449478	1.000000
0.000000	304.631683	-399.093964	1.000000
0.000000	14593.462891	-11018.557617	1.000000
