0.000000	31661.800781	455658.437500	1.000000
0.000000	214923.718750	175026.421875	1.000000
0.000000	1151.404785	-12543.547852	1.000000
0.000000	-756.315613	652.134827	1.000000
0.000000	16906.974609	27632.445312	1.000000
0.000000	-13923.520508	807.719543	1.000000
0.000000	-893.754944	-2351.546631	1.000000
0.000000	-594981.187500	1523932.125000	1.000000
0.000000	3453.242432	-2404.282227	1.000000
0.000000	9292453.000000	3386659.750000	1.000000
0.000000	78697400.000000	19959642.000000	1.000000
0.000000	-51.261364	-124.161636	1.000000
0.000000	-185.020203	-107.993294	1.000000
0.000000	101.106422	-11.632832	1.000000
0.000000	-73337376.000000	-31090268.000000	1.000000
0.000000	532.950623	-4632.134277	1.000000
0.000000	320.208008	-183.064835	1.000000
0.000000	-6050.203613	7606.318359	1.000000
0.000000	-987.889832	448.870758	1.000000
0.000000	-223.781448	69.126823	1.000000
0.000000	871.955383	7782.799805	1.000000
0.000000	10037.597656	84929.210938	1.000000
0.000000	-2.779548	594.578735	1.000000
0.000000	61.838673	248.553772	1.000000
0.000000	-207263.140625	-53173.105469	1.000000
0.000000	183.750488	-77.043259	1.000000
0.000000	10392.301758	35612.277344	1.000000
0.000000	-3701.082275	11625.357422	1.000000
0.000000	206.897263	-67.868324	1.000000
0.000000	-61704.453125	-273296.843750	1.000000
0.000000	5310.564453	-9088.357422	1.000000
0.000000	4656.505859	849.567017	1.000000
0.000000	-51.522633	372.971222	1.000000
0.000000	-368.130798	-364.725922	1.000000
0.000000	-59.766495	110.940750	1.000000
0.000000	4652.850586	2685.279053	1.000000
0.000000	224.507721	17.508799	1.000000
0.000000	-5561.020996	-1359.538208	1.000000
0.000000	-246350.921875	-73516.250000	1.000000
0.000000	-46916.746094	-6020.822754	1.000000
0.000000	288.344391	-57.484749	1.000000
0.000000	405.994934	201.902832	1.000000
0.191322	2.606213	8.703500	1.000000
0.000000	17.301361	68.079613	1.000000
0.845488	18.555679	6.737814	1.000000
0.000000	-473.168671	-487.257355	1.000000
0.000000	-4270.995117	3486.704102	1.000000
0.000000	-695.531860	238.970657	1.000000
0.000000	-59.825226	-31.702353	1.000000
0.651925	-26.904064	-35.566498	1.000000
0.000000	6809.101074	6304.774414	1.000000
0.000000	-741.454895	1889.032593	1.000000
0.000000	159.588257	1540.015381	1.000000
0.000000	-3260.932861	-11841.188477	1.000000
0.000000	83.169899	-129.542023	1.000000
0.651925	-21.757486	-33.641495	1.000000
0.000000	-104.036346	125.902435	1.000000
0.000000	29405522.000000	-21550876.000000	1.000000
0.000000	-365.444153	1523.381958	1.000000
0.000000	652.577393	343.839203	1.000000
0.000000	1833.883667	26444.142578	1.000000
0.000000	3174.237793	-1431.972412	1.000000
0.000000	33.107319	-50.661739	1.000000
0.000000	33.871670	-163.259216	1.000000
0.000000	5531.153809	-2714.938477	1.000000
0.000000	400948.750000	-1051564.750000	1.000000
0.000000	40409.976562	142699.562500	1.000000
0.000000	899154304.000000	-490293056.000000	1.000000
0.000000	5269.571289	-14691.265625	1.000000
0.000000	-11819835.000000	-661603.812500	1.000000
0.000000	10491.393555	-15320.032227	1.000000
0.000000	50.609524	-132.234314	1.000000
0.000000	-90.510712	-611.739319	1.000000
0.000000	-743.359619	930.377197	1.000000
0.000000	424632.062500	2550.537354	1.000000
0.000000	-9109.775391	10695.739258	1.000000
0.000000	59.213947	597.159851	1.000000
0.000000	53.675014	-45.137913	1.000000
0.000000	3398.280762	-13046.252930	1.000000
0.000000	-935690816.000000	516809408.000000	1.000000
0.000000	1333545.500000	80016.765625	1.000000
0.000000	370434.312500	-121694.187500	1.000000
0.000000	282772.625000	227319.875000	1.000000
0.000000	25120.177734	-23250.964844	1.000000
0.000000	2203343.750000	933967.562500	1.000000
0.000000	-26.283768	15.384984	1.000000
0.000000	325.092377	21.939318	1.000000
0.000000	-3319.501221	-559.888916	1.000000
0.000000	-1642.350708	1475.906128	1.000000
0.000000	-14.177761	61.357689	1.000000
0.000000	74.882477	190.099274	1.000000
0.000000	-976.228149	1165.140991	1.000000
0.000000	704.988342	-55.347809	1.000000
0.000000	179.692032	-423.507782	1.000000
0.000000	-4355021.000000	2416277.250000	1.000000
0.000000	893.050903	488.888306	1.000000
0.000000	118.351807	-88017.515625	1.000000
0.000000	1711789.125000	-2028472.500000	1.000000
0.000000	766.103027	-1754.077637	1.000000
0.000000	-466.313477	-5162.241699	1.000000
0.000000	691415.187500	-227206.750000	1.000000
0.000000	12310197.000000	-6573529.500000	1.000000
0.000000	-21887.099609	-21265.695312	1.000000
0.000000	170441.734375	-24381.109375	1.000000
0.000000	131.983627	-33.924404	1.000000
0.000000	50.577713	37.601204	1.000000
0.000000	863.007141	-1726.454346	1.000000
0.450173	15.541996	-53.937210	1.000000
0.000000	15.542733	-34.883495	1.000000
0.000000	-810.786743	829.402649	1.000000
0.000000	32.822357	-3173.757080	1.000000
0.000000	-53611.968750	119833.890625	1.000000
0.191322	4.452250	13.597062	1.000000
0.000000	-107.917892	-37.457088	1.000000
0.000000	-375.300507	-1145.817749	1.000000
0.000000	-64830.769531	15678.792969	1.000000
0.000000	2359.101807	543.231018	1.000000
0.000000	55584.941406	149424.921875	1.000000
0.000000	-12990.512695	6682.104492	1.000000
0.000000	-41582.269531	-29934.160156	1.000000
0.000000	-8664.657227	13667.408203	1.000000
0.000000	76.353584	231.963593	1.000000
0.000000	-120.731323	-1.948893	1.000000
0.000000	1369.415771	3356.214600	1.000000
0.000000	383.197296	-347.722809	1.000000
0.000000	2089.194092	318.349335	1.000000
0.000000	516.076904	-283.142456	1.000000
0.000000	14046.476562	-13986.437500	1.000000
0.000000	-79.691849	0.184923	1.000000
0.000000	-1068.529053	1763.653198	1.000000
0.000000	45.460667	74.392502	1.000000
0.000000	-13593.725586	-2925.816162	1.000000
0.000000	-28500.941406	-61309.093750	1.000000
0.000000	1556.352295	7834.518555	1.000000
0.000000	-2689.666504	2054.228027	1.000000
0.000000	-146.685089	-44.048119	1.000000
0.000000	240.254837	406.003540	1.000000
0.000000	-3990.089111	-16240.485352	1.000000
0.000000	510.183441	-101.567635	1.000000
0.000000	-8516.351562	12911.746094	1.000000
0.000000	-976.227295	-2923.951660	1.000000
0.000000	971.477966	305.417328	1.000000
0.000000	25.703018	-197.041321	1.000000
0.000000	-5911.059082	-20553.052734	1.000000
0.000000	-12.210642	-54.675076	1.000000
0.000000	22588.183594	-24335.337891	1.000000
0.000000	-119.672913	22.018984	1.000000
0.000000	-3300464.250000	1376390.750000	1.000000
0.000000	-17894.630859	-1009.109497	1.000000
0.000000	55.522621	333.642761	1.000000
0.026294	69.061226	-89.601143	1.000000
0.000000	6597.481934	2959.722656	1.000000
0.000000	-26387.724609	-23449.519531	1.000000
0.000000	-586712.625000	317292.968750	1.000000
0.000000	-108536.234375	249339.640625	1.000000
0.000000	38300.804688	-56191.003906	1.000000
0.000000	424.732147	-1515.098755	1.000000
0.000000	-8.941978	-69.828590	1.000000
0.000000	-158.094330	-688.796631	1.000000
0.000000	-313.605957	419.359711	1.000000
0.000000	4112436.000000	2116301.500000	1.000000
0.000000	-95.391357	157.428665	1.000000
0.000000	-45169.457031	75705.906250	1.000000
0.000000	459.661011	1575.898926	1.000000
0.000000	4568.963379	12632.874023	1.000000
0.000000	646.153503	1878.636719	1.000000
0.000000	-43906.972656	2167.319092	1.000000
0.000000	245981.265625	-842228.687500	1.000000
0.000000	20.093327	-25.435059	1.000000
0.000000	177.576019	-149.201035	1.000000
0.000000	-33087.917969	-139751.078125	1.000000
0.000000	-14246.954102	-13820.000000	1.000000
0.000000	-110.051895	-68.381874	1.000000
0.000000	-323257.656250	730136.875000	1.000000
0.000000	-31596.019531	-19809.687500	1.000000
0.000000	-177.419876	-962.060181	1.000000
0.026294	73.471153	-92.641853	1.000000
0.000000	-3889.818848	-12695.416016	1.000000
0.450173	13.382409	-57.460354	1.000000
0.000000	3120.068359	3257.453125	1.000000
0.000000	-100.808571	424.498566	1.000000
0.000000	799519.562500	-982912.687500	1.000000
0.000000	-111.262901	362.458740	1.000000
0.000000	-3541.996338	-2013.681030	1.000000
0.000000	30.569677	2630.863525	1.000000
0.000000	-123.453186	104.884171	1.000000
0.000000	19991.310547	10305.531250	1.000000
0.000000	-198.287659	632.124451	1.000000
0.000000	-3102.465332	-1827.241333	1.000000
0.000000	65014.558594	112403.039062	1.000000
0.000000	63.248459	27.257355	1.000000
0.000000	484892.843750	100551.015625	1.000000
0.000000	-42.318951	41.242695	1.000000
0.000000	80.191154	18.412367	1.000000
0.000000	272.290863	-156.883057	1.000000
0.000000	-13.928778	-78.312141	1.000000
0.000000	-52530.839844	-3261.811768	1.000000
0.000000	11251.204102	1142.594116	1.000000
0.000000	-152.892563	83.940018	1.000000
0.000000	-158.701706	1974.994629	1.000000
0.000000	-7859.291504	-92883.453125	1.000000
0.000000	-399.788361	1333.086182	1.000000
0.000000	137.697662	92.003227	1.000000
0.000000	58.888027	3.460381	1.000000
0.000000	42.573853	61.332325	1.000000
0.000000	-42678.347656	-77895.507812	1.000000
0.000000	521.418640	-914.871948	1.000000
0.000000	-161.160553	84.704224	1.000000
0.000000	38.741726	-442.646881	1.000000
0.000000	-433.383911	431.737183	1.000000
0.000000	196.375778	266.655792	1.000000
0.000000	149.546875	726.716919	1.000000
0.955092	-50.345993	-85.698212	1.000000
0.000000	14.512797	347.355957	1.000000
0.000000	-10715.409180	575.587830	1.000000
0.000000	28171368.000000	16549397.000000	1.000000
0.000000	114.133316	-425.852203	1.000000
0.000000	-32886.148438	266950.312500	1.000000
0.000000	52.445969	15.252666	1.000000
0.000000	1245.307617	2832.056152	1.000000
0.000000	4821.697754	10612.360352	1.000000
0.000000	-48815.843750	-126250.796875	1.000000
0.000000	306.386200	-377.767426	1.000000
0.000000	1929694.125000	165050.609375	1.000000
0.000000	-180380.234375	-177937.812500	1.000000
0.000000	-69985.976562	13900.444336	1.000000
0.000000	93.965813	107.095795	1.000000
0.000000	-131020.375000	14686.892578	1.000000
0.000000	-815.159973	104.544563	1.000000
0.000000	-1146.150024	1225.181274	1.000000
0.000000	-1112.126221	890.920044	1.000000
0.000000	49192.527344	57285.750000	1.000000
0.000000	84101.039062	3855.543701	1.000000
0.000000	782.917542	-490.350220	1.000000
0.000000	-97.982819	-141.862808	1.000000
0.000000	-1589278.625000	-1200867.375000	1.000000
0.000000	6.441396	59.617687	1.000000
0.000000	2590553.750000	19105.679688	1.000000
0.000000	37.916523	81.539742	1.000000
0.000000	-10278.742188	12956.298828	1.000000
0.000000	1826645.375000	135569.109375	1.000000
0.000000	-1598.177856	504.186523	1.000000
0.000000	-13.596941	-10.587446	1.000000
0.000000	108.018883	128.050751	1.000000
0.000000	681.801208	1137.665649	1.000000
0.000000	-10418.516602	7203.307129	1.000000
0.000000	-85.668846	102.845444	1.000000
0.000000	27322.494141	25600.050781	1.000000
0.000000	-139.717499	93.959557	1.000000
0.000000	259.802216	205.470428	1.000000
0.000000	239.800842	-9122.759766	1.000000
0.000000	-5309.368652	9767.675781	1.000000
0.000000	458969.343750	25800.902344	1.000000
0.000000	-740.572937	998.246094	1.000000
0.000000	1940.980957	-5435.148926	1.000000
0.000000	3481.343262	-1795.916260	1.000000
0.000000	-20.008894	-173.764404	1.000000
0.000000	-27.305443	26.920387	1.000000
0.000000	1092.677979	-474.388275	1.000000
0.000000	1173.917358	12023.344727	1.000000
0.000000	18327.984375	-23727.966797	1.000000
0.000000	26.261694	4.695177	1.000000
0.000000	-23.578432	81.904800	1.000000
0.000000	1391.641846	1010.604248	1.000000
0.000000	116.164970	-38.123463	1.000000
0.000000	58.425289	-118.282501	1.000000
0.000000	-1717.018555	42.538673	1.000000
0.000000	75036.359375	-7440.356445	1.000000
0.000000	2.966877	117.538040	1.000000
0.000000	-506.008301	-720.712036	1.000000
0.000000	1197.454346	-9895.330078	1.000000
0.000000	87.743141	57.462662	1.000000
0.000000	12.815025	28.809311	1.000000
0.000000	-3998.974854	-4869.226074	1.000000
0.000000	220.157959	183.981125	1.000000
0.000000	-1789.768433	-2790.946533	1.000000
0.000000	-114.801270	6.083117	1.000000
0.000000	22197.140625	38788.867188	1.000000
0.000000	54.147461	-22.300343	1.000000
0.000000	586.019958	-554.933899	1.000000
0.000000	994.217041	549.922791	1.000000
0.000000	-307.331451	335.212341	1.000000
0.955092	-47.464165	-82.980171	1.000000
0.000000	9432.018555	5101.496582	1.000000
0.000000	-92818.984375	-330027.093750	1.000000
0.000000	7686.979980	16937.449219	1.000000
0.000000	15.001959	41.694244	1.000000
0.000000	3301.064209	-1196.545288	1.000000
0.000000	-423534.562500	-81714.890625	1.000000
0.000000	-44105600.000000	-10494824.000000	1.000000
0.000000	5888.415039	-4851.269043	1.000000
0.000000	-174.183136	-121.747208	1.000000
0.000000	762.866699	-1839.408325	1.000000
0.000000	6087.848633	543.242554	1.000000
0.845488	18.044123	11.824068	1.000000
0.000000	-183.196564	1031.316284	1.000000
0.000000	-18826.892578	366.958618	1.000000
0.000000	-327.389099	-148.632431	1.000000
0.000000	259.898315	-49.836349	1.000000
0.000000	14268.960938	-11156.643555	1.000000
