0.000000	31646.859375	455672.500000	1.000000
0.000000	214930.750000	175047.515625	1.000000
0.000000	1154.755615	-12565.959961	1.000000
0.000000	-733.821106	651.805237	1.000000
0.000000	16905.216797	27609.593750	1.000000
0.000000	-13901.547852	802.638367	1.000000
0.000000	-873.567566	-2361.434326	1.000000
0.000000	-595009.312500	1523932.125000	1.000000
0.000000	3464.778076	-2384.946289	1.000000
0.000000	9292453.000000	3386659.750000	1.000000
0.000000	78697400.000000	19959642.000000	1.000000
0.000000	-72.976524	-130.055298	1.000000
0.000000	-195.670074	-88.173271	1.000000
0.000000	100.279015	-34.117733	1.000000
0.000000	-73337376.000000	-31090268.000000	1.000000
0.000000	552.533752	-4621.147949	1.000000
0.000000	325.481445	-204.934494	1.000000
0.000000	-6061.849121	7625.654297	1.000000
0.000000	-987.834900	426.376251	1.000000
0.000000	-231.506210	90.261772	1.000000
0.000000	876.789368	7804.772461	1.000000
0.000000	10057.812500	84939.757812	1.000000
0.000000	-7.132236	616.661255	1.000000
0.000000	78.400787	233.323975	1.000000
0.000000	-207249.078125	-53188.925781	1.000000
0.000000	206.183197	-75.282013	1.000000
0.000000	10391.862305	35589.425781	1.000000
0.000000	-3723.164795	11620.962891	1.000000
0.000000	226.562790	-78.799721	1.000000
0.000000	-61681.601562	-273296.843750	1.000000
0.000000	5297.161133	-9070.339844	1.000000
0.000000	4678.258789	855.115112	1.000000
0.000000	-72.270660	381.677887	1.000000
0.000000	-384.596558	-349.386261	1.000000
0.000000	-77.351486	96.905716	1.000000
0.000000	4673.285156	2694.617432	1.000000
0.000000	203.585632	9.239012	1.000000
0.000000	-5578.379395	-1373.765503	1.000000
0.000000	-246343.890625	-73537.343750	1.000000
0.000000	-46899.167969	-6034.445801	1.000000
0.000000	305.689056	-43.157890	1.000000
0.000000	419.000000	183.541931	1.000000
0.000000	2.363210	31.125648	1.000000
0.000000	7.164757	47.991798	1.000000
0.000000	21.690495	28.673771	1.000000
0.000000	-481.655609	-466.424530	1.000000
0.000000	-4252.538086	3473.850098	1.000000
0.000000	-708.303467	257.496368	1.000000
0.000000	-64.777390	-53.650974	1.000000
0.000000	-48.932476	-40.197460	1.000000
0.000000	6831.513184	6302.357422	1.000000
0.000000	-753.732117	1870.191040	1.000000
0.000000	146.802917	1521.503418	1.000000
0.000000	-3274.006592	-11822.731445	1.000000
0.000000	103.951225	-120.913712	1.000000
0.000000	-21.191887	-56.131344	1.000000
0.000000	-81.548706	125.123093	1.000000
0.000000	29405522.000000	-21550876.000000	1.000000
0.000000	-383.571594	1536.675415	1.000000
0.000000	637.773315	360.771881	1.000000
0.000000	1822.293091	26424.806641	1.000000
0.000000	3182.807129	-1452.791504	1.000000
0.000000	21.268612	-69.795120	1.000000
0.000000	46.011562	-182.203766	1.000000
0.000000	5517.311035	-2732.626465	1.000000
0.000000	400962.812500	-1051564.750000	1.000000
0.000000	40390.640625	142685.500000	1.000000
0.000000	899154304.000000	-490293056.000000	1.000000
0.000000	5255.069336	-14708.404297	1.000000
0.000000	-11819835.000000	-661575.687500	1.000000
0.000000	10502.819336	-15300.696289	1.000000
0.000000	43.962795	-153.733185	1.000000
0.000000	-107.491455	-626.488464	1.000000
0.000000	-720.865112	929.608154	1.000000
0.000000	424603.937500	2544.934326	1.000000
0.000000	-9131.748047	10690.465820	1.000000
0.000000	37.373470	591.749084	1.000000
0.000000	51.704342	-67.551468	1.000000
0.000000	3400.478027	-13068.665039	1.000000
0.000000	-935690816.000000	516809408.000000	1.000000
0.000000	1333545.500000	80037.859375	1.000000
0.000000	370462.437500	-121697.703125	1.000000
0.000000	282744.500000	227326.906250	1.000000
0.000000	25099.962891	-23240.417969	1.000000
0.000000	2203343.750000	933939.437500	1.000000
0.000000	-38.133968	34.511494	1.000000
0.000000	303.133453	17.032377	1.000000
0.000000	-3305.438721	-542.310791	1.000000
0.000000	-1644.987427	1498.263306	1.000000
0.000000	-3.802979	81.322136	1.000000
0.000000	69.100922	168.353210	1.000000
0.000000	-997.926147	1159.208374	1.000000
0.000000	723.994690	-67.396240	1.000000
0.000000	184.697678	-401.576324	1.000000
0.000000	-4355021.000000	2416277.250000	1.000000
0.000000	912.524170	500.163025	1.000000
0.000000	96.331085	-88021.031250	1.000000
0.000000	1711789.125000	-2028472.500000	1.000000
0.000000	770.305298	-1731.995117	1.000000
0.000000	-447.815247	-5174.985840	1.000000
0.000000	691415.187500	-227227.843750	1.000000
0.000000	12310197.000000	-6573529.500000	1.000000
0.000000	-21892.373047	-21287.667969	1.000000
0.000000	170462.828125	-24394.292969	1.000000
0.000000	122.301926	-13.614368	1.000000
0.000000	72.105118	31.059065	1.000000
0.000000	841.226746	-1732.057373	1.000000
0.000000	0.839738	-70.461525	1.000000
0.000000	23.731815	-55.839916	1.000000
0.000000	-817.241211	850.963318	1.000000
0.000000	11.008616	-3168.263916	1.000000
0.000000	-53634.820312	119833.890625	1.000000
0.000000	12.447176	34.721176	1.000000
0.000000	-129.684555	-31.757893	1.000000
0.000000	-353.657440	-1139.665405	1.000000
0.000000	-64811.433594	15666.488281	1.000000
0.000000	2365.803467	564.709290	1.000000
0.000000	55602.519531	149438.984375	1.000000
0.000000	-13012.045898	6675.073242	1.000000
0.000000	-41599.847656	-29920.976562	1.000000
0.000000	-8646.200195	13680.152344	1.000000
0.000000	96.681725	241.610962	1.000000
0.000000	-138.498947	12.455469	1.000000
0.000000	1385.620605	3340.614014	1.000000
0.000000	404.922760	-353.586761	1.000000
0.000000	2074.692139	301.100800	1.000000
0.000000	520.471436	-305.211243	1.000000
0.000000	14041.642578	-14008.410156	1.000000
0.000000	-98.880157	-11.566128	1.000000
0.000000	-1077.043457	1742.834106	1.000000
0.000000	61.541904	90.130417	1.000000
0.000000	-13571.752930	-2930.760010	1.000000
0.000000	-28515.003906	-61326.671875	1.000000
0.000000	1568.656982	7853.415039	1.000000
0.000000	-2675.933594	2036.430176	1.000000
0.000000	-126.099136	-53.125572	1.000000
0.000000	225.375229	389.125793	1.000000
0.000000	-3975.806885	-16222.907227	1.000000
0.000000	531.797913	-95.288261	1.000000
0.000000	-8538.763672	12913.503906	1.000000
0.000000	-969.443237	-2945.375000	1.000000
0.000000	969.033508	327.788239	1.000000
0.000000	47.691124	-201.813507	1.000000
0.000000	-5888.866699	-20549.537109	1.000000
0.000000	-11.027037	-77.144836	1.000000
0.000000	22582.031250	-24357.310547	1.000000
0.000000	-133.642532	6.219065	1.000000
0.000000	-3300464.250000	1376390.750000	1.000000
0.000000	-17902.541016	-1030.093384	1.000000
0.000000	46.058929	354.049866	1.000000
0.030489	76.206520	-110.506149	1.000000
0.000000	6604.732910	2938.409180	1.000000
0.000000	-26366.630859	-23442.488281	1.000000
0.000000	-586712.625000	317307.031250	1.000000
0.000000	-108536.234375	249318.546875	1.000000
0.000000	38277.953125	-56191.003906	1.000000
0.000000	439.289032	-1532.237427	1.000000
0.000000	1.866720	-50.094398	1.000000
0.000000	-163.237305	-666.906372	1.000000
0.000000	-319.744568	441.002777	1.000000
0.000000	4112436.000000	2116301.500000	1.000000
0.000000	-73.336304	161.871262	1.000000
0.000000	-45178.246094	75727.000000	1.000000
0.000000	479.944519	1585.621826	1.000000
0.000000	4590.716309	12627.161133	1.000000
0.000000	643.928772	1856.224609	1.000000
0.000000	-43922.792969	2183.798584	1.000000
0.000000	245960.171875	-842228.687500	1.000000
0.000000	-0.261099	-35.024063	1.000000
0.000000	200.008728	-147.463821	1.000000
0.000000	-33079.128906	-139772.171875	1.000000
0.000000	-14254.424805	-13798.906250	1.000000
0.000000	-132.523056	-69.521706	1.000000
0.000000	-323285.781250	730136.875000	1.000000
0.000000	-31576.683594	-19798.261719	1.000000
0.000000	-197.758316	-971.673218	1.000000
0.030489	79.905899	-114.612488	1.000000
0.000000	-3868.285645	-12702.007812	1.000000
0.000000	19.788437	-79.419693	1.000000
0.000000	3126.770020	3236.029785	1.000000
0.000000	-90.158699	404.681976	1.000000
0.000000	799491.437500	-982912.687500	1.000000
0.000000	-133.448425	366.207825	1.000000
0.000000	-3520.463135	-2020.053101	1.000000
0.000000	25.841265	2652.836182	1.000000
0.000000	-139.327454	120.831512	1.000000
0.000000	19979.884766	10324.867188	1.000000
0.000000	-176.109009	628.334167	1.000000
0.000000	-3123.888672	-1834.272583	1.000000
0.000000	65021.589844	112424.132812	1.000000
0.262180	79.040695	43.494835	1.000000
0.000000	484892.843750	100572.109375	1.000000
0.000000	-58.592449	56.779766	1.000000
0.262180	80.705894	39.870468	1.000000
0.000000	276.149811	-134.718140	1.000000
0.000000	-36.383152	-79.743797	1.000000
0.000000	-52522.050781	-3241.377197	1.000000
0.000000	11263.069336	1161.710327	1.000000
0.000000	-146.774551	62.286652	1.000000
0.000000	-145.566177	1956.702393	1.000000
0.000000	-7860.390137	-92904.546875	1.000000
0.000000	-413.260345	1315.068604	1.000000
0.000000	122.831787	108.894707	1.000000
0.000000	80.393761	-3.155554	1.000000
0.000000	45.384789	82.874664	1.000000
0.000000	-42695.925781	-77881.445312	1.000000
0.000000	503.834137	-928.906982	1.000000
0.000000	-149.446381	103.916565	1.000000
0.000000	28.673786	-422.528168	1.000000
0.000000	-435.443848	454.149292	1.000000
0.000000	212.099960	250.560822	1.000000
0.000000	154.895844	748.579712	1.000000
0.000000	-61.105564	-65.934952	1.000000
0.000000	32.636803	360.690613	1.000000
0.000000	-10737.821289	573.939880	1.000000
0.000000	28171368.000000	16549397.000000	1.000000
0.000000	129.304459	-442.469025	1.000000
0.000000	-32877.359375	266936.250000	1.000000
0.000000	29.953178	14.681034	1.000000
0.000000	1264.039307	2819.641602	1.000000
0.000000	4799.725098	10617.633789	1.000000
0.000000	-48792.992188	-126250.796875	1.000000
0.000000	286.638275	-388.534027	1.000000
0.000000	1929694.125000	165064.671875	1.000000
0.000000	-180359.140625	-177937.812500	1.000000
0.000000	-70003.554688	13887.700195	1.000000
0.000000	107.492729	89.115982	1.000000
0.000000	-131027.406250	14708.425781	1.000000
0.000000	-835.237488	114.720650	1.000000
0.000000	-1160.267456	1207.658081	1.000000
0.000000	-1117.948975	912.645508	1.000000
0.000000	49197.800781	57306.843750	1.000000
0.000000	84083.460938	3842.030518	1.000000
0.000000	804.368347	-483.511230	1.000000
0.000000	-117.984802	-152.169357	1.000000
0.000000	-1589278.625000	-1200867.375000	1.000000
0.000000	-15.267188	65.533134	1.000000
0.000000	2590553.750000	19125.894531	1.000000
0.000000	44.154114	61.366352	1.000000
0.000000	-10291.925781	12974.755859	1.000000
0.000000	1826645.375000	135555.046875	1.000000
0.000000	-1595.596069	526.543701	1.000000
0.000000	8.335679	-5.566351	1.000000
0.000000	126.733406	115.560669	1.000000
0.000000	663.838562	1124.097534	1.000000
0.000000	-10433.897461	7219.786621	1.000000
0.000000	-107.723900	107.298340	1.000000
0.000000	27323.373047	25622.902344	1.000000
0.000000	-123.292938	109.336983	1.000000
0.000000	260.818451	227.944336	1.000000
0.000000	217.910583	-9117.486328	1.000000
0.000000	-5331.780762	9768.115234	1.000000
0.000000	458983.406250	25784.203125	1.000000
0.000000	-761.666687	1006.046387	1.000000
0.000000	1959.053467	-5421.745605	1.000000
0.000000	3481.782715	-1818.438232	1.000000
0.000000	-7.701637	-154.929718	1.000000
0.000000	-8.063061	38.581345	1.000000
0.000000	1083.010010	-494.699249	1.000000
0.000000	1176.499146	12000.932617	1.000000
0.000000	18306.011719	-23732.361328	1.000000
0.000000	48.702766	3.059612	1.000000
0.000000	-22.318438	59.440842	1.000000
0.000000	1372.965088	1023.156128	1.000000
0.000000	138.657669	-38.698528	1.000000
0.000000	62.031895	-96.072952	1.000000
0.000000	-1695.595215	49.399979	1.000000
0.000000	75057.453125	-7437.939453	1.000000
0.000000	8.957001	139.227509	1.000000
0.000000	-483.513794	-720.712036	1.000000
0.000000	1196.026123	-9872.917969	1.000000
0.000000	101.349022	75.383484	1.000000
0.000000	28.093775	41.656155	1.000000
0.000000	-3988.647705	-4849.230957	1.000000
0.000000	242.357208	187.647812	1.000000
0.000000	-1807.840942	-2804.349854	1.000000
0.000000	-105.318695	26.486996	1.000000
0.000000	22200.656250	38811.718750	1.000000
0.000000	76.648079	-22.226528	1.000000
0.000000	608.514465	-554.549377	1.000000
0.000000	1013.662842	561.238708	1.000000
0.000000	-308.265289	357.693115	1.000000
0.000000	-33.039734	-100.316261	1.000000
0.000000	9443.444336	5082.160645	1.000000
0.000000	-92808.437500	-330041.156250	1.000000
0.000000	7709.392090	16938.328125	1.000000
0.000000	31.400904	26.207989	1.000000
0.000000	3308.425049	-1175.286743	1.000000
0.000000	-423520.500000	-81732.468750	1.000000
0.000000	-44105600.000000	-10494824.000000	1.000000
0.000000	5898.522461	-4831.273926	1.000000
0.000000	-182.725006	-100.931549	1.000000
0.000000	782.587158	-1828.586792	1.000000
0.000000	6070.270508	529.262451	1.000000
0.000000	-3.180466	3.847929	1.000000
0.000000	-205.670471	1030.217651	1.000000
0.000000	-18823.376953	344.738770	1.000000
0.000000	-349.883606	-149.257278	1.000000
0.000000	262.466370	-72.190094	1.000000
0.000000	14289.615234	-11147.854492	1.000000
