0.000000	31599.378906	455717.187500	1.000000
0.000000	214953.093750	175114.546875	1.000000
0.000000	1165.403809	-12637.180664	1.000000
0.000000	-662.338562	650.757874	1.000000
0.000000	16899.630859	27536.976562	1.000000
0.000000	-13831.723633	786.491516	1.000000
0.000000	-809.416565	-2392.855225	1.000000
0.000000	-595098.687500	1523932.125000	1.000000
0.000000	3501.435791	-2323.500977	1.000000
0.000000	9292453.000000	3386659.750000	1.000000
0.000000	78697400.000000	19959642.000000	1.000000
0.000000	-141.980286	-148.776917	1.000000
0.000000	-229.513000	-25.193008	1.000000
0.000000	97.649696	-105.567551	1.000000
0.000000	-73337376.000000	-31090268.000000	1.000000
0.000000	614.764587	-4586.235840	1.000000
0.000000	342.239258	-274.437195	1.000000
0.000000	-6098.855957	7687.099609	1.000000
0.000000	-987.660339	354.893707	1.000000
0.000000	-256.053741	157.423935	1.000000
0.000000	892.150696	7874.596680	1.000000
0.000000	10122.050781	84973.273438	1.000000
0.000000	-20.963476	686.834595	1.000000
0.000000	131.030792	184.927063	1.000000
0.000000	-207204.390625	-53239.199219	1.000000
0.000000	277.462799	-69.685165	1.000000
0.000000	10390.465820	35516.808594	1.000000
0.000000	-3793.338135	11606.998047	1.000000
0.000000	289.055481	-113.537270	1.000000
0.000000	-61608.984375	-273296.843750	1.000000
0.000000	5254.568359	-9013.083984	1.000000
0.000000	4747.384766	872.745728	1.000000
0.000000	-138.253418	409.285248	1.000000
0.000000	-436.921082	-300.640228	1.000000
0.000000	-133.232681	52.304066	1.000000
0.000000	4738.221680	2724.292725	1.000000
0.000000	137.098480	-17.024405	1.000000
0.000000	-5633.540527	-1418.976685	1.000000
0.000000	-246321.546875	-73604.375000	1.000000
0.000000	-46843.308594	-6077.736816	1.000000
0.000000	360.806549	2.368161	1.000000
0.000000	460.327209	125.194542	1.000000
0.000000	-0.612010	100.462463	1.000000
0.111428	-20.415148	-12.940722	1.000000
0.000000	30.690168	98.615868	1.000000
0.000000	-508.625214	-400.222443	1.000000
0.000000	-4193.885742	3433.002930	1.000000
0.000000	-748.888794	316.366913	1.000000
0.000000	-81.881088	-122.839287	1.000000
0.000000	-119.735535	-52.785007	1.000000
0.000000	6902.733887	6294.676758	1.000000
0.000000	-792.746399	1810.316772	1.000000
0.000000	106.168083	1462.676514	1.000000
0.000000	-3315.552002	-11764.079102	1.000000
0.000000	169.982727	-93.496796	1.000000
0.217104	-19.515522	-127.527168	1.000000
0.000000	-10.091374	122.646515	1.000000
0.000000	29405522.000000	-21550876.000000	1.000000
0.000000	-441.176575	1578.919067	1.000000
0.000000	590.729248	414.580170	1.000000
0.000000	1785.460815	26363.361328	1.000000
0.000000	3210.038574	-1518.949951	1.000000
0.217104	-16.259232	-130.677048	1.000000
0.000000	84.589447	-242.405334	1.000000
0.000000	5473.321777	-2788.834961	1.000000
0.000000	401007.500000	-1051564.750000	1.000000
0.000000	40329.195312	142640.812500	1.000000
0.000000	899154304.000000	-490293056.000000	1.000000
0.000000	5208.985352	-14762.867188	1.000000
0.000000	-11819835.000000	-661486.312500	1.000000
0.000000	10539.127930	-15239.250977	1.000000
0.000000	22.840969	-222.051819	1.000000
0.000000	-161.452484	-673.357971	1.000000
0.000000	-649.382568	927.164307	1.000000
0.000000	424514.562500	2527.129150	1.000000
0.000000	-9201.572266	10673.708008	1.000000
0.000000	-32.030701	574.554871	1.000000
0.000000	45.441982	-138.772171	1.000000
0.000000	3407.460449	-13139.885742	1.000000
0.000000	-935690816.000000	516809408.000000	1.000000
0.000000	1333545.500000	80104.890625	1.000000
0.000000	370551.812500	-121708.875000	1.000000
0.000000	282655.125000	227349.250000	1.000000
0.000000	25035.724609	-23206.902344	1.000000
0.000000	2203343.750000	933850.062500	1.000000
0.152443	-74.680275	90.194435	1.000000
0.000000	233.352875	1.440248	1.000000
0.000000	-3260.751221	-486.451416	1.000000
0.000000	-1653.366333	1569.309448	1.000000
0.000000	29.165159	144.766861	1.000000
0.000000	50.732365	99.249054	1.000000
0.000000	-1066.877563	1140.355835	1.000000
0.000000	784.392639	-105.679550	1.000000
0.000000	200.604507	-331.883026	1.000000
0.000000	-4355021.000000	2416277.250000	1.000000
0.000000	974.405884	536.020813	1.000000
0.000000	26.356842	-88032.203125	1.000000
0.000000	1711789.125000	-2028472.500000	1.000000
0.000000	783.659180	-1661.821777	1.000000
0.000000	-389.031982	-5215.483887	1.000000
0.000000	691415.187500	-227294.875000	1.000000
0.000000	12310197.000000	-6573529.500000	1.000000
0.000000	-21909.130859	-21357.492188	1.000000
0.000000	170529.859375	-24436.187500	1.000000
0.000000	91.776337	48.516998	1.000000
0.000000	140.270401	12.676054	1.000000
0.000000	772.013489	-1749.862549	1.000000
0.000000	-46.202515	-124.308174	1.000000
0.000000	49.753113	-122.434769	1.000000
0.000000	-837.752075	919.478333	1.000000
0.000000	-58.309486	-3150.807861	1.000000
0.000000	-53707.437500	119833.890625	1.000000
0.000000	37.612694	102.608200	1.000000
0.000000	-198.854172	-13.644508	1.000000
0.000000	-284.880585	-1120.114624	1.000000
0.000000	-64749.988281	15627.386719	1.000000
0.000000	2387.099854	632.962463	1.000000
0.000000	55658.378906	149483.671875	1.000000
0.000000	-13080.473633	6652.729492	1.000000
0.000000	-41655.707031	-29879.082031	1.000000
0.000000	-8587.547852	13720.650391	1.000000
0.000000	161.274414	272.256592	1.000000
0.000000	-191.150772	60.829460	1.000000
0.000000	1437.115967	3291.038818	1.000000
0.000000	473.961456	-372.221100	1.000000
0.000000	2028.681641	246.292664	1.000000
0.000000	534.436279	-375.340942	1.000000
0.000000	14026.281250	-14078.234375	1.000000
0.000000	-159.850632	-48.907211	1.000000
0.000000	-1104.100342	1676.675659	1.000000
0.000000	112.644501	140.142014	1.000000
0.000000	-13501.928711	-2946.470459	1.000000
0.000000	-28559.691406	-61382.531250	1.000000
0.000000	1607.758545	7913.463867	1.000000
0.000000	-2632.293457	1979.872559	1.000000
0.000000	-60.671940	-81.971703	1.000000
0.000000	178.091141	335.492065	1.000000
0.000000	-3930.421143	-16167.047852	1.000000
0.000000	600.487488	-75.333809	1.000000
0.000000	-8609.984375	12919.089844	1.000000
0.000000	-947.885010	-3013.453613	1.000000
0.000000	961.265564	398.878021	1.000000
0.000000	117.560257	-216.978455	1.000000
0.000000	-5818.344238	-20538.365234	1.000000
0.000000	-7.265802	-148.547867	1.000000
0.000000	22562.480469	-24427.134766	1.000000
0.000000	-181.843063	-46.588997	1.000000
0.000000	-3300464.250000	1376390.750000	1.000000
0.000000	-17927.677734	-1096.775513	1.000000
0.000000	16.044670	418.090576	1.000000
0.000000	99.780998	-177.487366	1.000000
0.000000	6627.774902	2870.679688	1.000000
0.000000	-26299.599609	-23420.144531	1.000000
0.000000	-586712.625000	317351.718750	1.000000
0.000000	-108536.234375	249251.515625	1.000000
0.000000	38205.335938	-56191.003906	1.000000
0.000000	485.547577	-1586.700317	1.000000
0.000000	36.214592	12.615856	1.000000
0.000000	-179.580536	-597.343994	1.000000
0.000000	-339.251709	509.779633	1.000000
0.000000	4112436.000000	2116301.500000	1.000000
0.000000	-3.245518	175.988846	1.000000
0.000000	-45206.175781	75794.031250	1.000000
0.000000	544.422913	1616.519043	1.000000
0.000000	4659.842285	12609.006836	1.000000
0.000000	636.859070	1785.003906	1.000000
0.000000	-43973.066406	2236.166748	1.000000
0.000000	245893.140625	-842228.687500	1.000000
0.000000	-64.942337	-65.495789	1.000000
0.189553	269.402100	-143.595993	1.000000
0.000000	-33051.199219	-139839.203125	1.000000
0.000000	-14278.165039	-13731.875000	1.000000
0.000000	-203.940140	-73.143837	1.000000
0.000000	-323375.156250	730136.875000	1.000000
0.000000	-31515.238281	-19761.953125	1.000000
0.000000	-262.389374	-1002.221313	1.000000
0.000000	99.488647	-183.879013	1.000000
0.000000	-3799.857910	-12722.955078	1.000000
0.000000	40.466797	-147.869247	1.000000
0.000000	3148.066406	3167.951172	1.000000
0.000000	-56.265705	341.768707	1.000000
0.000000	799402.062500	-982912.687500	1.000000
0.000000	-203.949066	378.121582	1.000000
0.000000	-3452.035400	-2040.302124	1.000000
0.000000	10.815420	2722.660400	1.000000
0.000000	-189.775452	171.517990	1.000000
0.000000	19943.576172	10386.312500	1.000000
0.000000	-105.633652	616.289490	1.000000
0.000000	-3191.967285	-1856.616333	1.000000
0.000000	65043.933594	112491.164062	1.000000
0.000000	131.759628	92.984039	1.000000
0.000000	484892.843750	100639.140625	1.000000
0.000000	-110.306007	106.157784	1.000000
0.000000	79.807747	110.171562	1.000000
0.000000	288.412689	-64.282959	1.000000
0.000000	-107.675148	-84.243546	1.000000
0.000000	-52494.121094	-3176.440674	1.000000
0.000000	11300.774414	1222.457397	1.000000
0.000000	-127.333252	-6.522524	1.000000
0.000000	-103.818062	1898.573730	1.000000
0.000000	-7863.881348	-92971.578125	1.000000
0.000000	-456.071320	1257.812744	1.000000
0.000000	75.591339	162.572067	1.000000
0.109502	150.286667	-21.840923	1.000000
0.000000	49.301491	154.269928	1.000000
0.000000	-42751.785156	-77836.757812	1.000000
0.000000	447.931122	-973.507202	1.000000
0.000000	-112.225975	164.969116	1.000000
0.000000	-3.320073	-358.595367	1.000000
0.000000	-441.989868	525.369995	1.000000
0.000000	262.067902	199.414581	1.000000
0.000000	171.893677	818.054810	1.000000
0.000000	-92.421600	-5.473327	1.000000
0.000000	90.171600	403.875031	1.000000
0.000000	-10809.041992	568.703064	1.000000
0.000000	28171368.000000	16549397.000000	1.000000
0.000000	177.504990	-495.273590	1.000000
0.000000	-32849.429688	266891.562500	1.000000
0.000000	-38.466183	10.109842	1.000000
0.000000	1323.564453	2780.190918	1.000000
0.000000	4729.900879	10634.391602	1.000000
0.000000	-48720.375000	-126250.796875	1.000000
0.000000	223.872589	-422.747894	1.000000
0.000000	1929694.125000	165109.359375	1.000000
0.000000	-180292.109375	-177937.812500	1.000000
0.000000	-70059.414062	13847.202148	1.000000
0.000000	150.478271	31.983191	1.000000
0.000000	-131049.750000	14776.853516	1.000000
0.000000	-899.039368	147.057983	1.000000
0.000000	-1205.129517	1151.973267	1.000000
0.000000	-1136.452393	981.684204	1.000000
0.000000	49214.558594	57373.875000	1.000000
0.000000	84027.601562	3799.088623	1.000000
0.000000	872.534241	-461.778442	1.000000
0.000000	-181.546661	-184.921280	1.000000
0.000000	-1589278.625000	-1200867.375000	1.000000
0.548322	-82.272850	91.920410	1.000000
0.000000	2590553.750000	19190.132812	1.000000
0.000000	69.103882	-0.953797	1.000000
0.000000	-10333.820312	13033.408203	1.000000
0.000000	1826645.375000	135510.359375	1.000000
0.000000	-1587.391724	597.589844	1.000000
0.000000	77.920555	5.662107	1.000000
0.000000	186.214676	75.869965	1.000000
0.000000	606.757263	1080.981079	1.000000
0.000000	-10482.774414	7272.154785	1.000000
0.000000	-177.809952	121.448654	1.000000
0.000000	27326.166016	25695.519531	1.000000
0.000000	-71.099335	158.209763	1.000000
0.000000	264.047821	299.374664	1.000000
0.000000	148.348206	-9100.728516	1.000000
0.000000	-5403.001465	9769.511719	1.000000
0.000000	459028.093750	25731.136719	1.000000
0.000000	-828.697937	1030.833984	1.000000
0.000000	2016.483887	-5379.152832	1.000000
0.000000	3483.179199	-1890.008057	1.000000
0.000000	31.407887	-95.077271	1.000000
0.000000	53.066738	76.104347	1.000000
0.000000	1052.287354	-559.211060	1.000000
0.000000	1184.703491	11929.711914	1.000000
0.000000	18236.187500	-23746.326172	1.000000
0.000000	120.011917	-2.137990	1.000000
0.111428	-23.651634	-10.399642	1.000000
0.000000	1313.614502	1062.957764	1.000000
0.000000	210.140213	-40.525959	1.000000
0.921888	72.897369	-25.883188	1.000000
0.000000	-1627.516602	71.205482	1.000000
0.000000	75124.484375	-7430.258789	1.000000
0.000000	27.992283	208.157104	1.000000
0.000000	-412.031250	-720.712036	1.000000
0.000000	1191.487549	-9801.697266	1.000000
0.000000	144.581299	132.333862	1.000000
0.000000	82.629448	87.895515	1.000000
0.000000	-3955.830322	-4785.690918	1.000000
0.000000	312.883881	199.299728	1.000000
0.000000	-1865.271362	-2846.942627	1.000000
0.467177	-78.274368	88.832504	1.000000
0.000000	22211.828125	38884.335938	1.000000
0.109502	146.598923	-24.346874	1.000000
0.000000	679.997009	-553.327454	1.000000
0.000000	1075.457275	597.198181	1.000000
0.000000	-311.232819	429.132019	1.000000
0.000000	12.060472	-155.799255	1.000000
0.000000	9479.752930	5020.715332	1.000000
0.000000	-92774.921875	-330085.843750	1.000000
0.000000	7780.612793	16941.121094	1.000000
0.921888	78.128464	-28.033978	1.000000
0.000000	3331.816162	-1107.731812	1.000000
0.000000	-423475.812500	-81788.328125	1.000000
0.000000	-44105600.000000	-10494824.000000	1.000000
0.000000	5930.641602	-4767.733887	1.000000
0.000000	-209.869171	-34.784012	1.000000
0.000000	845.254395	-1794.198364	1.000000
0.000000	6014.411133	484.836792	1.000000
0.000000	-69.555931	-22.736282	1.000000
0.000000	-277.081116	1026.726440	1.000000
0.000000	-18812.205078	274.129028	1.000000
0.000000	-421.366150	-151.242905	1.000000
0.189553	272.521912	-141.571869	1.000000
0.000000	14355.250000	-11119.924805	1.000000
