0.000000	31471.878906	455837.187500	1.000000
0.000000	215013.093750	175294.546875	1.000000
0.000000	1193.997559	-12828.430664	1.000000
0.000000	-470.385437	647.945374	1.000000
0.000000	16884.630859	27341.976562	1.000000
0.000000	-13644.223633	743.132141	1.000000
0.000000	-637.150940	-2477.230225	1.000000
0.000000	-595338.687500	1523932.125000	1.000000
0.000000	3599.873291	-2158.500977	1.000000
0.000000	9292453.000000	3386659.750000	1.000000
0.000000	78697400.000000	19959642.000000	1.000000
0.000000	-327.253723	-199.050354	1.000000
0.000000	-320.433411	143.927917	1.000000
0.000000	90.589149	-297.446014	1.000000
0.000000	-73337376.000000	-31090268.000000	1.000000
0.000000	781.873962	-4492.485840	1.000000
0.000000	387.239258	-461.116882	1.000000
0.000000	-6198.230957	7852.099609	1.000000
0.000000	-987.191589	162.912170	1.000000
0.000000	-321.913116	337.775482	1.000000
0.000000	933.400696	8062.096680	1.000000
0.000000	10294.550781	85063.273438	1.000000
0.000000	-58.109737	875.272095	1.000000
0.000000	270.468018	57.404251	1.000000
0.000000	-207084.390625	-53374.199219	1.000000
0.000000	468.829987	-54.655869	1.000000
0.000000	10386.715820	35321.808594	1.000000
0.000000	-3981.775635	11569.498047	1.000000
0.000000	456.867981	-206.818512	1.000000
0.000000	-61413.984375	-273296.843750	1.000000
0.000000	5140.193359	-8859.333984	1.000000
0.000000	4933.009766	920.089478	1.000000
0.000000	-315.323730	483.582123	1.000000
0.000000	-577.374329	-169.780411	1.000000
0.000000	-283.280609	-67.474991	1.000000
0.000000	4912.596680	2803.980225	1.000000
0.000000	-41.463829	-87.599022	1.000000
0.000000	-5781.665527	-1540.382935	1.000000
0.000000	-246261.546875	-73784.375000	1.000000
0.000000	-46693.308594	-6193.986816	1.000000
0.000000	508.814362	124.622650	1.000000
0.000000	571.241150	-31.506121	1.000000
0.000000	-2.336000	292.458862	1.000000
0.000000	-104.980385	-184.892654	1.000000
0.000000	54.552876	289.118866	1.000000
0.000000	-581.047058	-222.437943	1.000000
0.000000	-4036.385742	3323.315430	1.000000
0.000000	-857.873169	474.452850	1.000000
0.000000	-124.127182	-310.105713	1.000000
0.000000	-307.628296	-92.277199	1.000000
0.000000	7093.983887	6274.051758	1.000000
0.000000	-897.512024	1649.535522	1.000000
0.000000	-2.960885	1304.707764	1.000000
0.000000	-3427.114502	-11606.579102	1.000000
0.488254	349.037659	-24.643644	1.000000
0.000000	-15.271185	-317.867310	1.000000
0.000000	181.798721	115.996124	1.000000
0.000000	29405522.000000	-21550876.000000	1.000000
0.000000	-595.864075	1692.356567	1.000000
0.000000	464.356964	559.110535	1.000000
0.000000	1686.554565	26198.361328	1.000000
0.000000	3283.163574	-1696.606201	1.000000
0.000000	-116.778862	-295.573242	1.000000
0.000000	188.183197	-404.011810	1.000000
0.000000	5355.196777	-2939.772461	1.000000
0.000000	401127.500000	-1051564.750000	1.000000
0.000000	40164.195312	142520.812500	1.000000
0.000000	899154304.000000	-490293056.000000	1.000000
0.000000	5085.235352	-14909.117188	1.000000
0.000000	-11819835.000000	-661246.312500	1.000000
0.000000	10636.627930	-15074.250977	1.000000
0.000000	-33.878201	-405.461090	1.000000
0.000000	-306.375183	-799.217346	1.000000
0.000000	-457.462769	920.601807	1.000000
0.000000	424274.562500	2479.316650	1.000000
0.000000	-9389.072266	10628.708008	1.000000
0.000000	-218.404846	528.382996	1.000000
0.000000	28.625576	-330.022186	1.000000
0.000000	3426.210449	-13331.135742	1.000000
0.000000	-935690816.000000	516809408.000000	1.000000
0.000000	1333545.500000	80284.890625	1.000000
0.000000	370791.812500	-121738.875000	1.000000
0.000000	282415.125000	227409.250000	1.000000
0.000000	24863.224609	-23116.902344	1.000000
0.000000	2203343.750000	933610.062500	1.000000
0.000000	-174.050461	255.297607	1.000000
0.000000	47.466263	-42.922581	1.000000
0.000000	-3140.751221	-336.451416	1.000000
0.000000	-1675.866333	1760.090698	1.000000
0.000000	117.700081	315.157471	1.000000
0.000000	1.406538	-86.307869	1.000000
0.000000	-1252.033813	1089.730835	1.000000
0.000000	946.580139	-208.505219	1.000000
0.000000	243.319351	-144.699753	1.000000
0.000000	-4355021.000000	2416277.250000	1.000000
0.000000	1140.413330	632.348938	1.000000
0.000000	-161.548538	-88062.203125	1.000000
0.000000	1711789.125000	-2028472.500000	1.000000
0.000000	819.518555	-1473.384277	1.000000
0.000000	-231.180420	-5324.233887	1.000000
0.000000	691415.187500	-227474.875000	1.000000
0.000000	12310197.000000	-6573529.500000	1.000000
0.000000	-21954.130859	-21544.992188	1.000000
0.000000	170709.859375	-24548.687500	1.000000
0.000000	8.867584	218.025986	1.000000
0.000000	324.598602	-44.276756	1.000000
0.000000	586.154114	-1797.675049	1.000000
0.000000	-172.528564	-268.916779	1.000000
0.000000	119.626160	-301.262909	1.000000
0.000000	-892.830200	1103.361450	1.000000
0.000000	-244.461380	-3103.932861	1.000000
0.000000	-53902.437500	119833.890625	1.000000
0.000000	101.240372	279.232849	1.000000
0.000000	-384.636139	35.032047	1.000000
0.000000	-100.238113	-1067.614624	1.000000
0.000000	-64584.988281	15522.386719	1.000000
0.000000	2444.287354	816.243713	1.000000
0.000000	55808.378906	149603.671875	1.000000
0.000000	-13264.223633	6592.729492	1.000000
0.000000	-41805.707031	-29766.582031	1.000000
0.000000	-8430.047852	13829.400391	1.000000
0.000000	334.711914	354.522217	1.000000
0.000000	-332.569214	190.731796	1.000000
0.000000	1575.397217	3157.913818	1.000000
0.000000	659.352051	-422.260162	1.000000
0.000000	1905.400391	99.158012	1.000000
0.000000	571.936279	-563.629089	1.000000
0.000000	13985.031250	-14265.734375	1.000000
0.000000	-323.561584	-149.182022	1.000000
0.000000	-1176.756592	1499.019409	1.000000
0.000000	249.871063	274.438873	1.000000
0.000000	-13314.428711	-2988.657959	1.000000
0.000000	-28679.691406	-61532.531250	1.000000
0.000000	1712.758545	8074.713867	1.000000
0.000000	-2515.105957	1827.997559	1.000000
0.000000	115.013062	-159.432632	1.000000
0.000000	55.353973	194.443085	1.000000
0.000000	-3808.546143	-16017.047852	1.000000
0.000000	784.940613	-21.751226	1.000000
0.000000	-8801.234375	12934.089844	1.000000
0.000000	-889.994385	-3196.266113	1.000000
0.000000	940.406189	589.728699	1.000000
0.000000	305.177460	-257.703552	1.000000
0.000000	-5628.969238	-20508.365234	1.000000
0.000000	2.834284	-340.266632	1.000000
0.000000	22509.980469	-24614.634766	1.000000
0.000000	-311.301666	-188.387680	1.000000
0.000000	-3300464.250000	1376390.750000	1.000000
0.000000	-17995.177734	-1275.838013	1.000000
0.000000	-64.712029	592.231201	1.000000
0.000000	163.778290	-358.516632	1.000000
0.000000	6689.649902	2688.804688	1.000000
0.000000	-26119.599609	-23360.144531	1.000000
0.000000	-586712.625000	317471.718750	1.000000
0.000000	-108536.234375	249071.515625	1.000000
0.000000	38010.335938	-56191.003906	1.000000
0.000000	609.766357	-1732.950317	1.000000
0.000000	128.445572	181.014206	1.000000
0.000000	-223.467255	-410.483459	1.000000
0.000000	-391.634521	694.467163	1.000000
0.000000	4112436.000000	2116301.500000	1.000000
0.000000	182.242081	213.780167	1.000000
0.000000	-45281.175781	75974.031250	1.000000
0.000000	717.626038	1699.487793	1.000000
0.000000	4845.467285	12560.256836	1.000000
0.000000	617.874695	1593.753906	1.000000
0.000000	-44108.066406	2376.791748	1.000000
0.000000	245713.140625	-842228.687500	1.000000
0.000000	-238.624847	-147.315048	1.000000
0.000000	458.391205	-129.069489	1.000000
0.000000	-32976.199219	-140019.203125	1.000000
0.000000	-14341.915039	-13551.875000	1.000000
0.000000	-395.674805	-82.870399	1.000000
0.000000	-323615.156250	730136.875000	1.000000
0.000000	-31350.238281	-19664.453125	1.000000
0.000000	-435.944061	-1084.252563	1.000000
0.000000	151.360214	-368.706573	1.000000
0.000000	-3616.107910	-12779.205078	1.000000
0.000000	95.990585	-331.653717	1.000000
0.000000	3205.253906	2985.138672	1.000000
0.000000	34.886345	176.448929	1.000000
0.000000	799162.062500	-982912.687500	1.000000
0.000000	-393.307953	410.113770	1.000000
0.000000	-3268.285400	-2094.677002	1.000000
0.000000	-29.533562	2910.160400	1.000000
0.000000	-325.244202	307.609039	1.000000
0.000000	19846.076172	10551.312500	1.000000
0.000000	83.604309	583.945740	1.000000
0.000000	-3374.779785	-1916.616333	1.000000
0.000000	65103.933594	112671.164062	1.000000
0.000000	275.214569	220.223297	1.000000
0.000000	484892.843750	100819.140625	1.000000
0.000000	-249.173187	238.755432	1.000000
0.000000	80.096916	302.284546	1.000000
0.000000	321.342377	124.867119	1.000000
0.000000	-299.276733	-96.460342	1.000000
0.000000	-52419.121094	-3002.065674	1.000000
0.000000	11402.024414	1385.582397	1.000000
0.000000	-76.214851	-192.596130	1.000000
0.000000	8.298511	1742.479980	1.000000
0.000000	-7873.256348	-93151.578125	1.000000
0.000000	-571.092407	1104.062744	1.000000
0.000000	-47.922928	305.680298	1.000000
0.000000	334.903107	-78.073921	1.000000
0.000000	56.491375	347.019958	1.000000
0.000000	-42901.785156	-77716.757812	1.000000
0.000000	297.813934	-1093.408447	1.000000
0.000000	-12.293025	328.914429	1.000000
0.000000	-89.237556	-186.915680	1.000000
0.000000	-459.567993	716.619995	1.000000
0.000000	396.247589	62.071037	1.000000
0.000000	217.538208	1004.617310	1.000000
0.000000	-182.257416	164.212997	1.000000
0.000000	244.807678	517.658264	1.000000
0.000000	-11000.291992	554.640564	1.000000
0.000000	28171368.000000	16549397.000000	1.000000
0.000000	306.961639	-637.070435	1.000000
0.000000	-32774.429688	266771.562500	1.000000
0.000000	-230.407593	5.231913	1.000000
0.000000	1483.408203	2674.253418	1.000000
0.000000	4542.400879	10679.391602	1.000000
0.000000	-48525.375000	-126250.796875	1.000000
0.000000	55.299129	-514.622925	1.000000
0.000000	1929694.125000	165229.359375	1.000000
0.000000	-180112.109375	-177937.812500	1.000000
0.000000	-70209.414062	13738.452148	1.000000
0.000000	263.799774	-117.822403	1.000000
0.000000	-131109.750000	14960.603516	1.000000
0.000000	-1070.304077	233.893921	1.000000
0.000000	-1325.598267	1002.475830	1.000000
0.000000	-1186.139893	1167.255737	1.000000
0.000000	49259.558594	57553.875000	1.000000
0.000000	83877.601562	3683.776123	1.000000
0.000000	1055.540649	-403.419067	1.000000
0.000000	-352.197235	-272.881744	1.000000
0.000000	-1589278.625000	-1200867.375000	1.000000
0.000000	-267.565796	142.407364	1.000000
0.000000	2590553.750000	19362.632812	1.000000
0.000000	134.142883	-179.743515	1.000000
0.000000	-10446.320312	13190.908203	1.000000
0.000000	1826645.375000	135390.359375	1.000000
0.000000	-1565.360474	788.371094	1.000000
0.000000	265.069000	48.508785	1.000000
0.488254	344.190033	-25.935650	1.000000
0.000000	453.476013	965.318909	1.000000
0.000000	-10614.024414	7412.779785	1.000000
0.000000	-366.013062	159.470947	1.000000
0.000000	27333.666016	25890.519531	1.000000
0.000000	69.054237	289.459747	1.000000
0.000000	272.719696	491.210602	1.000000
0.000000	-38.430470	-9055.728516	1.000000
0.000000	-5594.251465	9773.261719	1.000000
0.000000	459148.093750	25588.636719	1.000000
0.000000	-1008.697937	1097.396484	1.000000
0.000000	2171.075684	-5264.777832	1.000000
0.000000	3486.929199	-2082.195557	1.000000
0.000000	136.430328	65.654312	1.000000
0.000000	217.259796	175.611816	1.000000
0.000000	969.633301	-732.414185	1.000000
0.000000	1206.734741	11738.461914	1.000000
0.000000	18048.687500	-23783.826172	1.000000
0.000000	311.496307	-16.094437	1.000000
0.000000	-13.778880	-200.252777	1.000000
0.000000	1154.239502	1169.832764	1.000000
0.000000	402.093323	-45.433186	1.000000
0.000000	105.351418	162.379715	1.000000
0.000000	-1444.704102	129.769043	1.000000
0.000000	75304.484375	-7409.633789	1.000000
0.000000	79.114754	393.211304	1.000000
0.000000	-220.067154	-720.712036	1.000000
0.000000	1179.300049	-9610.447266	1.000000
0.000000	260.657867	285.263550	1.000000
0.000000	229.064301	212.055679	1.000000
0.000000	-3867.705322	-4615.065918	1.000000
0.000000	502.258881	230.588791	1.000000
0.000000	-2019.490112	-2961.317627	1.000000
0.000000	0.909254	261.036316	1.000000
0.000000	22241.828125	39079.335938	1.000000
0.000000	337.483246	-23.939508	1.000000
0.000000	871.950134	-550.046204	1.000000
0.000000	1241.394775	693.760681	1.000000
0.000000	-319.201569	620.901367	1.000000
0.000000	133.172653	-304.783966	1.000000
0.000000	9577.252930	4855.715332	1.000000
0.000000	-92684.921875	-330205.843750	1.000000
0.000000	7971.862793	16948.621094	1.000000
0.000000	201.999146	-174.734512	1.000000
0.000000	3394.628662	-926.199341	1.000000
0.000000	-423355.812500	-81938.328125	1.000000
0.000000	-44105600.000000	-10494824.000000	1.000000
0.000000	6016.891602	-4597.108887	1.000000
0.000000	-282.719574	142.808990	1.000000
0.000000	1013.535645	-1701.854614	1.000000
0.000000	5864.411133	365.539917	1.000000
0.000000	-247.798111	-94.125252	1.000000
0.000000	-468.799866	1017.351440	1.000000
0.000000	-18782.205078	84.565933	1.000000
0.000000	-613.319275	-156.574936	1.000000
0.000000	296.927521	-332.022430	1.000000
0.000000	14531.500000	-11044.924805	1.000000
