0.000000	31445.980469	455861.562500	1.000000
0.000000	215025.281250	175331.109375	1.000000
0.000000	1199.805664	-12867.278320	1.000000
0.000000	-431.394958	647.374084	1.000000
0.000000	16881.583984	27302.367188	1.000000
0.000000	-13606.137695	734.324768	1.000000
0.000000	-602.159485	-2494.368896	1.000000
0.000000	-595387.437500	1523932.125000	1.000000
0.000000	3619.868408	-2124.985352	1.000000
0.000000	9292453.000000	3386659.750000	1.000000
0.000000	78697400.000000	19959642.000000	1.000000
0.000000	-364.887390	-209.262146	1.000000
0.000000	-338.905090	178.276672	1.000000
0.000000	89.154976	-336.412689	1.000000
0.000000	-73337376.000000	-31090268.000000	1.000000
0.000000	815.818054	-4473.442871	1.000000
0.000000	396.379883	-499.036194	1.000000
0.000000	-6218.416504	7885.615234	1.000000
0.000000	-987.096375	123.909790	1.000000
0.000000	-335.290802	374.409393	1.000000
0.000000	941.779602	8100.182617	1.000000
0.000000	10329.589844	85081.554688	1.000000
0.000000	-65.655510	913.548462	1.000000
0.000000	300.163177	31.126682	1.000000
0.000000	-207060.015625	-53401.621094	1.000000
0.000000	507.701447	-51.603043	1.000000
0.000000	10385.954102	35282.199219	1.000000
0.000000	-4020.052002	11561.880859	1.000000
0.000000	490.954895	-225.766266	1.000000
0.000000	-61374.375000	-273296.843750	1.000000
0.000000	5116.960938	-8828.103516	1.000000
0.000000	4970.714844	929.706177	1.000000
0.000000	-351.291138	498.673676	1.000000
0.000000	-605.891174	-143.203568	1.000000
0.000000	-313.749359	-91.802383	1.000000
0.000000	4948.016602	2820.166748	1.000000
0.000000	-77.734734	-101.934807	1.000000
0.000000	-5811.753418	-1565.043579	1.000000
0.000000	-246249.359375	-73820.937500	1.000000
0.000000	-46662.839844	-6217.600098	1.000000
0.000000	538.899719	149.450729	1.000000
0.000000	593.759460	-63.334660	1.000000
0.000000	-2.686175	331.449341	1.000000
0.000000	-122.553474	-219.705582	1.000000
0.000000	59.399906	327.823700	1.000000
0.000000	-595.757751	-186.315811	1.000000
0.000000	-4004.393555	3301.035156	1.000000
0.000000	-880.010620	506.564056	1.000000
0.000000	-132.708420	-348.144043	1.000000
0.000000	-345.785645	-100.299049	1.000000
0.000000	7132.831543	6269.862305	1.000000
0.000000	-918.792542	1616.876831	1.000000
0.000000	-25.126957	1272.620361	1.000000
0.000000	-3449.775635	-11574.586914	1.000000
0.000000	385.092529	-9.671680	1.000000
0.000000	-14.307135	-356.857788	1.000000
0.000000	220.777298	114.645264	1.000000
0.000000	29405522.000000	-21550876.000000	1.000000
0.000000	-627.284973	1715.398560	1.000000
0.000000	438.672760	588.484314	1.000000
0.000000	1666.464233	26164.845703	1.000000
0.000000	3298.017090	-1732.692627	1.000000
0.000000	-137.297668	-328.731812	1.000000
0.000000	209.225677	-436.837128	1.000000
0.000000	5331.202637	-2970.431641	1.000000
0.000000	401151.875000	-1051564.750000	1.000000
0.000000	40130.679688	142496.437500	1.000000
0.000000	899154304.000000	-490293056.000000	1.000000
0.000000	5060.098633	-14938.824219	1.000000
0.000000	-11819835.000000	-661197.562500	1.000000
0.000000	10656.432617	-15040.735352	1.000000
0.000000	-45.399197	-442.713898	1.000000
0.000000	-335.820374	-824.782532	1.000000
0.000000	-418.496094	919.268799	1.000000
0.000000	424225.812500	2469.604736	1.000000
0.000000	-9427.158203	10619.567383	1.000000
0.000000	-256.264557	519.004333	1.000000
0.000000	25.209743	-368.869843	1.000000
0.000000	3430.019043	-13369.983398	1.000000
0.000000	-935690816.000000	516809408.000000	1.000000
0.000000	1333545.500000	80321.453125	1.000000
0.000000	370840.562500	-121744.968750	1.000000
0.000000	282366.375000	227421.437500	1.000000
0.000000	24828.185547	-23098.621094	1.000000
0.000000	2203343.750000	933561.312500	1.000000
0.000000	-194.593063	288.455933	1.000000
0.000000	9.404884	-51.426456	1.000000
0.000000	-3116.376221	-305.982666	1.000000
0.000000	-1680.436646	1798.843140	1.000000
0.000000	135.683777	349.768066	1.000000
0.000000	-8.613314	-124.001045	1.000000
0.000000	-1289.643677	1079.447632	1.000000
0.000000	979.524475	-229.392975	1.000000
0.000000	251.995804	-106.673325	1.000000
0.000000	-4355021.000000	2416277.250000	1.000000
0.000000	1174.119385	651.915588	1.000000
0.000000	-199.717789	-88068.296875	1.000000
0.000000	1711789.125000	-2028472.500000	1.000000
0.000000	826.802490	-1435.107910	1.000000
0.000000	-199.116821	-5346.323730	1.000000
0.000000	691415.187500	-227511.437500	1.000000
0.000000	12310197.000000	-6573529.500000	1.000000
0.000000	-21963.271484	-21583.078125	1.000000
0.000000	170746.421875	-24571.539062	1.000000
0.000000	-7.915850	253.231674	1.000000
0.000000	361.922821	-55.616249	1.000000
0.000000	548.401428	-1807.386963	1.000000
0.000000	-198.188965	-298.290558	1.000000
0.000000	133.821564	-337.587372	1.000000
0.000000	-904.017944	1140.685669	1.000000
0.000000	-282.265320	-3094.411377	1.000000
0.000000	-53942.046875	119833.890625	1.000000
0.000000	115.028671	315.723938	1.000000
0.000000	-422.365021	44.910587	1.000000
0.000000	-62.729519	-1056.950562	1.000000
0.000000	-64551.472656	15501.058594	1.000000
0.000000	2455.903564	853.472717	1.000000
0.000000	55838.847656	149628.046875	1.000000
0.000000	-13301.547852	6580.541992	1.000000
0.000000	-41836.175781	-29743.730469	1.000000
0.000000	-8398.055664	13851.490234	1.000000
0.000000	369.941406	371.232422	1.000000
0.000000	-361.300293	217.118210	1.000000
0.000000	1603.485596	3130.872803	1.000000
0.000000	697.009521	-432.424347	1.000000
0.000000	1880.358887	69.266502	1.000000
0.000000	579.553467	-601.857849	1.000000
0.000000	13976.652344	-14303.820312	1.000000
0.000000	-356.815369	-169.546097	1.000000
0.000000	-1191.514893	1462.932983	1.000000
0.000000	277.745209	301.717926	1.000000
0.000000	-13276.342773	-2997.227295	1.000000
0.000000	-28704.066406	-61563.000000	1.000000
0.000000	1734.086670	8107.467773	1.000000
0.000000	-2491.302246	1797.147949	1.000000
0.000000	150.696991	-175.166885	1.000000
0.000000	29.556843	165.188324	1.000000
0.000000	-3783.790283	-15986.579102	1.000000
0.000000	822.407654	-10.868116	1.000000
0.000000	-8840.082031	12937.136719	1.000000
0.000000	-878.235352	-3233.399902	1.000000
0.000000	936.169128	628.481140	1.000000
0.000000	343.287201	-265.987244	1.000000
0.000000	-5590.502441	-20502.271484	1.000000
0.000000	4.885867	-379.209503	1.000000
0.000000	22499.316406	-24652.720703	1.000000
0.000000	-337.604767	-217.190170	1.000000
0.000000	-3300464.250000	1376390.750000	1.000000
0.000000	-18008.888672	-1312.210083	1.000000
0.000000	-81.112785	627.603516	1.000000
0.000000	176.775116	-395.293365	1.000000
0.000000	6702.218262	2651.861328	1.000000
0.000000	-26083.037109	-23347.957031	1.000000
0.000000	-586712.625000	317496.093750	1.000000
0.000000	-108536.234375	249034.953125	1.000000
0.000000	37970.726562	-56191.003906	1.000000
0.000000	634.998291	-1762.657349	1.000000
0.000000	147.179092	215.220139	1.000000
0.000000	-232.381744	-372.516541	1.000000
0.000000	-402.274780	731.981812	1.000000
0.000000	4112436.000000	2116301.500000	1.000000
0.000000	220.470840	221.480667	1.000000
0.000000	-45296.410156	76010.593750	1.000000
0.000000	752.807922	1716.340820	1.000000
0.000000	4883.172363	12550.354492	1.000000
0.000000	614.018494	1554.906250	1.000000
0.000000	-44135.488281	2405.356201	1.000000
0.000000	245676.578125	-842228.687500	1.000000
0.000000	-273.901947	-163.930038	1.000000
0.000000	497.286469	-126.062157	1.000000
0.000000	-32960.964844	-140055.765625	1.000000
0.000000	-14354.864258	-13515.312500	1.000000
0.000000	-434.617676	-84.846107	1.000000
0.000000	-323663.906250	730136.875000	1.000000
0.000000	-31316.722656	-19644.648438	1.000000
0.000000	-471.197357	-1100.915161	1.000000
0.000000	161.893356	-406.245026	1.000000
0.000000	-3578.783691	-12790.630859	1.000000
0.000000	107.267593	-368.977936	1.000000
0.000000	3216.870117	2948.004883	1.000000
0.000000	53.343147	142.088272	1.000000
0.000000	799113.312500	-982912.687500	1.000000
0.000000	-431.774750	416.612183	1.000000
0.000000	-3230.961182	-2105.721924	1.000000
0.000000	-37.728436	2948.246338	1.000000
0.000000	-352.761292	335.245148	1.000000
0.000000	19826.271484	10584.828125	1.000000
0.000000	122.041351	577.375916	1.000000
0.000000	-3411.913574	-1928.803833	1.000000
0.000000	65116.121094	112707.726562	1.000000
0.000000	303.969452	246.562103	1.000000
0.000000	484892.843750	100855.703125	1.000000
0.000000	-277.380585	265.685059	1.000000
0.000000	79.602989	341.275024	1.000000
0.000000	328.031219	163.286316	1.000000
0.000000	-338.195801	-98.941879	1.000000
0.000000	-52403.886719	-2966.645752	1.000000
0.000000	11422.590820	1418.717163	1.000000
0.000000	-65.616249	-230.122681	1.000000
0.000000	31.071224	1710.773438	1.000000
0.000000	-7875.160645	-93188.140625	1.000000
0.000000	-594.467651	1072.832275	1.000000
0.000000	-73.688591	334.958862	1.000000
0.000000	372.179718	-89.541359	1.000000
0.000000	58.627758	385.962830	1.000000
0.000000	-42932.253906	-77692.382812	1.000000
0.000000	267.321381	-1117.783447	1.000000
0.000000	8.006609	362.215820	1.000000
0.000000	-106.691628	-152.043243	1.000000
0.000000	-463.138550	755.467651	1.000000
0.000000	423.502838	34.176064	1.000000
0.000000	226.809753	1042.512817	1.000000
0.000000	-200.502960	198.680771	1.000000
0.000000	276.224335	540.747864	1.000000
0.000000	-11039.139648	551.784119	1.000000
0.000000	28171368.000000	16549397.000000	1.000000
0.000000	333.264740	-665.872925	1.000000
0.000000	-32759.195312	266747.187500	1.000000
0.000000	-269.398071	4.241083	1.000000
0.000000	1515.876465	2652.734863	1.000000
0.000000	4504.314941	10688.532227	1.000000
0.000000	-48485.765625	-126250.796875	1.000000
0.000000	21.060467	-533.285034	1.000000
0.000000	1929694.125000	165253.734375	1.000000
0.000000	-180075.546875	-177937.812500	1.000000
0.000000	-70239.882812	13716.362305	1.000000
0.000000	287.246429	-148.983398	1.000000
0.000000	-131121.937500	14997.927734	1.000000
0.000000	-1105.057495	251.532471	1.000000
0.000000	-1350.068481	972.149902	1.000000
0.000000	-1196.232666	1204.960815	1.000000
0.000000	49268.699219	57590.437500	1.000000
0.000000	83847.132812	3660.353271	1.000000
0.000000	1092.674438	-391.564819	1.000000
0.000000	-386.855438	-290.758331	1.000000
0.000000	-1589278.625000	-1200867.375000	1.000000
0.000000	-305.199463	152.654861	1.000000
0.000000	2590553.750000	19397.671875	1.000000
0.000000	147.687195	-216.317917	1.000000
0.000000	-10469.171875	13222.900391	1.000000
0.000000	1826645.375000	135365.984375	1.000000
0.000000	-1560.885376	827.123535	1.000000
0.000000	302.096222	57.091667	1.000000
0.000000	376.594482	-47.600937	1.000000
0.000000	422.340759	941.848450	1.000000
0.000000	-10640.684570	7441.344238	1.000000
0.000000	-404.241821	167.195251	1.000000
0.000000	27335.189453	25930.128906	1.000000
0.000000	97.523476	316.119904	1.000000
0.000000	274.481171	530.166199	1.000000
0.000000	-76.369637	-9046.587891	1.000000
0.000000	-5633.099121	9774.023438	1.000000
0.000000	459172.468750	25559.691406	1.000000
0.000000	-1045.260498	1110.916992	1.000000
0.000000	2202.496582	-5241.545410	1.000000
0.000000	3487.690918	-2121.233643	1.000000
0.000000	157.758453	98.301102	1.000000
0.000000	250.608795	195.821167	1.000000
0.000000	952.827881	-767.596069	1.000000
0.000000	1211.209839	11699.614258	1.000000
0.000000	18010.601562	-23791.443359	1.000000
0.000000	350.391571	-18.930054	1.000000
0.000000	-11.594146	-239.195648	1.000000
0.000000	1121.866455	1191.541748	1.000000
0.000000	441.083801	-46.429966	1.000000
0.000000	111.605843	200.870316	1.000000
0.000000	-1407.570312	141.658997	1.000000
0.000000	75341.046875	-7405.444336	1.000000
0.000000	89.499123	430.797363	1.000000
0.000000	-181.064774	-720.712036	1.000000
0.000000	1176.824463	-9571.599609	1.000000
0.000000	284.247345	316.327393	1.000000
0.000000	258.808167	237.275711	1.000000
0.000000	-3849.804932	-4580.407715	1.000000
0.000000	540.725708	236.944382	1.000000
0.000000	-2050.807129	-2984.550049	1.000000
0.000000	17.346371	296.408630	1.000000
0.000000	22247.921875	39118.945312	1.000000
0.000000	376.473724	-23.811563	1.000000
0.000000	910.940613	-549.379700	1.000000
0.000000	1275.100830	713.374939	1.000000
0.000000	-320.820221	659.844238	1.000000
0.000000	157.773788	-335.038483	1.000000
0.000000	9597.057617	4822.199707	1.000000
0.000000	-92666.640625	-330230.218750	1.000000
0.000000	8010.710449	16950.144531	1.000000
0.000000	227.159668	-204.536758	1.000000
0.000000	3407.387451	-889.303589	1.000000
0.000000	-423331.437500	-81968.796875	1.000000
0.000000	-44105600.000000	-10494824.000000	1.000000
0.000000	6034.411133	-4562.450684	1.000000
0.000000	-297.525482	178.895416	1.000000
0.000000	1047.717773	-1683.097290	1.000000
0.000000	5833.942383	341.307739	1.000000
0.000000	-284.003540	-108.627663	1.000000
0.000000	-507.742737	1015.447144	1.000000
0.000000	-18776.111328	46.058868	1.000000
0.000000	-652.309753	-157.658005	1.000000
0.000000	301.378815	-370.774872	1.000000
0.000000	14567.300781	-11029.690430	1.000000
