0.000000	31445.648438	455861.875000	1.000000
0.000000	215025.437500	175331.578125	1.000000
0.000000	1199.880127	-12867.776367	1.000000
0.000000	-430.895081	647.366760	1.000000
0.000000	16881.544922	27301.859375	1.000000
0.000000	-13605.649414	734.211853	1.000000
0.000000	-601.710876	-2494.588623	1.000000
0.000000	-595388.062500	1523932.125000	1.000000
0.000000	3620.124756	-2124.555664	1.000000
0.000000	9292453.000000	3386659.750000	1.000000
0.000000	78697400.000000	19959642.000000	1.000000
0.000000	-365.369873	-209.393066	1.000000
0.000000	-339.141907	178.717041	1.000000
0.000000	89.136589	-336.912262	1.000000
0.000000	-73337376.000000	-31090268.000000	1.000000
0.000000	816.253235	-4473.198730	1.000000
0.000000	396.497070	-499.522339	1.000000
0.000000	-6218.675293	7886.044922	1.000000
0.000000	-987.095154	123.409760	1.000000
0.000000	-335.462311	374.879059	1.000000
0.000000	941.887024	8100.670898	1.000000
0.000000	10330.039062	85081.789062	1.000000
0.000000	-65.752251	914.039185	1.000000
0.000000	300.531219	30.788261	1.000000
0.000000	-207059.703125	-53401.972656	1.000000
0.000000	508.199799	-51.563904	1.000000
0.000000	10385.944336	35281.691406	1.000000
0.000000	-4020.542725	11561.783203	1.000000
0.000000	491.391907	-226.009186	1.000000
0.000000	-61373.867188	-273296.843750	1.000000
0.000000	5116.663086	-8827.703125	1.000000
0.000000	4971.198242	929.829468	1.000000
0.000000	-351.752258	498.867157	1.000000
0.000000	-606.256775	-142.862839	1.000000
0.000000	-314.139984	-92.114273	1.000000
0.000000	4948.470703	2820.374268	1.000000
0.000000	-78.199745	-102.118599	1.000000
0.000000	-5812.139160	-1565.359741	1.000000
0.000000	-246249.203125	-73821.406250	1.000000
0.000000	-46662.449219	-6217.902832	1.000000
0.000000	539.285461	149.769028	1.000000
0.000000	594.048157	-63.742718	1.000000
0.000000	-2.690664	331.949219	1.000000
0.000000	-122.778770	-220.151901	1.000000
0.000000	59.462048	328.319916	1.000000
0.000000	-595.946350	-185.852707	1.000000
0.000000	-4003.983398	3300.749512	1.000000
0.000000	-880.294434	506.975739	1.000000
0.000000	-132.818436	-348.631714	1.000000
0.000000	-346.274841	-100.401894	1.000000
0.000000	7133.329590	6269.808594	1.000000
0.000000	-919.065369	1616.458130	1.000000
0.000000	-25.411133	1272.208984	1.000000
0.000000	-3450.066162	-11574.176758	1.000000
0.000000	385.554260	-9.479935	1.000000
0.000000	-14.294775	-357.357666	1.000000
0.000000	221.277023	114.627945	1.000000
0.000000	29405522.000000	-21550876.000000	1.000000
0.000000	-627.687805	1715.693970	1.000000
0.000000	438.343475	588.860901	1.000000
0.000000	1666.206665	26164.416016	1.000000
0.000000	3298.207520	-1733.155273	1.000000
0.000000	-137.560730	-329.156921	1.000000
0.000000	209.495453	-437.257965	1.000000
0.000000	5330.895020	-2970.824707	1.000000
0.000000	401152.187500	-1051564.750000	1.000000
0.000000	40130.250000	142496.125000	1.000000
0.000000	899154304.000000	-490293056.000000	1.000000
0.000000	5059.776367	-14939.205078	1.000000
0.000000	-11819835.000000	-661196.937500	1.000000
0.000000	10656.686523	-15040.305664	1.000000
0.000000	-45.546902	-443.191498	1.000000
0.000000	-336.197876	-825.110291	1.000000
0.000000	-417.996521	919.251709	1.000000
0.000000	424225.187500	2469.480225	1.000000
0.000000	-9427.646484	10619.450195	1.000000
0.000000	-256.749786	518.884094	1.000000
0.000000	25.165951	-369.367889	1.000000
0.000000	3430.067871	-13370.481445	1.000000
0.000000	-935690816.000000	516809408.000000	1.000000
0.000000	1333545.500000	80321.921875	1.000000
0.000000	370841.187500	-121745.046875	1.000000
0.000000	282365.750000	227421.593750	1.000000
0.000000	24827.736328	-23098.386719	1.000000
0.000000	2203343.750000	933560.687500	1.000000
0.000000	-194.856430	288.881042	1.000000
0.000000	8.916918	-51.535480	1.000000
0.000000	-3116.063721	-305.592041	1.000000
0.000000	-1680.495239	1799.339966	1.000000
0.000000	135.914337	350.211792	1.000000
0.000000	-8.741774	-124.484291	1.000000
0.000000	-1290.125854	1079.315796	1.000000
0.000000	979.946838	-229.660767	1.000000
0.000000	252.107040	-106.185806	1.000000
0.000000	-4355021.000000	2416277.250000	1.000000
0.000000	1174.551514	652.166443	1.000000
0.000000	-200.207138	-88068.375000	1.000000
0.000000	1711789.125000	-2028472.500000	1.000000
0.000000	826.895874	-1434.617188	1.000000
0.000000	-198.705750	-5346.606934	1.000000
0.000000	691415.187500	-227511.906250	1.000000
0.000000	12310197.000000	-6573529.500000	1.000000
0.000000	-21963.388672	-21583.566406	1.000000
0.000000	170746.890625	-24571.832031	1.000000
0.000000	-8.131020	253.683029	1.000000
0.000000	362.401337	-55.761627	1.000000
0.000000	547.917419	-1807.511475	1.000000
0.000000	-198.517944	-298.667145	1.000000
0.000000	134.003601	-338.053070	1.000000
0.000000	-904.161377	1141.164185	1.000000
0.000000	-282.749939	-3094.289307	1.000000
0.000000	-53942.554688	119833.890625	1.000000
0.000000	115.205444	316.191772	1.000000
0.000000	-422.848724	45.037235	1.000000
0.000000	-62.248676	-1056.813843	1.000000
0.000000	-64551.042969	15500.785156	1.000000
0.000000	2456.052490	853.950012	1.000000
0.000000	55839.238281	149628.359375	1.000000
0.000000	-13302.026367	6580.385742	1.000000
0.000000	-41836.566406	-29743.437500	1.000000
0.000000	-8397.645508	13851.773438	1.000000
0.000000	370.393066	371.446655	1.000000
0.000000	-361.668640	217.456497	1.000000
0.000000	1603.845703	3130.526123	1.000000
0.000000	697.492310	-432.554657	1.000000
0.000000	1880.037842	68.883278	1.000000
0.000000	579.651123	-602.347961	1.000000
0.000000	13976.544922	-14304.308594	1.000000
0.000000	-357.241699	-169.807175	1.000000
0.000000	-1191.704102	1462.470337	1.000000
0.000000	278.102570	302.067657	1.000000
0.000000	-13275.854492	-2997.337158	1.000000
0.000000	-28704.378906	-61563.390625	1.000000
0.000000	1734.360107	8107.887695	1.000000
0.000000	-2490.997070	1796.752441	1.000000
0.000000	151.154449	-175.368607	1.000000
0.000000	29.226128	164.813263	1.000000
0.000000	-3783.472900	-15986.188477	1.000000
0.000000	822.888000	-10.728584	1.000000
0.000000	-8840.580078	12937.175781	1.000000
0.000000	-878.084595	-3233.875977	1.000000
0.000000	936.114807	628.977966	1.000000
0.000000	343.775787	-266.093445	1.000000
0.000000	-5590.009277	-20502.193359	1.000000
0.000000	4.912169	-379.708771	1.000000
0.000000	22499.179688	-24653.208984	1.000000
0.000000	-337.941986	-217.559433	1.000000
0.000000	-3300464.250000	1376390.750000	1.000000
0.000000	-18009.064453	-1312.676392	1.000000
0.000000	-81.323051	628.057007	1.000000
0.000000	176.941742	-395.764862	1.000000
0.000000	6702.379395	2651.387695	1.000000
0.000000	-26082.568359	-23347.800781	1.000000
0.000000	-586712.625000	317496.406250	1.000000
0.000000	-108536.234375	249034.484375	1.000000
0.000000	37970.218750	-56191.003906	1.000000
0.000000	635.321777	-1763.038208	1.000000
0.000000	147.419266	215.658676	1.000000
0.000000	-232.496033	-372.029785	1.000000
0.000000	-402.411194	732.462769	1.000000
0.000000	4112436.000000	2116301.500000	1.000000
0.000000	220.960953	221.579391	1.000000
0.000000	-45296.605469	76011.062500	1.000000
0.000000	753.258972	1716.556885	1.000000
0.000000	4883.655762	12550.227539	1.000000
0.000000	613.969055	1554.408203	1.000000
0.000000	-44135.839844	2405.722412	1.000000
0.000000	245676.109375	-842228.687500	1.000000
0.000000	-274.354218	-164.143051	1.000000
0.000000	497.785126	-126.023628	1.000000
0.000000	-32960.769531	-140056.234375	1.000000
0.000000	-14355.030273	-13514.843750	1.000000
0.000000	-435.116943	-84.871437	1.000000
0.000000	-323664.531250	730136.875000	1.000000
0.000000	-31316.292969	-19644.394531	1.000000
0.000000	-471.649323	-1101.128784	1.000000
0.000000	162.028397	-406.726288	1.000000
0.000000	-3578.305176	-12790.777344	1.000000
0.000000	107.412170	-369.456451	1.000000
0.000000	3217.019043	2947.528809	1.000000
0.000000	53.579773	141.647751	1.000000
0.000000	799112.687500	-982912.687500	1.000000
0.000000	-432.267914	416.695496	1.000000
0.000000	-3230.482666	-2105.863525	1.000000
0.000000	-37.833492	2948.734619	1.000000
0.000000	-353.114075	335.599457	1.000000
0.000000	19826.017578	10585.257812	1.000000
0.000000	122.534134	577.291687	1.000000
0.000000	-3412.389648	-1928.960083	1.000000
0.000000	65116.277344	112708.195312	1.000000
0.000000	304.338104	246.899780	1.000000
0.000000	484892.843750	100856.171875	1.000000
0.000000	-277.742218	266.030212	1.000000
0.000000	79.596657	341.774902	1.000000
0.000000	328.116974	163.778870	1.000000
0.000000	-338.694763	-98.973694	1.000000
0.000000	-52403.691406	-2966.191650	1.000000
0.000000	11422.854492	1419.141968	1.000000
0.000000	-65.480370	-230.603790	1.000000
0.000000	31.363182	1710.366943	1.000000
0.000000	-7875.185059	-93188.609375	1.000000
0.000000	-594.767334	1072.431885	1.000000
0.000000	-74.018944	335.334229	1.000000
0.000000	372.657623	-89.688377	1.000000
0.000000	58.655148	386.462097	1.000000
0.000000	-42932.644531	-77692.070312	1.000000
0.000000	266.930450	-1118.095947	1.000000
0.000000	8.266857	362.642761	1.000000
0.000000	-106.915398	-151.596161	1.000000
0.000000	-463.184326	755.965698	1.000000
0.000000	423.852264	33.818436	1.000000
0.000000	226.928619	1042.998657	1.000000
0.000000	-200.736877	199.122665	1.000000
0.000000	276.627167	541.043884	1.000000
0.000000	-11039.637695	551.747498	1.000000
0.000000	28171368.000000	16549397.000000	1.000000
0.000000	333.601959	-666.242188	1.000000
0.000000	-32759.000000	266746.875000	1.000000
0.000000	-269.897949	4.228380	1.000000
0.000000	1516.292725	2652.458984	1.000000
0.000000	4503.826660	10688.649414	1.000000
0.000000	-48485.257812	-126250.796875	1.000000
0.000000	20.621510	-533.524292	1.000000
0.000000	1929694.125000	165254.046875	1.000000
0.000000	-180075.078125	-177937.812500	1.000000
0.000000	-70240.273438	13716.079102	1.000000
0.000000	287.547028	-149.382874	1.000000
0.000000	-131122.093750	14998.406250	1.000000
0.000000	-1105.503052	251.758606	1.000000
0.000000	-1350.382202	971.761108	1.000000
0.000000	-1196.362061	1205.444214	1.000000
0.000000	49268.816406	57590.906250	1.000000
0.000000	83846.742188	3660.052979	1.000000
0.000000	1093.150513	-391.412842	1.000000
0.000000	-387.299774	-290.987518	1.000000
0.000000	-1589278.625000	-1200867.375000	1.000000
0.000000	-305.681946	152.786240	1.000000
0.000000	2590553.750000	19398.121094	1.000000
0.000000	147.860840	-216.786819	1.000000
0.000000	-10469.464844	13223.310547	1.000000
0.000000	1826645.375000	135365.671875	1.000000
0.000000	-1560.828003	827.620361	1.000000
0.000000	302.583588	57.203247	1.000000
0.000000	377.010437	-47.878494	1.000000
0.000000	421.941589	941.547546	1.000000
0.000000	-10641.026367	7441.710449	1.000000
0.000000	-404.731934	167.294281	1.000000
0.000000	27335.208984	25930.636719	1.000000
0.000000	97.888466	316.461700	1.000000
0.000000	274.503754	530.665466	1.000000
0.000000	-76.856010	-9046.470703	1.000000
0.000000	-5633.597168	9774.033203	1.000000
0.000000	459172.781250	25559.320312	1.000000
0.000000	-1045.729248	1111.090332	1.000000
0.000000	2202.899414	-5241.247559	1.000000
0.000000	3487.700684	-2121.734131	1.000000
0.000000	158.031891	98.719650	1.000000
0.000000	251.036346	196.080261	1.000000
0.000000	952.612427	-768.047119	1.000000
0.000000	1211.267212	11699.116211	1.000000
0.000000	18010.113281	-23791.541016	1.000000
0.000000	350.890228	-18.966408	1.000000
0.000000	-11.566136	-239.694916	1.000000
0.000000	1121.451416	1191.820068	1.000000
0.000000	441.583679	-46.442745	1.000000
0.000000	111.686028	201.363785	1.000000
0.000000	-1407.094238	141.811432	1.000000
0.000000	75341.515625	-7405.390625	1.000000
0.000000	89.632256	431.279236	1.000000
0.000000	-180.564743	-720.712036	1.000000
0.000000	1176.792725	-9571.101562	1.000000
0.000000	284.549774	316.725647	1.000000
0.000000	259.189636	237.599045	1.000000
0.000000	-3849.575439	-4579.963379	1.000000
0.000000	541.218872	237.025864	1.000000
0.000000	-2051.207520	-2984.847900	1.000000
0.000000	17.557095	296.862122	1.000000
0.000000	22248.000000	39119.453125	1.000000
0.000000	376.973602	-23.809923	1.000000
0.000000	911.440491	-549.371155	1.000000
0.000000	1275.532959	713.626404	1.000000
0.000000	-320.840973	660.343506	1.000000
0.000000	158.089188	-335.426361	1.000000
0.000000	9597.311523	4821.770020	1.000000
0.000000	-92666.406250	-330230.531250	1.000000
0.000000	8011.208496	16950.164062	1.000000
0.000000	227.482239	-204.918839	1.000000
0.000000	3407.551025	-888.830566	1.000000
0.000000	-423331.125000	-81969.187500	1.000000
0.000000	-44105600.000000	-10494824.000000	1.000000
0.000000	6034.635742	-4562.006348	1.000000
0.000000	-297.715302	179.358063	1.000000
0.000000	1048.156006	-1682.856812	1.000000
0.000000	5833.551758	340.997070	1.000000
0.000000	-284.467712	-108.813591	1.000000
0.000000	-508.242004	1015.422729	1.000000
0.000000	-18776.033203	45.565208	1.000000
0.000000	-652.809631	-157.671890	1.000000
0.000000	301.435883	-371.271698	1.000000
0.000000	14567.759766	-11029.495117	1.000000
