0.000000	31491.468750	455818.750000	1.000000
0.000000	215003.875000	175266.890625	1.000000
0.000000	1189.604248	-12799.045898	1.000000
0.000000	-499.878235	648.377502	1.000000
0.000000	16886.935547	27371.937500	1.000000
0.000000	-13673.032227	749.794128	1.000000
0.000000	-663.618835	-2464.266357	1.000000
0.000000	-595301.812500	1523932.125000	1.000000
0.000000	3584.748779	-2183.852539	1.000000
0.000000	9292453.000000	3386659.750000	1.000000
0.000000	78697400.000000	19959642.000000	1.000000
0.000000	-298.787231	-191.326050	1.000000
0.000000	-306.461243	117.944427	1.000000
0.000000	91.673973	-267.971222	1.000000
0.000000	-73337376.000000	-31090268.000000	1.000000
0.000000	756.198303	-4506.890137	1.000000
0.000000	380.325195	-432.434326	1.000000
0.000000	-6182.962402	7826.748047	1.000000
0.000000	-987.263611	192.413971	1.000000
0.000000	-311.794098	310.065216	1.000000
0.000000	927.062805	8033.288086	1.000000
0.000000	10268.046875	85049.445312	1.000000
0.000000	-52.402035	846.319458	1.000000
0.000000	248.753540	77.372208	1.000000
0.000000	-207102.828125	-53353.457031	1.000000
0.000000	439.427216	-56.965057	1.000000
0.000000	10387.291992	35351.769531	1.000000
0.000000	-3952.822998	11575.259766	1.000000
0.000000	431.084290	-192.486237	1.000000
0.000000	-61443.945312	-273296.843750	1.000000
0.000000	5157.766602	-8882.957031	1.000000
0.000000	4904.489258	912.815308	1.000000
0.000000	-288.117615	472.166718	1.000000
0.000000	-555.803894	-189.883408	1.000000
0.000000	-260.233734	-49.071674	1.000000
0.000000	4885.804688	2791.736572	1.000000
0.000000	-14.028188	-76.755287	1.000000
0.000000	-5758.906738	-1521.729370	1.000000
0.000000	-246270.765625	-73756.718750	1.000000
0.000000	-46716.355469	-6176.125488	1.000000
0.000000	486.073578	105.838547	1.000000
0.000000	554.208069	-7.430494	1.000000
0.000000	-2.071124	262.966064	1.000000
0.000000	-91.687920	-158.559799	1.000000
0.000000	50.886532	259.842133	1.000000
0.000000	-569.919739	-249.761093	1.000000
0.000000	-4060.584961	3340.168457	1.000000
0.000000	-841.128174	450.163605	1.000000
0.000000	-117.636246	-281.333130	1.000000
0.000000	-278.765686	-86.209389	1.000000
0.000000	7064.599121	6277.220703	1.000000
0.000000	-881.415222	1674.238892	1.000000
0.000000	13.805874	1328.979004	1.000000
0.000000	-3409.973389	-11630.778320	1.000000
0.000000	320.045288	-31.179174	1.000000
0.000000	-16.000402	-288.374512	1.000000
0.000000	152.314926	117.017929	1.000000
0.000000	29405522.000000	-21550876.000000	1.000000
0.000000	-572.096985	1674.927368	1.000000
0.000000	483.784760	536.891907	1.000000
0.000000	1701.751099	26223.712891	1.000000
0.000000	3271.928223	-1669.310059	1.000000
0.000000	-101.258232	-270.491760	1.000000
0.000000	172.266449	-379.182404	1.000000
0.000000	5373.346191	-2916.581543	1.000000
0.000000	401109.062500	-1051564.750000	1.000000
0.000000	40189.546875	142539.250000	1.000000
0.000000	899154304.000000	-490293056.000000	1.000000
0.000000	5104.249023	-14886.646484	1.000000
0.000000	-11819835.000000	-661283.187500	1.000000
0.000000	10621.647461	-15099.602539	1.000000
0.000000	-25.163601	-377.282684	1.000000
0.000000	-284.102539	-779.879578	1.000000
0.000000	-486.937561	921.610107	1.000000
0.000000	424311.437500	2486.662842	1.000000
0.000000	-9360.263672	10635.622070	1.000000
0.000000	-189.767303	535.477112	1.000000
0.000000	31.209347	-300.637421	1.000000
0.000000	3423.329590	-13301.750977	1.000000
0.000000	-935690816.000000	516809408.000000	1.000000
0.000000	1333545.500000	80257.234375	1.000000
0.000000	370754.937500	-121734.265625	1.000000
0.000000	282452.000000	227400.031250	1.000000
0.000000	24889.728516	-23130.730469	1.000000
0.000000	2203343.750000	933646.937500	1.000000
0.000000	-158.511826	230.225128	1.000000
0.000000	76.256851	-36.490162	1.000000
0.000000	-3159.188721	-359.498291	1.000000
0.000000	-1672.409302	1730.777954	1.000000
0.000000	104.097023	288.977661	1.000000
0.000000	8.985668	-57.796856	1.000000
0.000000	-1223.585327	1097.509155	1.000000
0.000000	921.660706	-192.705505	1.000000
0.000000	236.756393	-173.463333	1.000000
0.000000	-4355021.000000	2416277.250000	1.000000
0.000000	1114.917725	617.548523	1.000000
0.000000	-132.676926	-88057.593750	1.000000
0.000000	1711789.125000	-2028472.500000	1.000000
0.000000	814.008911	-1502.336914	1.000000
0.000000	-255.433655	-5307.524902	1.000000
0.000000	691415.187500	-227447.218750	1.000000
0.000000	12310197.000000	-6573529.500000	1.000000
0.000000	-21947.216797	-21516.183594	1.000000
0.000000	170682.203125	-24531.402344	1.000000
0.807754	21.886675	195.097458	1.000000
0.000000	296.366180	-35.699448	1.000000
0.000000	614.710632	-1790.328857	1.000000
0.000000	-153.118774	-246.698166	1.000000
0.000000	108.890457	-273.786713	1.000000
0.000000	-884.367676	1075.129028	1.000000
0.000000	-215.859848	-3111.135010	1.000000
0.000000	-53872.476562	119833.890625	1.000000
0.000000	90.810760	251.632050	1.000000
0.000000	-356.097626	27.559149	1.000000
0.000000	-128.609985	-1075.681030	1.000000
0.000000	-64610.339844	15538.519531	1.000000
0.000000	2435.500732	788.083313	1.000000
0.000000	55785.332031	149585.234375	1.000000
0.000000	-13235.991211	6601.948242	1.000000
0.000000	-41782.660156	-29783.867188	1.000000
0.000000	-8454.247070	13812.691406	1.000000
0.000000	308.063965	341.882446	1.000000
0.000000	-310.836731	170.772842	1.000000
0.000000	1554.150879	3178.367920	1.000000
0.000000	630.867554	-414.571869	1.000000
0.000000	1924.342041	121.768257	1.000000
0.000000	566.174561	-534.712463	1.000000
0.000000	13991.369141	-14236.925781	1.000000
0.000000	-298.408081	-133.778427	1.000000
0.000000	-1165.593262	1526.315552	1.000000
0.000000	228.786774	253.804733	1.000000
0.000000	-13343.237305	-2982.176025	1.000000
0.000000	-28661.253906	-61509.484375	1.000000
0.000000	1696.625732	8049.938477	1.000000
0.000000	-2533.111328	1851.332520	1.000000
0.000000	88.018509	-147.531082	1.000000
0.000000	74.867294	216.571686	1.000000
0.000000	-3827.271729	-16040.094727	1.000000
0.000000	756.600159	-29.983057	1.000000
0.000000	-8771.849609	12931.785156	1.000000
0.000000	-898.889038	-3168.177734	1.000000
0.000000	943.611145	560.415955	1.000000
0.000000	276.350861	-251.444244	1.000000
0.000000	-5658.065918	-20512.974609	1.000000
0.000000	1.282447	-310.809845	1.000000
0.000000	22518.046875	-24585.826172	1.000000
0.000000	-291.405731	-166.601181	1.000000
0.000000	-3300464.250000	1376390.750000	1.000000
0.000000	-17984.806641	-1248.325806	1.000000
0.000000	-52.304207	565.475220	1.000000
0.000000	153.947357	-330.698334	1.000000
0.000000	6680.143066	2716.749023	1.000000
0.000000	-26147.255859	-23369.363281	1.000000
0.000000	-586712.625000	317453.281250	1.000000
0.000000	-108536.234375	249099.171875	1.000000
0.000000	38040.296875	-56191.003906	1.000000
0.000000	590.680664	-1710.479614	1.000000
0.000000	114.275337	155.140488	1.000000
0.000000	-216.724243	-439.202026	1.000000
0.000000	-383.586121	666.090698	1.000000
0.000000	4112436.000000	2116301.500000	1.000000
0.000000	153.325455	207.955429	1.000000
0.000000	-45269.652344	75946.375000	1.000000
0.000000	691.014099	1686.739990	1.000000
0.000000	4816.946777	12567.747070	1.000000
0.000000	620.791565	1623.138672	1.000000
0.000000	-44087.324219	2355.185303	1.000000
0.000000	245740.796875	-842228.687500	1.000000
0.000000	-211.940887	-134.747299	1.000000
0.000000	428.970428	-131.347168	1.000000
0.000000	-32987.722656	-139991.546875	1.000000
0.000000	-14332.120117	-13579.531250	1.000000
0.000000	-366.218018	-81.375954	1.000000
0.000000	-323578.281250	730136.875000	1.000000
0.000000	-31375.589844	-19679.433594	1.000000
0.000000	-409.278107	-1071.648804	1.000000
0.000000	143.392838	-340.312103	1.000000
0.000000	-3644.340332	-12770.562500	1.000000
0.000000	87.460541	-303.421295	1.000000
0.000000	3196.467285	3013.227051	1.000000
0.807754	20.600504	198.737671	1.000000
0.000000	799198.937500	-982912.687500	1.000000
0.000000	-364.211273	405.198303	1.000000
0.000000	-3296.517822	-2086.322510	1.000000
0.000000	-23.334087	2881.351807	1.000000
0.000000	-304.429993	286.704803	1.000000
0.000000	19861.056641	10525.960938	1.000000
0.000000	54.529400	588.915222	1.000000
0.000000	-3346.691406	-1907.397583	1.000000
0.000000	65094.714844	112643.507812	1.000000
0.000000	253.464081	200.300354	1.000000
0.000000	484892.843750	100791.484375	1.000000
0.000000	-227.836823	218.382355	1.000000
0.000000	80.470528	272.791748	1.000000
0.000000	316.282867	95.806450	1.000000
0.000000	-269.837952	-94.583282	1.000000
0.000000	-52430.644531	-3028.857666	1.000000
0.000000	11386.467773	1360.518921	1.000000
0.000000	-84.231743	-164.210663	1.000000
0.000000	-8.927069	1766.463135	1.000000
0.000000	-7871.815918	-93123.921875	1.000000
0.000000	-553.411133	1127.685791	1.000000
0.000000	-28.434362	283.533691	1.000000
0.000000	306.706696	-69.399834	1.000000
0.000000	54.875393	317.563171	1.000000
0.000000	-42878.738281	-77735.195312	1.000000
0.000000	320.878815	-1074.970947	1.000000
0.000000	-27.648094	303.724915	1.000000
0.000000	-76.035118	-213.293549	1.000000
0.000000	-456.867188	687.235229	1.000000
0.000000	375.631439	83.173126	1.000000
0.000000	210.525116	975.952759	1.000000
0.000000	-168.456299	138.141220	1.000000
0.000000	221.049591	500.180878	1.000000
0.000000	-10970.907227	556.801208	1.000000
0.000000	28171368.000000	16549397.000000	1.000000
0.000000	287.065704	-615.283936	1.000000
0.000000	-32785.953125	266790.000000	1.000000
0.000000	-200.914795	5.981386	1.000000
0.000000	1458.848877	2690.530273	1.000000
0.000000	4571.209473	10672.477539	1.000000
0.000000	-48555.335938	-126250.796875	1.000000
0.000000	81.199097	-500.506683	1.000000
0.000000	1929694.125000	165210.921875	1.000000
0.000000	-180139.765625	-177937.812500	1.000000
0.000000	-70186.367188	13755.161133	1.000000
0.000000	246.064468	-94.248871	1.000000
0.000000	-131100.531250	14932.371094	1.000000
0.000000	-1044.016235	220.551941	1.000000
0.000000	-1307.088745	1025.416870	1.000000
0.000000	-1178.505615	1138.735229	1.000000
0.000000	49252.644531	57526.218750	1.000000
0.000000	83900.648438	3701.493408	1.000000
0.000000	1027.452271	-412.385742	1.000000
0.000000	-325.981415	-259.359711	1.000000
0.000000	-1589278.625000	-1200867.375000	1.000000
0.000000	-239.099319	134.656052	1.000000
0.000000	2590553.750000	19336.128906	1.000000
0.000000	123.896027	-152.078262	1.000000
0.000000	-10429.035156	13166.708984	1.000000
0.000000	1826645.375000	135408.796875	1.000000
0.000000	-1568.745483	759.058350	1.000000
0.000000	236.314423	41.925571	1.000000
0.000000	321.399902	-14.337017	1.000000
0.000000	477.027039	983.072205	1.000000
0.000000	-10593.858398	7391.173340	1.000000
0.000000	-337.096436	153.628204	1.000000
0.000000	27332.513672	25860.558594	1.000000
0.000000	47.519814	269.293732	1.000000
0.000000	271.387299	461.735809	1.000000
0.000000	-9.732159	-9062.642578	1.000000
0.000000	-5564.866699	9772.685547	1.000000
0.000000	459129.656250	25610.531250	1.000000
0.000000	-981.041687	1087.169434	1.000000
0.000000	2147.308594	-5282.351074	1.000000
0.000000	3486.353027	-2052.666748	1.000000
0.000000	120.295364	40.957848	1.000000
0.000000	192.034271	160.325256	1.000000
0.000000	982.345093	-705.802246	1.000000
0.000000	1203.349731	11767.846680	1.000000
0.000000	18077.496094	-23778.064453	1.000000
0.000000	282.075531	-13.950085	1.000000
0.000000	-15.431436	-170.795990	1.000000
0.000000	1178.726807	1153.411865	1.000000
0.000000	372.600525	-44.679211	1.000000
0.000000	100.620506	133.265030	1.000000
0.000000	-1472.792480	120.771751	1.000000
0.000000	75276.828125	-7412.802734	1.000000
0.000000	71.259911	364.780823	1.000000
0.000000	-249.568954	-720.712036	1.000000
0.000000	1181.172607	-9639.832031	1.000000
0.000000	242.821198	261.766541	1.000000
0.000000	206.566589	192.978989	1.000000
0.000000	-3881.245361	-4641.281738	1.000000
0.000000	473.162201	225.781357	1.000000
0.000000	-1995.795044	-2943.744385	1.000000
0.000000	-11.523974	234.280350	1.000000
0.000000	22237.218750	39049.375000	1.000000
0.000000	307.990448	-24.036287	1.000000
0.000000	842.457336	-550.550354	1.000000
0.000000	1215.899170	678.924255	1.000000
0.000000	-317.977203	591.444580	1.000000
0.000000	114.564110	-281.899139	1.000000
0.000000	9562.272461	4881.066895	1.000000
0.000000	-92698.750000	-330187.406250	1.000000
0.000000	7942.478027	16947.468750	1.000000
0.000000	182.967468	-152.191788	1.000000
0.000000	3384.977783	-954.107666	1.000000
0.000000	-423374.250000	-81915.281250	1.000000
0.000000	-44105600.000000	-10494824.000000	1.000000
0.000000	6003.639648	-4623.324707	1.000000
0.000000	-271.520233	115.514908	1.000000
0.000000	987.679932	-1716.042847	1.000000
0.000000	5887.458008	383.869385	1.000000
0.000000	-220.411942	-83.155479	1.000000
0.000000	-439.343079	1018.791870	1.000000
0.000000	-18786.814453	113.694122	1.000000
0.000000	-583.826477	-155.755692	1.000000
0.000000	293.560516	-302.709686	1.000000
0.000000	14504.419922	-11056.448242	1.000000
