0.000000	31530.648438	455781.875000	1.000000
0.000000	214985.437500	175211.578125	1.000000
0.000000	1180.817627	-12740.276367	1.000000
0.000000	-558.863831	649.241760	1.000000
0.000000	16891.544922	27431.859375	1.000000
0.000000	-13730.649414	763.118103	1.000000
0.000000	-716.554626	-2438.338623	1.000000
0.000000	-595228.062500	1523932.125000	1.000000
0.000000	3554.499756	-2234.555664	1.000000
0.000000	9292453.000000	3386659.750000	1.000000
0.000000	78697400.000000	19959642.000000	1.000000
0.000000	-241.854248	-175.877441	1.000000
0.000000	-278.516907	65.971924	1.000000
0.000000	93.843620	-209.007278	1.000000
0.000000	-73337376.000000	-31090268.000000	1.000000
0.000000	704.846985	-4535.698730	1.000000
0.000000	366.497070	-375.069214	1.000000
0.000000	-6152.425293	7776.044922	1.000000
0.000000	-987.407654	251.417572	1.000000
0.000000	-291.556061	254.644699	1.000000
0.000000	914.387024	7975.670898	1.000000
0.000000	10215.039062	85021.789062	1.000000
0.000000	-40.986629	788.414185	1.000000
0.000000	205.324585	117.308121	1.000000
0.000000	-207139.703125	-53311.972656	1.000000
0.000000	380.621674	-61.583435	1.000000
0.000000	10388.444336	35411.691406	1.000000
0.000000	-3894.917725	11586.783203	1.000000
0.000000	379.516907	-163.821686	1.000000
0.000000	-61503.867188	-273296.843750	1.000000
0.000000	5192.913086	-8930.203125	1.000000
0.000000	4847.448242	898.266968	1.000000
0.000000	-233.705383	449.335907	1.000000
0.000000	-512.663025	-230.089401	1.000000
0.000000	-214.123642	-12.264310	1.000000
0.000000	4832.220703	2767.249268	1.000000
0.000000	40.842567	-55.067818	1.000000
0.000000	-5713.389160	-1484.422241	1.000000
0.000000	-246289.203125	-73701.406250	1.000000
0.000000	-46762.449219	-6140.402832	1.000000
0.000000	440.592010	68.270340	1.000000
0.000000	520.141907	40.720783	1.000000
0.000000	-1.541372	203.964584	1.000000
0.000000	-66.163811	-107.195068	1.000000
0.000000	43.553844	201.305481	1.000000
0.000000	-547.665100	-304.391449	1.000000
0.000000	-4108.983398	3373.874512	1.000000
0.000000	-807.638184	401.585114	1.000000
0.000000	-104.654373	-223.787964	1.000000
0.000000	-221.029572	-74.073769	1.000000
0.000000	7005.829590	6283.558594	1.000000
0.000000	-849.221619	1723.645630	1.000000
0.000000	47.339729	1377.521484	1.000000
0.000000	-3375.691162	-11679.176758	1.000000
0.000000	265.561035	-53.807343	1.000000
0.000000	-17.458838	-229.388916	1.000000
0.000000	93.347343	119.061539	1.000000
0.000000	29405522.000000	-21550876.000000	1.000000
0.000000	-524.562805	1640.068970	1.000000
0.000000	522.630493	492.470490	1.000000
0.000000	1732.144165	26274.416016	1.000000
0.000000	3249.457520	-1614.717773	1.000000
0.000000	-70.216972	-220.315979	1.000000
0.000000	140.432953	-329.523590	1.000000
0.000000	5409.645020	-2870.199707	1.000000
0.000000	401072.187500	-1051564.750000	1.000000
0.000000	40240.250000	142576.125000	1.000000
0.000000	899154304.000000	-490293056.000000	1.000000
0.000000	5142.276367	-14841.705078	1.000000
0.000000	-11819835.000000	-661356.937500	1.000000
0.000000	10591.686523	-15150.305664	1.000000
0.000000	-7.734393	-320.925873	1.000000
0.000000	-239.563904	-741.204041	1.000000
0.000000	-545.907837	923.626709	1.000000
0.000000	424385.187500	2501.355225	1.000000
0.000000	-9302.646484	10649.450195	1.000000
0.000000	-132.492218	549.665344	1.000000
0.000000	36.376888	-241.867874	1.000000
0.000000	3417.567871	-13242.981445	1.000000
0.000000	-935690816.000000	516809408.000000	1.000000
0.000000	1333545.500000	80201.921875	1.000000
0.000000	370681.187500	-121725.046875	1.000000
0.000000	282525.750000	227381.593750	1.000000
0.000000	24942.736328	-23158.386719	1.000000
0.000000	2203343.750000	933720.687500	1.000000
0.000000	-127.434563	180.080170	1.000000
0.000000	133.838028	-23.623859	1.000000
0.000000	-3196.063721	-405.592041	1.000000
0.000000	-1665.495239	1672.152466	1.000000
0.000000	76.890907	236.618057	1.000000
0.000000	24.143940	-0.778048	1.000000
0.000000	-1166.688354	1113.065796	1.000000
0.000000	871.821838	-161.106079	1.000000
0.000000	223.630478	-230.990494	1.000000
0.000000	-4355021.000000	2416277.250000	1.000000
0.000000	1063.926514	587.947693	1.000000
0.000000	-74.933701	-88048.375000	1.000000
0.000000	1711789.125000	-2028472.500000	1.000000
0.000000	802.989624	-1560.242188	1.000000
0.000000	-303.940125	-5274.106934	1.000000
0.000000	691415.187500	-227391.906250	1.000000
0.000000	12310197.000000	-6573529.500000	1.000000
0.000000	-21933.388672	-21458.566406	1.000000
0.000000	170626.890625	-24496.832031	1.000000
0.000000	47.237537	141.946167	1.000000
0.000000	239.906479	-18.543066	1.000000
0.000000	671.823669	-1775.636475	1.000000
0.000000	-114.299202	-202.260910	1.000000
0.000000	87.419052	-218.834305	1.000000
0.000000	-867.442627	1018.657410	1.000000
0.000000	-158.656784	-3125.539307	1.000000
0.000000	-53812.554688	119833.890625	1.000000
0.000000	74.204720	199.418350	1.000000
0.000000	-299.020599	12.612441	1.000000
0.000000	-185.344910	-1091.813843	1.000000
0.000000	-64661.042969	15570.785156	1.000000
0.000000	2417.927490	731.762512	1.000000
0.000000	55739.238281	149548.359375	1.000000
0.000000	-13179.526367	6620.385742	1.000000
0.000000	-41736.566406	-29818.437500	1.000000
0.000000	-8502.645508	13779.273438	1.000000
0.000000	254.768066	316.602905	1.000000
0.000000	-267.371765	130.854935	1.000000
0.000000	1511.658203	3219.276123	1.000000
0.000000	573.898560	-399.195282	1.000000
0.000000	1962.225342	166.980988	1.000000
0.000000	554.651123	-476.857361	1.000000
0.000000	14004.044922	-14179.308594	1.000000
0.000000	-248.101059	-102.963921	1.000000
0.000000	-1143.266602	1580.907837	1.000000
0.000000	186.618195	212.536423	1.000000
0.000000	-13400.854492	-2969.212158	1.000000
0.000000	-28624.378906	-61463.390625	1.000000
0.000000	1664.360107	8000.387695	1.000000
0.000000	-2569.122070	1898.002441	1.000000
0.000000	34.031906	-123.727989	1.000000
0.000000	109.640701	257.854431	1.000000
0.000000	-3864.722900	-16086.188477	1.000000
0.000000	699.919250	-46.448692	1.000000
0.000000	-8713.080078	12927.175781	1.000000
0.000000	-916.678345	-3112.000977	1.000000
0.000000	950.021057	501.784210	1.000000
0.000000	218.697647	-238.930511	1.000000
0.000000	-5716.259277	-20522.193359	1.000000
0.000000	-1.821218	-251.896255	1.000000
0.000000	22534.179688	-24528.208984	1.000000
0.000000	-251.615860	-123.028175	1.000000
0.000000	-3300464.250000	1376390.750000	1.000000
0.000000	-17964.064453	-1193.301392	1.000000
0.000000	-27.488306	511.963257	1.000000
0.000000	134.285492	-275.061737	1.000000
0.000000	6661.129395	2772.637695	1.000000
0.000000	-26202.568359	-23387.800781	1.000000
0.000000	-586712.625000	317416.406250	1.000000
0.000000	-108536.234375	249154.484375	1.000000
0.000000	38100.218750	-56191.003906	1.000000
0.000000	552.509277	-1665.538208	1.000000
0.000000	85.934883	103.393059	1.000000
0.000000	-203.238220	-496.639160	1.000000
0.000000	-367.489319	609.337769	1.000000
0.000000	4112436.000000	2116301.500000	1.000000
0.000000	95.492203	196.305954	1.000000
0.000000	-45246.605469	75891.062500	1.000000
0.000000	637.790222	1661.244385	1.000000
0.000000	4759.905762	12582.727539	1.000000
0.000000	626.625305	1681.908203	1.000000
0.000000	-44045.839844	2311.972412	1.000000
0.000000	245796.109375	-842228.687500	1.000000
0.000000	-158.572968	-109.605209	1.000000
0.000000	370.128876	-135.902527	1.000000
0.000000	-33010.769531	-139936.234375	1.000000
0.000000	-14312.530273	-13634.843750	1.000000
0.000000	-307.304443	-78.387062	1.000000
0.000000	-323504.531250	730136.875000	1.000000
0.000000	-31426.292969	-19709.394531	1.000000
0.000000	-355.946198	-1046.441284	1.000000
0.000000	127.457779	-283.523163	1.000000
0.000000	-3700.805176	-12753.277344	1.000000
0.000000	70.400452	-246.953568	1.000000
0.000000	3178.894043	3069.403809	1.000000
0.000000	-7.282535	250.610519	1.000000
0.000000	799272.687500	-982912.687500	1.000000
0.000000	-306.017914	395.367371	1.000000
0.000000	-3352.982666	-2069.613525	1.000000
0.000000	-10.935139	2823.734619	1.000000
0.000000	-262.801575	244.891556	1.000000
0.000000	19891.017578	10475.257812	1.000000
0.000000	-3.623176	598.854187	1.000000
0.000000	-3290.514648	-1888.960083	1.000000
0.000000	65076.277344	112588.195312	1.000000
0.000000	209.963104	160.454468	1.000000
0.000000	484892.843750	100736.171875	1.000000
0.000000	-185.164093	177.636200	1.000000
0.000000	81.217751	213.793274	1.000000
0.000000	306.163849	37.683071	1.000000
0.000000	-210.960373	-90.829163	1.000000
0.000000	-52453.691406	-3082.441650	1.000000
0.000000	11355.354492	1310.391968	1.000000
0.000000	-99.206192	-106.127815	1.000000
0.000000	-43.378838	1814.429443	1.000000
0.000000	-7868.935059	-93068.609375	1.000000
0.000000	-518.048584	1174.931885	1.000000
0.000000	10.542824	239.240479	1.000000
0.000000	250.313889	-52.051659	1.000000
0.000000	51.643429	258.649597	1.000000
0.000000	-42832.644531	-77772.070312	1.000000
0.000000	367.008575	-1038.095947	1.000000
0.000000	-58.356575	253.345886	1.000000
0.000000	-49.632690	-266.049286	1.000000
0.000000	-451.465576	628.465698	1.000000
0.000000	334.399139	125.377716	1.000000
0.000000	196.498932	918.623657	1.000000
0.000000	-140.854065	85.997673	1.000000
0.000000	173.533417	465.214447	1.000000
0.000000	-10912.137695	561.122498	1.000000
0.000000	28171368.000000	16549397.000000	1.000000
0.000000	247.277786	-571.710938	1.000000
0.000000	-32809.000000	266826.875000	1.000000
0.000000	-141.929199	7.480333	1.000000
0.000000	1409.730225	2723.083984	1.000000
0.000000	4628.826660	10658.649414	1.000000
0.000000	-48615.257812	-126250.796875	1.000000
0.000000	133.000549	-472.274261	1.000000
0.000000	1929694.125000	165174.046875	1.000000
0.000000	-180195.078125	-177937.812500	1.000000
0.000000	-70140.273438	13788.579102	1.000000
0.000000	210.593887	-47.103416	1.000000
0.000000	-131082.093750	14875.906250	1.000000
0.000000	-991.395935	193.867981	1.000000
0.000000	-1270.069702	1071.366577	1.000000
0.000000	-1163.237061	1081.694214	1.000000
0.000000	49238.816406	57470.906250	1.000000
0.000000	83946.742188	3736.927979	1.000000
0.000000	971.207947	-430.319092	1.000000
0.000000	-273.549774	-232.331406	1.000000
0.000000	-1589278.625000	-1200867.375000	1.000000
0.000000	-182.166336	119.148285	1.000000
0.000000	2590553.750000	19283.121094	1.000000
0.000000	103.396912	-96.752838	1.000000
0.000000	-10394.464844	13118.310547	1.000000
0.000000	1826645.375000	135445.671875	1.000000
0.000000	-1575.515503	700.432861	1.000000
0.000000	178.805267	28.759144	1.000000
0.000000	272.317261	18.415588	1.000000
0.000000	524.129089	1018.578796	1.000000
0.000000	-10553.526367	7347.960449	1.000000
0.000000	-279.263184	141.942719	1.000000
0.000000	27330.208984	25800.636719	1.000000
0.000000	4.452150	228.961716	1.000000
0.000000	268.722504	402.786224	1.000000
0.000000	47.664337	-9076.470703	1.000000
0.000000	-5506.097168	9771.533203	1.000000
0.000000	459092.781250	25654.320312	1.000000
0.000000	-925.729187	1066.715332	1.000000
0.000000	2099.774414	-5317.497559	1.000000
0.000000	3485.200684	-1993.609131	1.000000
0.000000	88.020737	-8.433723	1.000000
0.000000	141.583221	129.752136	1.000000
0.000000	1007.768677	-652.578369	1.000000
0.000000	1196.579712	11826.616211	1.000000
0.000000	18135.113281	-23766.541016	1.000000
0.000000	223.233963	-9.661430	1.000000
0.000000	-18.735615	-111.884872	1.000000
0.000000	1227.701416	1120.570068	1.000000
0.000000	313.614929	-43.171261	1.000000
0.000000	91.158684	75.027473	1.000000
0.000000	-1528.969238	102.775383	1.000000
0.000000	75221.515625	-7419.140625	1.000000
0.000000	55.550224	307.919861	1.000000
0.000000	-308.556519	-720.712036	1.000000
0.000000	1184.917725	-9698.601562	1.000000
0.000000	207.152557	214.772522	1.000000
0.000000	161.571167	154.825607	1.000000
0.000000	-3908.325439	-4693.713379	1.000000
0.000000	414.968842	216.166489	1.000000
0.000000	-1948.404907	-2908.597900	1.000000
0.000000	-36.389595	180.768387	1.000000
0.000000	22228.000000	38989.453125	1.000000
0.000000	249.002716	-24.229845	1.000000
0.000000	783.471741	-551.558655	1.000000
0.000000	1164.907959	649.251404	1.000000
0.000000	-315.528473	532.531006	1.000000
0.000000	77.347008	-236.121674	1.000000
0.000000	9532.311523	4931.770020	1.000000
0.000000	-92726.406250	-330150.531250	1.000000
0.000000	7883.708496	16945.164062	1.000000
0.000000	144.904114	-107.110504	1.000000
0.000000	3365.676025	-1009.924316	1.000000
0.000000	-423411.125000	-81869.187500	1.000000
0.000000	-44105600.000000	-10494824.000000	1.000000
0.000000	5977.135742	-4675.756348	1.000000
0.000000	-249.121552	60.931622	1.000000
0.000000	935.968506	-1744.419312	1.000000
0.000000	5933.551758	420.528320	1.000000
0.000000	-165.639603	-61.216503	1.000000
0.000000	-380.429504	1021.672729	1.000000
0.000000	-18796.033203	171.943710	1.000000
0.000000	-524.840881	-154.117203	1.000000
0.000000	286.826508	-244.087860	1.000000
0.000000	14450.259766	-11079.495117	1.000000
