0.000000	31542.601562	455770.625000	1.000000
0.000000	214979.812500	175194.703125	1.000000
0.000000	1178.136963	-12722.346680	1.000000
0.000000	-576.859436	649.505432	1.000000
0.000000	16892.951172	27450.140625	1.000000
0.000000	-13748.227539	767.183044	1.000000
0.000000	-732.704529	-2430.428467	1.000000
0.000000	-595205.562500	1523932.125000	1.000000
0.000000	3545.271240	-2250.024414	1.000000
0.000000	9292453.000000	3386659.750000	1.000000
0.000000	78697400.000000	19959642.000000	1.000000
0.000000	-224.484863	-171.164307	1.000000
0.000000	-269.991516	50.117107	1.000000
0.000000	94.505547	-191.017166	1.000000
0.000000	-73337376.000000	-31090268.000000	1.000000
0.000000	689.180481	-4544.487793	1.000000
0.000000	362.278320	-357.567993	1.000000
0.000000	-6143.108887	7760.576172	1.000000
0.000000	-987.451599	269.414581	1.000000
0.000000	-285.381744	237.736740	1.000000
0.000000	910.519836	7958.092773	1.000000
0.000000	10198.867188	85013.351562	1.000000
0.000000	-37.503963	770.748169	1.000000
0.000000	192.075073	129.491959	1.000000
0.000000	-207150.953125	-53299.316406	1.000000
0.000000	362.681000	-62.992432	1.000000
0.000000	10388.795898	35429.972656	1.000000
0.000000	-3877.251709	11590.298828	1.000000
0.000000	363.784485	-155.076569	1.000000
0.000000	-61522.148438	-273296.843750	1.000000
0.000000	5203.635742	-8944.617188	1.000000
0.000000	4830.045898	893.828491	1.000000
0.000000	-217.105042	442.370575	1.000000
0.000000	-499.490967	-242.355637	1.000000
0.000000	-200.055649	-1.035168	1.000000
0.000000	4815.873047	2759.778564	1.000000
0.000000	57.582985	-48.451302	1.000000
0.000000	-5699.502441	-1473.040405	1.000000
0.000000	-246294.828125	-73684.531250	1.000000
0.000000	-46776.511719	-6129.504395	1.000000
0.000000	426.716278	56.808857	1.000000
0.000000	509.746460	55.410877	1.000000
0.000000	-1.379753	185.963486	1.000000
0.000000	-58.054157	-91.124817	1.000000
0.000000	41.316753	183.447205	1.000000
0.000000	-540.875549	-321.057709	1.000000
0.000000	-4123.749023	3384.157715	1.000000
0.000000	-797.420898	386.764557	1.000000
0.000000	-100.693802	-206.231812	1.000000
0.000000	-203.412994	-70.371376	1.000000
0.000000	6987.899902	6285.492188	1.000000
0.000000	-839.399841	1738.718872	1.000000
0.000000	57.570747	1392.331055	1.000000
0.000000	-3365.232178	-11693.942383	1.000000
0.000000	248.938721	-60.710876	1.000000
0.000000	-17.903784	-211.393311	1.000000
0.000000	75.357231	119.685013	1.000000
0.000000	29405522.000000	-21550876.000000	1.000000
0.000000	-510.060852	1629.434204	1.000000
0.000000	534.473755	478.924347	1.000000
0.000000	1741.416626	26289.884766	1.000000
0.000000	3242.602051	-1598.062500	1.000000
0.000000	-60.746288	-205.006531	1.000000
0.000000	130.721039	-314.373444	1.000000
0.000000	5420.719238	-2856.049316	1.000000
0.000000	401060.937500	-1051564.750000	1.000000
0.000000	40255.718750	142587.375000	1.000000
0.000000	899154304.000000	-490293056.000000	1.000000
0.000000	5153.877930	-14827.994141	1.000000
0.000000	-11819835.000000	-661379.437500	1.000000
0.000000	10582.545898	-15165.774414	1.000000
0.000000	-2.416864	-303.732269	1.000000
0.000000	-225.979309	-729.404724	1.000000
0.000000	-563.903442	924.241943	1.000000
0.000000	424407.687500	2505.837646	1.000000
0.000000	-9285.068359	10653.668945	1.000000
0.000000	-115.020500	553.993958	1.000000
0.000000	37.953426	-223.938187	1.000000
0.000000	3415.810059	-13225.051758	1.000000
0.000000	-935690816.000000	516809408.000000	1.000000
0.000000	1333545.500000	80185.046875	1.000000
0.000000	370658.687500	-121722.234375	1.000000
0.000000	282548.250000	227375.968750	1.000000
0.000000	24958.908203	-23166.824219	1.000000
0.000000	2203343.750000	933743.187500	1.000000
0.000000	-117.953362	164.781708	1.000000
0.000000	151.405167	-19.698307	1.000000
0.000000	-3207.313721	-419.654541	1.000000
0.000000	-1663.385864	1654.266724	1.000000
0.000000	68.590736	220.643936	1.000000
0.000000	28.768497	16.617756	1.000000
0.000000	-1149.329956	1117.811890	1.000000
0.000000	856.616760	-151.465576	1.000000
0.000000	219.625961	-248.541153	1.000000
0.000000	-4355021.000000	2416277.250000	1.000000
0.000000	1048.369873	578.916931	1.000000
0.000000	-57.317646	-88045.562500	1.000000
0.000000	1711789.125000	-2028472.500000	1.000000
0.000000	799.627808	-1577.908203	1.000000
0.000000	-318.738708	-5263.911621	1.000000
0.000000	691415.187500	-227375.031250	1.000000
0.000000	12310197.000000	-6573529.500000	1.000000
0.000000	-21929.169922	-21440.988281	1.000000
0.000000	170610.015625	-24486.285156	1.000000
0.000000	54.984272	125.697388	1.000000
0.000000	222.685410	-13.308767	1.000000
0.000000	689.247986	-1771.154053	1.000000
0.000000	-102.455940	-188.703781	1.000000
0.000000	80.868454	-202.069168	1.000000
0.000000	-862.279053	1001.408875	1.000000
0.000000	-141.205002	-3129.933838	1.000000
0.000000	-53794.273438	119833.890625	1.000000
0.000000	67.840889	182.581802	1.000000
0.000000	-281.607269	8.052428	1.000000
0.000000	-202.653870	-1096.735718	1.000000
0.000000	-64676.511719	15580.628906	1.000000
0.000000	2412.566162	714.579895	1.000000
0.000000	55725.175781	149537.109375	1.000000
0.000000	-13162.299805	6626.010742	1.000000
0.000000	-41722.503906	-29828.984375	1.000000
0.000000	-8517.411133	13769.078125	1.000000
0.000000	238.508301	308.890503	1.000000
0.000000	-254.112045	118.676598	1.000000
0.000000	1498.694336	3231.756592	1.000000
0.000000	556.518188	-394.504120	1.000000
0.000000	1973.782959	180.774323	1.000000
0.000000	551.135498	-459.202332	1.000000
0.000000	14007.912109	-14161.730469	1.000000
0.000000	-232.753159	-93.562370	1.000000
0.000000	-1136.455078	1597.563110	1.000000
0.000000	173.753204	199.946091	1.000000
0.000000	-13418.432617	-2965.257080	1.000000
0.000000	-28613.128906	-61449.328125	1.000000
0.000000	1654.516357	7985.270508	1.000000
0.000000	-2580.108398	1912.240723	1.000000
0.000000	17.561426	-116.466026	1.000000
0.000000	121.547134	271.356628	1.000000
0.000000	-3876.148682	-16100.250977	1.000000
0.000000	682.626770	-51.472191	1.000000
0.000000	-8695.150391	12925.769531	1.000000
0.000000	-922.105591	-3094.862305	1.000000
0.000000	951.976624	483.887482	1.000000
0.000000	201.108536	-235.112762	1.000000
0.000000	-5734.013184	-20525.005859	1.000000
0.000000	-2.768103	-233.922623	1.000000
0.000000	22539.101562	-24510.630859	1.000000
0.000000	-239.481461	-109.734718	1.000000
0.000000	-3300464.250000	1376390.750000	1.000000
0.000000	-17957.736328	-1176.514282	1.000000
0.000000	-19.917353	495.637573	1.000000
0.000000	128.286957	-258.087860	1.000000
0.000000	6655.328613	2789.688477	1.000000
0.000000	-26219.443359	-23393.425781	1.000000
0.000000	-586712.625000	317405.156250	1.000000
0.000000	-108536.234375	249171.359375	1.000000
0.000000	38118.500000	-56191.003906	1.000000
0.000000	540.863770	-1651.827271	1.000000
0.000000	77.288643	87.605705	1.000000
0.000000	-199.123840	-514.161011	1.000000
0.000000	-362.578430	592.023315	1.000000
0.000000	4112436.000000	2116301.500000	1.000000
0.613568	78.034447	193.012482	1.000000
0.000000	-45239.574219	75874.187500	1.000000
0.000000	621.552429	1653.466064	1.000000
0.000000	4742.503418	12587.297852	1.000000
0.000000	628.405090	1699.837891	1.000000
0.000000	-44033.183594	2298.788818	1.000000
0.000000	245812.984375	-842228.687500	1.000000
0.000000	-142.291229	-101.934006	1.000000
0.000000	352.177216	-137.292297	1.000000
0.000000	-33017.800781	-139919.359375	1.000000
0.000000	-14306.553711	-13651.718750	1.000000
0.000000	-289.330811	-77.475197	1.000000
0.000000	-323482.031250	730136.875000	1.000000
0.000000	-31441.761719	-19718.535156	1.000000
0.000000	-339.675446	-1038.750854	1.000000
0.000000	122.593582	-266.197723	1.000000
0.000000	-3718.031738	-12748.003906	1.000000
0.000000	65.195679	-229.721512	1.000000
0.000000	3173.532715	3086.542480	1.000000
0.000000	-15.801417	266.465668	1.000000
0.000000	799295.187500	-982912.687500	1.000000
0.000000	-288.264008	392.368103	1.000000
0.000000	-3370.209229	-2064.515869	1.000000
0.000000	-7.152409	2806.156494	1.000000
0.000000	-250.101379	232.130936	1.000000
0.000000	19900.158203	10459.789062	1.000000
0.000000	-21.364525	601.886414	1.000000
0.000000	-3273.375977	-1883.335083	1.000000
0.000000	65070.652344	112571.320312	1.000000
0.000000	196.691620	148.298096	1.000000
0.000000	484892.843750	100719.296875	1.000000
0.000000	-172.145294	165.205170	1.000000
0.613568	81.259399	195.531860	1.000000
0.000000	303.076691	19.949764	1.000000
0.000000	-192.997726	-89.683838	1.000000
0.000000	-52460.722656	-3098.789307	1.000000
0.000000	11345.862305	1295.098999	1.000000
0.000000	-104.097855	-88.805122	1.000000
0.000000	-53.890007	1829.063232	1.000000
0.000000	-7868.056152	-93051.734375	1.000000
0.000000	-507.264862	1189.345947	1.000000
0.000000	22.434151	225.727295	1.000000
0.000000	233.109299	-46.758995	1.000000
0.000000	50.657406	240.675964	1.000000
0.000000	-42818.582031	-77783.320312	1.000000
0.000000	381.082062	-1026.845947	1.000000
0.000000	-67.725166	237.976013	1.000000
0.000000	-41.578339	-282.144257	1.000000
0.000000	-449.817627	610.536011	1.000000
0.000000	321.819794	138.253693	1.000000
0.000000	192.219757	901.133423	1.000000
0.000000	-132.433044	70.089470	1.000000
0.000000	159.036957	454.546722	1.000000
0.000000	-10894.208008	562.440857	1.000000
0.000000	28171368.000000	16549397.000000	1.000000
0.000000	235.143387	-558.417480	1.000000
0.000000	-32816.031250	266838.125000	1.000000
0.000000	-123.934212	7.937639	1.000000
0.000000	1394.744873	2733.015625	1.000000
0.000000	4646.404785	10654.430664	1.000000
0.000000	-48633.539062	-126250.796875	1.000000
0.000000	148.804382	-463.660980	1.000000
0.000000	1929694.125000	165162.796875	1.000000
0.000000	-180211.953125	-177937.812500	1.000000
0.000000	-70126.210938	13798.774414	1.000000
0.000000	199.772354	-32.720940	1.000000
0.000000	-131076.468750	14858.679688	1.000000
0.000000	-975.333923	185.727112	1.000000
0.000000	-1258.775757	1085.385132	1.000000
0.000000	-1158.578857	1064.291870	1.000000
0.000000	49234.597656	57454.031250	1.000000
0.000000	83960.804688	3747.738525	1.000000
0.000000	954.047302	-435.790283	1.000000
0.000000	-257.553680	-224.086166	1.000000
0.000000	-1589278.625000	-1200867.375000	1.000000
0.000000	-164.796951	114.415924	1.000000
0.000000	2590553.750000	19266.949219	1.000000
0.000000	97.142944	-79.875092	1.000000
0.000000	-10383.917969	13103.544922	1.000000
0.000000	1826645.375000	135456.921875	1.000000
0.000000	-1577.580933	682.547119	1.000000
0.000000	161.260101	24.742268	1.000000
0.000000	257.342896	28.407654	1.000000
0.000000	538.499207	1029.422241	1.000000
0.000000	-10541.221680	7334.776855	1.000000
0.000000	-261.619141	138.377655	1.000000
0.000000	27329.505859	25782.355469	1.000000
0.000000	-8.687032	216.657028	1.000000
0.000000	267.909515	384.801605	1.000000
0.000000	65.175079	-9080.689453	1.000000
0.000000	-5488.167480	9771.181641	1.000000
0.000000	459081.531250	25667.679688	1.000000
0.000000	-908.854187	1060.475098	1.000000
0.000000	2085.272461	-5328.220215	1.000000
0.000000	3484.849121	-1975.591553	1.000000
0.000000	78.174240	-23.502159	1.000000
0.000000	126.191048	120.422508	1.000000
0.000000	1015.525024	-636.340576	1.000000
0.000000	1194.514282	11844.545898	1.000000
0.000000	18152.691406	-23763.025391	1.000000
0.000000	205.282303	-8.353027	1.000000
0.000000	-19.743610	-93.913986	1.000000
0.000000	1242.642822	1110.550537	1.000000
0.000000	295.619324	-42.711208	1.000000
0.000000	88.272026	57.259834	1.000000
0.000000	-1546.107910	97.284966	1.000000
0.000000	75204.640625	-7421.074219	1.000000
0.000000	50.757439	290.572449	1.000000
0.000000	-326.552124	-720.712036	1.000000
0.000000	1186.060303	-9716.531250	1.000000
0.000000	196.270599	200.435364	1.000000
0.000000	147.843750	143.185593	1.000000
0.000000	-3916.587158	-4709.709473	1.000000
0.000000	397.214935	213.233139	1.000000
0.000000	-1933.946899	-2897.875244	1.000000
0.000000	-43.975655	164.442703	1.000000
0.000000	22225.187500	38971.171875	1.000000
0.000000	231.001617	-24.288897	1.000000
0.000000	765.476135	-551.866272	1.000000
0.000000	1149.351318	640.198669	1.000000
0.000000	-314.781403	514.557373	1.000000
0.000000	65.992638	-222.152557	1.000000
0.000000	9523.170898	4947.238770	1.000000
0.000000	-92734.843750	-330139.281250	1.000000
0.000000	7865.778809	16944.460938	1.000000
0.000000	133.291565	-93.358368	1.000000
0.000000	3359.787354	-1026.949341	1.000000
0.000000	-423422.375000	-81855.125000	1.000000
0.000000	-44105600.000000	-10494824.000000	1.000000
0.000000	5969.049805	-4691.752441	1.000000
0.000000	-242.288055	44.279095	1.000000
0.000000	920.192139	-1753.076538	1.000000
0.000000	5947.614258	431.712402	1.000000
0.000000	-148.929398	-54.524456	1.000000
0.000000	-362.455872	1022.551636	1.000000
0.000000	-18798.845703	189.714096	1.000000
0.000000	-506.845276	-153.617325	1.000000
0.000000	284.772064	-226.207611	1.000000
0.000000	14433.736328	-11086.526367	1.000000
