0.000000	31554.554688	455759.375000	1.000000
0.000000	214974.187500	175177.828125	1.000000
0.000000	1175.456299	-12704.416992	1.000000
0.000000	-594.855042	649.769104	1.000000
0.000000	16894.357422	27468.421875	1.000000
0.000000	-13765.805664	771.247986	1.000000
0.000000	-748.854431	-2422.518311	1.000000
0.000000	-595183.062500	1523932.125000	1.000000
0.000000	3536.042725	-2265.493164	1.000000
0.000000	9292453.000000	3386659.750000	1.000000
0.000000	78697400.000000	19959642.000000	1.000000
0.000000	-207.115479	-166.451172	1.000000
0.000000	-261.466125	34.262463	1.000000
0.000000	95.167473	-173.027054	1.000000
0.000000	-73337376.000000	-31090268.000000	1.000000
0.000000	673.513977	-4553.276855	1.000000
0.000000	358.059570	-340.066772	1.000000
0.000000	-6133.792480	7745.107422	1.000000
0.000000	-987.495544	287.410187	1.000000
0.000000	-279.207428	220.828781	1.000000
0.000000	906.652649	7940.514648	1.000000
0.000000	10182.695312	85004.914062	1.000000
0.000000	-34.021297	753.082153	1.000000
0.280539	180.275330	140.579636	1.000000
0.000000	-207162.203125	-53286.660156	1.000000
0.000000	344.740326	-64.401428	1.000000
0.000000	10389.147461	35448.253906	1.000000
0.000000	-3859.585693	11593.814453	1.000000
0.000000	348.052063	-146.331451	1.000000
0.000000	-61540.429688	-273296.843750	1.000000
0.000000	5214.358398	-8959.031250	1.000000
0.000000	4812.643555	889.390015	1.000000
0.000000	-200.504700	435.405243	1.000000
0.000000	-486.318359	-254.621872	1.000000
0.000000	-185.987656	10.193992	1.000000
0.000000	4799.525391	2752.307861	1.000000
0.000000	74.323402	-41.834785	1.000000
0.000000	-5685.615723	-1461.658569	1.000000
0.000000	-246300.453125	-73667.656250	1.000000
0.000000	-46790.574219	-6118.605957	1.000000
0.000000	412.840546	45.347370	1.000000
0.000000	499.342407	70.101540	1.000000
0.000000	-1.218134	167.962387	1.000000
0.000000	-49.944874	-75.054565	1.000000
0.000000	39.079662	165.588928	1.000000
0.000000	-534.085999	-337.723969	1.000000
0.000000	-4138.514648	3394.440918	1.000000
0.000000	-787.203613	371.944000	1.000000
0.000000	-96.733231	-188.675659	1.000000
0.000000	-185.796417	-66.668983	1.000000
0.000000	6969.970215	6287.425781	1.000000
0.000000	-829.578064	1753.792114	1.000000
0.000000	67.801765	1407.140625	1.000000
0.000000	-3354.773193	-11708.708008	1.000000
0.000000	232.316406	-67.613693	1.000000
0.000000	-18.348730	-193.397705	1.000000
0.000000	57.367622	120.308487	1.000000
0.000000	29405522.000000	-21550876.000000	1.000000
0.000000	-495.558899	1618.799438	1.000000
0.000000	546.317017	465.378204	1.000000
0.000000	1750.689087	26305.353516	1.000000
0.000000	3235.746582	-1581.407227	1.000000
0.000000	-51.274700	-189.697083	1.000000
0.000000	121.009125	-299.223297	1.000000
0.000000	5431.793457	-2841.898926	1.000000
0.000000	401049.687500	-1051564.750000	1.000000
0.000000	40271.187500	142598.625000	1.000000
0.000000	899154304.000000	-490293056.000000	1.000000
0.000000	5165.479492	-14814.283203	1.000000
0.000000	-11819835.000000	-661401.937500	1.000000
0.000000	10573.405273	-15181.243164	1.000000
0.000000	2.900636	-286.538666	1.000000
0.000000	-212.394714	-717.605408	1.000000
0.000000	-581.899048	924.857178	1.000000
0.000000	424430.187500	2510.320068	1.000000
0.000000	-9267.490234	10657.887695	1.000000
0.000000	-97.549492	558.322571	1.000000
0.000000	39.529964	-206.008499	1.000000
0.000000	3414.052246	-13207.122070	1.000000
0.000000	-935690816.000000	516809408.000000	1.000000
0.000000	1333545.500000	80168.171875	1.000000
0.000000	370636.187500	-121719.421875	1.000000
0.000000	282570.750000	227370.343750	1.000000
0.000000	24975.080078	-23175.261719	1.000000
0.000000	2203343.750000	933765.687500	1.000000
0.000000	-108.472160	149.483246	1.000000
0.000000	168.972305	-15.772775	1.000000
0.000000	-3218.563721	-433.717041	1.000000
0.000000	-1661.276489	1636.380981	1.000000
0.000000	60.290565	204.669815	1.000000
0.000000	33.392849	34.013233	1.000000
0.000000	-1131.971558	1122.557983	1.000000
0.000000	841.411682	-141.825073	1.000000
0.000000	215.621445	-266.088654	1.000000
0.000000	-4355021.000000	2416277.250000	1.000000
0.000000	1032.813232	569.886169	1.000000
0.000000	-39.702442	-88042.750000	1.000000
0.000000	1711789.125000	-2028472.500000	1.000000
0.000000	796.265991	-1595.574219	1.000000
0.000000	-333.537292	-5253.716309	1.000000
0.000000	691415.187500	-227358.156250	1.000000
0.000000	12310197.000000	-6573529.500000	1.000000
0.000000	-21924.951172	-21423.410156	1.000000
0.000000	170593.140625	-24475.738281	1.000000
0.000000	62.731007	109.448608	1.000000
0.000000	205.464340	-8.074469	1.000000
0.000000	706.672302	-1766.671631	1.000000
0.000000	-90.612679	-175.146652	1.000000
0.000000	74.317856	-185.304031	1.000000
0.000000	-857.115479	984.160339	1.000000
0.000000	-123.753220	-3134.328369	1.000000
0.000000	-53775.992188	119833.890625	1.000000
0.000000	61.477058	165.745255	1.000000
0.000000	-264.193939	3.492425	1.000000
0.000000	-219.962830	-1101.657593	1.000000
0.000000	-64691.980469	15590.472656	1.000000
0.000000	2407.204834	697.397278	1.000000
0.000000	55711.113281	149525.859375	1.000000
0.000000	-13145.073242	6631.635742	1.000000
0.000000	-41708.441406	-29839.531250	1.000000
0.000000	-8532.176758	13758.882812	1.000000
0.000000	222.248535	301.178101	1.000000
0.000000	-240.857040	106.498253	1.000000
0.000000	1485.730469	3244.237061	1.000000
0.000000	539.137817	-389.812958	1.000000
0.000000	1985.340576	194.567657	1.000000
0.000000	547.619873	-441.547302	1.000000
0.000000	14011.779297	-14144.152344	1.000000
0.000000	-217.405258	-84.160820	1.000000
0.000000	-1129.643555	1614.218384	1.000000
0.000000	160.888214	187.355759	1.000000
0.000000	-13436.010742	-2961.302002	1.000000
0.000000	-28601.878906	-61435.265625	1.000000
0.000000	1644.672607	7970.153320	1.000000
0.000000	-2591.094727	1926.479004	1.000000
0.000000	1.091155	-109.204063	1.000000
0.000000	133.452316	284.858826	1.000000
0.000000	-3887.574463	-16114.313477	1.000000
0.000000	665.334290	-56.495689	1.000000
0.000000	-8677.220703	12924.363281	1.000000
0.000000	-927.532837	-3077.723633	1.000000
0.000000	953.932190	465.990753	1.000000
0.000000	183.519424	-231.295013	1.000000
0.000000	-5751.767090	-20527.818359	1.000000
0.000000	-3.714987	-215.948990	1.000000
0.000000	22544.023438	-24493.052734	1.000000
0.000000	-227.347061	-96.441261	1.000000
0.000000	-3300464.250000	1376390.750000	1.000000
0.000000	-17951.408203	-1159.727173	1.000000
0.000000	-12.346399	479.311890	1.000000
0.000000	122.285805	-241.118805	1.000000
0.000000	6649.527832	2806.739258	1.000000
0.000000	-26236.318359	-23399.050781	1.000000
0.000000	-586712.625000	317393.906250	1.000000
0.000000	-108536.234375	249188.234375	1.000000
0.000000	38136.781250	-56191.003906	1.000000
0.000000	529.218262	-1638.116333	1.000000
0.000000	68.642403	71.818352	1.000000
0.000000	-195.009460	-531.673218	1.000000
0.000000	-357.667542	574.708862	1.000000
0.000000	4112436.000000	2116301.500000	1.000000
0.000000	62.924763	189.316635	1.000000
0.000000	-45232.542969	75857.312500	1.000000
0.000000	605.314636	1645.687744	1.000000
0.000000	4725.101074	12591.868164	1.000000
0.000000	630.184875	1717.767578	1.000000
0.000000	-44020.527344	2285.605225	1.000000
0.000000	245829.859375	-842228.687500	1.000000
0.000000	-126.009155	-94.262802	1.000000
0.000000	334.225555	-138.682068	1.000000
0.000000	-33024.832031	-139902.484375	1.000000
0.000000	-14300.577148	-13668.593750	1.000000
0.000000	-271.357178	-76.563332	1.000000
0.000000	-323459.531250	730136.875000	1.000000
0.000000	-31457.230469	-19727.675781	1.000000
0.000000	-323.404694	-1031.060425	1.000000
0.000000	117.729385	-248.870010	1.000000
0.000000	-3735.258301	-12742.730469	1.000000
0.000000	59.989845	-212.489456	1.000000
0.000000	3168.171387	3103.681152	1.000000
0.000000	-24.320620	282.318939	1.000000
0.000000	799317.687500	-982912.687500	1.000000
0.000000	-270.510101	389.368835	1.000000
0.000000	-3387.435791	-2059.418213	1.000000
0.000000	-3.369693	2788.578369	1.000000
0.000000	-237.401184	219.370316	1.000000
0.000000	19909.298828	10444.320312	1.000000
0.000000	-39.106071	604.918640	1.000000
0.000000	-3256.237305	-1877.710083	1.000000
0.000000	65065.027344	112554.445312	1.000000
0.280539	181.969391	137.236893	1.000000
0.000000	484892.843750	100702.421875	1.000000
0.000000	-159.126495	152.774139	1.000000
0.000000	78.952873	177.672958	1.000000
0.000000	299.989532	2.216667	1.000000
0.000000	-175.035080	-88.538513	1.000000
0.000000	-52467.753906	-3115.136963	1.000000
0.000000	11336.370117	1279.806030	1.000000
0.000000	-108.989517	-71.482430	1.000000
0.000000	-64.401176	1843.697021	1.000000
0.000000	-7867.177246	-93034.859375	1.000000
0.000000	-496.487274	1203.760010	1.000000
0.000000	34.325478	212.214111	1.000000
0.000000	215.904709	-41.466331	1.000000
0.000000	49.671383	222.702332	1.000000
0.000000	-42804.519531	-77794.570312	1.000000
0.000000	395.155548	-1015.612305	1.000000
0.000000	-77.093758	222.606140	1.000000
0.000000	-33.523987	-298.239227	1.000000
0.000000	-448.169678	592.606323	1.000000
0.000000	309.240448	151.129669	1.000000
0.000000	187.940582	883.643188	1.000000
0.000000	-124.010727	54.181267	1.000000
0.000000	144.540497	443.878998	1.000000
0.000000	-10876.278320	563.759216	1.000000
0.000000	28171368.000000	16549397.000000	1.000000
0.000000	223.008987	-545.124023	1.000000
0.000000	-32823.062500	266849.375000	1.000000
0.000000	-105.941353	8.394945	1.000000
0.000000	1379.759521	2742.947266	1.000000
0.000000	4663.982910	10650.211914	1.000000
0.000000	-48651.820312	-126250.796875	1.000000
0.000000	164.608215	-455.047699	1.000000
0.000000	1929694.125000	165151.546875	1.000000
0.000000	-180228.828125	-177937.812500	1.000000
0.000000	-70112.148438	13808.969727	1.000000
0.000000	188.950821	-18.337811	1.000000
0.000000	-131070.843750	14841.453125	1.000000
0.000000	-959.271912	177.586243	1.000000
0.000000	-1247.481812	1099.403687	1.000000
0.000000	-1153.920654	1046.889526	1.000000
0.000000	49230.378906	57437.156250	1.000000
0.000000	83974.867188	3758.549072	1.000000
0.000000	936.886658	-441.261475	1.000000
0.000000	-241.552612	-215.840927	1.000000
0.000000	-1589278.625000	-1200867.375000	1.000000
0.000000	-147.427567	109.683563	1.000000
0.000000	2590553.750000	19250.777344	1.000000
0.000000	90.888977	-62.997261	1.000000
0.000000	-10373.371094	13088.779297	1.000000
0.000000	1826645.375000	135468.171875	1.000000
0.000000	-1579.646362	664.661377	1.000000
0.000000	143.714935	20.725391	1.000000
0.000000	242.368546	38.399719	1.000000
0.000000	552.869324	1040.276733	1.000000
0.000000	-10528.916992	7321.593262	1.000000
0.000000	-243.975113	134.812592	1.000000
0.000000	27328.802734	25764.074219	1.000000
0.000000	-21.826185	204.352341	1.000000
0.000000	267.096527	366.816986	1.000000
0.000000	82.684540	-9084.908203	1.000000
0.000000	-5470.237793	9770.830078	1.000000
0.000000	459070.281250	25681.039062	1.000000
0.000000	-891.979187	1054.234863	1.000000
0.000000	2070.770508	-5338.942871	1.000000
0.000000	3484.497559	-1957.573975	1.000000
0.000000	68.327744	-38.570892	1.000000
0.000000	110.796455	111.092369	1.000000
0.000000	1023.281372	-620.102783	1.000000
0.000000	1192.448853	11862.475586	1.000000
0.000000	18170.269531	-23759.509766	1.000000
0.000000	187.330643	-7.044624	1.000000
0.000000	-20.751606	-75.943100	1.000000
0.000000	1257.584229	1100.531006	1.000000
0.000000	277.623718	-42.251156	1.000000
0.000000	85.385368	39.492195	1.000000
0.000000	-1563.246582	91.794548	1.000000
0.000000	75187.765625	-7423.007812	1.000000
0.000000	45.964653	273.225037	1.000000
0.000000	-344.547729	-720.712036	1.000000
0.000000	1187.202881	-9734.460938	1.000000
0.000000	185.388641	186.098206	1.000000
0.000000	134.116333	131.545578	1.000000
0.000000	-3924.848877	-4725.705566	1.000000
0.000000	379.461029	210.299789	1.000000
0.000000	-1919.488892	-2887.152588	1.000000
0.000000	-51.561714	148.117020	1.000000
0.000000	22222.375000	38952.890625	1.000000
0.000000	213.000519	-24.347948	1.000000
0.000000	747.480530	-552.173889	1.000000
0.000000	1133.794678	631.145935	1.000000
0.000000	-314.034332	496.574341	1.000000
0.000000	54.638271	-208.183441	1.000000
0.000000	9514.030273	4962.707520	1.000000
0.000000	-92743.281250	-330128.031250	1.000000
0.000000	7847.849121	16943.757812	1.000000
0.000000	121.679016	-79.606232	1.000000
0.000000	3353.898682	-1043.956177	1.000000
0.000000	-423433.625000	-81841.062500	1.000000
0.000000	-44105600.000000	-10494824.000000	1.000000
0.000000	5960.963867	-4707.748535	1.000000
0.000000	-235.454559	27.626568	1.000000
0.000000	904.415771	-1761.733765	1.000000
0.000000	5961.676758	442.896484	1.000000
0.000000	-132.219193	-47.832409	1.000000
0.000000	-344.482239	1023.430542	1.000000
0.000000	-18801.658203	207.484482	1.000000
0.000000	-488.849670	-153.117447	1.000000
0.000000	282.717621	-208.327362	1.000000
0.000000	14417.212891	-11093.557617	1.000000
