0.000000	31563.187500	455751.250000	1.000000
0.000000	214970.125000	175165.640625	1.000000
0.000000	1173.520264	-12691.467773	1.000000
0.000000	-607.851868	649.959534	1.000000
0.000000	16895.373047	27481.625000	1.000000
0.000000	-13778.500977	774.183777	1.000000
0.000000	-760.518250	-2416.805420	1.000000
0.000000	-595166.812500	1523932.125000	1.000000
0.000000	3529.377686	-2276.665039	1.000000
0.000000	9292453.000000	3386659.750000	1.000000
0.000000	78697400.000000	19959642.000000	1.000000
0.000000	-194.570923	-163.047241	1.000000
0.000000	-255.309357	22.811886	1.000000
0.000000	95.645531	-160.034195	1.000000
0.000000	-73337376.000000	-31090268.000000	1.000000
0.000000	662.199280	-4559.624512	1.000000
0.000000	355.012695	-327.427002	1.000000
0.000000	-6127.063965	7733.935547	1.000000
0.000000	-987.527283	300.407013	1.000000
0.000000	-274.748199	208.617477	1.000000
0.000000	903.859680	7927.819336	1.000000
0.000000	10171.015625	84998.820312	1.000000
0.000000	-31.506136	740.323364	1.000000
0.000000	171.147369	148.037109	1.000000
0.000000	-207170.328125	-53277.519531	1.000000
0.000000	331.783173	-65.419037	1.000000
0.000000	10389.401367	35461.457031	1.000000
0.000000	-3846.826904	11596.353516	1.000000
0.000000	336.689758	-140.015533	1.000000
0.000000	-61553.632812	-273296.843750	1.000000
0.000000	5222.102539	-8969.441406	1.000000
0.000000	4800.075195	886.184448	1.000000
0.000000	-188.515564	430.374725	1.000000
0.000000	-476.804810	-263.484161	1.000000
0.000000	-175.827438	18.303936	1.000000
0.000000	4787.718750	2746.912354	1.000000
0.000000	86.413704	-37.056190	1.000000
0.000000	-5675.586426	-1453.438354	1.000000
0.000000	-246304.515625	-73655.468750	1.000000
0.000000	-46800.730469	-6110.734863	1.000000
0.000000	402.819183	37.069630	1.000000
0.000000	491.828369	80.712044	1.000000
0.000000	-1.101409	154.961594	1.000000
0.000000	-44.088169	-63.448277	1.000000
0.000000	37.463985	152.691284	1.000000
0.000000	-529.182434	-349.760712	1.000000
0.000000	-4149.178711	3401.867676	1.000000
0.000000	-779.824463	361.240265	1.000000
0.000000	-93.872818	-175.996216	1.000000
0.000000	-173.073334	-63.995029	1.000000
0.000000	6957.020996	6288.822266	1.000000
0.000000	-822.484558	1764.678345	1.000000
0.000000	75.190834	1417.836426	1.000000
0.000000	-3347.219482	-11719.372070	1.000000
0.000000	220.311401	-72.598587	1.000000
0.000000	-18.670080	-180.400879	1.000000
0.000000	44.375755	120.758774	1.000000
0.000000	29405522.000000	-21550876.000000	1.000000
0.000000	-485.085266	1611.118774	1.000000
0.000000	554.870483	455.594879	1.000000
0.000000	1757.385864	26316.525391	1.000000
0.000000	3230.795410	-1569.378418	1.000000
0.000000	-44.434109	-178.640259	1.000000
0.000000	113.994965	-288.281525	1.000000
0.000000	5439.791504	-2831.679199	1.000000
0.000000	401041.562500	-1051564.750000	1.000000
0.000000	40282.359375	142606.750000	1.000000
0.000000	899154304.000000	-490293056.000000	1.000000
0.000000	5173.858398	-14804.380859	1.000000
0.000000	-11819835.000000	-661418.187500	1.000000
0.000000	10566.803711	-15192.415039	1.000000
0.000000	6.741075	-274.121063	1.000000
0.000000	-202.583618	-709.083679	1.000000
0.000000	-594.895874	925.301514	1.000000
0.000000	424446.437500	2513.557373	1.000000
0.000000	-9254.794922	10660.934570	1.000000
0.000000	-84.931541	561.448792	1.000000
0.000000	40.668575	-193.059280	1.000000
0.000000	3412.782715	-13194.172852	1.000000
0.000000	-935690816.000000	516809408.000000	1.000000
0.000000	1333545.500000	80155.984375	1.000000
0.000000	370619.937500	-121717.390625	1.000000
0.000000	282587.000000	227366.281250	1.000000
0.000000	24986.759766	-23181.355469	1.000000
0.000000	2203343.750000	933781.937500	1.000000
0.000000	-101.624626	138.434357	1.000000
0.672293	181.763458	-12.316561	1.000000
0.000000	-3226.688721	-443.873291	1.000000
0.000000	-1659.753052	1623.463501	1.000000
0.000000	54.295998	193.132950	1.000000
0.000000	36.732311	46.576633	1.000000
0.000000	-1119.434937	1125.985718	1.000000
0.000000	830.430237	-134.862488	1.000000
0.000000	212.729294	-278.760162	1.000000
0.000000	-4355021.000000	2416277.250000	1.000000
0.000000	1021.574463	563.363953	1.000000
0.000000	-26.980156	-88040.718750	1.000000
0.000000	1711789.125000	-2028472.500000	1.000000
0.000000	793.838013	-1608.333008	1.000000
0.000000	-344.225159	-5246.353027	1.000000
0.000000	691415.187500	-227345.968750	1.000000
0.000000	12310197.000000	-6573529.500000	1.000000
0.000000	-21921.904297	-21410.714844	1.000000
0.000000	170580.953125	-24468.121094	1.000000
0.000000	68.325104	97.713379	1.000000
0.000000	193.026901	-4.294142	1.000000
0.000000	719.256531	-1763.434326	1.000000
0.000000	-82.059212	-165.355392	1.000000
0.000000	69.586868	-173.195877	1.000000
0.000000	-853.386230	971.703064	1.000000
0.000000	-111.149155	-3137.502197	1.000000
0.000000	-53762.789062	119833.890625	1.000000
0.000000	56.880959	153.585526	1.000000
0.000000	-251.617661	0.199144	1.000000
0.000000	-232.463745	-1105.212280	1.000000
0.000000	-64703.152344	15597.582031	1.000000
0.000000	2403.332764	684.987610	1.000000
0.000000	55700.957031	149517.734375	1.000000
0.000000	-13132.631836	6635.698242	1.000000
0.000000	-41698.285156	-29847.148438	1.000000
0.000000	-8542.840820	13751.519531	1.000000
0.000000	210.505371	295.608032	1.000000
0.000000	-231.283981	97.702782	1.000000
0.000000	1476.367676	3253.250732	1.000000
0.000000	526.585327	-386.424896	1.000000
0.000000	1993.687744	204.529510	1.000000
0.000000	545.080811	-428.796448	1.000000
0.000000	14014.572266	-14131.457031	1.000000
0.000000	-206.320663	-77.370811	1.000000
0.000000	-1124.724121	1626.247192	1.000000
0.000000	151.596832	178.262741	1.000000
0.000000	-13448.706055	-2958.445557	1.000000
0.000000	-28593.753906	-61425.109375	1.000000
0.000000	1637.563232	7959.235352	1.000000
0.000000	-2599.029297	1936.762207	1.000000
0.000000	-10.804029	-103.959312	1.000000
0.000000	142.049423	294.610413	1.000000
0.000000	-3895.826416	-16124.469727	1.000000
0.000000	652.845276	-60.123772	1.000000
0.000000	-8664.271484	12923.347656	1.000000
0.000000	-931.452515	-3065.345703	1.000000
0.000000	955.344543	453.065338	1.000000
0.000000	170.816177	-228.537750	1.000000
0.000000	-5764.589355	-20529.849609	1.000000
0.000000	-4.398848	-202.968033	1.000000
0.000000	22547.578125	-24480.357422	1.000000
0.000000	-218.583328	-86.840431	1.000000
0.000000	-3300464.250000	1376390.750000	1.000000
0.000000	-17946.837891	-1147.603149	1.000000
0.000000	-6.878489	467.521118	1.000000
0.000000	117.951546	-228.863861	1.000000
0.000000	6645.338379	2819.053711	1.000000
0.000000	-26248.505859	-23403.113281	1.000000
0.000000	-586712.625000	317385.781250	1.000000
0.000000	-108536.234375	249200.421875	1.000000
0.000000	38149.984375	-56191.003906	1.000000
0.000000	520.807617	-1628.213989	1.000000
0.000000	62.397644	60.416378	1.000000
0.000000	-192.037964	-544.320923	1.000000
0.000000	-354.120789	562.203979	1.000000
0.000000	4112436.000000	2116301.500000	1.000000
0.000000	50.180851	186.749802	1.000000
0.000000	-45227.464844	75845.125000	1.000000
0.000000	593.587341	1640.070068	1.000000
0.000000	4712.532715	12595.168945	1.000000
0.000000	631.470276	1730.716797	1.000000
0.000000	-44011.386719	2276.083740	1.000000
0.000000	245842.046875	-842228.687500	1.000000
0.000000	-114.248138	-88.722488	1.000000
0.000000	321.260468	-139.685791	1.000000
0.000000	-33029.910156	-139890.296875	1.000000
0.000000	-14296.260742	-13680.781250	1.000000
0.000000	-258.376221	-75.904762	1.000000
0.000000	-323443.281250	730136.875000	1.000000
0.000000	-31468.402344	-19734.277344	1.000000
0.000000	-311.653595	-1025.506226	1.000000
0.000000	114.216354	-236.353226	1.000000
0.000000	-3747.699707	-12738.921875	1.000000
0.000000	56.229851	-200.044083	1.000000
0.000000	3164.299316	3116.059082	1.000000
0.000000	-30.473383	293.768524	1.000000
0.000000	799333.937500	-982912.687500	1.000000
0.000000	-257.687836	387.202698	1.000000
0.000000	-3399.877197	-2055.736572	1.000000
0.000000	-0.637768	2775.883057	1.000000
0.000000	-228.228821	210.154312	1.000000
0.000000	19915.900391	10433.148438	1.000000
0.000000	-51.919411	607.108582	1.000000
0.000000	-3243.859375	-1873.647583	1.000000
0.000000	65060.964844	112542.257812	1.000000
0.000000	171.942734	129.798737	1.000000
0.000000	484892.843750	100690.234375	1.000000
0.000000	-149.724030	143.796173	1.000000
0.000000	79.117516	164.672165	1.000000
0.000000	297.759918	-10.590570	1.000000
0.000000	-162.062057	-87.711334	1.000000
0.000000	-52472.832031	-3126.943604	1.000000
0.000000	11329.514648	1268.761108	1.000000
0.000000	-112.522385	-58.971600	1.000000
0.000000	-71.992577	1854.265869	1.000000
0.000000	-7866.542480	-93022.671875	1.000000
0.000000	-488.703461	1214.170166	1.000000
0.000000	42.913658	202.454590	1.000000
0.000000	203.479172	-37.643852	1.000000
0.000000	48.959255	209.721375	1.000000
0.000000	-42794.363281	-77802.695312	1.000000
0.000000	405.319733	-1007.503174	1.000000
0.000000	-83.859962	211.505676	1.000000
0.000000	-27.706953	-309.863373	1.000000
0.000000	-446.979492	579.657104	1.000000
0.000000	300.155365	160.428986	1.000000
0.000000	184.850067	871.011353	1.000000
0.000000	-117.926895	42.692009	1.000000
0.000000	134.070831	436.174530	1.000000
0.000000	-10863.329102	564.711365	1.000000
0.000000	28171368.000000	16549397.000000	1.000000
0.000000	214.245255	-535.523193	1.000000
0.000000	-32828.140625	266857.500000	1.000000
0.000000	-92.946510	8.725222	1.000000
0.000000	1368.936768	2750.120117	1.000000
0.000000	4676.678223	10647.165039	1.000000
0.000000	-48665.023438	-126250.796875	1.000000
0.000000	176.022095	-448.826996	1.000000
0.000000	1929694.125000	165143.421875	1.000000
0.000000	-180241.015625	-177937.812500	1.000000
0.000000	-70101.992188	13816.333008	1.000000
0.672293	181.031097	-8.571473	1.000000
0.000000	-131066.781250	14829.011719	1.000000
0.000000	-947.671570	171.706726	1.000000
0.000000	-1239.325073	1109.528198	1.000000
0.000000	-1150.556396	1034.321167	1.000000
0.000000	49227.332031	57424.968750	1.000000
0.000000	83985.023438	3766.356689	1.000000
0.000000	924.492859	-445.212891	1.000000
0.000000	-229.995911	-209.886032	1.000000
0.000000	-1589278.625000	-1200867.375000	1.000000
0.000000	-134.883011	106.265747	1.000000
0.000000	2590553.750000	19239.097656	1.000000
0.000000	86.372223	-50.806786	1.000000
0.000000	-10365.753906	13078.115234	1.000000
0.000000	1826645.375000	135476.296875	1.000000
0.000000	-1581.138062	651.743896	1.000000
0.000000	131.043427	17.824314	1.000000
0.000000	231.553726	45.616211	1.000000
0.000000	563.247742	1048.116089	1.000000
0.000000	-10520.030273	7312.071777	1.000000
0.000000	-231.232193	132.237823	1.000000
0.000000	27328.294922	25750.871094	1.000000
0.000000	-31.315435	195.465622	1.000000
0.000000	266.509369	353.828094	1.000000
0.000000	95.330261	-9087.955078	1.000000
0.000000	-5457.288574	9770.576172	1.000000
0.000000	459062.156250	25690.687500	1.000000
0.000000	-879.791687	1049.728027	1.000000
0.000000	2060.296875	-5346.687012	1.000000
0.000000	3484.243652	-1944.561279	1.000000
0.000000	61.216774	-49.454147	1.000000
0.000000	99.678139	104.353935	1.000000
0.000000	1028.869385	-608.375488	1.000000
0.000000	1190.957153	11875.424805	1.000000
0.000000	18182.964844	-23756.970703	1.000000
0.000000	174.365555	-6.099666	1.000000
0.000000	-21.479603	-62.964046	1.000000
0.000000	1268.375244	1093.294678	1.000000
0.000000	264.626892	-41.918896	1.000000
0.000000	83.300560	26.660217	1.000000
0.000000	-1575.624512	87.829247	1.000000
0.000000	75175.578125	-7424.404297	1.000000
0.000000	42.503197	260.696350	1.000000
0.000000	-357.544556	-720.712036	1.000000
0.000000	1188.028076	-9747.410156	1.000000
0.000000	177.529449	175.743591	1.000000
0.000000	124.201332	123.138893	1.000000
0.000000	-3930.815674	-4737.258301	1.000000
0.000000	366.638763	208.181259	1.000000
0.000000	-1909.046997	-2879.408447	1.000000
0.000000	-57.040535	136.326248	1.000000
0.000000	22220.343750	38939.687500	1.000000
0.000000	199.999725	-24.390596	1.000000
0.000000	734.483704	-552.396057	1.000000
0.000000	1122.559326	624.607849	1.000000
0.000000	-313.494781	483.585449	1.000000
0.000000	46.437893	-198.094635	1.000000
0.000000	9507.428711	4973.879395	1.000000
0.000000	-92749.375000	-330119.906250	1.000000
0.000000	7834.899902	16943.250000	1.000000
0.000000	113.292175	-69.674133	1.000000
0.000000	3349.645752	-1056.238892	1.000000
0.000000	-423441.750000	-81830.906250	1.000000
0.000000	-44105600.000000	-10494824.000000	1.000000
0.000000	5955.124023	-4719.301270	1.000000
0.000000	-230.519257	15.599734	1.000000
0.000000	893.021729	-1767.986206	1.000000
0.000000	5971.833008	450.973877	1.000000
0.000000	-120.150719	-42.999264	1.000000
0.000000	-331.501282	1024.065308	1.000000
0.000000	-18803.689453	220.318649	1.000000
0.000000	-475.852844	-152.756424	1.000000
0.000000	281.233856	-195.413849	1.000000
0.000000	14405.279297	-11098.635742	1.000000
