0.000000	31430.042969	455876.562500	1.000000
0.000000	215032.781250	175353.609375	1.000000
0.000000	1203.379883	-12891.184570	1.000000
0.000000	-407.400818	647.022522	1.000000
0.000000	16879.708984	27277.992188	1.000000
0.000000	-13582.700195	728.904846	1.000000
0.000000	-580.626282	-2504.915771	1.000000
0.000000	-595417.437500	1523932.125000	1.000000
0.000000	3632.173096	-2104.360352	1.000000
0.000000	9292453.000000	3386659.750000	1.000000
0.000000	78697400.000000	19959642.000000	1.000000
0.000000	-388.046570	-215.546326	1.000000
0.000000	-350.272278	199.414368	1.000000
0.000000	88.272408	-360.392181	1.000000
0.000000	-73337376.000000	-31090268.000000	1.000000
0.000000	836.706726	-4461.724121	1.000000
0.000000	402.004883	-522.364624	1.000000
0.000000	-6230.838379	7906.240234	1.000000
0.000000	-987.037781	99.908325	1.000000
0.000000	-343.523224	396.953339	1.000000
0.000000	946.935852	8123.620117	1.000000
0.000000	10351.152344	85092.804688	1.000000
0.000000	-70.299065	937.103149	1.000000
0.000000	317.829193	14.882481	1.000000
0.000000	-207045.015625	-53418.496094	1.000000
0.000000	531.634338	-49.724380	1.000000
0.000000	10385.485352	35257.824219	1.000000
0.000000	-4043.606689	11557.193359	1.000000
0.000000	511.931458	-237.426422	1.000000
0.000000	-61350.000000	-273296.843750	1.000000
0.000000	5102.664062	-8808.884766	1.000000
0.000000	4993.917969	935.624146	1.000000
0.000000	-373.424927	507.960785	1.000000
0.000000	-623.440002	-126.848587	1.000000
0.000000	-332.499359	-106.773087	1.000000
0.000000	4969.813477	2830.127686	1.000000
0.000000	-100.055290	-110.756828	1.000000
0.000000	-5830.269043	-1580.219360	1.000000
0.000000	-246241.859375	-73843.437500	1.000000
0.000000	-46644.089844	-6232.131348	1.000000
0.000000	557.415344	164.729050	1.000000
0.000000	607.616882	-82.923218	1.000000
0.000000	-2.901667	355.443481	1.000000
0.000000	-133.365860	-241.128922	1.000000
0.000000	62.382694	351.642059	1.000000
0.000000	-604.810486	-164.086807	1.000000
0.000000	-3984.706055	3287.324219	1.000000
0.000000	-893.633667	526.335388	1.000000
0.000000	-137.989182	-371.552246	1.000000
0.000000	-369.267090	-105.235573	1.000000
0.000000	7156.737793	6267.284180	1.000000
0.000000	-931.888245	1596.779175	1.000000
0.000000	-38.767853	1252.874268	1.000000
0.000000	-3463.720947	-11554.899414	1.000000
0.000000	407.255615	-0.467739	1.000000
0.000000	-13.713873	-380.851929	1.000000
0.000000	244.764114	113.813965	1.000000
0.000000	29405522.000000	-21550876.000000	1.000000
0.000000	-646.620911	1729.578247	1.000000
0.000000	422.867096	606.560486	1.000000
0.000000	1654.100952	26144.220703	1.000000
0.000000	3307.157715	-1754.899658	1.000000
0.000000	-149.924622	-349.137085	1.000000
0.000000	222.174896	-457.037323	1.000000
0.000000	5316.437012	-2989.298828	1.000000
0.000000	401166.875000	-1051564.750000	1.000000
0.000000	40110.054688	142481.437500	1.000000
0.000000	899154304.000000	-490293056.000000	1.000000
0.000000	5044.629883	-14957.105469	1.000000
0.000000	-11819835.000000	-661167.562500	1.000000
0.000000	10668.620117	-15020.110352	1.000000
0.000000	-52.489040	-465.638702	1.000000
0.000000	-353.940491	-840.514954	1.000000
0.000000	-394.516602	918.448486	1.000000
0.000000	424195.812500	2463.628174	1.000000
0.000000	-9450.595703	10613.942383	1.000000
0.000000	-279.555573	513.232849	1.000000
0.000000	23.107693	-392.776093	1.000000
0.000000	3432.362793	-13393.889648	1.000000
0.000000	-935690816.000000	516809408.000000	1.000000
0.000000	1333545.500000	80343.953125	1.000000
0.000000	370870.562500	-121748.718750	1.000000
0.000000	282336.375000	227428.937500	1.000000
0.000000	24806.623047	-23087.371094	1.000000
0.000000	2203343.750000	933531.312500	1.000000
0.000000	-207.234665	308.861206	1.000000
0.000000	-14.017508	-56.659611	1.000000
0.000000	-3101.376221	-287.232666	1.000000
0.000000	-1683.249146	1822.690796	1.000000
0.000000	146.750671	371.066895	1.000000
0.000000	-14.779390	-147.196838	1.000000
0.000000	-1312.788208	1073.119507	1.000000
0.000000	999.797913	-242.246979	1.000000
0.000000	257.333313	-83.272446	1.000000
0.000000	-4355021.000000	2416277.250000	1.000000
0.000000	1194.861572	663.956604	1.000000
0.000000	-223.206558	-88072.046875	1.000000
0.000000	1711789.125000	-2028472.500000	1.000000
0.000000	831.284912	-1411.553223	1.000000
0.000000	-179.385376	-5359.917480	1.000000
0.000000	691415.187500	-227533.937500	1.000000
0.000000	12310197.000000	-6573529.500000	1.000000
0.000000	-21968.896484	-21606.515625	1.000000
0.000000	170768.921875	-24585.601562	1.000000
0.000000	-18.243916	274.896698	1.000000
0.000000	384.891571	-62.594398	1.000000
0.000000	525.169006	-1813.363525	1.000000
0.000000	-213.979980	-316.366730	1.000000
0.000000	142.559357	-359.940887	1.000000
0.000000	-910.902710	1163.654419	1.000000
0.000000	-305.527039	-3088.552002	1.000000
0.000000	-53966.421875	119833.890625	1.000000
0.000000	123.513779	338.179993	1.000000
0.000000	-445.582794	50.989689	1.000000
0.000000	-39.649075	-1050.388062	1.000000
0.000000	-64530.847656	15487.933594	1.000000
0.000000	2463.052002	876.382874	1.000000
0.000000	55857.597656	149643.046875	1.000000
0.000000	-13324.516602	6573.041992	1.000000
0.000000	-41854.925781	-29729.667969	1.000000
0.000000	-8378.368164	13865.083984	1.000000
0.000000	391.621094	381.515625	1.000000
0.000000	-378.980957	233.356003	1.000000
0.000000	1620.770752	3114.232178	1.000000
0.000000	720.183350	-438.679230	1.000000
0.000000	1864.948730	50.871727	1.000000
0.000000	584.240967	-625.383240	1.000000
0.000000	13971.496094	-14327.257812	1.000000
0.000000	-377.279236	-182.077835	1.000000
0.000000	-1200.596924	1440.725952	1.000000
0.000000	294.898529	318.505035	1.000000
0.000000	-13252.905273	-3002.500732	1.000000
0.000000	-28719.066406	-61581.750000	1.000000
0.000000	1747.211670	8127.624023	1.000000
0.000000	-2476.653809	1778.163574	1.000000
0.000000	172.654999	-184.849503	1.000000
0.000000	13.682514	147.185394	1.000000
0.000000	-3768.555908	-15967.829102	1.000000
0.000000	845.464294	-4.170707	1.000000
0.000000	-8863.988281	12939.011719	1.000000
0.000000	-870.999023	-3256.251465	1.000000
0.000000	933.561707	652.328796	1.000000
0.000000	366.739349	-271.084900	1.000000
0.000000	-5566.830566	-20498.521484	1.000000
0.000000	6.148379	-403.174347	1.000000
0.000000	22492.753906	-24676.158203	1.000000
0.000000	-353.791290	-234.914780	1.000000
0.000000	-3300464.250000	1376390.750000	1.000000
0.000000	-18017.326172	-1334.592896	1.000000
0.000000	-91.205559	649.371094	1.000000
0.000000	184.773163	-417.925201	1.000000
0.000000	6709.952637	2629.126953	1.000000
0.000000	-26060.537109	-23340.457031	1.000000
0.000000	-586712.625000	317511.093750	1.000000
0.000000	-108536.234375	249012.453125	1.000000
0.000000	37946.351562	-56191.003906	1.000000
0.000000	650.525635	-1780.938599	1.000000
0.000000	158.707413	236.269943	1.000000
0.000000	-237.867584	-349.152283	1.000000
0.000000	-408.822632	755.067749	1.000000
0.000000	4112436.000000	2116301.500000	1.000000
0.000000	243.996231	226.219437	1.000000
0.000000	-45305.785156	76033.093750	1.000000
0.000000	774.458313	1726.711914	1.000000
0.000000	4906.375488	12544.260742	1.000000
0.000000	611.645447	1531.000000	1.000000
0.000000	-44152.363281	2422.934326	1.000000
0.000000	245654.078125	-842228.687500	1.000000
0.000000	-295.610931	-174.154648	1.000000
0.000000	521.221985	-124.212791	1.000000
0.000000	-32951.589844	-140078.265625	1.000000
0.000000	-14362.833008	-13492.812500	1.000000
0.000000	-458.582520	-86.061928	1.000000
0.000000	-323693.906250	730136.875000	1.000000
0.000000	-31296.097656	-19632.460938	1.000000
0.000000	-492.891693	-1111.169067	1.000000
0.000000	168.375290	-429.345612	1.000000
0.000000	-3555.814941	-12797.662109	1.000000
0.000000	114.207291	-391.946686	1.000000
0.000000	3224.018555	2925.153320	1.000000
0.000000	64.701294	120.944481	1.000000
0.000000	799083.312500	-982912.687500	1.000000
0.000000	-455.446625	420.611206	1.000000
0.000000	-3207.992432	-2112.518799	1.000000
0.000000	-42.771160	2971.683838	1.000000
0.000000	-369.694885	352.251984	1.000000
0.000000	19814.083984	10605.453125	1.000000
0.000000	145.697662	573.332947	1.000000
0.000000	-3434.765137	-1936.303833	1.000000
0.000000	65123.621094	112730.226562	1.000000
0.000000	321.664764	262.773651	1.000000
0.000000	484892.843750	100878.203125	1.000000
0.000000	-294.738983	282.252441	1.000000
0.000000	79.299034	365.269165	1.000000
0.000000	332.147430	186.928894	1.000000
0.000000	-362.145996	-100.468979	1.000000
0.000000	-52394.511719	-2944.848877	1.000000
0.000000	11435.247070	1439.107788	1.000000
0.000000	-59.094032	-253.215942	1.000000
0.000000	45.086056	1691.261719	1.000000
0.000000	-7876.332520	-93210.640625	1.000000
0.000000	-608.852417	1053.613525	1.000000
0.000000	-89.545525	352.976440	1.000000
0.000000	395.119171	-96.598244	1.000000
0.000000	59.942455	409.927673	1.000000
0.000000	-42951.003906	-77677.382812	1.000000
0.000000	248.559647	-1132.783447	1.000000
0.000000	20.498686	382.708984	1.000000
0.000000	-117.432594	-130.583282	1.000000
0.000000	-465.335815	779.373901	1.000000
0.000000	440.275299	17.009926	1.000000
0.000000	232.515320	1065.833130	1.000000
0.000000	-211.730988	219.891708	1.000000
0.000000	295.560272	554.956848	1.000000
0.000000	-11063.045898	550.026306	1.000000
0.000000	28171368.000000	16549397.000000	1.000000
0.000000	349.451263	-683.597534	1.000000
0.000000	-32749.820312	266732.187500	1.000000
0.000000	-293.392212	3.631273	1.000000
0.000000	1535.856934	2639.492676	1.000000
0.000000	4480.877441	10694.157227	1.000000
0.000000	-48461.390625	-126250.796875	1.000000
0.000000	-0.009761	-544.769409	1.000000
0.000000	1929694.125000	165268.734375	1.000000
0.000000	-180053.046875	-177937.812500	1.000000
0.000000	-70258.632812	13702.768555	1.000000
0.000000	301.675140	-168.158203	1.000000
0.000000	-131129.437500	15020.896484	1.000000
0.000000	-1126.444214	262.386963	1.000000
0.000000	-1365.127075	953.487793	1.000000
0.000000	-1202.443604	1228.163940	1.000000
0.000000	49274.324219	57612.937500	1.000000
0.000000	83828.382812	3645.939209	1.000000
0.000000	1115.526001	-384.269897	1.000000
0.000000	-408.183563	-301.759308	1.000000
0.000000	-1589278.625000	-1200867.375000	1.000000
0.000000	-328.358643	158.961014	1.000000
0.000000	2590553.750000	19419.234375	1.000000
0.000000	156.022156	-238.825241	1.000000
0.000000	-10483.234375	13242.587891	1.000000
0.000000	1826645.375000	135350.984375	1.000000
0.000000	-1558.131470	850.971191	1.000000
0.000000	325.489777	62.447502	1.000000
0.000000	396.560303	-60.923691	1.000000
0.000000	403.180603	927.405090	1.000000
0.000000	-10657.090820	7458.922363	1.000000
0.000000	-427.767212	171.948669	1.000000
0.000000	27336.126953	25954.503906	1.000000
0.000000	115.043007	332.526154	1.000000
0.000000	275.565155	554.131042	1.000000
0.000000	-99.715584	-9040.962891	1.000000
0.000000	-5657.005371	9774.492188	1.000000
0.000000	459187.468750	25541.878906	1.000000
0.000000	-1067.760498	1119.237305	1.000000
0.000000	2221.832520	-5227.248535	1.000000
0.000000	3488.159668	-2145.257080	1.000000
0.000000	170.883453	118.391434	1.000000
0.000000	271.131256	208.257690	1.000000
0.000000	942.486084	-789.246460	1.000000
0.000000	1213.963745	11675.708008	1.000000
0.000000	17987.164062	-23796.130859	1.000000
0.000000	374.327118	-20.675049	1.000000
0.000000	-10.249694	-263.160492	1.000000
0.000000	1101.944580	1204.901123	1.000000
0.000000	465.077942	-47.043369	1.000000
0.000000	115.454720	224.556839	1.000000
0.000000	-1384.718750	148.975891	1.000000
0.000000	75363.546875	-7402.866211	1.000000
0.000000	95.889503	453.927246	1.000000
0.000000	-157.063309	-720.712036	1.000000
0.000000	1175.301025	-9547.693359	1.000000
0.000000	298.763947	335.443604	1.000000
0.000000	277.118713	252.795731	1.000000
0.000000	-3838.789307	-4559.079590	1.000000
0.000000	564.397583	240.855515	1.000000
0.000000	-2070.025879	-2998.846924	1.000000
0.000000	27.461117	318.176208	1.000000
0.000000	22251.671875	39143.320312	1.000000
0.000000	400.467865	-23.732828	1.000000
0.000000	934.934753	-548.969543	1.000000
0.000000	1295.843018	725.445251	1.000000
0.000000	-321.816315	683.809082	1.000000
0.000000	172.912949	-353.656647	1.000000
0.000000	9609.245117	4801.574707	1.000000
0.000000	-92655.390625	-330245.218750	1.000000
0.000000	8034.616699	16951.082031	1.000000
0.000000	242.643066	-222.876602	1.000000
0.000000	3415.239014	-866.598511	1.000000
0.000000	-423316.437500	-81987.546875	1.000000
0.000000	-44105600.000000	-10494824.000000	1.000000
0.000000	6045.192383	-4541.122559	1.000000
0.000000	-306.636810	201.102448	1.000000
0.000000	1068.752930	-1671.554321	1.000000
0.000000	5815.192383	326.395630	1.000000
0.000000	-306.283813	-117.552223	1.000000
0.000000	-531.707581	1014.275269	1.000000
0.000000	-18772.361328	22.363190	1.000000
0.000000	-676.303894	-158.324509	1.000000
0.000000	304.118073	-394.622528	1.000000
0.000000	14589.332031	-11020.315430	1.000000
