0.000000	31440.003906	455867.187500	1.000000
0.000000	215028.093750	175339.546875	1.000000
0.000000	1201.145996	-12876.243164	1.000000
0.000000	-422.397156	647.242249	1.000000
0.000000	16880.880859	27293.226562	1.000000
0.000000	-13597.348633	732.292297	1.000000
0.000000	-594.084534	-2498.323975	1.000000
0.000000	-595398.687500	1523932.125000	1.000000
0.000000	3624.482666	-2117.250977	1.000000
0.000000	9292453.000000	3386659.750000	1.000000
0.000000	78697400.000000	19959642.000000	1.000000
0.000000	-373.572083	-211.618713	1.000000
0.000000	-343.167786	186.203308	1.000000
0.000000	88.824013	-345.404999	1.000000
0.000000	-73337376.000000	-31090268.000000	1.000000
0.000000	823.651306	-4469.048340	1.000000
0.000000	398.489258	-507.786804	1.000000
0.000000	-6223.074707	7893.349609	1.000000
0.000000	-987.074402	114.909241	1.000000
0.000000	-338.377960	382.863373	1.000000
0.000000	943.713196	8108.971680	1.000000
0.000000	10337.675781	85085.773438	1.000000
0.000000	-67.396843	922.381470	1.000000
0.000000	306.787933	25.035107	1.000000
0.000000	-207054.390625	-53407.949219	1.000000
0.000000	516.674622	-50.898544	1.000000
0.000000	10385.778320	35273.058594	1.000000
0.000000	-4028.885010	11560.123047	1.000000
0.000000	498.821106	-230.138824	1.000000
0.000000	-61365.234375	-273296.843750	1.000000
0.000000	5111.599609	-8820.896484	1.000000
0.000000	4979.416016	931.925415	1.000000
0.000000	-359.591309	502.156342	1.000000
0.000000	-612.471985	-137.070450	1.000000
0.000000	-320.780609	-97.416397	1.000000
0.000000	4956.190430	2823.902100	1.000000
0.000000	-86.104942	-105.243065	1.000000
0.000000	-5818.696777	-1570.734497	1.000000
0.000000	-246246.546875	-73829.375000	1.000000
0.000000	-46655.808594	-6223.049316	1.000000
0.000000	545.843079	155.180099	1.000000
0.000000	598.955994	-70.680328	1.000000
0.000000	-2.766984	340.447144	1.000000
0.000000	-126.608803	-227.739334	1.000000
0.000000	60.518452	336.755585	1.000000
0.000000	-599.152527	-177.979935	1.000000
0.000000	-3997.010742	3295.893555	1.000000
0.000000	-885.119263	513.975769	1.000000
0.000000	-134.688705	-356.922119	1.000000
0.000000	-354.591187	-102.150246	1.000000
0.000000	7141.796387	6268.895508	1.000000
0.000000	-923.703430	1609.340210	1.000000
0.000000	-30.242123	1265.215576	1.000000
0.000000	-3455.005127	-11567.204102	1.000000
0.000000	393.403687	-6.220212	1.000000
0.000000	-14.084661	-365.855591	1.000000
0.000000	229.772354	114.333527	1.000000
0.000000	29405522.000000	-21550876.000000	1.000000
0.000000	-634.535950	1720.715942	1.000000
0.000000	432.745636	595.262878	1.000000
0.000000	1661.828003	26157.111328	1.000000
0.000000	3301.444824	-1741.020264	1.000000
0.000000	-142.032776	-336.383789	1.000000
0.000000	214.081635	-444.412201	1.000000
0.000000	5325.665527	-2977.506836	1.000000
0.000000	401157.500000	-1051564.750000	1.000000
0.000000	40122.945312	142490.812500	1.000000
0.000000	899154304.000000	-490293056.000000	1.000000
0.000000	5054.297852	-14945.679688	1.000000
0.000000	-11819835.000000	-661186.312500	1.000000
0.000000	10661.002930	-15033.000977	1.000000
0.000000	-48.057888	-451.310699	1.000000
0.000000	-342.615417	-830.682190	1.000000
0.000000	-409.503784	918.961182	1.000000
0.000000	424214.562500	2467.363525	1.000000
0.000000	-9435.947266	10617.458008	1.000000
0.000000	-264.998688	516.840027	1.000000
0.000000	24.421474	-377.834686	1.000000
0.000000	3430.897949	-13378.948242	1.000000
0.000000	-935690816.000000	516809408.000000	1.000000
0.000000	1333545.500000	80329.890625	1.000000
0.000000	370851.812500	-121746.375000	1.000000
0.000000	282355.125000	227424.250000	1.000000
0.000000	24820.099609	-23094.402344	1.000000
0.000000	2203343.750000	933550.062500	1.000000
0.000000	-199.333664	296.107910	1.000000
0.000000	0.621487	-53.388889	1.000000
0.000000	-3110.751221	-298.951416	1.000000
0.000000	-1681.491333	1807.786011	1.000000
0.000000	139.833862	357.755127	1.000000
0.000000	-10.925592	-132.699463	1.000000
0.000000	-1298.322876	1077.074585	1.000000
0.000000	987.127014	-234.213226	1.000000
0.000000	253.998062	-97.897995	1.000000
0.000000	-4355021.000000	2416277.250000	1.000000
0.000000	1181.897705	656.430969	1.000000
0.000000	-208.526077	-88069.703125	1.000000
0.000000	1711789.125000	-2028472.500000	1.000000
0.000000	828.483398	-1426.274902	1.000000
0.000000	-191.717529	-5351.421387	1.000000
0.000000	691415.187500	-227519.875000	1.000000
0.000000	12310197.000000	-6573529.500000	1.000000
0.000000	-21965.380859	-21591.867188	1.000000
0.000000	170754.859375	-24576.812500	1.000000
0.000000	-11.788876	261.356049	1.000000
0.000000	370.536102	-58.233055	1.000000
0.000000	539.689270	-1809.628174	1.000000
0.000000	-204.110596	-305.069122	1.000000
0.000000	137.098236	-345.969940	1.000000
0.000000	-906.599731	1149.298950	1.000000
0.000000	-290.988464	-3092.214111	1.000000
0.000000	-53951.187500	119833.890625	1.000000
0.000000	118.210587	324.144958	1.000000
0.000000	-431.071686	47.190250	1.000000
0.000000	-54.074352	-1054.489624	1.000000
0.000000	-64543.738281	15496.136719	1.000000
0.000000	2458.584229	862.064026	1.000000
0.000000	55845.878906	149633.671875	1.000000
0.000000	-13310.161133	6577.729492	1.000000
0.000000	-41843.207031	-29738.457031	1.000000
0.000000	-8390.672852	13856.587891	1.000000
0.000000	378.071289	375.088623	1.000000
0.000000	-367.930542	223.207382	1.000000
0.000000	1609.967529	3124.632568	1.000000
0.000000	705.699707	-434.769928	1.000000
0.000000	1874.580078	62.368462	1.000000
0.000000	581.311279	-610.679871	1.000000
0.000000	13974.718750	-14312.609375	1.000000
0.000000	-364.489319	-174.245499	1.000000
0.000000	-1194.920654	1454.605347	1.000000
0.000000	284.177704	308.013092	1.000000
0.000000	-13267.553711	-2999.204834	1.000000
0.000000	-28709.691406	-61570.031250	1.000000
0.000000	1739.008545	8115.026367	1.000000
0.000000	-2485.809082	1790.028809	1.000000
0.000000	158.931244	-178.797867	1.000000
0.000000	23.603970	158.437225	1.000000
0.000000	-3778.077393	-15979.547852	1.000000
0.000000	831.053894	-8.356539	1.000000
0.000000	-8849.046875	12937.839844	1.000000
0.000000	-875.521729	-3241.969238	1.000000
0.000000	935.191345	637.424011	1.000000
0.000000	352.081757	-267.898865	1.000000
0.000000	-5581.625488	-20500.865234	1.000000
0.000000	5.359309	-388.196320	1.000000
0.000000	22496.855469	-24661.509766	1.000000
0.000000	-343.674713	-223.836899	1.000000
0.000000	-3300464.250000	1376390.750000	1.000000
0.000000	-18012.052734	-1320.603638	1.000000
0.000000	-84.897575	635.766357	1.000000
0.000000	179.774384	-403.780304	1.000000
0.000000	6705.118652	2643.335938	1.000000
0.000000	-26074.599609	-23345.144531	1.000000
0.000000	-586712.625000	317501.718750	1.000000
0.000000	-108536.234375	249026.515625	1.000000
0.000000	37961.585938	-56191.003906	1.000000
0.000000	640.821045	-1769.512817	1.000000
0.000000	151.502213	223.113815	1.000000
0.000000	-234.438934	-363.754944	1.000000
0.000000	-404.730225	740.639038	1.000000
0.000000	4112436.000000	2116301.500000	1.000000
0.000000	229.292862	223.257706	1.000000
0.000000	-45299.925781	76019.031250	1.000000
0.000000	760.926819	1720.229980	1.000000
0.000000	4891.873535	12548.069336	1.000000
0.000000	613.128601	1545.941406	1.000000
0.000000	-44141.816406	2411.947998	1.000000
0.000000	245668.140625	-842228.687500	1.000000
0.000000	-282.042816	-167.764267	1.000000
0.000000	506.262299	-125.368645	1.000000
0.000000	-32957.449219	-140064.203125	1.000000
0.000000	-14357.852539	-13506.875000	1.000000
0.000000	-443.604492	-85.302040	1.000000
0.000000	-323675.156250	730136.875000	1.000000
0.000000	-31308.988281	-19640.078125	1.000000
0.000000	-479.332733	-1104.760376	1.000000
0.000000	164.324081	-414.907745	1.000000
0.000000	-3570.170410	-12793.267578	1.000000
0.000000	109.869980	-377.591217	1.000000
0.000000	3219.550781	2939.435547	1.000000
0.000000	57.602409	134.158890	1.000000
0.000000	799102.062500	-982912.687500	1.000000
0.000000	-440.651703	418.111816	1.000000
0.000000	-3222.347900	-2108.270752	1.000000
0.000000	-39.619457	2957.035400	1.000000
0.000000	-359.111389	341.622711	1.000000
0.000000	19821.701172	10592.562500	1.000000
0.000000	130.911896	575.859802	1.000000
0.000000	-3420.482910	-1931.616333	1.000000
0.000000	65118.933594	112716.164062	1.000000
0.000000	310.605194	252.640289	1.000000
0.000000	484892.843750	100864.140625	1.000000
0.000000	-283.889984	271.897827	1.000000
0.000000	79.489006	350.272827	1.000000
0.000000	329.574799	172.152283	1.000000
0.000000	-347.177124	-99.514542	1.000000
0.000000	-52400.371094	-2958.471924	1.000000
0.000000	11427.336914	1426.363647	1.000000
0.000000	-63.170418	-238.782654	1.000000
0.000000	36.326748	1703.456543	1.000000
0.000000	-7875.600098	-93196.578125	1.000000
0.000000	-599.861938	1065.625244	1.000000
0.000000	-79.634941	341.715454	1.000000
0.000000	380.782013	-92.187691	1.000000
0.000000	59.120770	394.949646	1.000000
0.000000	-42939.285156	-77686.757812	1.000000
0.000000	260.284637	-1123.408447	1.000000
0.000000	12.691076	369.900757	1.000000
0.000000	-110.719490	-143.995758	1.000000
0.000000	-463.962524	764.432495	1.000000
0.000000	429.792511	27.738762	1.000000
0.000000	228.949341	1051.257935	1.000000
0.000000	-204.713470	206.634872	1.000000
0.000000	283.475311	546.076233	1.000000
0.000000	-11048.104492	551.124939	1.000000
0.000000	28171368.000000	16549397.000000	1.000000
0.000000	339.334686	-672.519653	1.000000
0.000000	-32755.679688	266741.562500	1.000000
0.000000	-278.395874	4.012430	1.000000
0.000000	1523.369141	2647.769043	1.000000
0.000000	4495.525879	10690.641602	1.000000
0.000000	-48476.625000	-126250.796875	1.000000
0.000000	13.159175	-537.591675	1.000000
0.000000	1929694.125000	165259.359375	1.000000
0.000000	-180067.109375	-177937.812500	1.000000
0.000000	-70246.914062	13711.264648	1.000000
0.000000	292.657196	-156.173950	1.000000
0.000000	-131124.750000	15006.541016	1.000000
0.000000	-1113.077515	255.602905	1.000000
0.000000	-1355.715454	965.151611	1.000000
0.000000	-1198.561768	1213.661987	1.000000
0.000000	49270.808594	57598.875000	1.000000
0.000000	83840.101562	3654.947998	1.000000
0.000000	1101.243774	-388.829224	1.000000
0.000000	-394.853485	-294.883698	1.000000
0.000000	-1589278.625000	-1200867.375000	1.000000
0.000000	-313.884155	155.019669	1.000000
0.000000	2590553.750000	19405.757812	1.000000
0.000000	150.812805	-224.758163	1.000000
0.000000	-10474.445312	13230.283203	1.000000
0.000000	1826645.375000	135360.359375	1.000000
0.000000	-1559.852661	836.066406	1.000000
0.000000	310.868805	59.100105	1.000000
0.000000	384.081665	-52.596970	1.000000
0.000000	415.155701	936.432190	1.000000
0.000000	-10646.836914	7447.936035	1.000000
0.000000	-413.063843	168.977783	1.000000
0.000000	27335.541016	25939.269531	1.000000
0.000000	104.093300	322.272247	1.000000
0.000000	274.887665	539.153015	1.000000
0.000000	-85.124367	-9044.478516	1.000000
0.000000	-5642.063965	9774.199219	1.000000
0.000000	459178.093750	25553.011719	1.000000
0.000000	-1053.697998	1114.037109	1.000000
0.000000	2209.747559	-5236.184082	1.000000
0.000000	3487.866699	-2130.242432	1.000000
0.000000	162.680328	105.834976	1.000000
0.000000	258.304718	200.484863	1.000000
0.000000	948.949707	-775.714966	1.000000
0.000000	1212.242554	11690.649414	1.000000
0.000000	18001.812500	-23793.201172	1.000000
0.000000	359.367401	-19.584427	1.000000
0.000000	-11.089976	-248.182465	1.000000
0.000000	1114.395752	1196.551514	1.000000
0.000000	450.081604	-46.659992	1.000000
0.000000	113.049171	209.752762	1.000000
0.000000	-1399.000977	144.402832	1.000000
0.000000	75349.484375	-7404.477539	1.000000
0.000000	91.895515	439.471069	1.000000
0.000000	-172.064224	-720.712036	1.000000
0.000000	1176.253174	-9562.634766	1.000000
0.000000	289.691071	323.495972	1.000000
0.000000	265.674622	243.095718	1.000000
0.000000	-3845.674072	-4572.409668	1.000000
0.000000	549.602661	238.411057	1.000000
0.000000	-2058.014160	-2989.911377	1.000000
0.000000	21.139400	304.571472	1.000000
0.000000	22249.328125	39128.085938	1.000000
0.000000	385.471527	-23.782038	1.000000
0.000000	919.938416	-549.225891	1.000000
0.000000	1282.879150	717.901306	1.000000
0.000000	-321.193756	668.831055	1.000000
0.000000	163.450974	-342.020294	1.000000
0.000000	9601.627930	4814.465332	1.000000
0.000000	-92662.421875	-330235.843750	1.000000
0.000000	8019.675293	16950.496094	1.000000
0.000000	232.965942	-211.414200	1.000000
0.000000	3410.331787	-880.789185	1.000000
0.000000	-423325.812500	-81975.828125	1.000000
0.000000	-44105600.000000	-10494824.000000	1.000000
0.000000	6038.454102	-4554.452637	1.000000
0.000000	-300.942230	187.223053	1.000000
0.000000	1055.605957	-1678.768677	1.000000
0.000000	5826.911133	335.715698	1.000000
0.000000	-292.358643	-111.974373	1.000000
0.000000	-516.729553	1015.007690	1.000000
0.000000	-18774.705078	37.172989	1.000000
0.000000	-661.307556	-157.907944	1.000000
0.000000	302.406036	-379.717743	1.000000
0.000000	14575.562500	-11026.174805	1.000000
