0.000000	31490.472656	455819.687500	1.000000
0.000000	215004.343750	175268.296875	1.000000
0.000000	1189.827637	-12800.540039	1.000000
0.000000	-498.378601	648.355530	1.000000
0.000000	16886.818359	27370.414062	1.000000
0.000000	-13671.567383	749.455383	1.000000
0.000000	-662.273010	-2464.925537	1.000000
0.000000	-595303.687500	1523932.125000	1.000000
0.000000	3585.517822	-2182.563477	1.000000
0.000000	9292453.000000	3386659.750000	1.000000
0.000000	78697400.000000	19959642.000000	1.000000
0.000000	-300.234680	-191.718811	1.000000
0.000000	-307.171692	119.265762	1.000000
0.000000	91.618813	-269.469940	1.000000
0.000000	-73337376.000000	-31090268.000000	1.000000
0.000000	757.503845	-4506.157715	1.000000
0.000000	380.676758	-433.892761	1.000000
0.000000	-6183.738770	7828.037109	1.000000
0.000000	-987.259949	190.913879	1.000000
0.000000	-312.308624	311.474213	1.000000
0.000000	927.385071	8034.752930	1.000000
0.000000	10269.394531	85050.148438	1.000000
0.000000	-52.692257	847.791626	1.000000
0.000000	249.857666	76.356888	1.000000
0.000000	-207101.890625	-53354.511719	1.000000
0.000000	440.922272	-56.847641	1.000000
0.000000	10387.262695	35350.246094	1.000000
0.000000	-3954.295166	11574.966797	1.000000
0.000000	432.395325	-193.214996	1.000000
0.000000	-61442.421875	-273296.843750	1.000000
0.000000	5156.873047	-8881.755859	1.000000
0.000000	4905.939453	913.185181	1.000000
0.000000	-289.500977	472.747162	1.000000
0.000000	-556.900696	-188.861221	1.000000
0.000000	-261.405609	-50.007458	1.000000
0.000000	4887.166992	2792.359131	1.000000
0.000000	-15.423194	-77.306664	1.000000
0.000000	-5760.063965	-1522.677856	1.000000
0.000000	-246270.296875	-73758.125000	1.000000
0.000000	-46715.183594	-6177.033691	1.000000
0.000000	487.229889	106.793671	1.000000
0.000000	555.074158	-8.654691	1.000000
0.000000	-2.084592	264.465698	1.000000
0.000000	-92.363808	-159.898758	1.000000
0.000000	51.072956	261.330780	1.000000
0.000000	-570.485535	-248.371780	1.000000
0.000000	-4059.354492	3339.311523	1.000000
0.000000	-841.979614	451.398651	1.000000
0.000000	-117.966293	-282.796143	1.000000
0.000000	-280.233276	-86.517921	1.000000
0.000000	7066.093262	6277.059570	1.000000
0.000000	-882.233704	1672.982788	1.000000
0.000000	12.953318	1327.744873	1.000000
0.000000	-3410.844971	-11629.547852	1.000000
0.000000	321.430481	-30.603937	1.000000
0.000000	-15.963324	-289.874146	1.000000
0.000000	153.814102	116.965973	1.000000
0.000000	29405522.000000	-21550876.000000	1.000000
0.000000	-573.305481	1675.813599	1.000000
0.000000	482.796906	538.021667	1.000000
0.000000	1700.978394	26222.423828	1.000000
0.000000	3272.499512	-1670.697998	1.000000
0.000000	-102.047417	-271.767090	1.000000
0.000000	173.075775	-380.444916	1.000000
0.000000	5372.423340	-2917.760742	1.000000
0.000000	401110.000000	-1051564.750000	1.000000
0.000000	40188.257812	142538.312500	1.000000
0.000000	899154304.000000	-490293056.000000	1.000000
0.000000	5103.282227	-14887.789062	1.000000
0.000000	-11819835.000000	-661281.312500	1.000000
0.000000	10622.409180	-15098.313477	1.000000
0.000000	-25.606716	-378.715485	1.000000
0.000000	-285.235046	-780.862854	1.000000
0.000000	-485.438843	921.558838	1.000000
0.000000	424309.562500	2486.289307	1.000000
0.000000	-9361.728516	10635.270508	1.000000
0.000000	-191.223450	535.116394	1.000000
0.000000	31.077969	-302.131561	1.000000
0.000000	3423.476074	-13303.245117	1.000000
0.000000	-935690816.000000	516809408.000000	1.000000
0.000000	1333545.500000	80258.640625	1.000000
0.000000	370756.812500	-121734.500000	1.000000
0.000000	282450.125000	227400.500000	1.000000
0.000000	24888.380859	-23130.027344	1.000000
0.000000	2203343.750000	933645.062500	1.000000
0.000000	-159.301926	231.500000	1.000000
0.000000	74.792923	-36.817234	1.000000
0.000000	-3158.251221	-358.326416	1.000000
0.000000	-1672.585083	1732.268433	1.000000
0.000000	104.788704	290.308838	1.000000
0.000000	8.600288	-59.246479	1.000000
0.000000	-1225.031860	1097.113647	1.000000
0.000000	922.927795	-193.508881	1.000000
0.000000	237.090103	-172.000778	1.000000
0.000000	-4355021.000000	2416277.250000	1.000000
0.000000	1116.214111	618.301086	1.000000
0.000000	-134.144974	-88057.828125	1.000000
0.000000	1711789.125000	-2028472.500000	1.000000
0.000000	814.289062	-1500.864746	1.000000
0.000000	-254.200439	-5308.374512	1.000000
0.000000	691415.187500	-227448.625000	1.000000
0.000000	12310197.000000	-6573529.500000	1.000000
0.000000	-21947.568359	-21517.648438	1.000000
0.000000	170683.609375	-24532.281250	1.000000
0.248849	21.593740	195.163788	1.000000
0.000000	297.801727	-36.135582	1.000000
0.000000	613.258606	-1790.702393	1.000000
0.000000	-154.105713	-247.827927	1.000000
0.000000	109.436340	-275.183807	1.000000
0.000000	-884.797974	1076.564575	1.000000
0.000000	-217.314163	-3110.768799	1.000000
0.000000	-53874.000000	119833.890625	1.000000
0.000000	91.341080	253.035095	1.000000
0.000000	-357.548737	27.939150	1.000000
0.000000	-127.167435	-1075.270874	1.000000
0.000000	-64609.050781	15537.699219	1.000000
0.000000	2435.947510	789.515198	1.000000
0.000000	55786.503906	149586.171875	1.000000
0.000000	-13237.426758	6601.479492	1.000000
0.000000	-41783.832031	-29782.988281	1.000000
0.000000	-8453.016602	13813.541016	1.000000
0.000000	309.418945	342.525146	1.000000
0.000000	-311.941772	171.787704	1.000000
0.000000	1555.231201	3177.327881	1.000000
0.000000	632.315918	-414.962799	1.000000
0.000000	1923.378906	120.618584	1.000000
0.000000	566.467529	-536.182800	1.000000
0.000000	13991.046875	-14238.390625	1.000000
0.000000	-299.687073	-134.561661	1.000000
0.000000	-1166.160889	1524.927612	1.000000
0.000000	229.858856	254.853928	1.000000
0.000000	-13341.772461	-2982.505615	1.000000
0.000000	-28662.191406	-61510.656250	1.000000
0.000000	1697.446045	8051.198242	1.000000
0.000000	-2532.195801	1850.145996	1.000000
0.000000	89.391113	-148.136246	1.000000
0.000000	73.875092	215.446503	1.000000
0.000000	-3826.319580	-16038.922852	1.000000
0.000000	758.041199	-29.564489	1.000000
0.000000	-8773.343750	12931.902344	1.000000
0.000000	-898.436768	-3169.605957	1.000000
0.000000	943.448181	561.906433	1.000000
0.000000	277.816620	-251.762390	1.000000
0.000000	-5656.586426	-20512.740234	1.000000
0.000000	1.361354	-312.307648	1.000000
0.000000	22517.636719	-24587.291016	1.000000
0.000000	-292.417389	-167.708969	1.000000
0.000000	-3300464.250000	1376390.750000	1.000000
0.000000	-17985.333984	-1249.724731	1.000000
0.000000	-52.935120	566.835693	1.000000
0.000000	154.447235	-332.112823	1.000000
0.000000	6680.626465	2715.328125	1.000000
0.000000	-26145.849609	-23368.894531	1.000000
0.000000	-586712.625000	317454.218750	1.000000
0.000000	-108536.234375	249097.765625	1.000000
0.000000	38038.773438	-56191.003906	1.000000
0.000000	591.651123	-1711.622192	1.000000
0.000000	114.995857	156.456100	1.000000
0.000000	-217.067108	-437.741760	1.000000
0.000000	-383.995361	667.533569	1.000000
0.000000	4112436.000000	2116301.500000	1.000000
0.000000	154.795792	208.251602	1.000000
0.000000	-45270.238281	75947.781250	1.000000
0.000000	692.367249	1687.388184	1.000000
0.000000	4818.396973	12567.366211	1.000000
0.000000	620.643250	1621.644531	1.000000
0.000000	-44088.378906	2356.283936	1.000000
0.000000	245739.390625	-842228.687500	1.000000
0.000000	-213.297699	-135.386337	1.000000
0.000000	430.466400	-131.231354	1.000000
0.000000	-32987.136719	-139992.953125	1.000000
0.000000	-14332.618164	-13578.125000	1.000000
0.000000	-367.715820	-81.451942	1.000000
0.000000	-323580.156250	730136.875000	1.000000
0.000000	-31374.300781	-19678.671875	1.000000
0.000000	-410.634003	-1072.289673	1.000000
0.000000	143.797958	-341.755890	1.000000
0.000000	-3642.904785	-12771.001953	1.000000
0.000000	87.894272	-304.856842	1.000000
0.000000	3196.914062	3011.798828	1.000000
0.248849	20.957838	198.703979	1.000000
0.000000	799197.062500	-982912.687500	1.000000
0.000000	-365.690765	405.448242	1.000000
0.000000	-3295.082275	-2086.747314	1.000000
0.000000	-23.649315	2882.816650	1.000000
0.000000	-305.488342	287.767731	1.000000
0.000000	19860.294922	10527.250000	1.000000
0.000000	56.007862	588.662537	1.000000
0.000000	-3348.119629	-1907.866333	1.000000
0.000000	65095.183594	112644.914062	1.000000
0.000000	254.570038	201.313385	1.000000
0.000000	484892.843750	100792.890625	1.000000
0.000000	-228.921722	219.418274	1.000000
0.000000	80.451530	274.291382	1.000000
0.000000	316.540131	97.284111	1.000000
0.000000	-271.334839	-94.678726	1.000000
0.000000	-52430.058594	-3027.495361	1.000000
0.000000	11387.258789	1361.793335	1.000000
0.000000	-83.824104	-165.653992	1.000000
0.000000	-8.051195	1765.243652	1.000000
0.000000	-7871.889160	-93125.328125	1.000000
0.000000	-554.310181	1126.484619	1.000000
0.000000	-29.425306	284.659790	1.000000
0.000000	308.140411	-69.840889	1.000000
0.000000	54.957561	319.060974	1.000000
0.000000	-42879.910156	-77734.257812	1.000000
0.000000	319.706024	-1075.908447	1.000000
0.000000	-26.867321	305.005737	1.000000
0.000000	-76.706429	-211.952301	1.000000
0.000000	-457.004517	688.729370	1.000000
0.000000	376.679718	82.100128	1.000000
0.000000	210.881714	977.410278	1.000000
0.000000	-169.158051	139.466904	1.000000
0.000000	222.257629	501.069855	1.000000
0.000000	-10972.401367	556.691345	1.000000
0.000000	28171368.000000	16549397.000000	1.000000
0.000000	288.077362	-616.391724	1.000000
0.000000	-32785.367188	266789.062500	1.000000
0.000000	-202.414429	5.943277	1.000000
0.000000	1460.097656	2689.702637	1.000000
0.000000	4569.744629	10672.829102	1.000000
0.000000	-48553.812500	-126250.796875	1.000000
0.000000	79.882111	-501.224457	1.000000
0.000000	1929694.125000	165211.859375	1.000000
0.000000	-180138.359375	-177937.812500	1.000000
0.000000	-70187.539062	13754.311523	1.000000
0.000000	246.966263	-95.447525	1.000000
0.000000	-131101.000000	14933.806641	1.000000
0.000000	-1045.352905	221.230347	1.000000
0.000000	-1308.029907	1024.248657	1.000000
0.000000	-1178.893799	1140.185425	1.000000
0.000000	49252.996094	57527.625000	1.000000
0.000000	83899.476562	3700.592529	1.000000
0.000000	1028.880493	-411.929810	1.000000
0.000000	-327.314423	-260.047272	1.000000
0.000000	-1589278.625000	-1200867.375000	1.000000
0.000000	-240.546768	135.050186	1.000000
0.000000	2590553.750000	19337.476562	1.000000
0.000000	124.417191	-153.484970	1.000000
0.000000	-10429.914062	13167.939453	1.000000
0.000000	1826645.375000	135407.859375	1.000000
0.000000	-1568.573364	760.548828	1.000000
0.000000	237.776520	42.260311	1.000000
0.000000	322.647766	-15.169718	1.000000
0.000000	475.829529	982.169495	1.000000
0.000000	-10594.883789	7392.271973	1.000000
0.000000	-338.566772	153.925293	1.000000
0.000000	27332.572266	25862.082031	1.000000
0.000000	48.614784	270.319122	1.000000
0.000000	271.455048	463.234528	1.000000
0.000000	-11.191395	-9062.291016	1.000000
0.000000	-5566.360840	9772.714844	1.000000
0.000000	459130.593750	25609.417969	1.000000
0.000000	-982.447937	1087.689453	1.000000
0.000000	2148.517090	-5281.457520	1.000000
0.000000	3486.382324	-2054.168213	1.000000
0.000000	121.115906	42.213608	1.000000
0.000000	193.316925	161.102539	1.000000
0.000000	981.698730	-707.155396	1.000000
0.000000	1203.521851	11766.352539	1.000000
0.000000	18076.031250	-23778.357422	1.000000
0.000000	283.571503	-14.059118	1.000000
0.000000	-15.347407	-172.293793	1.000000
0.000000	1177.481689	1154.246826	1.000000
0.000000	374.100159	-44.717548	1.000000
0.000000	100.861061	134.745438	1.000000
0.000000	-1471.364258	121.229286	1.000000
0.000000	75278.234375	-7412.641602	1.000000
0.000000	71.659309	366.226440	1.000000
0.000000	-248.068863	-720.712036	1.000000
0.000000	1181.077393	-9638.337891	1.000000
0.000000	243.728027	262.961304	1.000000
0.000000	207.710541	193.948990	1.000000
0.000000	-3880.556885	-4639.948730	1.000000
0.000000	474.641693	226.025803	1.000000
0.000000	-1996.999878	-2944.637939	1.000000
0.000000	-10.891774	235.640823	1.000000
0.000000	22237.453125	39050.898438	1.000000
0.000000	309.490082	-24.031366	1.000000
0.000000	843.956970	-550.524719	1.000000
0.000000	1217.195557	679.678650	1.000000
0.000000	-318.039459	592.942383	1.000000
0.000000	115.510307	-283.062775	1.000000
0.000000	9563.034180	4879.777832	1.000000
0.000000	-92698.046875	-330188.343750	1.000000
0.000000	7943.972168	16947.527344	1.000000
0.000000	183.935181	-153.338028	1.000000
0.000000	3385.468506	-952.688599	1.000000
0.000000	-423373.312500	-81916.453125	1.000000
0.000000	-44105600.000000	-10494824.000000	1.000000
0.000000	6004.313477	-4621.991699	1.000000
0.000000	-272.089691	116.902618	1.000000
0.000000	988.994629	-1715.321411	1.000000
0.000000	5886.286133	382.937378	1.000000
0.000000	-221.804459	-83.713264	1.000000
0.000000	-440.840881	1018.718628	1.000000
0.000000	-18786.580078	112.213028	1.000000
0.000000	-585.326111	-155.797348	1.000000
0.000000	293.731720	-304.200165	1.000000
0.000000	14505.796875	-11055.862305	1.000000
