0.000000	31377.914062	455925.625000	1.000000
0.000000	215057.312500	175427.203125	1.000000
0.000000	1215.070557	-12969.377930	1.000000
0.000000	-328.919983	645.872620	1.000000
0.000000	16873.576172	27198.265625	1.000000
0.000000	-13506.040039	711.177185	1.000000
0.000000	-510.193512	-2539.412842	1.000000
0.000000	-595515.562500	1523932.125000	1.000000
0.000000	3672.419678	-2036.899414	1.000000
0.000000	9292453.000000	3386659.750000	1.000000
0.000000	78697400.000000	19959642.000000	1.000000
0.000000	-463.796387	-236.100830	1.000000
0.000000	-387.452454	268.552246	1.000000
0.000000	85.385674	-438.825104	1.000000
0.000000	-73337376.000000	-31090268.000000	1.000000
0.000000	905.030090	-4423.394043	1.000000
0.000000	420.403320	-598.641479	1.000000
0.000000	-6271.468262	7973.701172	1.000000
0.000000	-986.846130	21.406784	1.000000
0.000000	-370.450104	470.690826	1.000000
0.000000	963.801086	8200.280273	1.000000
0.000000	10421.679688	85129.601562	1.000000
0.000000	-85.487358	1014.146606	1.000000
0.000000	375.611786	-38.250130	1.000000
0.000000	-206995.953125	-53473.691406	1.000000
0.000000	609.923523	-43.579590	1.000000
0.000000	10383.952148	35178.097656	1.000000
0.000000	-4120.527344	11541.861328	1.000000
0.000000	580.542297	-275.564850	1.000000
0.000000	-61270.273438	-273296.843750	1.000000
0.000000	5055.901367	-8746.023438	1.000000
0.000000	5069.811523	954.980835	1.000000
0.000000	-445.820862	538.337341	1.000000
0.000000	-680.839294	-73.354172	1.000000
0.000000	-393.827484	-155.739761	1.000000
0.000000	5041.107422	2862.708252	1.000000
0.000000	-173.054718	-139.607376	1.000000
0.000000	-5890.830566	-1629.856812	1.000000
0.000000	-246217.328125	-73917.031250	1.000000
0.000000	-46582.761719	-6279.660645	1.000000
0.000000	617.976868	214.701889	1.000000
0.000000	652.942200	-146.990784	1.000000
0.000000	-3.606506	433.924316	1.000000
0.000000	-168.725357	-311.219971	1.000000
0.000000	72.143890	429.547943	1.000000
0.000000	-634.420471	-91.379440	1.000000
0.000000	-3920.311523	3242.478027	1.000000
0.000000	-938.192383	591.017395	1.000000
0.000000	-155.261673	-448.116577	1.000000
0.000000	-446.070984	-121.382118	1.000000
0.000000	7234.931152	6258.851562	1.000000
0.000000	-974.722107	1531.043091	1.000000
0.000000	-83.386459	1188.288086	1.000000
0.000000	-3509.333740	-11490.504883	1.000000
0.000000	479.747375	29.636503	1.000000
0.000000	-11.773413	-459.332764	1.000000
0.000000	323.200470	111.094925	1.000000
0.000000	29405522.000000	-21550876.000000	1.000000
0.000000	-709.865540	1775.957642	1.000000
0.000000	371.169403	665.684631	1.000000
0.000000	1613.662720	26076.759766	1.000000
0.000000	3337.055176	-1827.535156	1.000000
0.000000	-191.225281	-415.879333	1.000000
0.000000	264.529633	-523.116821	1.000000
0.000000	5268.141113	-3051.010254	1.000000
0.000000	401215.937500	-1051564.750000	1.000000
0.000000	40042.593750	142432.375000	1.000000
0.000000	899154304.000000	-490293056.000000	1.000000
0.000000	4994.034180	-15016.900391	1.000000
0.000000	-11819835.000000	-661069.437500	1.000000
0.000000	10708.483398	-14952.649414	1.000000
0.000000	-75.678741	-540.640198	1.000000
0.000000	-413.208374	-891.973083	1.000000
0.000000	-316.083679	915.765381	1.000000
0.000000	424097.687500	2444.079834	1.000000
0.000000	-9527.255859	10595.543945	1.000000
0.000000	-355.736603	494.355286	1.000000
0.000000	16.232235	-470.969452	1.000000
0.000000	3440.028809	-13472.083008	1.000000
0.000000	-935690816.000000	516809408.000000	1.000000
0.000000	1333545.500000	80417.546875	1.000000
0.000000	370968.687500	-121760.984375	1.000000
0.000000	282238.250000	227453.468750	1.000000
0.000000	24736.095703	-23050.574219	1.000000
0.000000	2203343.750000	933433.187500	1.000000
0.000000	-248.583237	375.603455	1.000000
0.000000	-90.629082	-73.776390	1.000000
0.000000	-3052.313721	-225.916306	1.000000
0.000000	-1692.448364	1900.692505	1.000000
0.000000	182.948639	440.731812	1.000000
0.000000	-34.947163	-223.066437	1.000000
0.000000	-1388.490112	1052.421265	1.000000
0.000000	1066.108887	-284.274170	1.000000
0.000000	274.773499	-6.736383	1.000000
0.000000	-4355021.000000	2416277.250000	1.000000
0.000000	1262.705811	703.340759	1.000000
0.000000	-300.020691	-88084.312500	1.000000
0.000000	1711789.125000	-2028472.500000	1.000000
0.000000	845.946167	-1334.509766	1.000000
0.000000	-114.844666	-5404.380371	1.000000
0.000000	691415.187500	-227607.531250	1.000000
0.000000	12310197.000000	-6573529.500000	1.000000
0.000000	-21987.294922	-21683.175781	1.000000
0.000000	170842.515625	-24631.597656	1.000000
0.000000	-52.027065	345.759430	1.000000
0.000000	460.018524	-85.424385	1.000000
0.000000	449.179626	-1832.911865	1.000000
0.000000	-265.629761	-375.490875	1.000000
0.000000	171.139221	-433.055511	1.000000
0.000000	-933.421631	1238.781372	1.000000
0.000000	-381.612244	-3069.386963	1.000000
0.000000	-54046.148438	119833.890625	1.000000
0.000000	151.257111	411.630005	1.000000
0.000000	-521.518250	70.873421	1.000000
0.000000	35.843700	-1028.923218	1.000000
0.000000	-64463.386719	15445.003906	1.000000
0.000000	2486.433350	951.318176	1.000000
0.000000	55918.925781	149692.109375	1.000000
0.000000	-13399.643555	6548.510742	1.000000
0.000000	-41916.253906	-29683.671875	1.000000
0.000000	-8313.973633	13909.546875	1.000000
0.000000	462.531738	415.150269	1.000000
0.000000	-436.811462	286.453369	1.000000
0.000000	1677.307617	3059.803467	1.000000
0.000000	795.981079	-459.137909	1.000000
0.000000	1814.544678	-9.293898	1.000000
0.000000	599.572998	-702.330872	1.000000
0.000000	13954.630859	-14403.917969	1.000000
0.000000	-444.213135	-223.067062	1.000000
0.000000	-1230.302734	1368.090454	1.000000
0.000000	351.004181	373.412872	1.000000
0.000000	-13176.245117	-3019.749268	1.000000
0.000000	-28768.128906	-61643.078125	1.000000
0.000000	1790.141357	8193.551758	1.000000
0.000000	-2428.741211	1716.068848	1.000000
0.000000	244.475983	-216.519730	1.000000
0.000000	-38.240131	88.308891	1.000000
0.000000	-3718.726807	-15906.500977	1.000000
0.000000	920.878723	17.735405	1.000000
0.000000	-8942.181641	12945.144531	1.000000
0.000000	-847.330200	-3330.995117	1.000000
0.000000	925.033264	730.330505	1.000000
0.000000	443.447418	-287.758484	1.000000
0.000000	-5489.403809	-20486.255859	1.000000
0.000000	10.277845	-481.559357	1.000000
0.000000	22471.289062	-24752.818359	1.000000
0.000000	-406.734711	-292.889038	1.000000
0.000000	-3300464.250000	1376390.750000	1.000000
0.000000	-18044.923828	-1407.803345	1.000000
0.000000	-124.217339	720.569214	1.000000
0.000000	210.933441	-491.950165	1.000000
0.000000	6735.250488	2554.766602	1.000000
0.000000	-25986.943359	-23315.925781	1.000000
0.000000	-586712.625000	317560.156250	1.000000
0.000000	-108536.234375	248938.859375	1.000000
0.000000	37866.625000	-56191.003906	1.000000
0.000000	701.312988	-1840.733521	1.000000
0.000000	196.414627	305.120331	1.000000
0.000000	-255.810852	-272.731689	1.000000
0.000000	-430.239563	830.578003	1.000000
0.000000	4112436.000000	2116301.500000	1.000000
0.000000	320.943878	241.719162	1.000000
0.000000	-45336.449219	76106.687500	1.000000
0.000000	845.273132	1760.634033	1.000000
0.000000	4982.269043	12524.329102	1.000000
0.000000	603.883606	1452.806641	1.000000
0.000000	-44207.558594	2480.429443	1.000000
0.000000	245580.484375	-842228.687500	1.000000
0.000000	-366.617401	-207.597641	1.000000
0.000000	599.511169	-118.163826	1.000000
0.000000	-32920.925781	-140151.859375	1.000000
0.000000	-14388.897461	-13419.218750	1.000000
0.000000	-536.967529	-90.038673	1.000000
0.000000	-323792.031250	730136.875000	1.000000
0.000000	-31228.636719	-19592.597656	1.000000
0.000000	-563.885254	-1144.707886	1.000000
0.000000	189.576614	-504.903778	1.000000
0.000000	-3480.687988	-12820.660156	1.000000
0.000000	136.910583	-467.073639	1.000000
0.000000	3247.399902	2850.409668	1.000000
0.000000	101.857513	51.794624	1.000000
0.000000	798985.187500	-982912.687500	1.000000
0.000000	-532.873352	433.691345	1.000000
0.000000	-3132.865479	-2134.750244	1.000000
0.000000	-59.265072	3048.343994	1.000000
0.000000	-425.081848	407.878510	1.000000
0.000000	19774.220703	10672.914062	1.000000
0.000000	223.076508	560.109070	1.000000
0.000000	-3509.508789	-1960.835083	1.000000
0.000000	65148.152344	112803.820312	1.000000
0.000000	379.543182	315.812897	1.000000
0.000000	484892.843750	100951.796875	1.000000
0.000000	-351.515411	336.441589	1.000000
0.000000	78.304848	443.750000	1.000000
0.000000	345.610870	264.259827	1.000000
0.000000	-440.483093	-105.463867	1.000000
0.000000	-52363.847656	-2873.554932	1.000000
0.000000	11476.643555	1505.802124	1.000000
0.000000	-37.760948	-328.773224	1.000000
0.000000	90.926430	1627.442139	1.000000
0.000000	-7880.165527	-93284.234375	1.000000
0.000000	-655.902588	990.752197	1.000000
0.000000	-141.410904	411.908936	1.000000
0.000000	470.150299	-119.680138	1.000000
0.000000	64.242615	488.312683	1.000000
0.000000	-43012.332031	-77628.320312	1.000000
0.000000	187.207565	-1181.845947	1.000000
0.000000	61.356995	449.738708	1.000000
0.000000	-152.556137	-60.379784	1.000000
0.000000	-472.522705	857.567261	1.000000
0.000000	495.135223	-39.138504	1.000000
0.000000	251.177277	1142.109985	1.000000
0.000000	-248.455994	289.269135	1.000000
0.000000	358.804901	601.432068	1.000000
0.000000	-11141.239258	544.276794	1.000000
0.000000	28171368.000000	16549397.000000	1.000000
0.000000	402.394684	-741.571777	1.000000
0.000000	-32719.156250	266683.125000	1.000000
0.000000	-371.873047	1.636571	1.000000
0.000000	1601.209717	2596.179688	1.000000
0.000000	4404.217285	10712.555664	1.000000
0.000000	-48381.664062	-126250.796875	1.000000
0.000000	-68.926758	-582.332886	1.000000
0.000000	1929694.125000	165317.796875	1.000000
0.000000	-179979.453125	-177937.812500	1.000000
0.000000	-70319.960938	13658.305664	1.000000
0.000000	348.869049	-230.875793	1.000000
0.000000	-131153.968750	15096.023438	1.000000
0.000000	-1196.396606	297.890198	1.000000
0.000000	-1414.381226	892.447144	1.000000
0.000000	-1222.758545	1304.057495	1.000000
0.000000	49292.722656	57686.531250	1.000000
0.000000	83767.054688	3598.793213	1.000000
0.000000	1190.269653	-360.409424	1.000000
0.000000	-477.944305	-337.741669	1.000000
0.000000	-1589278.625000	-1200867.375000	1.000000
0.000000	-404.108459	179.587387	1.000000
0.000000	2590553.750000	19489.761719	1.000000
0.000000	183.284424	-312.424591	1.000000
0.000000	-10529.230469	13306.982422	1.000000
0.000000	1826645.375000	135301.921875	1.000000
0.000000	-1549.123901	928.972900	1.000000
0.000000	402.006195	79.960091	1.000000
0.000000	461.865173	-104.500198	1.000000
0.000000	340.510925	880.163269	1.000000
0.000000	-10710.752930	7516.417480	1.000000
0.000000	-504.714844	187.496307	1.000000
0.000000	27339.193359	26034.230469	1.000000
0.000000	172.346466	386.188263	1.000000
0.000000	279.110687	632.516052	1.000000
0.000000	-176.083832	-9022.564453	1.000000
0.000000	-5735.198730	9776.025391	1.000000
0.000000	459236.531250	25483.617188	1.000000
0.000000	-1141.354248	1146.451660	1.000000
0.000000	2285.077148	-5180.485840	1.000000
0.000000	3489.692871	-2223.833740	1.000000
0.000000	213.813141	184.103561	1.000000
0.000000	338.256805	248.935486	1.000000
0.000000	908.659790	-860.061279	1.000000
0.000000	1222.971313	11597.514648	1.000000
0.000000	17910.503906	-23811.462891	1.000000
0.000000	452.616302	-26.382637	1.000000
0.000000	-5.852582	-341.545502	1.000000
0.000000	1036.783447	1248.597412	1.000000
0.000000	543.558777	-49.049709	1.000000
0.000000	128.043716	302.031525	1.000000
0.000000	-1309.975098	172.908234	1.000000
0.000000	75437.140625	-7394.433594	1.000000
0.000000	116.791374	529.592346	1.000000
0.000000	-78.558517	-720.712036	1.000000
0.000000	1170.318115	-9469.500000	1.000000
0.000000	346.245331	397.969543	1.000000
0.000000	337.009460	303.581573	1.000000
0.000000	-3802.759033	-4489.318848	1.000000
0.000000	641.824341	253.648178	1.000000
0.000000	-2132.887207	-3045.609619	1.000000
0.000000	60.544765	389.374329	1.000000
0.000000	22263.937500	39223.046875	1.000000
0.000000	478.948700	-23.475298	1.000000
0.000000	1013.415588	-547.627991	1.000000
0.000000	1363.687256	764.925232	1.000000
0.000000	-325.074371	762.194092	1.000000
0.000000	222.430618	-414.553558	1.000000
0.000000	9649.108398	4734.113770	1.000000
0.000000	-92618.593750	-330294.281250	1.000000
0.000000	8112.810059	16954.148438	1.000000
0.000000	293.286682	-282.863159	1.000000
0.000000	3440.920166	-792.333984	1.000000
0.000000	-423267.375000	-82048.875000	1.000000
0.000000	-44105600.000000	-10494824.000000	1.000000
0.000000	6080.456055	-4471.361816	1.000000
0.000000	-336.438446	273.737946	1.000000
0.000000	1137.555420	-1633.799194	1.000000
0.000000	5753.864258	277.620605	1.000000
0.000000	-379.158875	-146.735275	1.000000
0.000000	-610.092590	1010.442261	1.000000
0.000000	-18760.095703	-55.141891	1.000000
0.000000	-754.784729	-160.504532	1.000000
0.000000	313.077728	-472.624237	1.000000
0.000000	14661.392578	-10989.651367	1.000000
