0.000000	31669.437500	455651.250000	1.000000
0.000000	214920.125000	175015.640625	1.000000
0.000000	1149.692139	-12532.092773	1.000000
0.000000	-767.812805	652.303284	1.000000
0.000000	16907.873047	27644.125000	1.000000
0.000000	-13934.750977	810.316589	1.000000
0.000000	-904.072937	-2346.492920	1.000000
0.000000	-594966.812500	1523932.125000	1.000000
0.000000	3447.346436	-2414.165039	1.000000
0.000000	9292453.000000	3386659.750000	1.000000
0.000000	78697400.000000	19959642.000000	1.000000
0.000000	-40.162502	-121.148712	1.000000
0.000000	-179.576935	-118.123528	1.000000
0.000000	101.529320	-0.140667	1.000000
0.000000	-73337376.000000	-31090268.000000	1.000000
0.000000	522.941467	-4637.749512	1.000000
0.000000	317.512695	-171.887009	1.000000
0.000000	-6044.251465	7596.435547	1.000000
0.000000	-987.917908	460.367950	1.000000
0.000000	-219.833237	58.324978	1.000000
0.000000	869.484680	7771.569336	1.000000
0.000000	10027.265625	84923.820312	1.000000
0.000000	-0.554840	583.292114	1.000000
0.000000	53.372829	256.337891	1.000000
0.000000	-207270.328125	-53165.019531	1.000000
0.000000	172.284882	-77.943451	1.000000
0.000000	10392.526367	35623.957031	1.000000
0.000000	-3689.795654	11627.603516	1.000000
0.000000	196.845993	-62.281166	1.000000
0.000000	-61716.132812	-273296.843750	1.000000
0.000000	5317.415039	-9097.566406	1.000000
0.000000	4645.387695	846.731323	1.000000
0.000000	-40.917736	368.521149	1.000000
0.000000	-359.714966	-372.566193	1.000000
0.000000	-50.778610	118.114212	1.000000
0.000000	4642.406250	2680.506104	1.000000
0.000000	235.201233	21.735579	1.000000
0.000000	-5552.148926	-1352.266479	1.000000
0.000000	-246354.515625	-73505.468750	1.000000
0.000000	-46925.730469	-6013.859863	1.000000
0.000000	279.479340	-64.807365	1.000000
0.000000	399.347900	211.287292	1.000000
0.161368	2.648126	-2.184826	1.000000
0.000000	22.482292	78.346718	1.000000
0.000000	17.417671	-4.318624	1.000000
0.000000	-468.830902	-497.905243	1.000000
0.000000	-4280.428711	3493.273926	1.000000
0.000000	-689.004150	229.501968	1.000000
0.000000	-57.293983	-20.484167	1.000000
0.000000	-15.462496	-32.856133	1.000000
0.000000	6797.645996	6306.009766	1.000000
0.000000	-735.179871	1898.662720	1.000000
0.000000	166.122986	1549.477051	1.000000
0.000000	-3254.250732	-11850.622070	1.000000
0.000000	72.548332	-133.953491	1.000000
0.000000	-22.229284	-22.489988	1.000000
0.000000	-115.530029	126.300766	1.000000
0.000000	29405522.000000	-21550876.000000	1.000000
0.000000	-356.179016	1516.587524	1.000000
0.000000	660.143921	335.184723	1.000000
0.000000	1839.807739	26454.025391	1.000000
0.000000	3169.857910	-1421.331543	1.000000
0.000000	39.158611	-40.882458	1.000000
0.000000	27.666531	-153.576447	1.000000
0.000000	5538.229004	-2705.897949	1.000000
0.000000	400941.562500	-1051564.750000	1.000000
0.000000	40419.859375	142706.750000	1.000000
0.000000	899154304.000000	-490293056.000000	1.000000
0.000000	5276.983398	-14682.505859	1.000000
0.000000	-11819835.000000	-661618.187500	1.000000
0.000000	10485.553711	-15329.915039	1.000000
0.693021	55.240215	-123.575638	1.000000
0.000000	-81.831665	-604.200867	1.000000
0.000000	-754.856812	930.770264	1.000000
0.000000	424646.437500	2553.401123	1.000000
0.000000	-9098.544922	10698.434570	1.000000
0.000000	70.376358	599.925354	1.000000
0.000000	54.682247	-33.681957	1.000000
0.000000	3397.157715	-13034.797852	1.000000
0.000000	-935690816.000000	516809408.000000	1.000000
0.000000	1333545.500000	80005.984375	1.000000
0.000000	370419.937500	-121692.390625	1.000000
0.000000	282787.000000	227316.281250	1.000000
0.000000	25130.509766	-23256.355469	1.000000
0.000000	2203343.750000	933981.937500	1.000000
0.000000	-20.226772	5.609239	1.000000
0.000000	336.315826	24.447309	1.000000
0.000000	-3326.688721	-568.873291	1.000000
0.000000	-1641.003052	1464.479126	1.000000
0.000000	-19.480286	51.152878	1.000000
0.000000	77.837494	201.213928	1.000000
0.000000	-965.138062	1168.173218	1.000000
0.000000	695.273987	-49.189476	1.000000
0.000000	177.133591	-434.717194	1.000000
0.000000	-4355021.000000	2416277.250000	1.000000
0.000000	883.097900	483.125671	1.000000
0.000000	129.606842	-88015.718750	1.000000
0.000000	1711789.125000	-2028472.500000	1.000000
0.000000	763.955200	-1765.364258	1.000000
0.000000	-475.768127	-5155.728027	1.000000
0.000000	691415.187500	-227195.968750	1.000000
0.000000	12310197.000000	-6573529.500000	1.000000
0.000000	-21884.404297	-21254.464844	1.000000
0.000000	170430.953125	-24374.371094	1.000000
0.000000	136.932053	-44.304691	1.000000
0.000000	39.574486	40.944901	1.000000
0.000000	874.139343	-1723.590576	1.000000
0.082974	18.497004	-46.115440	1.000000
0.000000	11.357409	-24.172113	1.000000
0.000000	-807.487793	818.382751	1.000000
0.000000	43.971230	-3176.564697	1.000000
0.000000	-53600.289062	119833.890625	1.000000
0.161368	0.448211	2.228405	1.000000
0.000000	-96.792709	-40.369991	1.000000
0.000000	-386.362518	-1148.962280	1.000000
0.000000	-64840.652344	15685.082031	1.000000
0.000000	2355.676514	532.253235	1.000000
0.000000	55575.957031	149417.734375	1.000000
0.000000	-12979.506836	6685.698242	1.000000
0.000000	-41573.285156	-29940.898438	1.000000
0.000000	-8674.090820	13660.894531	1.000000
0.000000	65.963646	227.032715	1.000000
0.000000	-112.262848	-9.729078	1.000000
0.000000	1361.133301	3364.188232	1.000000
0.000000	372.093170	-344.725677	1.000000
0.000000	2096.606201	327.165253	1.000000
0.000000	513.830811	-271.862854	1.000000
0.000000	14048.947266	-13975.207031	1.000000
0.000000	-69.884491	6.191004	1.000000
0.000000	-1064.177246	1774.294067	1.000000
0.000000	37.241367	66.348679	1.000000
0.000000	-13604.956055	-2923.289307	1.000000
0.000000	-28493.753906	-61300.109375	1.000000
0.000000	1550.063232	7824.860352	1.000000
0.000000	-2696.685547	2063.324707	1.000000
0.000000	-157.206635	-39.408531	1.000000
0.000000	247.859970	414.629944	1.000000
0.000000	-3997.388916	-16249.469727	1.000000
0.000000	499.142487	-104.777092	1.000000
0.000000	-8504.896484	12910.847656	1.000000
0.000000	-979.694702	-2913.001953	1.000000
0.000000	972.727356	293.983307	1.000000
0.000000	14.464683	-194.602203	1.000000
0.000000	-5922.401855	-20554.849609	1.000000
0.000000	-12.815596	-43.191044	1.000000
0.000000	22591.328125	-24324.107422	1.000000
0.000000	-111.920380	30.512465	1.000000
0.000000	-3300464.250000	1376390.750000	1.000000
0.000000	-17890.587891	-998.384399	1.000000
0.000000	60.359619	323.212463	1.000000
0.023947	65.470398	-78.907166	1.000000
0.000000	6593.775879	2970.616211	1.000000
0.000000	-26398.505859	-23453.113281	1.000000
0.000000	-586712.625000	317285.781250	1.000000
0.000000	-108536.234375	249350.421875	1.000000
0.000000	38312.484375	-56191.003906	1.000000
0.000000	417.291962	-1506.338989	1.000000
0.000000	-13.351284	-80.519104	1.000000
0.000000	-155.465698	-699.984985	1.000000
0.000000	-310.468445	408.297699	1.000000
0.000000	4112436.000000	2116301.500000	1.000000
0.000000	-106.663940	155.158005	1.000000
0.000000	-45164.964844	75695.125000	1.000000
0.000000	449.293884	1570.929443	1.000000
0.000000	4557.845215	12635.793945	1.000000
0.000000	647.290588	1890.091797	1.000000
0.000000	-43898.886719	2158.896240	1.000000
0.000000	245992.046875	-842228.687500	1.000000
0.000000	30.496864	-20.534012	1.000000
0.000000	166.110413	-150.088943	1.000000
0.000000	-33092.410156	-139740.296875	1.000000
0.000000	-14243.135742	-13830.781250	1.000000
0.000000	-98.566986	-67.799294	1.000000
0.000000	-323243.281250	730136.875000	1.000000
0.000000	-31605.902344	-19815.527344	1.000000
0.000000	-167.024673	-957.146851	1.000000
0.023947	70.121056	-81.421379	1.000000
0.000000	-3900.824707	-12692.046875	1.000000
0.082974	14.667636	-45.612938	1.000000
0.000000	3116.643066	3268.402832	1.000000
0.000000	-106.251839	434.627045	1.000000
0.000000	799533.937500	-982912.687500	1.000000
0.000000	-99.923637	360.542542	1.000000
0.000000	-3553.002197	-2010.424194	1.000000
0.000000	32.986244	2619.633057	1.000000
0.000000	-115.340927	96.733307	1.000000
0.000000	19997.150391	10295.648438	1.000000
0.000000	-209.623413	634.061707	1.000000
0.000000	-3091.515625	-1823.647583	1.000000
0.000000	65010.964844	112392.257812	1.000000
0.000000	54.768578	19.489468	1.000000
0.000000	484892.843750	100540.234375	1.000000
0.000000	-34.001385	33.301525	1.000000
0.000000	80.336800	6.913258	1.000000
0.000000	270.318512	-168.211792	1.000000
0.000000	-3.567142	-76.976547	1.000000
0.000000	-52535.332031	-3272.256104	1.000000
0.000000	11245.139648	1132.823608	1.000000
0.000000	-156.019547	95.007294	1.000000
0.000000	-165.415421	1984.343994	1.000000
0.000000	-7858.729980	-92872.671875	1.000000
0.000000	-392.902679	1342.295166	1.000000
0.000000	145.295776	83.369804	1.000000
0.000000	47.896206	6.841814	1.000000
0.000000	41.943893	49.849171	1.000000
0.000000	-42669.363281	-77902.695312	1.000000
0.000000	530.403015	-907.698486	1.000000
0.000000	-167.147797	74.884583	1.000000
0.000000	43.887562	-452.929779	1.000000
0.000000	-432.331055	420.282104	1.000000
0.000000	188.338974	274.882111	1.000000
0.000000	146.812958	715.542603	1.000000
0.000000	-48.160660	-87.519669	1.000000
0.000000	5.249448	340.540466	1.000000
0.000000	-10703.954102	576.430115	1.000000
0.000000	28171368.000000	16549397.000000	1.000000
0.000000	106.379028	-417.359161	1.000000
0.000000	-32890.640625	266957.500000	1.000000
0.000000	63.942284	15.544834	1.000000
0.000000	1235.733643	2838.401367	1.000000
0.000000	4832.928223	10609.665039	1.000000
0.000000	-48827.523438	-126250.796875	1.000000
0.000000	316.479584	-372.264496	1.000000
0.000000	1929694.125000	165043.421875	1.000000
0.000000	-180391.015625	-177937.812500	1.000000
0.000000	-69976.992188	13906.958008	1.000000
0.000000	87.052055	116.285477	1.000000
0.000000	-131016.781250	14675.886719	1.000000
0.000000	-804.898132	99.343452	1.000000
0.000000	-1138.934448	1234.137573	1.000000
0.000000	-1109.150146	879.815918	1.000000
0.000000	49189.832031	57274.968750	1.000000
0.000000	84110.023438	3862.450439	1.000000
0.000000	771.953796	-493.845703	1.000000
0.000000	-87.759583	-136.595016	1.000000
0.000000	-1589278.625000	-1200867.375000	1.000000
0.000000	17.536922	56.594234	1.000000
0.000000	2590553.750000	19095.347656	1.000000
0.000000	33.921810	92.322746	1.000000
0.000000	-10272.003906	12946.865234	1.000000
0.000000	1826645.375000	135576.296875	1.000000
0.000000	-1599.497437	492.759521	1.000000
0.000000	-24.806839	-13.153784	1.000000
0.000000	98.453682	134.434570	1.000000
0.000000	690.982117	1144.600464	1.000000
0.000000	-10410.655273	7194.884277	1.000000
0.000000	-74.396263	100.569519	1.000000
0.000000	27322.044922	25588.371094	1.000000
0.000000	-148.112274	86.099983	1.000000
0.000000	259.282806	193.983765	1.000000
0.000000	250.989197	-9125.455078	1.000000
0.000000	-5297.913574	9767.451172	1.000000
0.000000	458962.156250	25809.437500	1.000000
0.000000	-729.791687	994.259277	1.000000
0.000000	1931.743896	-5441.999512	1.000000
0.000000	3481.118652	-1784.405029	1.000000
0.000000	-26.299273	-183.391022	1.000000
0.000000	-37.140667	20.960342	1.000000
0.000000	1097.619385	-464.007111	1.000000
0.000000	1172.597778	12034.799805	1.000000
0.000000	18339.214844	-23725.720703	1.000000
0.000000	14.500023	5.189062	1.000000
0.000000	-24.222429	93.386200	1.000000
0.000000	1401.187744	1004.188843	1.000000
0.000000	104.669533	-37.829540	1.000000
0.693021	55.348400	-127.305267	1.000000
0.000000	-1727.968262	39.031784	1.000000
0.000000	75025.578125	-7441.591797	1.000000
0.000000	-0.094743	106.453217	1.000000
0.000000	-517.505493	-720.712036	1.000000
0.000000	1198.184326	-9906.785156	1.000000
0.000000	80.789024	48.303688	1.000000
0.000000	4.043634	21.372196	1.000000
0.000000	-4004.253174	-4879.445801	1.000000
0.000000	208.811676	182.107040	1.000000
0.000000	-1780.531372	-2784.095947	1.000000
0.000000	-119.647919	-4.345606	1.000000
0.000000	22195.343750	38777.187500	1.000000
0.000000	42.647636	-22.338070	1.000000
0.000000	574.522766	-555.130432	1.000000
0.000000	984.278076	544.139099	1.000000
0.000000	-306.854156	323.722168	1.000000
0.000000	-51.522217	-82.398468	1.000000
0.000000	9426.178711	5111.379395	1.000000
0.000000	-92824.375000	-330019.906250	1.000000
0.000000	7675.524902	16937.000000	1.000000
0.000000	7.582397	50.480331	1.000000
0.000000	3297.302002	-1207.410767	1.000000
0.000000	-423541.750000	-81705.906250	1.000000
0.000000	-44105600.000000	-10494824.000000	1.000000
0.000000	5883.249023	-4861.488770	1.000000
0.000000	-169.817291	-132.387039	1.000000
0.000000	752.787354	-1844.939331	1.000000
0.000000	6096.833008	550.387939	1.000000
0.000000	28.720140	16.087486	1.000000
0.000000	-171.709900	1031.877808	1.000000
0.000000	-18828.689453	378.315430	1.000000
0.000000	-315.891907	-148.313065	1.000000
0.000000	258.585754	-38.411102	1.000000
0.000000	14258.404297	-11161.135742	1.000000
