0.000000	31675.082031	455645.937500	1.000000
0.000000	214917.468750	175007.671875	1.000000
0.000000	1148.426270	-12523.625977	1.000000
0.000000	-776.310730	652.427795	1.000000
0.000000	16908.537109	27652.757812	1.000000
0.000000	-13943.051758	812.236145	1.000000
0.000000	-911.699280	-2342.757568	1.000000
0.000000	-594956.187500	1523932.125000	1.000000
0.000000	3442.988525	-2421.469727	1.000000
0.000000	9292453.000000	3386659.750000	1.000000
0.000000	78697400.000000	19959642.000000	1.000000
0.000000	-31.958996	-118.921768	1.000000
0.000000	-175.553650	-125.611092	1.000000
0.000000	101.841896	8.353548	1.000000
0.000000	-73337376.000000	-31090268.000000	1.000000
0.000000	515.543396	-4641.899902	1.000000
0.000000	315.520508	-163.625137	1.000000
0.000000	-6039.852051	7589.130859	1.000000
0.000000	-987.938660	468.865875	1.000000
0.000000	-216.914993	50.341312	1.000000
0.000000	867.658508	7763.268555	1.000000
0.000000	10019.628906	84919.835938	1.000000
0.000000	1.089508	574.949829	1.000000
0.000000	47.115467	262.091370	1.000000
0.000000	-207275.640625	-53159.042969	1.000000
0.000000	163.810303	-78.608810	1.000000
0.000000	10392.692383	35632.589844	1.000000
0.000000	-3681.453369	11629.263672	1.000000
0.000000	189.416794	-58.151527	1.000000
0.000000	-61724.765625	-273296.843750	1.000000
0.000000	5322.478516	-9104.373047	1.000000
0.000000	4637.169922	844.635376	1.000000
0.000000	-33.079334	365.231964	1.000000
0.000000	-353.494568	-378.361176	1.000000
0.000000	-44.135391	123.416336	1.000000
0.000000	4634.686523	2676.978271	1.000000
0.000000	243.105133	24.859720	1.000000
0.000000	-5545.591309	-1346.891724	1.000000
0.000000	-246357.171875	-73497.500000	1.000000
0.000000	-46932.371094	-6008.713379	1.000000
0.000000	272.926910	-70.219734	1.000000
0.000000	394.434875	218.223633	1.000000
0.000000	2.657242	-10.578888	1.000000
0.000000	26.311676	85.935448	1.000000
0.000000	16.360943	-12.752672	1.000000
0.000000	-465.624725	-505.775421	1.000000
0.000000	-4287.401367	3498.129883	1.000000
0.000000	-684.179321	222.503372	1.000000
0.000000	-55.423065	-12.192540	1.000000
0.000000	-7.144214	-31.107780	1.000000
0.000000	6789.179199	6306.922852	1.000000
0.000000	-730.541809	1905.780640	1.000000
0.000000	170.953003	1556.470459	1.000000
0.000000	-3249.311768	-11857.594727	1.000000
0.000000	64.697609	-137.214142	1.000000
0.000000	-22.439398	-13.992674	1.000000
0.000000	-124.025360	126.595184	1.000000
0.000000	29405522.000000	-21550876.000000	1.000000
0.000000	-349.330872	1511.565552	1.000000
0.000000	665.736572	328.787933	1.000000
0.000000	1844.186401	26461.330078	1.000000
0.000000	3166.620605	-1413.466553	1.000000
0.000000	43.631306	-33.654293	1.000000
0.000000	23.080025	-146.419617	1.000000
0.000000	5543.458496	-2699.215820	1.000000
0.000000	400936.250000	-1051564.750000	1.000000
0.000000	40427.164062	142712.062500	1.000000
0.000000	899154304.000000	-490293056.000000	1.000000
0.000000	5282.461914	-14676.031250	1.000000
0.000000	-11819835.000000	-661628.812500	1.000000
0.000000	10481.237305	-15337.219727	1.000000
0.000000	57.750069	-115.647339	1.000000
0.000000	-75.416718	-598.628967	1.000000
0.000000	-763.354736	931.060791	1.000000
0.000000	424657.062500	2555.517822	1.000000
0.000000	-9090.244141	10700.426758	1.000000
0.000000	78.626556	601.969421	1.000000
0.000000	55.426723	-25.214514	1.000000
0.000000	3396.327637	-13026.331055	1.000000
0.000000	-935690816.000000	516809408.000000	1.000000
0.000000	1333545.500000	79998.015625	1.000000
0.000000	370409.312500	-121691.062500	1.000000
0.000000	282797.625000	227313.625000	1.000000
0.000000	25138.146484	-23260.339844	1.000000
0.000000	2203343.750000	933992.562500	1.000000
0.000000	-15.749863	-1.616258	1.000000
0.000000	344.611420	26.301043	1.000000
0.000000	-3332.001221	-575.513916	1.000000
0.000000	-1640.006958	1456.033081	1.000000
0.000000	-23.399487	43.610191	1.000000
0.000000	80.021637	209.429108	1.000000
0.000000	-956.941040	1170.414429	1.000000
0.000000	688.093811	-44.637665	1.000000
0.000000	175.242569	-443.002411	1.000000
0.000000	-4355021.000000	2416277.250000	1.000000
0.000000	875.741333	478.866333	1.000000
0.000000	137.925781	-88014.390625	1.000000
0.000000	1711789.125000	-2028472.500000	1.000000
0.000000	762.367676	-1773.706543	1.000000
0.000000	-482.756348	-5150.913574	1.000000
0.000000	691415.187500	-227188.000000	1.000000
0.000000	12310197.000000	-6573529.500000	1.000000
0.000000	-21882.412109	-21246.164062	1.000000
0.000000	170422.984375	-24369.390625	1.000000
0.000000	140.589584	-51.977077	1.000000
0.000000	31.441668	43.416328	1.000000
0.000000	882.367493	-1721.473877	1.000000
0.000000	23.594700	-39.642303	1.000000
0.000000	8.263909	-16.254919	1.000000
0.000000	-805.049438	810.237610	1.000000
0.000000	52.211700	-3178.639893	1.000000
0.000000	-53591.656250	119833.890625	1.000000
0.000000	-2.489437	-5.828360	1.000000
0.000000	-88.569748	-42.523006	1.000000
0.000000	-394.538788	-1151.286499	1.000000
0.000000	-64847.957031	15689.730469	1.000000
0.000000	2353.144775	524.139221	1.000000
0.000000	55569.316406	149412.421875	1.000000
0.000000	-12971.372070	6688.354492	1.000000
0.000000	-41566.644531	-29945.878906	1.000000
0.000000	-8681.063477	13656.080078	1.000000
0.000000	58.284130	223.388153	1.000000
0.000000	-106.003540	-15.479639	1.000000
0.000000	1355.011475	3370.081787	1.000000
0.000000	363.885773	-342.510406	1.000000
0.000000	2102.084717	333.681366	1.000000
0.000000	512.170654	-263.525757	1.000000
0.000000	14050.773438	-13966.906250	1.000000
0.000000	-62.635574	10.630301	1.000000
0.000000	-1060.960693	1782.159058	1.000000
0.000000	31.166235	60.403633	1.000000
0.000000	-13613.256836	-2921.421631	1.000000
0.000000	-28488.441406	-61293.468750	1.000000
0.000000	1545.414795	7817.721680	1.000000
0.000000	-2701.873535	2070.048340	1.000000
0.000000	-164.983429	-35.979271	1.000000
0.000000	253.481155	421.005981	1.000000
0.000000	-4002.784424	-16256.110352	1.000000
0.000000	490.981781	-107.149300	1.000000
0.000000	-8496.429688	12910.183594	1.000000
0.000000	-982.257568	-2904.908691	1.000000
0.000000	973.650818	285.532074	1.000000
0.000000	6.158209	-192.799377	1.000000
0.000000	-5930.785645	-20556.177734	1.000000
0.000000	-13.262735	-34.702847	1.000000
0.000000	22593.652344	-24315.806641	1.000000
0.000000	-106.190247	36.790501	1.000000
0.000000	-3300464.250000	1376390.750000	1.000000
0.000000	-17887.599609	-990.457153	1.000000
0.000000	63.934792	315.503113	1.000000
0.022296	62.844048	-70.995430	1.000000
0.000000	6591.036621	2978.667969	1.000000
0.000000	-26406.474609	-23455.769531	1.000000
0.000000	-586712.625000	317280.468750	1.000000
0.000000	-108536.234375	249358.390625	1.000000
0.000000	38321.117188	-56191.003906	1.000000
0.000000	411.792694	-1499.864380	1.000000
0.000000	-17.434555	-87.974243	1.000000
0.000000	-153.522797	-708.254639	1.000000
0.000000	-308.149414	400.121429	1.000000
0.000000	4112436.000000	2116301.500000	1.000000
0.000000	-114.995850	153.479691	1.000000
0.000000	-45161.644531	75687.156250	1.000000
0.000000	441.631226	1567.256348	1.000000
0.000000	4549.627441	12637.952148	1.000000
0.000000	648.131042	1898.558594	1.000000
0.000000	-43892.910156	2152.670654	1.000000
0.000000	246000.015625	-842228.687500	1.000000
0.726472	37.588535	-18.388193	1.000000
0.000000	157.635834	-150.745224	1.000000
0.000000	-33095.730469	-139732.328125	1.000000
0.000000	-14240.313477	-13838.750000	1.000000
0.000000	-90.078140	-67.368690	1.000000
0.000000	-323232.656250	730136.875000	1.000000
0.000000	-31613.207031	-19819.843750	1.000000
0.000000	-159.341263	-953.515259	1.000000
0.022296	67.617149	-73.135490	1.000000
0.000000	-3908.959473	-12689.556641	1.000000
0.000000	12.704083	-37.548031	1.000000
0.000000	3114.111328	3276.496094	1.000000
0.000000	-110.275124	442.113312	1.000000
0.000000	799544.562500	-982912.687500	1.000000
0.000000	-91.542442	359.126221	1.000000
0.000000	-3561.136963	-2008.016968	1.000000
0.000000	34.772209	2611.332275	1.000000
0.000000	-109.344910	90.708755	1.000000
0.000000	20001.466797	10288.343750	1.000000
0.000000	-218.002014	635.493591	1.000000
0.000000	-3083.422363	-1820.991333	1.000000
0.000000	65008.308594	112384.289062	1.000000
0.000000	48.500839	13.748049	1.000000
0.000000	484892.843750	100532.265625	1.000000
0.000000	-27.853621	27.431711	1.000000
0.000000	80.444450	-1.586048	1.000000
0.000000	268.860687	-176.585205	1.000000
0.000000	4.915669	-76.435699	1.000000
0.000000	-52538.652344	-3279.975830	1.000000
0.000000	11240.657227	1125.601929	1.000000
0.000000	-158.330795	103.187454	1.000000
0.000000	-170.377731	1991.254395	1.000000
0.000000	-7858.314941	-92864.703125	1.000000
0.000000	-387.813263	1349.101807	1.000000
0.000000	150.911774	76.988579	1.000000
0.000000	39.771816	9.341127	1.000000
0.000000	41.478271	41.361622	1.000000
0.000000	-42662.722656	-77908.007812	1.000000
0.000000	537.043640	-902.396362	1.000000
0.000000	-171.573151	67.626587	1.000000
0.000000	47.691006	-460.530182	1.000000
0.000000	-431.552856	411.815308	1.000000
0.000000	182.398727	280.962433	1.000000
0.000000	144.792236	707.283325	1.000000
0.000000	-44.183418	-95.031876	1.000000
0.000000	-1.597352	335.502930	1.000000
0.000000	-10695.487305	577.052673	1.000000
0.000000	28171368.000000	16549397.000000	1.000000
0.000000	100.647598	-411.081696	1.000000
0.000000	-32893.960938	266962.812500	1.000000
0.000000	72.438919	15.760784	1.000000
0.000000	1228.657227	2843.091309	1.000000
0.000000	4841.229004	10607.672852	1.000000
0.000000	-48836.156250	-126250.796875	1.000000
0.000000	323.939911	-368.197113	1.000000
0.000000	1929694.125000	165038.109375	1.000000
0.000000	-180398.984375	-177937.812500	1.000000
0.000000	-69970.351562	13911.772461	1.000000
0.000000	81.941887	123.077850	1.000000
0.000000	-131014.125000	14667.751953	1.000000
0.000000	-797.313293	95.499153	1.000000
0.000000	-1133.601196	1240.757446	1.000000
0.000000	-1106.950439	871.608521	1.000000
0.000000	49187.839844	57267.000000	1.000000
0.000000	84116.664062	3867.555420	1.000000
0.000000	763.850159	-496.429321	1.000000
0.000000	-80.203278	-132.701431	1.000000
0.000000	-1589278.625000	-1200867.375000	1.000000
0.000000	25.737835	54.359509	1.000000
0.000000	2590553.750000	19087.710938	1.000000
0.000000	30.969084	100.292793	1.000000
0.000000	-10267.023438	12939.892578	1.000000
0.000000	1826645.375000	135581.609375	1.000000
0.000000	-1600.472778	484.313477	1.000000
0.000000	-33.092422	-15.050642	1.000000
0.000000	91.383751	139.153046	1.000000
0.000000	697.768005	1149.726196	1.000000
0.000000	-10404.844727	7188.658691	1.000000
0.000000	-66.064354	98.887314	1.000000
0.000000	27321.712891	25579.738281	1.000000
0.000000	-154.317108	80.290733	1.000000
0.000000	258.898895	185.493622	1.000000
0.000000	259.258850	-9127.447266	1.000000
0.000000	-5289.446777	9767.285156	1.000000
0.000000	458956.843750	25815.746094	1.000000
0.000000	-721.822937	991.312500	1.000000
0.000000	1924.916504	-5447.062988	1.000000
0.000000	3480.952637	-1775.896729	1.000000
0.000000	-30.948683	-190.506348	1.000000
0.000000	-44.410336	16.555092	1.000000
0.000000	1101.271729	-456.334076	1.000000
0.000000	1171.622437	12043.266602	1.000000
0.000000	18347.515625	-23724.060547	1.000000
0.000000	6.022525	5.806919	1.000000
0.000000	-24.698427	101.872452	1.000000
0.000000	1408.243408	999.447021	1.000000
0.000000	96.172905	-37.612293	1.000000
0.000000	53.987030	-135.502197	1.000000
0.000000	-1736.061523	36.439735	1.000000
0.000000	75017.609375	-7442.504883	1.000000
0.000000	-2.357680	98.260086	1.000000
0.000000	-526.003418	-720.712036	1.000000
0.000000	1198.723877	-9915.251953	1.000000
0.000000	75.649025	41.534012	1.000000
0.000000	-2.439539	15.875196	1.000000
0.000000	-4008.154541	-4886.999512	1.000000
0.000000	200.425293	180.721848	1.000000
0.000000	-1773.703979	-2779.032471	1.000000
0.000000	-123.230225	-12.053822	1.000000
0.000000	22194.015625	38768.554688	1.000000
0.726472	34.745483	-20.889193	1.000000
0.000000	566.024841	-555.275696	1.000000
0.000000	976.931885	539.864197	1.000000
0.000000	-306.501373	315.229431	1.000000
0.000000	-56.884003	-75.803238	1.000000
0.000000	9421.862305	5118.684082	1.000000
0.000000	-92828.359375	-330014.593750	1.000000
0.000000	7667.058105	16936.667969	1.000000
0.000000	2.098450	56.974396	1.000000
0.000000	3294.521240	-1215.441772	1.000000
0.000000	-423547.062500	-81699.265625	1.000000
0.000000	-44105600.000000	-10494824.000000	1.000000
0.000000	5879.430664	-4869.042480	1.000000
0.000000	-166.590363	-140.252029	1.000000
0.000000	745.337402	-1849.027466	1.000000
0.000000	6103.473633	555.669312	1.000000
0.000000	36.610935	19.247944	1.000000
0.000000	-163.219757	1032.292847	1.000000
0.000000	-18830.017578	386.709595	1.000000
0.000000	-307.393982	-148.077011	1.000000
0.000000	257.615601	-29.966354	1.000000
0.000000	14250.601562	-11164.456055	1.000000
