0.000000	31545.257812	455768.125000	1.000000
0.000000	214978.562500	175190.953125	1.000000
0.000000	1177.541260	-12718.362305	1.000000
0.000000	-580.858459	649.564026	1.000000
0.000000	16893.263672	27454.203125	1.000000
0.000000	-13752.133789	768.086365	1.000000
0.000000	-736.293396	-2428.670654	1.000000
0.000000	-595200.562500	1523932.125000	1.000000
0.000000	3543.220459	-2253.461914	1.000000
0.000000	9292453.000000	3386659.750000	1.000000
0.000000	78697400.000000	19959642.000000	1.000000
0.000000	-220.625000	-170.116943	1.000000
0.000000	-268.096985	46.593853	1.000000
0.000000	94.652641	-187.019363	1.000000
0.000000	-73337376.000000	-31090268.000000	1.000000
0.000000	685.699036	-4546.440918	1.000000
0.000000	361.340820	-353.678833	1.000000
0.000000	-6141.038574	7757.138672	1.000000
0.000000	-987.461365	273.413605	1.000000
0.000000	-284.009674	233.979416	1.000000
0.000000	909.660461	7954.186523	1.000000
0.000000	10195.273438	85011.476562	1.000000
0.000000	-36.730038	766.822388	1.000000
0.000000	189.130737	132.199478	1.000000
0.000000	-207153.453125	-53296.503906	1.000000
0.000000	358.694183	-63.305542	1.000000
0.000000	10388.874023	35434.035156	1.000000
0.000000	-3873.325928	11591.080078	1.000000
0.000000	360.288391	-153.133209	1.000000
0.000000	-61526.210938	-273296.843750	1.000000
0.000000	5206.018555	-8947.820312	1.000000
0.000000	4826.178711	892.842163	1.000000
0.000000	-213.416077	440.822723	1.000000
0.000000	-496.563721	-245.081467	1.000000
0.000000	-196.929428	1.460200	1.000000
0.000000	4812.240234	2758.118408	1.000000
0.000000	61.303078	-46.980965	1.000000
0.000000	-5696.416504	-1470.511108	1.000000
0.000000	-246296.078125	-73680.781250	1.000000
0.000000	-46779.636719	-6127.082520	1.000000
0.000000	423.632782	54.261860	1.000000
0.000000	507.434448	58.675343	1.000000
0.000000	-1.343838	181.963242	1.000000
0.000000	-56.252094	-87.553650	1.000000
0.000000	40.819622	179.478699	1.000000
0.000000	-539.366760	-324.761322	1.000000
0.000000	-4127.030273	3386.442871	1.000000
0.000000	-795.150391	383.471100	1.000000
0.000000	-99.813675	-202.330444	1.000000
0.000000	-199.498199	-69.548622	1.000000
0.000000	6983.915527	6285.921875	1.000000
0.000000	-837.217224	1742.068481	1.000000
0.000000	59.844307	1395.622070	1.000000
0.000000	-3362.907959	-11697.223633	1.000000
0.000000	245.244873	-62.244995	1.000000
0.000000	-18.002661	-207.394287	1.000000
0.000000	71.359428	119.823563	1.000000
0.000000	29405522.000000	-21550876.000000	1.000000
0.000000	-506.838196	1627.070923	1.000000
0.000000	537.105591	475.914093	1.000000
0.000000	1743.477173	26293.322266	1.000000
0.000000	3241.078613	-1594.361328	1.000000
0.000000	-58.641491	-201.604431	1.000000
0.000000	128.562836	-311.006744	1.000000
0.000000	5423.180176	-2852.904785	1.000000
0.000000	401058.437500	-1051564.750000	1.000000
0.000000	40259.156250	142589.875000	1.000000
0.000000	899154304.000000	-490293056.000000	1.000000
0.000000	5156.456055	-14824.947266	1.000000
0.000000	-11819835.000000	-661384.437500	1.000000
0.000000	10580.514648	-15169.211914	1.000000
0.000000	-1.235198	-299.911469	1.000000
0.000000	-222.960510	-726.782654	1.000000
0.000000	-567.902466	924.378662	1.000000
0.000000	424412.687500	2506.833740	1.000000
0.000000	-9281.162109	10654.606445	1.000000
0.000000	-111.138054	554.955872	1.000000
0.000000	38.303768	-219.953812	1.000000
0.000000	3415.419434	-13221.067383	1.000000
0.000000	-935690816.000000	516809408.000000	1.000000
0.000000	1333545.500000	80181.296875	1.000000
0.000000	370653.687500	-121721.609375	1.000000
0.000000	282553.250000	227374.718750	1.000000
0.000000	24962.501953	-23168.699219	1.000000
0.000000	2203343.750000	933748.187500	1.000000
0.000000	-115.846428	161.382050	1.000000
0.000000	155.308975	-18.825962	1.000000
0.000000	-3209.813721	-422.779541	1.000000
0.000000	-1662.917114	1650.292114	1.000000
0.000000	66.746254	217.094131	1.000000
0.000000	29.796177	20.483418	1.000000
0.000000	-1145.472534	1118.866577	1.000000
0.000000	853.237854	-149.323242	1.000000
0.000000	218.736069	-252.441299	1.000000
0.000000	-4355021.000000	2416277.250000	1.000000
0.000000	1044.912842	576.910095	1.000000
0.000000	-53.403156	-88044.937500	1.000000
0.000000	1711789.125000	-2028472.500000	1.000000
0.000000	798.880737	-1581.833984	1.000000
0.000000	-322.027283	-5261.645996	1.000000
0.000000	691415.187500	-227371.281250	1.000000
0.000000	12310197.000000	-6573529.500000	1.000000
0.000000	-21928.232422	-21437.082031	1.000000
0.000000	170606.265625	-24483.941406	1.000000
0.000000	56.705769	122.086548	1.000000
0.000000	218.858505	-12.145590	1.000000
0.000000	693.120056	-1770.157959	1.000000
0.000000	-99.824104	-185.691086	1.000000
0.000000	79.412766	-198.343582	1.000000
0.000000	-861.131592	997.575867	1.000000
0.000000	-137.326828	-3130.910400	1.000000
0.000000	-53790.210938	119833.890625	1.000000
0.000000	66.426704	178.840347	1.000000
0.000000	-277.737640	7.039093	1.000000
0.000000	-206.500305	-1097.829468	1.000000
0.000000	-64679.949219	15582.816406	1.000000
0.000000	2411.374756	710.761536	1.000000
0.000000	55722.050781	149534.609375	1.000000
0.000000	-13158.471680	6627.260742	1.000000
0.000000	-41719.378906	-29831.328125	1.000000
0.000000	-8520.692383	13766.812500	1.000000
0.000000	234.895020	307.176636	1.000000
0.000000	-251.166489	115.970299	1.000000
0.000000	1495.813477	3234.530029	1.000000
0.000000	552.655884	-393.461639	1.000000
0.000000	1976.351318	183.839508	1.000000
0.000000	550.354248	-455.278992	1.000000
0.000000	14008.771484	-14157.824219	1.000000
0.000000	-229.342514	-91.473137	1.000000
0.000000	-1134.941406	1601.264282	1.000000
0.000000	170.894318	197.148239	1.000000
0.000000	-13422.338867	-2964.378174	1.000000
0.000000	-28610.628906	-61446.203125	1.000000
0.000000	1652.328857	7981.911133	1.000000
0.000000	-2582.549805	1915.404785	1.000000
0.000000	13.901343	-114.852257	1.000000
0.000000	124.193008	274.357117	1.000000
0.000000	-3878.687744	-16103.375977	1.000000
0.000000	678.783997	-52.588524	1.000000
0.000000	-8691.166016	12925.457031	1.000000
0.000000	-923.311646	-3091.053711	1.000000
0.000000	952.411194	479.910431	1.000000
0.000000	197.199844	-234.264374	1.000000
0.000000	-5737.958496	-20525.630859	1.000000
0.000000	-2.978521	-229.928482	1.000000
0.000000	22540.195312	-24506.724609	1.000000
0.000000	-236.784927	-106.780617	1.000000
0.000000	-3300464.250000	1376390.750000	1.000000
0.000000	-17956.330078	-1172.783813	1.000000
0.000000	-18.234919	492.009644	1.000000
0.000000	126.953468	-254.316437	1.000000
0.000000	6654.039551	2793.477539	1.000000
0.000000	-26223.193359	-23394.675781	1.000000
0.000000	-586712.625000	317402.656250	1.000000
0.000000	-108536.234375	249175.109375	1.000000
0.000000	38122.562500	-56191.003906	1.000000
0.000000	538.275879	-1648.780396	1.000000
0.000000	75.367256	84.097404	1.000000
0.000000	-198.209534	-518.052612	1.000000
0.000000	-361.487122	588.175659	1.000000
0.000000	4112436.000000	2116301.500000	1.000000
0.239950	75.892540	192.359177	1.000000
0.000000	-45238.011719	75870.437500	1.000000
0.000000	617.944031	1651.737549	1.000000
0.000000	4738.636230	12588.313477	1.000000
0.000000	628.800598	1703.822266	1.000000
0.000000	-44030.371094	2295.859131	1.000000
0.000000	245816.734375	-842228.687500	1.000000
0.000000	-138.673065	-100.229294	1.000000
0.000000	348.187958	-137.601135	1.000000
0.000000	-33019.363281	-139915.609375	1.000000
0.000000	-14305.225586	-13655.468750	1.000000
0.000000	-285.336670	-77.272560	1.000000
0.000000	-323477.031250	730136.875000	1.000000
0.000000	-31445.199219	-19720.566406	1.000000
0.000000	-336.059723	-1037.041870	1.000000
0.000000	121.512650	-262.347626	1.000000
0.000000	-3721.859863	-12746.832031	1.000000
0.000000	64.039062	-225.892166	1.000000
0.000000	3172.341309	3090.351074	1.000000
0.000000	-17.694567	269.988617	1.000000
0.000000	799300.187500	-982912.687500	1.000000
0.000000	-284.318695	391.701599	1.000000
0.000000	-3374.037354	-2063.383057	1.000000
0.000000	-6.311802	2802.250244	1.000000
0.000000	-247.279114	229.295242	1.000000
0.000000	19902.189453	10456.351562	1.000000
0.000000	-25.307091	602.560242	1.000000
0.000000	-3269.567383	-1882.085083	1.000000
0.000000	65069.402344	112567.570312	1.000000
0.000000	193.742401	145.596680	1.000000
0.000000	484892.843750	100715.546875	1.000000
0.000000	-169.252228	162.442719	1.000000
0.239950	79.531013	191.395340	1.000000
0.000000	302.390656	16.009029	1.000000
0.000000	-189.006027	-89.429321	1.000000
0.000000	-52462.285156	-3102.422119	1.000000
0.000000	11343.752930	1291.700562	1.000000
0.000000	-105.184891	-84.955635	1.000000
0.000000	-56.225822	1832.315186	1.000000
0.000000	-7867.860840	-93047.984375	1.000000
0.000000	-504.869843	1192.549072	1.000000
0.000000	25.076668	222.724365	1.000000
0.000000	229.286057	-45.582848	1.000000
0.000000	50.438290	236.681824	1.000000
0.000000	-42815.457031	-77785.820312	1.000000
0.000000	384.209503	-1024.345947	1.000000
0.000000	-69.807076	234.560486	1.000000
0.000000	-39.788483	-285.720917	1.000000
0.000000	-449.451416	606.551636	1.000000
0.000000	319.024384	141.115021	1.000000
0.000000	191.268829	897.246704	1.000000
0.000000	-130.561707	66.554314	1.000000
0.000000	155.815521	452.176117	1.000000
0.000000	-10890.223633	562.733826	1.000000
0.000000	28171368.000000	16549397.000000	1.000000
0.000000	232.446854	-555.463379	1.000000
0.000000	-32817.593750	266840.625000	1.000000
0.000000	-119.935799	8.039263	1.000000
0.000000	1391.414795	2735.222656	1.000000
0.000000	4650.311035	10653.493164	1.000000
0.000000	-48637.601562	-126250.796875	1.000000
0.000000	152.316345	-461.746918	1.000000
0.000000	1929694.125000	165160.296875	1.000000
0.000000	-180215.703125	-177937.812500	1.000000
0.000000	-70123.085938	13801.040039	1.000000
0.000000	197.367569	-29.524715	1.000000
0.000000	-131075.218750	14854.851562	1.000000
0.000000	-971.764587	183.918030	1.000000
0.000000	-1256.265991	1088.500366	1.000000
0.000000	-1157.543701	1060.424683	1.000000
0.000000	49233.660156	57450.281250	1.000000
0.000000	83963.929688	3750.140869	1.000000
0.000000	950.233826	-437.006104	1.000000
0.000000	-253.998291	-222.253891	1.000000
0.000000	-1589278.625000	-1200867.375000	1.000000
0.000000	-160.937088	113.364288	1.000000
0.000000	2590553.750000	19263.355469	1.000000
0.000000	95.753174	-76.124481	1.000000
0.000000	-10381.574219	13100.263672	1.000000
0.000000	1826645.375000	135459.421875	1.000000
0.000000	-1578.039917	678.572510	1.000000
0.000000	157.361176	23.849628	1.000000
0.000000	254.015274	30.628113	1.000000
0.000000	541.692566	1031.834351	1.000000
0.000000	-10538.487305	7331.847168	1.000000
0.000000	-257.698242	137.585419	1.000000
0.000000	27329.349609	25778.292969	1.000000
0.000000	-11.606877	213.922653	1.000000
0.000000	267.728851	380.805023	1.000000
0.000000	69.066071	-9081.626953	1.000000
0.000000	-5484.183105	9771.103516	1.000000
0.000000	459079.031250	25670.648438	1.000000
0.000000	-905.104187	1059.088379	1.000000
0.000000	2082.049805	-5330.603027	1.000000
0.000000	3484.770996	-1971.587646	1.000000
0.000000	75.986130	-26.850700	1.000000
0.000000	122.770027	118.349144	1.000000
0.000000	1017.248657	-632.732178	1.000000
0.000000	1194.055298	11848.530273	1.000000
0.000000	18156.597656	-23762.244141	1.000000
0.000000	201.293045	-8.062271	1.000000
0.000000	-19.967609	-89.920456	1.000000
0.000000	1245.963135	1108.323975	1.000000
0.000000	291.620300	-42.608974	1.000000
0.000000	87.630547	53.311470	1.000000
0.000000	-1549.916504	96.064873	1.000000
0.000000	75200.890625	-7421.503906	1.000000
0.000000	49.692375	286.717468	1.000000
0.000000	-330.551147	-720.712036	1.000000
0.000000	1186.314209	-9720.515625	1.000000
0.000000	193.852386	197.249329	1.000000
0.000000	144.793213	140.598923	1.000000
0.000000	-3918.423096	-4713.264160	1.000000
0.000000	393.269623	212.581284	1.000000
0.000000	-1930.734009	-2895.492432	1.000000
0.000000	-45.661446	160.814774	1.000000
0.000000	22224.562500	38967.109375	1.000000
0.000000	227.001373	-24.302019	1.000000
0.000000	761.477112	-551.934631	1.000000
0.000000	1145.894287	638.186951	1.000000
0.000000	-314.615387	510.562378	1.000000
0.000000	63.469448	-219.048309	1.000000
0.000000	9521.139648	4950.676270	1.000000
0.000000	-92736.718750	-330136.781250	1.000000
0.000000	7861.794434	16944.304688	1.000000
0.000000	130.710999	-90.302338	1.000000
0.000000	3358.478760	-1030.728638	1.000000
0.000000	-423424.875000	-81852.000000	1.000000
0.000000	-44105600.000000	-10494824.000000	1.000000
0.000000	5967.252930	-4695.307129	1.000000
0.000000	-240.769501	40.578533	1.000000
0.000000	916.686279	-1755.000366	1.000000
0.000000	5950.739258	434.197754	1.000000
0.000000	-145.216019	-53.037334	1.000000
0.000000	-358.461731	1022.746948	1.000000
0.000000	-18799.470703	193.663071	1.000000
0.000000	-502.846252	-153.506241	1.000000
0.000000	284.315521	-222.234222	1.000000
0.000000	14430.064453	-11088.088867	1.000000
