0.000000	31393.851562	455910.625000	1.000000
0.000000	215049.812500	175404.703125	1.000000
0.000000	1211.496338	-12945.471680	1.000000
0.000000	-352.914124	646.224182	1.000000
0.000000	16875.451172	27222.640625	1.000000
0.000000	-13529.477539	716.597107	1.000000
0.000000	-531.727966	-2528.865967	1.000000
0.000000	-595485.562500	1523932.125000	1.000000
0.000000	3660.114990	-2057.524414	1.000000
0.000000	9292453.000000	3386659.750000	1.000000
0.000000	78697400.000000	19959642.000000	1.000000
0.000000	-440.637207	-229.816650	1.000000
0.000000	-376.085266	247.414551	1.000000
0.000000	86.268242	-414.845612	1.000000
0.000000	-73337376.000000	-31090268.000000	1.000000
0.000000	884.141418	-4435.112793	1.000000
0.000000	414.778320	-575.321167	1.000000
0.000000	-6259.046387	7953.076172	1.000000
0.000000	-986.904724	45.406418	1.000000
0.000000	-362.217682	448.146881	1.000000
0.000000	958.644836	8176.842773	1.000000
0.000000	10400.117188	85118.351562	1.000000
0.000000	-80.843803	990.591919	1.000000
0.000000	357.945770	-22.005575	1.000000
0.000000	-207010.953125	-53456.816406	1.000000
0.000000	585.987976	-45.458252	1.000000
0.000000	10384.420898	35202.472656	1.000000
0.000000	-4097.089844	11546.548828	1.000000
0.000000	559.565735	-263.904694	1.000000
0.000000	-61294.648438	-273296.843750	1.000000
0.000000	5070.198242	-8765.242188	1.000000
0.000000	5046.608398	949.062866	1.000000
0.000000	-423.687073	529.050232	1.000000
0.000000	-663.290466	-89.709152	1.000000
0.000000	-375.077484	-140.769058	1.000000
0.000000	5019.310547	2852.747314	1.000000
0.000000	-150.737823	-130.789017	1.000000
0.000000	-5872.314941	-1614.681030	1.000000
0.000000	-246224.828125	-73894.531250	1.000000
0.000000	-46601.511719	-6265.129395	1.000000
0.000000	599.461243	199.423569	1.000000
0.000000	639.084778	-127.405716	1.000000
0.000000	-3.391014	409.930176	1.000000
0.000000	-157.914810	-289.789307	1.000000
0.000000	69.159271	405.729584	1.000000
0.000000	-625.367737	-113.608444	1.000000
0.000000	-3939.999023	3256.188965	1.000000
0.000000	-924.569336	571.242004	1.000000
0.000000	-149.980911	-424.708374	1.000000
0.000000	-422.589539	-116.445595	1.000000
0.000000	7211.024902	6261.429688	1.000000
0.000000	-961.626404	1551.140747	1.000000
0.000000	-69.745102	1208.034180	1.000000
0.000000	-3495.388428	-11510.192383	1.000000
0.000000	457.584290	20.432707	1.000000
0.000000	-12.366674	-435.338623	1.000000
0.000000	299.220978	111.926224	1.000000
0.000000	29405522.000000	-21550876.000000	1.000000
0.000000	-690.529602	1761.777954	1.000000
0.000000	386.975067	647.608459	1.000000
0.000000	1626.026001	26097.384766	1.000000
0.000000	3327.914551	-1805.328125	1.000000
0.000000	-178.598328	-395.474060	1.000000
0.000000	251.580414	-502.908600	1.000000
0.000000	5282.906738	-3032.143066	1.000000
0.000000	401200.937500	-1051564.750000	1.000000
0.000000	40063.218750	142447.375000	1.000000
0.000000	899154304.000000	-490293056.000000	1.000000
0.000000	5009.502930	-14998.619141	1.000000
0.000000	-11819835.000000	-661099.437500	1.000000
0.000000	10696.295898	-14973.274414	1.000000
0.000000	-68.588898	-517.700745	1.000000
0.000000	-395.088257	-876.240662	1.000000
0.000000	-340.063171	916.585693	1.000000
0.000000	424127.687500	2450.056396	1.000000
0.000000	-9503.818359	10601.168945	1.000000
0.000000	-332.445587	500.126770	1.000000
0.000000	18.334286	-447.063202	1.000000
0.000000	3437.685059	-13448.176758	1.000000
0.000000	-935690816.000000	516809408.000000	1.000000
0.000000	1333545.500000	80395.046875	1.000000
0.000000	370938.687500	-121757.234375	1.000000
0.000000	282268.250000	227445.968750	1.000000
0.000000	24757.658203	-23061.824219	1.000000
0.000000	2203343.750000	933463.187500	1.000000
0.000000	-235.941635	355.198181	1.000000
0.000000	-67.206230	-68.543236	1.000000
0.000000	-3067.313721	-244.658981	1.000000
0.000000	-1689.635864	1876.844849	1.000000
0.000000	171.881744	419.432983	1.000000
0.000000	-28.781523	-199.870636	1.000000
0.000000	-1365.345581	1058.749390	1.000000
0.000000	1045.835449	-271.427490	1.000000
0.000000	269.441467	-30.135601	1.000000
0.000000	-4355021.000000	2416277.250000	1.000000
0.000000	1241.963623	691.299744	1.000000
0.000000	-276.539246	-88080.562500	1.000000
0.000000	1711789.125000	-2028472.500000	1.000000
0.000000	841.463745	-1358.064453	1.000000
0.000000	-134.578552	-5390.786621	1.000000
0.000000	691415.187500	-227585.031250	1.000000
0.000000	12310197.000000	-6573529.500000	1.000000
0.000000	-21981.669922	-21659.738281	1.000000
0.000000	170820.015625	-24617.535156	1.000000
0.000000	-41.698086	324.094391	1.000000
0.000000	437.049774	-78.444405	1.000000
0.000000	472.412048	-1826.935303	1.000000
0.000000	-249.838745	-357.414703	1.000000
0.000000	162.401428	-410.701996	1.000000
0.000000	-926.536865	1215.812622	1.000000
0.000000	-358.350525	-3075.246338	1.000000
0.000000	-54021.773438	119833.890625	1.000000
0.000000	142.775665	389.173950	1.000000
0.000000	-498.306488	64.794319	1.000000
0.000000	12.763190	-1035.485718	1.000000
0.000000	-64484.011719	15458.128906	1.000000
0.000000	2479.284912	928.408020	1.000000
0.000000	55900.175781	149677.109375	1.000000
0.000000	-13376.674805	6556.010742	1.000000
0.000000	-41897.503906	-29697.734375	1.000000
0.000000	-8333.661133	13895.953125	1.000000
0.000000	440.852051	404.867065	1.000000
0.000000	-419.130798	270.222900	1.000000
0.000000	1660.022461	3076.444092	1.000000
0.000000	772.807251	-452.883026	1.000000
0.000000	1829.954834	9.100430	1.000000
0.000000	594.885498	-678.805481	1.000000
0.000000	13959.787109	-14380.480469	1.000000
0.000000	-423.749268	-210.535324	1.000000
0.000000	-1221.220703	1390.297485	1.000000
0.000000	333.850861	356.625763	1.000000
0.000000	-13199.682617	-3014.475830	1.000000
0.000000	-28753.128906	-61624.328125	1.000000
0.000000	1777.016357	8173.395508	1.000000
0.000000	-2443.389648	1735.053223	1.000000
0.000000	222.517975	-206.837112	1.000000
0.000000	-22.365442	106.308159	1.000000
0.000000	-3733.961182	-15925.250977	1.000000
0.000000	897.822083	11.037984	1.000000
0.000000	-8918.275391	12943.269531	1.000000
0.000000	-854.566528	-3308.143555	1.000000
0.000000	927.640686	706.482849	1.000000
0.000000	419.995270	-282.660828	1.000000
0.000000	-5513.075684	-20490.005859	1.000000
0.000000	9.015333	-457.594513	1.000000
0.000000	22477.851562	-24729.380859	1.000000
0.000000	-390.548187	-275.164429	1.000000
0.000000	-3300464.250000	1376390.750000	1.000000
0.000000	-18036.486328	-1385.420532	1.000000
0.000000	-114.124565	698.801636	1.000000
0.000000	202.935394	-469.318329	1.000000
0.000000	6727.516113	2577.500977	1.000000
0.000000	-26009.443359	-23323.425781	1.000000
0.000000	-586712.625000	317545.156250	1.000000
0.000000	-108536.234375	248961.359375	1.000000
0.000000	37891.000000	-56191.003906	1.000000
0.000000	685.785645	-1822.452271	1.000000
0.000000	184.886307	284.070526	1.000000
0.000000	-250.325012	-296.095947	1.000000
0.000000	-423.691711	807.492065	1.000000
0.000000	4112436.000000	2116301.500000	1.000000
0.000000	297.418488	236.980392	1.000000
0.000000	-45327.074219	76084.187500	1.000000
0.000000	823.622742	1750.262939	1.000000
0.000000	4959.065918	12530.422852	1.000000
0.000000	606.256653	1476.712891	1.000000
0.000000	-44190.683594	2462.851318	1.000000
0.000000	245602.984375	-842228.687500	1.000000
0.000000	-344.908417	-197.373032	1.000000
0.000000	575.575623	-120.013191	1.000000
0.000000	-32930.300781	-140129.359375	1.000000
0.000000	-14380.928711	-13441.718750	1.000000
0.000000	-513.002686	-88.822853	1.000000
0.000000	-323762.031250	730136.875000	1.000000
0.000000	-31249.261719	-19604.785156	1.000000
0.000000	-542.176270	-1134.453979	1.000000
0.000000	183.094681	-481.803192	1.000000
0.000000	-3503.656738	-12813.628906	1.000000
0.000000	129.967224	-444.104889	1.000000
0.000000	3240.251465	2873.261230	1.000000
0.000000	90.497650	72.935982	1.000000
0.000000	799015.187500	-982912.687500	1.000000
0.000000	-509.201508	429.692322	1.000000
0.000000	-3155.834229	-2127.953369	1.000000
0.000000	-54.222347	3024.906494	1.000000
0.000000	-408.148254	390.871674	1.000000
0.000000	19786.408203	10652.289062	1.000000
0.000000	199.419281	564.152039	1.000000
0.000000	-3486.657227	-1953.335083	1.000000
0.000000	65140.652344	112781.320312	1.000000
0.000000	361.847870	299.597076	1.000000
0.000000	484892.843750	100929.296875	1.000000
0.000000	-334.157013	319.874207	1.000000
0.000000	78.608803	419.755859	1.000000
0.000000	341.494659	240.617249	1.000000
0.000000	-416.532898	-103.936768	1.000000
0.000000	-52373.222656	-2895.351807	1.000000
0.000000	11463.987305	1485.411499	1.000000
0.000000	-44.283165	-305.672638	1.000000
0.000000	76.911537	1646.953857	1.000000
0.000000	-7878.993652	-93261.734375	1.000000
0.000000	-641.517822	1009.970947	1.000000
0.000000	-125.553978	393.891357	1.000000
0.000000	447.210846	-112.623253	1.000000
0.000000	62.927914	464.347839	1.000000
0.000000	-42993.582031	-77643.320312	1.000000
0.000000	205.964890	-1166.845947	1.000000
0.000000	48.865540	429.245544	1.000000
0.000000	-141.818832	-81.843407	1.000000
0.000000	-470.325439	833.661011	1.000000
0.000000	478.362762	-21.972364	1.000000
0.000000	245.471710	1118.789673	1.000000
0.000000	-237.227966	268.058197	1.000000
0.000000	339.468964	587.223083	1.000000
0.000000	-11117.333008	546.034607	1.000000
0.000000	28171368.000000	16549397.000000	1.000000
0.000000	386.208160	-723.847168	1.000000
0.000000	-32728.531250	266698.125000	1.000000
0.000000	-347.878906	2.246392	1.000000
0.000000	1581.229248	2609.421875	1.000000
0.000000	4427.654785	10706.930664	1.000000
0.000000	-48406.039062	-126250.796875	1.000000
0.000000	-47.856380	-570.848511	1.000000
0.000000	1929694.125000	165302.796875	1.000000
0.000000	-180001.953125	-177937.812500	1.000000
0.000000	-70301.210938	13671.899414	1.000000
0.000000	334.440338	-211.700989	1.000000
0.000000	-131146.468750	15073.054688	1.000000
0.000000	-1175.009888	287.035706	1.000000
0.000000	-1399.322632	911.109253	1.000000
0.000000	-1216.547607	1280.854370	1.000000
0.000000	49287.097656	57664.031250	1.000000
0.000000	83785.804688	3613.207275	1.000000
0.000000	1167.418091	-367.704346	1.000000
0.000000	-456.616180	-326.740692	1.000000
0.000000	-1589278.625000	-1200867.375000	1.000000
0.000000	-380.949280	173.281235	1.000000
0.000000	2590553.750000	19468.199219	1.000000
0.000000	174.949463	-289.924591	1.000000
0.000000	-10515.167969	13287.294922	1.000000
0.000000	1826645.375000	135316.921875	1.000000
0.000000	-1551.877808	905.125244	1.000000
0.000000	378.612640	74.606087	1.000000
0.000000	441.899353	-91.177444	1.000000
0.000000	359.671082	894.606628	1.000000
0.000000	-10694.346680	7498.839355	1.000000
0.000000	-481.189453	182.742889	1.000000
0.000000	27338.255859	26009.855469	1.000000
0.000000	154.826935	369.782013	1.000000
0.000000	278.026703	608.551208	1.000000
0.000000	-152.734222	-9028.189453	1.000000
0.000000	-5711.292480	9775.556641	1.000000
0.000000	459221.531250	25501.429688	1.000000
0.000000	-1118.854248	1138.131348	1.000000
0.000000	2265.741211	-5194.782715	1.000000
0.000000	3489.224121	-2199.810303	1.000000
0.000000	200.688141	164.013229	1.000000
0.000000	317.734344	236.498962	1.000000
0.000000	919.001587	-838.410889	1.000000
0.000000	1220.217407	11621.420898	1.000000
0.000000	17933.941406	-23806.775391	1.000000
0.000000	428.680756	-24.637642	1.000000
0.000000	-7.196805	-317.580658	1.000000
0.000000	1056.705322	1235.238037	1.000000
0.000000	519.564636	-48.436306	1.000000
0.000000	124.194878	278.345001	1.000000
0.000000	-1332.826660	165.591339	1.000000
0.000000	75414.640625	-7397.011719	1.000000
0.000000	110.400993	506.451355	1.000000
0.000000	-102.559982	-720.712036	1.000000
0.000000	1171.841553	-9493.406250	1.000000
0.000000	331.728729	378.853333	1.000000
0.000000	318.698914	288.054230	1.000000
0.000000	-3813.774658	-4510.646973	1.000000
0.000000	618.152466	249.737045	1.000000
0.000000	-2113.668457	-3031.312744	1.000000
0.000000	50.430019	367.606750	1.000000
0.000000	22260.187500	39198.671875	1.000000
0.000000	454.954559	-23.554033	1.000000
0.000000	989.421448	-548.038147	1.000000
0.000000	1342.945068	752.854919	1.000000
0.000000	-324.078278	738.229248	1.000000
0.000000	207.291458	-395.935394	1.000000
0.000000	9636.920898	4754.738770	1.000000
0.000000	-92629.843750	-330279.281250	1.000000
0.000000	8088.903809	16953.210938	1.000000
0.000000	277.803284	-264.523315	1.000000
0.000000	3433.068604	-815.039062	1.000000
0.000000	-423282.375000	-82030.125000	1.000000
0.000000	-44105600.000000	-10494824.000000	1.000000
0.000000	6069.674805	-4492.689941	1.000000
0.000000	-327.327118	251.530914	1.000000
0.000000	1116.520264	-1645.342163	1.000000
0.000000	5772.614258	292.532715	1.000000
0.000000	-356.878601	-137.814377	1.000000
0.000000	-586.127747	1011.614136	1.000000
0.000000	-18763.845703	-31.446213	1.000000
0.000000	-730.790588	-159.838028	1.000000
0.000000	310.338470	-448.776581	1.000000
0.000000	14639.361328	-10999.026367	1.000000
