0.000000	31680.394531	455640.937500	1.000000
0.000000	214914.968750	175000.171875	1.000000
0.000000	1147.234863	-12515.657227	1.000000
0.000000	-784.308777	652.544983	1.000000
0.000000	16909.162109	27660.882812	1.000000
0.000000	-13950.864258	814.042786	1.000000
0.000000	-918.877014	-2339.241943	1.000000
0.000000	-594946.187500	1523932.125000	1.000000
0.000000	3438.886963	-2428.344727	1.000000
0.000000	9292453.000000	3386659.750000	1.000000
0.000000	78697400.000000	19959642.000000	1.000000
0.000000	-24.238354	-116.825821	1.000000
0.000000	-171.767029	-132.657410	1.000000
0.000000	102.136086	16.348091	1.000000
0.000000	-73337376.000000	-31090268.000000	1.000000
0.000000	508.580505	-4645.806152	1.000000
0.000000	313.645508	-155.849258	1.000000
0.000000	-6035.711426	7582.255859	1.000000
0.000000	-987.958191	476.863922	1.000000
0.000000	-214.168411	42.827274	1.000000
0.000000	865.939758	7755.456055	1.000000
0.000000	10012.441406	84916.085938	1.000000
0.000000	2.637131	567.098267	1.000000
0.000000	41.226185	267.506409	1.000000
0.000000	-207280.640625	-53153.417969	1.000000
0.000000	155.834229	-79.235031	1.000000
0.000000	10392.848633	35640.714844	1.000000
0.000000	-3673.601807	11630.826172	1.000000
0.000000	182.424606	-54.264809	1.000000
0.000000	-61732.890625	-273296.843750	1.000000
0.000000	5327.244141	-9110.779297	1.000000
0.000000	4629.435547	842.662720	1.000000
0.000000	-25.702015	362.136261	1.000000
0.000000	-347.640076	-383.815277	1.000000
0.000000	-37.882950	128.406570	1.000000
0.000000	4627.420898	2673.657959	1.000000
0.000000	250.544098	27.800089	1.000000
0.000000	-5539.419434	-1341.833130	1.000000
0.000000	-246359.671875	-73490.000000	1.000000
0.000000	-46938.621094	-6003.869629	1.000000
0.000000	266.759918	-75.313728	1.000000
0.000000	389.810852	224.751953	1.000000
0.000000	3.745610	-17.649418	1.000000
0.000000	29.915802	93.077782	1.000000
0.000000	15.366376	-20.690599	1.000000
0.000000	-462.607147	-513.183411	1.000000
0.000000	-4293.963867	3502.700195	1.000000
0.000000	-679.638306	215.916458	1.000000
0.000000	-53.662201	-4.388738	1.000000
0.000000	0.684706	-29.462273	1.000000
0.000000	6781.210449	6307.782227	1.000000
0.000000	-726.176575	1912.479858	1.000000
0.000000	175.498901	1563.052490	1.000000
0.000000	-3244.663330	-11864.157227	1.000000
0.492207	57.294792	-140.291046	1.000000
0.000000	-22.637152	-5.995085	1.000000
0.000000	-132.020966	126.872284	1.000000
0.000000	29405522.000000	-21550876.000000	1.000000
0.000000	-342.885559	1506.838989	1.000000
0.000000	671.000244	322.767426	1.000000
0.000000	1848.307495	26468.205078	1.000000
0.000000	3163.573730	-1406.064209	1.000000
0.000000	47.840900	-26.851315	1.000000
0.000000	18.763313	-139.683777	1.000000
0.000000	5548.380371	-2692.926758	1.000000
0.000000	400931.250000	-1051564.750000	1.000000
0.000000	40434.039062	142717.062500	1.000000
0.000000	899154304.000000	-490293056.000000	1.000000
0.000000	5287.618164	-14669.937500	1.000000
0.000000	-11819835.000000	-661638.812500	1.000000
0.000000	10477.174805	-15344.094727	1.000000
0.000000	60.113350	-108.004517	1.000000
0.000000	-69.379120	-593.384827	1.000000
0.000000	-771.352783	931.334229	1.000000
0.000000	424667.062500	2557.510010	1.000000
0.000000	-9082.431641	10702.301758	1.000000
0.000000	86.391449	603.893250	1.000000
0.000000	56.127407	-17.245153	1.000000
0.000000	3395.546387	-13018.362305	1.000000
0.000000	-935690816.000000	516809408.000000	1.000000
0.000000	1333545.500000	79990.515625	1.000000
0.000000	370399.312500	-121689.812500	1.000000
0.000000	282807.625000	227311.125000	1.000000
0.000000	25145.333984	-23264.089844	1.000000
0.000000	2203343.750000	934002.562500	1.000000
0.000000	-11.536301	-8.416724	1.000000
0.000000	352.419037	28.045732	1.000000
0.000000	-3337.001221	-581.763916	1.000000
0.000000	-1639.069458	1448.083862	1.000000
0.000000	-27.088146	36.511192	1.000000
0.000000	82.077301	217.161041	1.000000
0.000000	-949.226196	1172.523804	1.000000
0.000000	681.335999	-40.353607	1.000000
0.000000	173.462784	-450.800262	1.000000
0.000000	-4355021.000000	2416277.250000	1.000000
0.000000	868.817505	474.857544	1.000000
0.000000	145.755371	-88013.140625	1.000000
0.000000	1711789.125000	-2028472.500000	1.000000
0.000000	760.873535	-1781.558105	1.000000
0.000000	-489.333496	-5146.382324	1.000000
0.000000	691415.187500	-227180.500000	1.000000
0.000000	12310197.000000	-6573529.500000	1.000000
0.000000	-21880.537109	-21238.351562	1.000000
0.000000	170415.484375	-24364.703125	1.000000
0.000000	144.031967	-59.198147	1.000000
0.000000	23.787249	45.742378	1.000000
0.000000	890.111633	-1719.481689	1.000000
0.000000	28.858067	-33.617523	1.000000
0.000000	4.335786	-9.732710	1.000000
0.000000	-802.754517	802.571594	1.000000
0.000000	59.967438	-3180.593018	1.000000
0.000000	-53583.531250	119833.890625	1.000000
0.000000	-5.317521	-13.311750	1.000000
0.000000	-80.830490	-44.549374	1.000000
0.000000	-402.234100	-1153.473999	1.000000
0.000000	-64854.832031	15694.105469	1.000000
0.000000	2350.761963	516.502502	1.000000
0.000000	55563.066406	149407.421875	1.000000
0.000000	-12963.715820	6690.854492	1.000000
0.000000	-41560.394531	-29950.566406	1.000000
0.000000	-8687.625977	13651.548828	1.000000
0.000000	51.056347	219.957977	1.000000
0.000000	-100.112427	-20.891932	1.000000
0.000000	1349.249756	3375.628662	1.000000
0.000000	356.161163	-340.425446	1.000000
0.000000	2107.240967	339.814178	1.000000
0.000000	510.612518	-255.679077	1.000000
0.000000	14052.492188	-13959.093750	1.000000
1.024229	-55.799667	14.802752	1.000000
0.000000	-1057.933350	1789.561401	1.000000
0.860077	26.716131	53.755665	1.000000
0.000000	-13621.069336	-2919.663818	1.000000
0.000000	-28483.441406	-61287.218750	1.000000
0.000000	1541.039795	7811.002930	1.000000
0.000000	-2706.756348	2076.376465	1.000000
0.000000	-172.302765	-32.751732	1.000000
0.000000	258.772949	427.006958	1.000000
0.000000	-4007.862549	-16262.360352	1.000000
0.000000	483.301117	-109.381966	1.000000
0.000000	-8488.460938	12909.558594	1.000000
0.000000	-984.669678	-2897.291504	1.000000
0.000000	974.519958	277.577972	1.000000
0.000000	-1.659707	-191.102600	1.000000
0.000000	-5938.676270	-20557.427734	1.000000
0.000000	-13.683573	-26.713955	1.000000
0.000000	22595.839844	-24307.994141	1.000000
0.000000	-100.797180	42.699314	1.000000
0.000000	-3300464.250000	1376390.750000	1.000000
0.000000	-17884.787109	-982.996216	1.000000
0.000000	67.299065	308.247253	1.000000
0.021127	60.398861	-63.543579	1.000000
0.000000	6588.458496	2986.246094	1.000000
0.000000	-26413.974609	-23458.269531	1.000000
0.000000	-586712.625000	317275.468750	1.000000
0.000000	-108536.234375	249365.890625	1.000000
0.000000	38329.242188	-56191.003906	1.000000
0.000000	406.616913	-1493.770630	1.000000
0.000000	-21.277634	-94.990845	1.000000
0.000000	-151.694183	-716.037842	1.000000
0.000000	-305.966797	392.426117	1.000000
0.000000	4112436.000000	2116301.500000	1.000000
0.000000	-122.837646	151.900101	1.000000
0.000000	-45158.519531	75679.656250	1.000000
0.000000	434.419312	1563.799316	1.000000
0.000000	4541.893066	12639.983398	1.000000
0.000000	648.922058	1906.527344	1.000000
0.000000	-43887.285156	2146.811279	1.000000
0.000000	246007.515625	-842228.687500	1.000000
0.000000	44.681087	-15.089262	1.000000
0.000000	149.659760	-151.362900	1.000000
0.000000	-33098.855469	-139724.828125	1.000000
0.000000	-14237.657227	-13846.250000	1.000000
0.000000	-82.088638	-66.963417	1.000000
0.000000	-323222.656250	730136.875000	1.000000
0.000000	-31620.082031	-19823.906250	1.000000
0.000000	-152.109818	-950.097290	1.000000
0.021127	65.233849	-65.342415	1.000000
0.000000	-3916.615723	-12687.212891	1.000000
0.000000	10.390546	-29.889948	1.000000
0.000000	3111.728516	3284.113281	1.000000
0.000000	-114.061745	449.159210	1.000000
0.000000	799554.562500	-982912.687500	1.000000
0.000000	-83.654259	357.793213	1.000000
0.000000	-3568.793213	-2005.751343	1.000000
0.000000	36.453117	2603.519775	1.000000
0.000000	-103.701599	85.038589	1.000000
0.000000	20005.529297	10281.468750	1.000000
0.000000	-225.887756	636.841248	1.000000
0.000000	-3075.805176	-1818.491333	1.000000
0.000000	65005.808594	112376.789062	1.000000
0.000000	42.601791	8.344454	1.000000
0.000000	484892.843750	100524.765625	1.000000
0.000000	-22.067488	21.907114	1.000000
0.000000	80.545769	-9.585406	1.000000
0.000000	267.488617	-184.466064	1.000000
0.000000	12.899526	-75.926666	1.000000
0.000000	-52541.777344	-3287.241455	1.000000
0.000000	11236.438477	1118.805054	1.000000
0.000000	-160.506088	110.886429	1.000000
0.000000	-175.048141	1997.758301	1.000000
0.000000	-7857.924316	-92857.203125	1.000000
0.000000	-383.023224	1355.508057	1.000000
0.000000	156.197418	70.982719	1.000000
0.000000	32.125332	11.693422	1.000000
0.000000	41.040039	33.373341	1.000000
0.000000	-42656.472656	-77913.007812	1.000000
0.000000	543.293640	-897.406128	1.000000
0.000000	-175.738190	60.795536	1.000000
0.000000	51.270718	-467.683502	1.000000
0.000000	-430.820435	403.846558	1.000000
0.000000	176.807907	286.685089	1.000000
0.000000	142.890381	699.509888	1.000000
0.000000	-40.440132	-102.102188	1.000000
0.000000	-8.041382	330.761719	1.000000
0.000000	-10687.518555	577.638611	1.000000
0.000000	28171368.000000	16549397.000000	1.000000
0.000000	95.253311	-405.173492	1.000000
0.000000	-32897.085938	266967.812500	1.000000
0.000000	80.435745	15.964031	1.000000
0.000000	1221.997070	2847.505371	1.000000
0.000000	4849.041504	10605.797852	1.000000
0.000000	-48844.281250	-126250.796875	1.000000
0.000000	330.961395	-364.368988	1.000000
0.000000	1929694.125000	165033.109375	1.000000
0.000000	-180406.484375	-177937.812500	1.000000
0.000000	-69964.101562	13916.303711	1.000000
0.000000	77.132317	129.470398	1.000000
0.000000	-131011.625000	14660.095703	1.000000
0.000000	-790.174622	91.880989	1.000000
0.000000	-1128.581665	1246.987915	1.000000
0.000000	-1104.880127	863.883911	1.000000
0.000000	49185.964844	57259.500000	1.000000
0.000000	84122.914062	3872.360107	1.000000
0.000000	756.223206	-498.860962	1.000000
0.000000	-73.091461	-129.036880	1.000000
0.000000	-1589278.625000	-1200867.375000	1.000000
0.860077	32.188766	53.308983	1.000000
0.000000	2590553.750000	19080.523438	1.000000
0.000000	28.189848	107.794014	1.000000
0.000000	-10262.335938	12933.330078	1.000000
0.000000	1826645.375000	135586.609375	1.000000
0.000000	-1601.390747	476.364258	1.000000
0.000000	-40.890884	-16.835920	1.000000
0.000000	84.729698	143.593964	1.000000
0.000000	704.154724	1154.550415	1.000000
0.000000	-10399.375977	7182.799316	1.000000
0.000000	-58.222557	97.304062	1.000000
0.000000	27321.400391	25571.613281	1.000000
0.000000	-160.156952	74.823204	1.000000
0.000000	258.537567	177.502899	1.000000
0.000000	267.042053	-9129.322266	1.000000
0.000000	-5281.478027	9767.128906	1.000000
0.000000	458951.843750	25821.683594	1.000000
0.000000	-714.322937	988.539062	1.000000
0.000000	1918.490723	-5451.828613	1.000000
0.000000	3480.796387	-1767.888916	1.000000
0.000000	-35.324368	-197.203125	1.000000
1.024229	-51.265774	12.414681	1.000000
0.000000	1104.709229	-449.112396	1.000000
0.000000	1170.704468	12051.235352	1.000000
0.000000	18355.328125	-23722.498047	1.000000
0.000000	-1.956303	6.388432	1.000000
0.000000	-25.146425	109.859512	1.000000
0.000000	1414.884033	994.984131	1.000000
0.000000	88.176079	-37.407825	1.000000
0.492207	52.719116	-143.389694	1.000000
0.000000	-1743.678711	34.000160	1.000000
0.000000	75010.109375	-7443.364258	1.000000
0.000000	-4.487502	90.548904	1.000000
0.000000	-534.001465	-720.712036	1.000000
0.000000	1199.231689	-9923.220703	1.000000
0.000000	70.811378	35.162552	1.000000
0.000000	-8.541367	10.701398	1.000000
0.000000	-4011.826416	-4894.108887	1.000000
0.000000	192.532227	179.418137	1.000000
0.000000	-1767.278198	-2774.266846	1.000000
0.000000	-126.601807	-19.308544	1.000000
0.000000	22192.765625	38760.429688	1.000000
0.000000	26.890005	-20.804934	1.000000
0.000000	558.026794	-555.412415	1.000000
0.000000	970.017822	535.840759	1.000000
0.000000	-306.169342	307.236267	1.000000
0.000000	-61.930389	-69.595963	1.000000
0.000000	9417.799805	5125.559082	1.000000
0.000000	-92832.109375	-330009.593750	1.000000
0.000000	7659.089355	16936.355469	1.000000
0.000000	-3.062925	63.086456	1.000000
0.000000	3291.904053	-1223.000366	1.000000
0.000000	-423552.062500	-81693.015625	1.000000
0.000000	-44105600.000000	-10494824.000000	1.000000
0.000000	5875.836914	-4876.151855	1.000000
0.000000	-163.553253	-147.654373	1.000000
0.000000	738.325684	-1852.875122	1.000000
0.000000	6109.723633	560.640015	1.000000
0.000000	44.037693	22.222492	1.000000
0.000000	-155.229034	1032.683472	1.000000
0.000000	-18831.267578	394.609985	1.000000
0.000000	-299.395935	-147.854843	1.000000
0.000000	256.702515	-22.018356	1.000000
0.000000	14243.257812	-11167.581055	1.000000
